-6799.55
-2235.617
-1491.372
-4.814293
4447.538
2037.488
700.0294
189.2577
595.9852
180.1194
-1757.728
-967.8958
-151.199
-2636.703
-1472.638
-471.6445
-6687.786
-2493.317
-686.8993
100.3585
124.3326
181.0811
-633.1605
-111.6079
-36.94631
5370.625
1360.133
843.4099
2234.283
1089.011
535.505
212.1416
-250.0646
210.9594
21.71064
155.5624
713.8355
-3.571833
-671.8159
-1054.891
-110.9469
192.764
-3.697492
799.1889
1529.093
1150.614
503.7371
100.5659
334.4441
3.147009
271.2157
30.07171
-487.5843
-365.9815
-4213.882
-1575.447
-310.1192
3300.254
1813.029
7788.583
-1347.473
171.5012
-171.3494
-978.7236
-167.3727
182.8596
472.7771
265.1406
-334.772
64.55774
387.8546
423.7146
37.70352
364.9397
109.3515
243.2119
223.9162
142.8697
249.149
3150.893
579.5893
1122.78
316.8408
252.9566
22.11041
-2337.976
-831.2987
-398.7509
338.786
-13254.97
-4907.508
-1914.365
-255.8156
1413.467
386.252
-10875.35
-4378.926
-3045.618
-159.5834
-74.51092
-187.279
613.9741
4839.813
-669.7784
319.451
510.5801
196.666
1211.816
783.8979
809.5444
581.047
368.3012
340.0404
-750.5041
-348.9419
-512.4222
180.1443
-1149.951
-54.26337
73.80359
-428.7637
-206.5713
347.6172
1877.726
861.8744
239.5203
344.7812
37.3458
1048.657
940.6106
477.1963
561.4466
14640.73
5782.274
2250.434
464.4467
972.8214
524.4253
689.1304
-12624.23
-3627.656
-1550.312
-412.1094
-1227.38
-403.7003
-724.3804
-21457.66
-8664.064
-3091.522
-1411.171
-1677.297
-528.204
974.9092
927.9786
479.1659
560.3259
942.0441
168.2316
141.7931
60.17813
295.5452
-301.6191
-312.3684
212.6098
258.782
305.6509
-691.2849
587.5494
-1150.996
-95.0119
-251.7517
-967.6529
-386.9133
-25.86878
-888.9775
-206.0918
870.0336
559.7065
265.6319
769.6495
490.9245
2301.081
1571.643
593.7522
862.7257
272.3524
967.6431
390.563
137.8936
119.1838
251.4137
-377.6912
430.1296
1122.134
227.8658
163.1426
435.5325
985.5536
627.068
-113.8645
94.24899
505.6075
235.1147
113.9673
-224.1545
-302.6196
-1398.238
-16.78541
-58.48116
-141.5338
474.3207
1597.592
547.1764
405.8938
301.1868
28.94966
-737.4667
-441.1337
-55.50201
-63.87002
-1871.511
-436.9319
1271.568
-426.8434
-436.9498
484.1912
68.48424
193.9152
-1400.943
713.8125
841.2049
524.5502
210.7584
484.9711
1170.181
575.5575
-2547.727
-1206.593
-62.91093
174.8186
-5.510392
257.4118
237.8053
873.8088
845.67
-120.4829
-348.14
-377.6964
-139.3122
212.2545
215.4355
-123.6628
3493.923
1639.135
1682.517
1034.147
270.7066
140.7112
96.93345
-86.83956
-549.5122
-88.66958
119.2139
75.30888
-240.3881
-285.8544
668.2268
559.6544
271.248
215.9485
-145.8393
71.10025
-698.5136
42.63512
-889.3657
-1509.095
-761.2809
-557.358
-2399.668
-626.0103
-219.1686
-1684.218
-810.0607
-469.383
-306.0962
-40.9301
-1099.079
-305.5085
-406.9035
-65.30946
-157.6936
-128.9861
-13.47097
-3970.174
-1195.632
-588.4562
-516.2975
175.0327
-209.9166
-194.423
-1674.429
-310.1035
-402.5246
750.9096
521.0603
361.468
194.1144
422.0092
7.249866
-108.0744
-220.6884
-442.9812
216.4277
-171.1834
4.052808
-164.5856
-196.984
-318.4283
-1568.77
6656.969
3412.029
739.9175
193.4517
-249.0683
-359.7016
146.8382
-168.1131
-147.2905
-94.49038
-182.6643
-371.6093
-480.7593
235.3211
-106.1183
-123.84
3888.088
3959.207
1145.9
1546.208
635.514
73.66577
-268.1131
-320.4172
1157.841
213.9914
-101.4527
865.8206
692.5154
248.9466
8.804289
-241.7566
-147.8033
-2099.578
-710.103
-1058.045
-431.6536
-213.5926
-126.4031
-220.8364
-191.4248
-219.8792
-551.7122
-524.4096
-352.8367
-280.4372
-238.9974
-705.0333
-884.5849
-657.8285
-444.1465
-933.1705
915.6783
141.1599
-155.6294
-99.4836
-72.72848
-538.8902
192.0855
-274.3295
-82.21344
-20.10604
-1612.639
-696.0232
-494.0644
-499.0634
-71.13057
-712.6505
307.8407
-77.74707
-415.41
3598.362
849.5863
223.9093
489.4862
-72.79026
-2177.635
-1823.848
-821.6057
-763.6954
-356.3854
-399.4913
-327.1562
-23.50305
-439.0623
-1061.893
-454.5054
-449.0397
-221.208
-621.2396
-783.4723
1241.1
421.7505
188.8187
-227.5763
-677.0653
151.0964
666.8967
129.0971
-753.5163
-281.4329
-214.6028
-696.9414
-6321.566
-3185.074
-1355.184
-492.9977
-2339.628
-1337.182
-834.5156
-238.493
-215.0044
-393.3662
-515.1344
-914.4315
-1659.748
-746.9113
-672.9846
-553.8063
-444.2931
-602.5745
-603.4318
-291.0517
-591.9058
-504.7745
-1207.359
-682.5415
-424.834
108.9843
-218.6368
-364.7424
44.88072
-1965.903
-954.2107
1923.77
423.1219
-186.0484
-379.9748
-398.6301
-202.7928
-612.5508
-1168.378
-831.0919
-598.4636
1805.023
441.2435
-96.33156
-573.1054
-575.2623
-677.8778
395.3638
508.7005
1664.01
-440.154
-1472.058
-1442.943
-1488.849
998.6426
732.3067
-2110.58
-1633.103
-1707.886
9569.107
3262.175
1179.995
-230.1649
-167.1644
-569.3437
62.35315
-384.5966
261.2482
-262.1427
-313.5434
595.1184
-401.0609
-494.3019
-456.1285
-537.525
-386.8971
573.3484
104.3952
171.4933
-108.8802
-967.5435
-614.1244
-768.2209
-401.9934
-318.7211
5750.154
1707.017
376.2976
-56.86548
4199.184
2287.876
746.1109
2033.404
398.3943
800.5012
294.3481
-544.3555
140.9074
-164.3086
-395.9349
-478.6577
-526.8685
-402.9769
-1115.272
-750.9316
-889.1137
-1392.17
-609.1828
-249.773
-324.8892
-553.7492
-3260.999
-1881.512
-1060.489
-1165.981
-654.065
-666.7871
-896.6451
-2314.482
-1219.677
-1184.977
-3607.575
-2526.307
-1243.556
-708.4836
-769.7382
-762.8936
-5509.563
-2672.682
-672.2911
-918.8413
-2762.673
-1151.688
1752.448
284.6873
68.51251
-499.0168
-1078.495
-548.0226
-449.9542
-456.044
-308.7955
-18.59369
-563.2957
-1245.748
-1359.562
-877.9731
-635.9815
-929.7519
-707.5639
820.0023
-299.3684
-431.6175
-349.6604
-944.2074
-8508.911
2335.408
987.7927
220.3887
-101.455
-759.227
-675.5395
-257.025
-187.2406
-435.9407
-694.9446
-596.8603
-1178.289
-1182
-435.652
-586.7921
-556.5097
-80.77241
-2256.597
-380.2845
-582.2418
-336.3007
-124.0688
-391.3748
-225.302
-289.9015
-1436.028
-415.9859
-422.5275
-193.7234
75.60715
-75.16135
-726.7373
-69.36663
-364.0238
820.012
883.0288
-12472.6
-5098.151
-1895.024
-391.8968
-1472.978
-51.48209
-412.8984
-1175.73
1039.146
-819.4349
-644.6541
-1248.143
471.4898
63.28548
333.801
-306.5536
718.4314
-2272.872
-1514.174
-719.4865
-828.7914
-904.2413
-836.1063
-303.4059
322.1648
-387.0571
-2308.551
-1573.639
-836.5587
-205.1283
-1930.147
-1177.8
-737.4778
-946.4863
-1325.197
-727.225
-1937.96
-1344.148
-2535.009
-1369.938
-676.9249
-58.0842
-1403.601
-529.0616
-821.931
-708.5854
-591.2929
-585.3726
-2852.885
-1318.906
-785.5677
-11.71457
816.3259
301.1159
-1889.368
-1154.826
-1063.992
-765.1734
-124.3523
-1084.639
-117.1775
184.3156
-166.4235
-115.9802
212.6079
114.2396
-141.2478
-320.7543
-681.8482
-536.7049
-283.4092
-131.5241
-450.4593
-455.7393
-164.0475
-165.6122
-697.4473
64.87546
1771.964
618.0786
290.0888
-6.005819
-821.463
-381.0966
-299.0077
-1009.098
-769.1762
-399.4223
-280.9131
-199.2467
-119.6766
-326.6057
-477.8904
-547.9481
164.9496
196.3297
-966.009
-624.0161
-2293.803
-1159.108
14.31397
-347.8056
-1647.311
-780.8575
-978.8816
-1497.074
-415.2638
-556.666
-1100.676
-1014.658
-927.5927
-619.1777
-925.176
-873.9893
-1659.969
-1003.942
-475.336
-799.7601
-392.6727
474.8521
21.33901
-317.3973
-687.3281
-807.8579
-934.4536
-500.7868
-603.5194
-139.1667
-178.2091
-265.1831
-90.14671
-375.7875
-4542.236
-1696.387
-392.6019
13323.46
5086.384
2119.684
916.8556
3365.989
497.0145
644.4654
321.4105
-117.0429
-72.2842
-284.8016
599.4534
-1034.133
-550.2709
-376.1125
-7699.185
-3320.444
-1270.069
-172.6879
-309.3987
-371.9876
-989.7613
-551.1297
-2909.778
-1586.911
-691.5138
3768.939
1215.477
12808.46
5086.663
1913.63
-694.1413
-594.0946
1032.849
933.1098
-415.0407
-730.2194
-535.1411
-99.12797
-707.9002
-644.6108
-253.5286
-1262.904
-615.2811
-1017.178
596.598
-17.90012
-461.0367
-3749.932
-2311.472
-661.966
-93.98484
-299.5541
-231.6358
147.3572
159.1625
-199.582
-1624.616
-370.7439
-287.7118
-422.1809
-1398.029
-573.9295
-562672.7
-221925.2
-88032.69
-35171.01
-14374.02
-5793
-3207.604
-2772.815
-1365.636
-1447.287
-154.9632
431.8026
116.4021
399.6507
43.88072
3023.774
953.5207
-141.5842
1.982777
-633.5508
-338.8065
35.28522
-654.5246
-267.5409
77.02239
-193.5805
303.7101
199.6651
33.88496
2635.103
1038.026
-1693.034
-714.8388
-398.0976
-133.5444
-156.7818
-171.7473
118.8977
822.9474
83.07983
-137.7346
3449.577
1587.436
627.2045
144.3912
-382.2672
-345.2005
-57.79067
584.509
-469.522
-699.7955
2038.001
536.5371
4.402409
1702.605
600.9335
124.28
-212.4316
446.5671
619.9326
484.2484
373.6925
559.1561
277.1043
119.2242
969.5253
-403.9849
-282.719
-1483.537
-657.1084
-1220.517
-622.7091
-329.369
-206.4767
-41294.41
-16243.82
-6255.335
-3026.277
-1968.782
-87.59647
55.04513
-204.1238
-126.9645
-900.0067
-1140.064
673.7294
-147.0283
339.5453
-42.26701
-101.4059
3876.836
1010.353
407.2699
442534.5
174586.5
68521.94
26436.69
9866.959
3850.965
2048.375
577.5224
542.2796
-42.76811
-357.4824
-240.4155
109.2523
-622.2899
-439.485
-180.9982
-161.3147
-54.92195
-538.5699
-452.6397
-235.9587
1315.696
579.1799
376.5813
-204.4426
-333.2531
308.1186
-1089.148
-255.0885
416.5889
-100.9804
-514.719
-500.6596
-553.8943
598.2976
-50.03243
-267.5933
-571.6231
-425.2689
-1933.385
-1065.403
298.838
237.5866
-239.4677
-450.5744
-1111.06
482.5416
203.2432
-322.0234
313.4324
135.6833
118.016
-691.076
-2231.666
-1115.762
-785.5897
-571.653
-101.9825
-635.3354
429.2623
406.2747
8.133091
2655.331
1493.346
919.2767
956.7098
101.0289
-138.5496
-1392.875
-271.956
-14.93889
938.6444
482.0965
54.63097
3215.55
1719.499
704.2171
564.3752
791.8329
800.9846
321.9077
305.6896
-1093.625
-527.3159
-490.9072
423.3947
-94.82875
1506.744
451.2582
-408.1476
-78.15662
37.19617
31.23022
65.09781
328.3512
650.8734
296.2435
-868.0813
-342.9065
-363.7729
7.003746
-148.6549
-360.1425
-1108.919
-641.7245
-1134.167
-634.2979
-1223.381
-504.2494
345.1087
501.6706
2592.433
875.7108
230.2405
-30.54943
-128.0155
-426.7992
-448.607
-134.7174
-336.7209
4614.54
1594.124
692.888
211.175
-237.1129
-263.4171
-436.5437
-506.0863
577.6548
62.8218
1768.858
592.5081
-0.2561223
-31.38599
-166.9016
2590.848
1100.965
383.0414
-223.4912
-484.213
811.1856
816.3828
572.1923
152.5895
-43.7634
-791.6614
-374.4536
-2041.582
-893.5782
-335.3585
-513.6348
-308.4394
-547.8203
-161.1798
-21.11241
1279.481
818.6543
-311.4283
-237.6799
779.2792
3.591836
-332.6617
-184.0059
-430.9148
-84.32698
-331.6471
-214.9891
-117.0105
83.33469
-2511.215
-8056.926
-3264.95
-1527.053
-871.6789
150.0883
-717.559
-207.0842
14.53334
121.4885
-120.0505
-435.6042
-466.8947
-427.5136
184.2808
-177.569
-70.36426
-426.7579
-371.9215
19.61706
1782.718
268.0435
-25337.17
-9873.124
-4134.485
-1845.968
-1096.543
-474.7312
-245.4506
-751.8889
-939.7883
-504.9565
-1862.118
-569.4503
1058.665
1257.013
-4094.174
-1412.268
-705.9452
2468.135
11342.87
4181.092
3133.617
1061.661
115.7052
-233.1881
-560.606
-577.1526
-1441.426
-885.9337
-2954.811
-1525.891
-969.611
-157.2451
-2562.503
1290.43
-338.4504
-16.26966
2965.076
841.6466
81.38123
78.32683
1310.24
690.8366
1431.218
409.8745
-956.6031
11963.29
4482.323
1793.416
352.6159
-242.1398
-798.9012
-482.5239
-429.3406
-719.3526
-1406.718
-4399.281
-2007.664
-622.8124
-2113.115
-1473.173
-1129.408
-31448.21
-12918.42
-6173.405
-2658.358
-1094.058
-704.5361
-1605.942
-1007.376
-911.8395
-1418.053
-1077.169
4233.554
1941.122
484.8612
-280.0417
1674.864
-325.6752
-234.8508
623.2311
-41.01076
-122.789
-513.6989
-1440.758
517.6521
185.0073
-61.68131
-564.8573
-1137.055
-601.5575
-323.1297
-273.4704
-501.0333
-413.1936
-807.0678
-456.9328
-575.7474
-1129.309
-592.2435
-1311.519
-1076.318
-858.2639
233.6606
-486.2359
-2303.464
-1193.492
-728.6929
-1076.901
1294.26
223.5125
-998.2338
-352.3341
10582.62
4038.649
606.5246
15277.06
2874.631
470.4764
-5436.134
-2367.734
-1054.729
2482.441
4599.344
1256.016
-97.49864
-1113.958
-1637.072
-975.5438
-1693.399
-1298.321
-1056.042
-741.8479
-797.707
-697.2236
-357.5337
-284.6287
-426.2852
-600.9786
-979.3962
111.6912
-468.362
-756.8201
-344.2573
-99.35477
-489.8135
-269.4285
-643.4147
-627.4095
-572.6825
-513.2781
-1055.179
-996.1709
51234.74
19679.05
7268.491
2595.862
690.5837
-238.9607
357.7969
1582.912
-49.68485
-288.34
-652.4632
-337.3924
-696.9318
-295.9515
-418.2146
-864.8492
-1018.965
-1248.123
-626.1217
-194.674
-834.2517
-735.8942
-1258.429
-840.0289
-1441.049
-1221.91
-1285.1
-683.8775
-2821.984
-1383.061
-1082.113
-960.6483
-876.7224
-797.3899
-433.537
-433.8504
-494.8227
425.956
399.6703
-1828.549
-1061.176
-446.2826
899.1292
-240.7899
-595.6026
-441.4244
-94.5706
-448.2678
-554.9691
-319.6335
-577.0556
-568.403
-795.698
-578.7031
-959.1152
-1876.249
-872.668
-909.6205
81.32384
-624.7442
-791.5622
-906.2266
-202.0916
-149.8386
-1515.329
-480.009
909.6905
-329.2549
-762.1129
-470.7503
0.7592269
-1300.579
-804.6446
-289.7678
89.00461
-369.1232
-531.9706
-702.8822
-1322.513
-1031.637
-967.0216
-1390.037
-1192.087
-931.0282
-973.2185
-349.0992
-516.7197
383.434
-387.8221
-1104.137
-888.0128
-1140.438
-911.1984
-512.6412
-306.8064
-377.8751
-825.9873
-839.9789
524.2838
-595.054
-136.4444
-1234.468
531.0159
582.5123
-643.1686
-1483.85
-4848.408
-2248.056
918.6066
-238.1052
1875.286
-348.9457
-433.5397
-3039.364
-1560.857
-1604.068
-1309.762
-8616.436
-4116.954
-2318.045
-1464.275
2060.267
428.7589
5241.423
1274.761
-535.6169
-88.11809
-677.5045
-3235.119
-1829.355
-1187.855
-573.0096
-627.7493
-1589.685
-1253.682
-941.0736
-770.6018
-910.8642
-1384.975
-2350.681
-1280.145
-884.068
-830.6542
-1080.556
-1030.977
-1302.911
-1199.006
-2406.042
-1788.573
-1632.566
-720.4222
-745.3849
1279.785
-165.9867
-993.5425
-1109.452
-1057.492
-904.039
-1432.564
-1207.654
2703.716
516.8172
-934.4266
-706.9848
-668.3635
-1140.251
-226.148
-850.7203
-4288.142
-2076.858
-1426.528
-976.9938
-3173.337
-1830.689
-409.8934
849.0338
155.0137
-378.5547
-664.4611
-605.6751
-696.2578
-2008.475
-2605.865
-2781.599
-1347.128
-881.0139
-755.8511
-219.2637
-1287.159
-403.4406
1098.162
-1034.488
-877.4703
-697.561
-742.6163
-526.71
-468.2762
-883.5198
-50.23665
-552.1739
-990.9195
-717.3133
-1443.603
-393.7259
-221.8862
-674.6592
6687.362
5688.576
1862.075
-31.26696
473.647
-2691.577
316.6572
-524.0284
-1037.576
-1095.494
-595.0878
-565.7462
913.4328
-339.0156
-495.6116
-19991
-9056.85
-3916.395
-1730.545
-1702.645
-189.4815
-948.5467
-646.0677
-792.2838
-870.253
-728.116
-384.6715
-1793.137
-5239.683
-2217.335
-1722.521
-22635.65
-9555.437
-6212.228
-2260.523
-1420.585
-1194.364
-1112.649
-840.5174
-938.0727
-610.6649
-653.6852
-795.4501
-902.7561
-929.3846
-652.9817
-809.5644
-827.4302
-597.7094
-886.7668
-971.8235
-779.1436
-1177.514
-804.0988
-25.39786
-407.2476
-672.5968
-1108.592
-701.7903
-703.3642
108.5835
-802.9089
-834.0285
-523.9022
-1018.692
-283.1581
619.7763
-132.2713
-460.6698
6410.715
1973.352
507.5385
-354.5121
-444.2127
-668.3256
-1304.581
-524.7573
-541.5991
-1170.503
-122.8833
-451.4572
-545.1265
-825.9302
-871.5832
-2075.821
-389.8632
-614.0733
-401.3901
-889.2177
-3283.67
-1563.88
-820.818
-4961.837
-2381.336
-1400.833
-1231.745
-950.3546
-559.7669
-538.3762
-457.6312
-475.809
-1884.284
-1198.644
-653.7374
1435.665
337.0628
-459.4139
-844.4402
-1011.465
-718.484
-980.7555
-10088.1
-1839.812
-1026.634
-463.2636
-290.9988
-175.488
-487.5909
-540.7115
-579.9987
-444.517
-265.2266
-823.3569
-777.6735
-732.9182
-952.2781
-1618.625
-833.0426
-729.333
-4846.366
-2480.39
-2443.051
-1437.403
-392.201
-533.8363
-1869.741
-816.6922
1037.963
168.1728
-352.2954
124.5876
-4857.594
-1763.086
-1308.381
-2258.606
-1335.924
-173.7937
-716.0056
-4050.923
44903.82
17419.88
6376.043
2652.618
894.35
55.39109
-341.9346
-861.6777
1492.32
-419.8858
-3422.533
-1233.998
-943.0763
-1067.069
-430.4704
-264.932
-796.9586
-1691.173
-704.6082
-540.7021
278.4138
-655.8055
-1554.638
-1165.605
-209.746
-629.7365
1614.495
-429.5756
-1097.855
-384.8593
-1509.508
-13288.66
-6125.647
-2695.981
-1417.905
-970.949
-544.9877
-667.3077
-440.6446
-950.6648
-625.8644
-914.729
-597.9097
274.3432
-458.9372
-7729.295
-3358.633
-2194.619
-1760.247
-1534.081
-823.032
-799.0176
122.4349
131.7426
257.0905
-994.4413
-1270.47
-514.3784
-443.2302
-1879.684
-963.2084
-608.5783
-186.0419
-849.6586
-405.3766
-329.44
175.3558
-365.2288
158.9823
85.90549
-824.7763
-610.8034
-5775.179
-2523.908
-1290.544
-502.7608
-489.7463
-392.7273
-7249.901
-3081.863
-859.2595
-693.0393
-633.9723
-583.0003
-355.2902
558.0771
-106.0493
-606.8749
1029.464
-128.9168
-30.95062
-60.78812
-222.9949
-585.6256
-631.2548
-517.7377
-315.4781
-224.4978
-641.6396
-1446.171
-1046.908
-575.4502
-175.4066
5804.773
1979.747
443.2156
320.348
-417.2856
-868.1618
-431.1233
-880.2228
-704.5018
299.1193
963.4489
-13.25689
-204.9139
-507.4882
40897.31
16167.09
5851.325
2077.206
-95.23534
-211.2406
225.1472
-214.0477
-394.3199
-691.4802
-100.2562
-5371.121
-2562.861
-1441.931
-787.2843
-399.7845
-266.7872
-124.4443
-299.9994
216.4451
-321.2523
-475.5419
-279.2482
-618.5297
-847.632
-862.5644
-1326.516
-686.7445
-23.22269
-191.1226
-181.7431
307.2674
127.4854
25.98972
902.9569
-68.74794
-332.4823
170.1296
71.41536
208.9119
-258.572
-1553.75
-824.6606
-2248.844
-786.3368
-856.613
-685.2056
-528.9334
664.0787
231.278
1635.061
336.3768
-670.3759
-2132.186
-1225.456
2976.912
942.2058
238.886
-109.199
-10.33716
-68.78744
-813.684
-699.6002
246.8403
-49.01205
1181.978
109.2852
-145.846
-189.5376
-1253.277
-814.0143
-152.1525
187.0375
148.6081
-352.927
-1053.518
-612.3088
-623.5173
515.8786
316.4914
-193.6875
-302.9231
920.2361
303.5608
-120.9483
-1448.463
-868.7922
-247.629
-7536.894
-3569.331
-1406.441
-893.6557
-1764.138
-1074.294
-1076.278
-659.7719
-293.3703
-432.3939
-449.411
-12.43442
-304.9983
-437.5969
-37.86931
-73.25178
329.2926
-1126.336
-1241.771
-660.4776
5057.357
317.931
-3934.846
-1858.382
-1218.25
-4123.381
-2259.706
-1734.016
-836.4326
-1072.728
-802.0326
133.3751
-1346.74
-1823
9845.287
3615.43
920.4746
94.79242
-594.1854
-86986.23
-34653.49
-13564.09
-5335.259
-3110.34
-2050.409
-1014.605
-2135.672
-821.0846
-621.7359
-1494.958
-12072.38
-8014.35
-2390.327
-6314.936
-2780.922
-2116.47
-1225.642
-783.3945
-1303.048
-742.4022
-1584.544
-1318.495
-1186.612
-596.9198
-1206.065
-1088.336
-835.9292
-188.7459
-173.2865
-492.3771
-246.5404
-618.0702
-465.8422
-122.1592
-1214.638
469.6923
6118.418
2173.501
-744.1005
275.502
-361.9409
-518.9535
-63.61161
-396.7251
-490.7313
-398.8942
74425.87
28915.3
11072.38
3177.05
998.6338
-393.6782
-798.9775
-780.1966
534.4643
-13251.88
-5789.269
-2809.823
-1119.472
-1359.984
-931.4007
-776.3457
-584.7268
-626.1775
-635.7248
-1221.301
2293.384
1197.915
-371.3008
-687.6772
272.071
126.8419
206.8254
-576.6099
-779.7715
-1192.526
-821.339
871.6234
43.67974
-336.8631
144.2117
-635.5846
-63.72953
-125.2191
-824.9114
-651.1493
-152.0227
35.03213
-372.8679
-1624.649
-836.8843
-2043.189
-1241.469
-901.7091
-217.2506
-602.6938
-578.1942
5478.251
1486.766
-420.4799
186.1428
-781.5168
-734.1855
-378.1068
-951.5224
-3785.073
-1903.431
-1149.735
-1175.462
-1052.754
-851.3695
-600.6294
-1966.515
-1413.582
-3292.538
-2205.444
-1478.536
-1690.316
-630.3111
81.67028
1336.025
362.9217
-479.6118
182.9526
548.1907
227.648
-372.9532
-405.4991
-559.1214
-979.9962
-834.9372
-88.93283
216.1452
136.2232
74.41929
-313.3088
-606.1524
-988.1753
-738.7013
591.4561
-237.11
-476.9127
-1034.25
-1508.813
-1502.315
-631.8769
-760.5679
-1974.276
-5163.309
-2657.895
-2122.721
-2165.311
-2505.977
-1618.761
-2450.388
-1571.793
-1131.635
6191.011
1403.602
-25.07815
-441.4583
-647.2889
-928.037
-1434.346
-1099.229
-444.4037
-644.1623
-862.5429
-1175.613
-1636.044
-1215.861
-1116.531
-9.959463
-148.5798
-1116.274
-444.3965
2880.359
657.4017
-367.8137
-650.1701
-729.2784
-1092.642
-1618.736
-1155.603
-1083.858
-685.0599
-735.9243
-712.0906
-1513.048
-606.6439
-801.7238
-308.7094
651.579
3149.901
13008.22
4093.904
808.6854
-45599.12
-18524.83
-6806.539
-838.3483
-862.1619
-1075.096
728.9815
-273.4611
-1109.494
-1162.034
-1087.414
-773.3293
-864.3056
-1485.013
50485.02
20535.45
7544.037
2389.132
475.1422
-1697.362
-1073.039
-1572.691
-1004.619
-857.7511
-306.5591
-8089.213
-3621.117
246.638
-584.8941
-715.8178
7817.609
3907.703
976.4316
-832.05
1351.336
-268.3865
405.5034
-938.314
-1816.36
-1348.748
-865.7506
-859.579
-1297.225
-984.1692
-1051.007
-61481.45
-24698.98
-10218.71
-4139.877
-2617.403
-2085.861
-1631.953
-1447.968
-1091.601
-1429.012
-1648.928
-1383.258
-1112.253
-689.5547
-805.1185
-982.4815
60449.6
22850.43
9136.981
3600.296
326.6033
-416.5976
-1032.642
-1125.945
-1020.269
-597.0803
-1031.181
-1165.282
-1425.607
-1422.478
-1131.512
-657.5312
-1477.393
-1026.834
-1425.476
-1001.942
-2054.919
-1416.076
-1768.686
-1487.356
-1982.195
-328.3055
-1258.118
-1175.279
-1450.208
-1184.701
-1126.126
-1516.768
-1557.06
-1832.1
-2665.148
-2604.284
-1479.809
-1630.076
-1458.938
-2102.475
-2040.624
-1519.134
-1983.566
-995.8566
1962.471
331.7543
-603.8492
-1352.18
-804.9382
-1703.429
-2118.591
1517.629
317.6391
-86.26694
-3281.003
-2703.29
-467.9404
-1393.939
-1281.169
-1636.523
-1365.164
-418.379
-679.174
-797.4553
-937.1536
-780.8966
-582.4719
-743.9314
-811.3749
-4241.795
-2265.636
-1629.866
-645.0848
-1067.772
-1156.016
-252.2032
112.1305
-4060.695
-7446.609
-3672.631
-2479.12
-1658.32
-1660.259
800.0138
-113.4563
-2390.347
-1400.643
-1550.405
-1681.06
-1592.523
-2053.261
-61.64243
-805.445
-1059.686
-1075.589
-1558.383
-1367.725
-1539.989
-1260.987
-1542.742
-694.7687
-1353.119
-1250.288
-1366.487
-854.8864
-1236.85
30.12275
-717.6532
-1011.167
-995.3416
-2219.987
-1511.582
-1248.504
-1456.49
-1420.033
-36101.4
-13992.97
-6144.237
-2166.49
-1775.959
-1089.728
-2959.123
-1629.931
-3748.812
-1553.6
-933.7147
-1249.86
-1110.071
-1211.102
-965.251
-1147.259
-1069.119
-1100.231
-2369.478
-1901.977
-1464.449
-1438.276
-1990.5
-1340.693
1483.912
-264.3291
-714.1922
-1232.958
-1176.526
-2291.965
-1672.625
-679.4659
-787.1469
-9476.606
-3608.349
-1778.176
-1957.302
-1537.814
-953.6743
-1513.792
-1202.81
-1205.44
-2114.356
-1318.391
-775.9988
-1493.263
-1451.681
-1433.949
-1357.023
-1221.767
-1101.41
1131.689
-439.8556
-1042.804
-965.2602
-1560.461
-1003.513
-1015.868
-720.6145
-956.9132
-879.4306
-590.5388
-1007.59
-1130.884
-841.8391
-1339.617
-1385.124
-1547.185
1697.343
-2633.771
-1766.323
-988.2248
-430.4462
-2540.514
-1923.012
-2041.918
-1525.098
3226.395
1026.366
-180.596
-393.2911
-925.7272
-812.7091
-848.1437
-967.5177
-973.7083
261.4654
-884.5136
-1419.479
-1474.265
-462.4661
-709.6611
-1058.989
-1077.341
-859.9506
-1099.182
-1534.954
-3193.341
-1451.778
-1555.746
-1224.22
-1564.98
-1431.412
-1687.699
-1342.183
-1119.807
814.9345
-1809.501
-1593.639
-2528.517
-2087.933
-1377.079
-971.8551
-1001.338
-710.1422
-6944.108
-4535.027
-1984.233
247.34
-825.566
-838.5099
-1100.816
-18583.3
-8073.861
-6928.397
-3709.557
-3969.851
-2599.454
-2182.068
-2032.399
-1256.577
-1738.872
-611.6597
-1193.268
-1855.767
-1118.176
-817.5476
-955.4898
-1086.053
-1114.11
-1258.55
-1159.954
-1041.865
-926.1713
-717.5771
1650.292
273.8579
-237.302
-850.0912
-2166.398
-1361.37
-682.3797
-816.9517
-1126.768
-1324.555
-1109.216
-733.1802
-704.6474
-704.4899
-334.5395
-735.0496
-961.3106
-632.6192
-757.5487
-726.3321
2479.258
-611.3904
-711.1857
-969.6067
-740.2801
-1135.746
-539.9649
434.4989
-237664
-93810.59
-36920.59
-14587.62
-21781.29
-9480.005
-4298.602
945.4966
-335.5246
-1017.381
-1074.47
-794.2231
-766.9786
-694.6453
1366.328
242.9079
17835.45
4465.904
1116.335
-341.6534
-554.0023
-1019.629
-797.0449
-972.181
-422.9933
-1975.11
-4666.949
-1259.344
-579.6789
-639.7092
-490.0502
-606.4525
-989.8528
-1287.413
-1199.244
-1143.024
-1733.086
-1405.024
-950.5083
-509.433
-721.261
-601.8865
-911.801
-146.4003
-927.0217
-1035.022
-492.335
-5867.522
-3022.041
-1570.517
-565.5122
-561.8137
-592.0438
-2630.012
-345.0239
-1400.243
-841.0599
-1209.649
-954.8769
-1292.33
-1277.609
-581.6666
-313.4137
-379.9066
-435.1174
-1382.891
-1329.971
-207.2789
-434.0524
-2192.194
2784.995
466.0045
-523.2726
-610.8107
1212.512
249.9059
-279.7279
-602.8102
-1845.609
-1616.042
-754.6718
-162.1623
-398.5196
-406.7368
-1710.779
-1563.485
-996.6251
-1027.69
806.9296
-292.2448
-498.4446
-473.3082
-1080.345
-666.9963
-651.9641
-881.0579
-1176.715
-1269.005
-3254.801
-1078.556
-745.6771
-949.8512
-781.9222
-1726.448
-1421.963
-377.3177
995.6422
-138.19
528.0517
1086.956
-144.0899
-485.8734
-569.1457
-550.9934
-1660.017
-1074.257
-1537.534
-1066.044
-1586.996
-352.8445
-602.0981
-329.2789
-706.0882
-95.62945
-589.4525
-1432.879
-1124.617
-1024.747
-733.0921
-681.0513
-449.084
-232.0417
-679.6377
-366.5985
-731.0744
-521.3271
1283.252
448.1953
-551.0077
-665.7494
-1417.087
-90.73705
1.366322
-1229.523
-583.8368
-545.8188
-721.5287
-616.8657
-420.7272
-1023.248
-888.4051
-826.2208
4447.788
1424.838
-29421.52
-12436.63
-4103.102
-2354.973
-1365.313
-854.8338
-762.8215
-411.6502
-888.0546
-739.1244
-1320.303
-937.895
-1020.952
-704.894
-863.5205
-484.4866
-508.1798
-820.8473
-453.2743
-410.5464
-55.66187
-1465.906
-5809.406
-2804.947
-1602.465
3655.631
874.9332
-303.1921
-705.2138
-940.553
-3366.099
-1885.09
-2488.826
-731.0989
-686.1959
-957.917
-810.1931
-1096.214
-1511.501
-1179.195
-947.5546
-316.6542
-18.88955
549.3379
-507.1386
-352.2791
76.87111
2023.411
84.66616
1090.635
-638.2046
-5912.61
-3189.251
-1825.267
-1207.339
-1745.137
-2098.462
-810.2551
-982.9058
-1187.122
-973.0769
-19.71436
38.98754
-1631.399
-1925.04
-1495.115
-1422.989
-2644.661
-1325.841
-274.0958
70.94445
-681.2472
-459.6364
-838.7628
-489.6474
-701.9395
-920.354
773.5124
1400.383
36.81064
-619.6759
7.106911
-238.6049
-2242.582
-1432.069
-1220.581
-1228.836
-1021.14
-496.0745
-991.1051
-142.722
16.65254
-998.9754
-972.1049
-872.7871
-1025.486
-1321.164
-846.4488
-9177.154
-4377.543
-1719.839
-1262.07
-1413.036
-823.9297
-1121.12
-1011.036
-829.1984
-1119.639
-740.5565
-1111.265
-937.0566
1776.867
914.8369
-214.1492
-577.2219
-696.5576
-554.7996
-640.779
-793.4978
-1272.129
-1056.951
-755
-336.9144
-4847.738
-2398.502
-1299.148
-1125.555
-956.9827
-753.8837
-446.2137
-1294.867
-695.9741
-933.2163
-961.6407
-1160.015
-872.7491
-711.0563
-2083.414
-440.0176
-524.6234
-741.5977
-838.711
1710.189
380.8571
-618.0311
-634.9692
-157.2574
-710.8897
-797.3045
-713.8061
-798.9972
-677.6116
-1175.919
-1385.275
-1092.07
-1223.924
-1729.726
-1349.155
-271.0967
-198.0728
-416.0592
-622.3884
-703.5598
-825.3092
782.937
-107.075
-571.7753
-1778.69
-1258.591
-763.3613
-969.0358
24065.37
8680.506
3724.451
-28844.9
-11990.68
-4669.39
-2774.086
-1262.733
-1736.6
-1413.148
-1100.602
-1954.927
-1131.469
-1170.235
-838.9846
-973.4856
-3414.41
-1480.615
-1301.186
-880.6466
-724.1196
-367.7568
-970.1103
-421.3212
-909.8773
-697.9379
-830.3507
-1012.743
-194.6244
-418.2898
-1337.022
-1753.704
-1537.928
-1752.9
-1583.045
-1249.863
-1231.702
7160.439
2030.299
308.6909
3653.071
957.9592
-1049.427
-1255.451
-1035.042
-404.2863
-630.8828
-775.9519
-1119.489
-1185.488
-984.8429
-1109.799
-1481.635
-1475.257
-1536.056
-1792.674
-1678.018
-1766.117
-941.6157
-1384.512
438.3371
-493.634
130.7548
1604.936
-3686.436
-1982.912
-1530.421
-1303.965
-1733.342
-743.6179
373.5266
81137.3
30935.59
11649.59
3829.464
1176.498
-1025.281
-979.8346
-790.1781
-2240.754
-1994.291
-1098.785
-1410.756
-1324.254
-1484.447
-1856.108
-1440.478
-2857.551
104.5744
-271.8921
-577.6291
-792.8876
-1192.466
-1157.549
-928.1562
-1707.149
-1400.645
-899.8157
-1036.516
-3179.771
-2531.573
-1537.453
-1317.996
-526.5307
-1786.09
-2030.834
-2200.843
-1502.513
-1657.684
-1565.777
-4641.008
-2293.519
-2550.256
-2015.655
-1979.353
-1652.779
-1064.507
-1082.684
-1471.952
73.20439
127.2142
95.11873
-462.749
-793.2028
-762.2722
-1394.757
-1267.806
1243.766
-281.8087
-1244.556
-1542.606
-901.1325
-978.6316
26753.2
9764.459
3017.692
671.0818
8457.708
1409.296
761.2989
-316.4755
-1244.862
-1262.399
-5130.858
-2800.387
-1985.905
-1457.176
-864.1389
-1051.203
-1430.905
-1247.115
-336.404
-547.5674
-1059.814
-1758.799
-1404.717
-1195.59
-1390.496
-1413.341
-1525.697
-2385.719
-1624.437
-1411.351
-1848.133
-1846.417
-760.4009
-591.762
-956.2825
-1267.858
-1211.597
-1486.781
-912.6847
-1106.383
-1645.161
-1450.512
-1260.018
-640.9049
-1868.283
-1735.103
-1940.541
-1652.122
-1602.076
-1421.806
-1181.988
-2266.748
-1695.714
-1843.739
-1866.444
-1316.135
-1570.169
-702.2463
-1524.65
-895.985
-2884.971
465.88
553.0084
-537.0135
-2061.705
-1444.393
-3273.054
-2981.016
-2103.68
-1678.09
-1395.499
-1641.699
-1252.952
-1592.12
-1204.038
-926.6409
-874.2745
-888.5997
-394.0965
-1657.859
-1414.525
-838.9307
-2595.701
-1779.405
-1077.381
-1184.336
-1204.127
-1596.872
-1165.32
-1686.403
-549.6179
-1919.278
-1843.529
-1594.011
-3679.783
-2595.58
-1584.745
-1898.956
647.407
-1406.55
-217.7849
-887.2949
-772.4643
-1554.848
-2436.831
-1803.419
-1145.173
-1631.051
-1452.12
-1646.344
-1313.041
-1131.383
-1429.074
-1302.396
-1928.218
-1758.328
-981.1395
-2937.171
3449.073
180.774
-874.1853
-926.48
-1350.887
-1206.382
-1329.945
-1574.582
-1040.882
-635.8377
-563.8736
-1626.319
-1407.73
-2363.717
496.8884
-816.4264
-1352.339
-1207.447
-2084.483
-1443.997
-1607.603
-2104.744
-1354.863
-1512.746
-1133.701
-1884.532
-2946.967
-2617.864
-1897.477
-1789.305
