600.0331
-86.9858
292.4272
591.1544
493.0371
3256.073
-120.9743
440.0045
138.6218
-798.1493
159.603
23.73814
70.31643
1724.882
-1046.26
1262.402
492.0347
196.1142
6701.805
398.8653
598.997
839.2783
368.3292
697.1967
642.5338
833.7667
529.4845
96.65144
7984.319
2900.65
-524.1168
-298.6248
643.9933
284.6236
263.7003
443.5625
996.6516
797.0712
738.119
1903.378
110.5794
318.4407
106.7203
156.8599
468.064
-6.465658
287.5036
-5718.075
-1055.324
68.23904
326.2595
106.3552
10544.2
-58.63245
82.89911
-255.9557
-3147.105
412.6571
-27.68476
24147.32
-27.41136
139.8535
-219.2262
-899.5768
-543.0614
-249.9567
516.2656
-120.7616
-327.2466
40.59148
-2267.507
-295.9488
-357.9689
-383.5973
-706.4492
-458.8722
-530.7868
-251.7766
-217.3094
-431.518
-7405.17
-1079.156
-578.4514
197.6454
-2231.846
-632.3342
-13314.88
-668.8141
-1058.723
-376.5784
-1024.279
-2451.087
-461.2649
-494.2964
-761.5608
-1288.229
9.922792
-249.4668
-596.1884
-721.869
-537.5091
-756.5045
-1630.089
-555.8215
-816.0886
-343.6153
-609.0052
-626.1391
-4.797952
-280.461
-593.9479
149.6204
-1770.951
-624.7234
-545.6124
16818.72
102.4388
-649.0433
-984.0168
233.1726
-316.2338
-254.6115
-362.0624
181.0111
-69.8713
-395.3654
-213.5401
-93.55892
-11.56673
14215.45
760.2324
258.4701
-725.7496
-114.637
-645.9671
-173.657
-465.1537
296.0803
545.8096
610.8988
-1093.214
-64.66422
-47.91903
3608.443
-1597.657
-457.7109
-889.826
-142.497
-2404.226
126.0871
433.4831
323.4667
90.74127
219.1116
221.8105
1945.795
549.398
4.009412
396.8264
617.2436
182.3099
-84.59598
-505.5542
-158.8761
596.6015
3431.379
568.6087
401.2748
540.7552
136.9121
632.0256
1172.646
253.7411
265.3612
467.7201
15714.61
920.2348
333.1468
530.2655
341.2736
431.627
265.1064
514.3699
200.4712
574.4235
-503.1772
407.2605
-648.837
-5332.726
-2019.783
1121.315
-541.0447
675.8154
372.7796
734.7061
544.2941
695.7751
71.74273
244.5684
111.147
651.4244
274.7519
66.81633
239.9609
-136.3023
-370.0971
5.975865
-674.3141
230.0623
-356.0599
-5.204495
67.57394
91316.44
680.31
114.0458
294.6833
183.7375
-416.7962
41.20758
-1046.491
-331.7982
-531.9866
847.7344
-67.17988
702.6934
-1607.677
1144.472
-147.1208
-503.3715
-4142.003
-830.1624
160.5236
-944.4333
-392.2924
-1510.295
-520.599
-788.3932
-6207.573
-737.6946
-608.8969
-1220.739
-10746.25
1019.258
-158.0053
1527.34
202.6766
-617.1142
-811.916
-374.278
181.6386
-8966.394
-1271.013
-928.6642
-875.3239
-1912.197
-229.725
138.5875
-1028.409
-432.2026
-846.226
-318.5449
-1036.493
-834.4488
-1591.481
3183.935
-523.4511
-823.3622
1695.457
-496.8407
-1141.849
-771.5838
-339.572
-251.0516
-434.253
-619.5365
-902.4203
-3140.975
-511.1095
-416.9075
-726.6286
-542.9398
-522.9538
-955.5363
-498.2601
-773.6468
-129.9202
-612.5967
-741.788
-4525.456
-526.7129
-5915.238
-896.0632
88.45371
-187.5436
-1334.017
-356.3689
-344.6748
-2998.728
-1217.291
-392.761
-5626.669
-66.04068
-1342.109
-1779.541
357.1822
-26.69557
454.7955
168.0916
19.36984
-97.86886
462.8063
-13.90176
927.8808
-5332.705
2897.69
-49.75177
566.0488
864.5058
94.25814
70.21004
297.5663
47.42772
61.45002
-2166.236
358.0314
-154.8124
11781.44
-267.5507
3818.964
550.0529
558.3673
584.4671
555.3582
326.5956
-650.7662
615.6921
608.7705
-25.32581
520.2271
930.2686
855.9844
234.7148
423.152
528.7125
2420.034
385.2614
1762.91
347.508
301.498
213.69
5065.143
-1035.697
284.1045
250.7078
-848.3958
-458.1789
95.60552
320.8323
-22555.07
-314.5452
-135.0104
2737.041
-506.782
390.6514
352.1418
558.7909
352.7872
-543.2765
1237.542
139.4657
-0.7963841
-183.8104
-704.7779
-5.322431
-186.0879
155.2399
-768.6015
-572.6749
111.7084
-351.2802
-610.5771
-450.5148
-336.2457
-298.1754
-41.54328
-318.5809
-483.3879
-715.177
-2375.735
95.91611
-393.2334
401.9148
-212.0814
-460.1572
-777.8371
-1272.62
-1040.543
-531.6607
-3525.876
-1032.277
-463.8267
-865.1803
-617.1878
-817.9041
-394.8337
-815.1701
8554.486
-5193.754
-820.3968
-470.1645
-366.6087
-816.011
-659.7668
-1391.921
392.118
-762.5088
-718.7733
-1215.84
-961.5308
-835.8132
-804.8378
-635.4035
-909.5601
-208.9225
-375.9279
-1085.993
-1047.504
-646.9648
-1344.142
-395.7672
-2064.083
-832.5008
-1245.921
-1182.474
-923.9122
-736.9691
-461.645
-618.2941
-458.1476
-1769.095
-797.5299
135.9148
-1524.01
-669.0156
-612.0412
-511.8361
888.522
-446.5116
135.1471
-377.0884
-758.7579
-153.0766
-751.6053
-7152.608
-525.9601
-493.6752
36.64447
-2807.658
-807.5254
-142.2327
-245.4885
110.9974
-184.9164
-296.4085
-675.4063
-233.8837
-234.0208
6014.148
-592.8083
-292.2326
-113.3393
947.7569
234.2768
6.479614
-253.2862
-19.12544
-705.1029
-13.12187
-163.1762
-273.795
167.2168
1970.806
229.46
-205.5766
293.3577
-27.12461
153.8385
-629.9236
-141.7827
1157.4
94.6221
141.3697
332.942
274.8992
441.2172
753.5574
478.075
-277.3979
-27.5044
243.6544
174.0173
-120.8982
31.59621
528.3854
414.0348
439.2827
296.7456
-306.1995
324.5178
252.8868
425.9793
166.0687
-1236.457
-410.1648
219.2518
311.6637
-3040.598
-56.126
374.5854
272.4758
310.2465
661.2388
-89.3605
195.707
1407.773
465.7138
-723.9081
-3972.942
-3161.921
-475.7649
474.2871
539.05
-1888.754
-88.11045
2081.303
52.25051
-294.876
-368.9277
-766.0619
213.5172
18044.4
-328.3048
-469.5474
-384.4857
-505.7616
-390.8701
-1866.956
-52.36887
-454.7642
-557.8994
-985.3238
-683.621
-469.7655
-480.9228
-4941.426
277.6164
-621.6861
-725.422
-1084.247
-434.2268
-648.0112
-3723.24
-801.9487
-473.6731
984.8995
-686.6157
-877.1483
-142.3677
-1235.646
-795.4301
-352.7381
-1078.887
-859.3236
-570.9102
-400.2033
-832.1507
-715.9013
-1183.536
141.3808
-623.2057
659.7291
2265.911
-863.5593
2895.528
-1367.547
1053.447
612.3649
-1110.155
-1754.006
-2268.004
-355.0738
-923.5777
-1360.295
-77.71753
363.53
-1401.804
-1640.785
-901.295
208.3746
-1144.88
630.094
-2085.216
-342.2165
-779.0693
1041.333
-1533.7
-10.93026
-841.3493
-721.2984
-762.3888
-824.9464
-563.3683
-1105.027
-707.0345
-543.6226
-736.5705
-779.1233
-421.6438
-639.9396
-825.1851
-167.8403
-233.2865
-272.6906
-477.1597
-1280.146
-465.5538
-629.1644
-546.1238
-297.9876
-460.8458
-315.9336
-131.9043
-1026.314
-680.57
-164.0061
-795.3519
623.8039
-91.68033
79.30468
-472.2909
-247.3142
-134.2096
-302.4272
-465.1503
84.79753
1318.18
-918.463
-91.19831
26679.22
567.8848
79.81575
-74.4832
1600.125
-146.1565
6251.726
-34.40704
-273.4347
-157.8134
-625.0059
227.8774
2141.097
158.257
99.69265
-38.63559
11.59214
719.3881
-118.1026
286.4829
214.6297
-60.75574
466.4679
-1270.888
-12.68115
47.00893
-445.3986
1926.884
-286.6238
230.1809
160.6457
142.4675
380.3145
60.72118
98.84774
123.3304
204.9877
-54.47873
174.8817
-55.9207
-1040.268
-1594.787
-228.3732
-7536.074
327.837
-0.1452888
-826.1391
-81.45209
262.9384
-455.0752
-1838.981
-690.8159
-890.249
-277.5541
-873.9717
-669.1326
-294.6995
-166.9718
-359.9324
-12366.27
10846.2
-322.7737
414.6431
-391.7797
-0.1011247
70.75055
-494.5436
-644.8943
-591.3784
-832.3927
-1233.838
-1816.393
-427.4855
-3904.305
1491.466
-1063.023
-986.7493
-163.9587
-1316.564
-1107.155
-1718.311
-656.7056
-2916.899
-831.3799
-715.66
-1218.907
-936.2969
-1227.38
174.4454
-1000.013
-981.7953
-1406.394
-1644.939
-316.1438
-8065.856
3916.094
-1195.056
-1225.15
181.3101
-1016.066
-1246.462
-1273.696
137.9521
-1126.254
-2967.992
-1129.412
-991.3297
546.9422
-976.378
-386.7976
-73.03877
-1109.536
-1214.19
-766.8856
22956.61
3050.149
-1385.195
-1115.917
-913.7243
-18169.87
-631.9061
-310.9925
-1021.807
-719.1595
-143.319
-854.8497
-396.2869
-1371.632
-1303.106
-431.1013
-1032.276
-1373.879
541.7067
-1227.087
-468.596
-258.5685
116.1469
-686.8883
2534.988
-394.1331
-821.3593
-623.2821
-242.9899
-481.0816
-357.3711
-199.5699
-750.0139
695.783
-467.7854
449.8261
-257.0969
197.4109
1085.007
-231.7903
-567.9653
-355.2484
-2154.296
-741.5737
-9500.593
-544.0232
-1740.905
62.15027
-106.1797
390.456
249.7789
1350.314
294.4302
-193.4642
-51.82664
-146.2453
-193.1175
-730.317
79.10811
-202.8917
-137.3705
204.1073
-146.7334
13.94378
249.7041
-540.856
-147.5016
44398.42
1794.8
-2412.941
19.0242
181.0071
-138.7657
315.3475
-78.87666
39.43253
748.7004
-436.3117
184.2098
81.64819
-688.6145
-485.796
387.5826
-184.005
157.4402
-5143.322
-155.3656
-27.75567
-13.90882
-382.947
1177.453
-253.7084
-223.2952
-661.3966
-50.08028
-230.6625
-179.8744
-517.8543
-745.3681
689.3389
-124.5107
-133.3018
-227117.6
-2820.912
-305.4557
-268.0395
-425.4987
-508.8759
-365.3668
1985.123
-407.8951
-554.3146
-524.6134
-840.4044
-143.8059
-118.0855
4312.056
315.0347
-594.4054
-446.244
-938.6193
-667.1069
-761.7556
-440.9425
-432.0086
-708.0431
-868.678
-786.5064
-622.2308
-1259.641
-930.3782
-836.6974
-172.0802
-3467.238
-1609.002
-2527.084
-1010.75
-1410.401
5867.993
-1053.083
-2803.405
-1138.347
-580.4065
-1131.736
-7995.073
-1857.385
-1393.923
-3161.599
-1075.704
-2213.505
-1358.061
-225.7069
-1531.029
-17803.12
-1038.537
-1271.168
-1368.888
-1259.052
-1584.878
72405.64
1939.148
-965.3601
-968.225
-440.5703
-1149.578
-1250.676
-1994.1
-66.90442
-1935.04
-1068.475
-728.1014
-1043.005
-758.0959
-1694.011
-1249.323
-1134.96
-1160.33
-1427.102
-1970.703
-558.7379
-1176.471
-554.7902
3226.811
-1102.533
-502.8241
-3029.097
161.6029
-337.7041
-855.6333
-3003.31
-3483.186
-1706.892
-230.1454
-676.5214
-502.0242
468.6867
-332.5199
-585.3831
-529.4955
-276.7126
234.2683
2348.542
-135.3797
-492.6039
185.6626
-824.1713
-451.6259
-317.7876
427.0916
1976.148
1162.345
-761.6028
-938.1167
-217.9758
-1521.303
-136.398
-214.0705
1.416232
-1260.624
305.7233
458.9211
354.2072
-323.6091
-150.9083
-533.106
-6392.25
-447.1295
1620.838
-1174.729
600.9258
93.81932
906.5427
-643.0223
98.62545
269.1799
228.5188
1251.24
-144.8511
-212.4975
-97.64113
4812.886
-209.0088
-68.75228
-1921.08
-1420.854
79.41393
-671.4944
-130.8073
-517.111
-194.8121
-648.0348
-725.6133
-904.8265
-5987.787
643.2322
297815.5
3122.233
-2024.245
-728.2869
-314.8862
-831.7189
-745.1617
7086.941
-488.5982
-804.5985
-84.77597
-694.2399
-4712.911
-359.9713
-734.1265
-39924.89
-1988.759
2065.323
-525.6631
-703.3517
-20189.94
-2285.986
-611.3789
337.7764
1159.14
-745.5244
-917.5095
-1213.788
-2217.833
-9321.458
-473.7456
-1601.704
-702.9144
1137.761
-1239.354
-1698.129
5921.993
-1028.956
-366.8253
-1549.311
261.0864
-81.69723
-1013.522
-1427.093
-970.3405
-893.8018
-1371.955
-744.7888
-1381.806
-1503.452
-1023.563
-1408.278
-1118.073
-1189.415
52.29943
-1358.671
-1450.138
-1313.975
-1647.067
-1357.058
-1068.193
-1063.26
-369.9636
-1284.714
-1307.199
-1177.586
-1539.381
-1218.666
-25784.31
-1065.092
-3.292064
-988.7563
-1245.047
-1113.197
-888.7854
-1401.99
-1421.201
-6093.02
-1331.613
-1136.28
-1268.307
-1303.427
-722.7338
-1479.969
188.7752
-1079.932
2535.979
-1658.828
-1158.266
-765.6052
-926.6121
-1007.915
-1601.215
-991.3789
686.9716
-793.8687
-538.3812
-1692.075
-877.9371
-103.1162
-1598.951
-831.4068
602.036
-1695.017
-1091.472
-528.043
-1815.354
-7464.04
-2054.157
-343.5386
-657.6003
-2220.426
-431.4829
-805.6663
-276.9213
523.0945
-369.6323
68.26651
-810.1249
-416.436
-276.8354
-1885.765
89.28447
-87.10646
-199.0719
283.6353
-31.01324
-515.2425
61.0852
-280.0558
989.5159
-2738.734
211.2548
-248.1401
2016.5
-175.634
-769.321
-323.5957
-20.64812
446.9466
-403.1785
-520.6439
109.5942
166.9501
-920.0611
3635.524
-27.18831
-28.58273
-51.40062
-1065.228
131.8998
-66.95541
-258.4081
-626.2293
-340.2188
1087.64
-419.3338
-298.7914
-534.0553
94.48273
-213.6533
-823.7072
-420.1682
54.81592
-559.186
-573.5229
-895.3164
-171.968
-521.3214
17.8715
-649.9541
-465.4573
-292.3206
-1316.998
-152.4451
-968.5554
-2407.147
-480.3157
-643.0551
-632.3729
-540.9029
-724.1378
-752.6931
-876.0867
-1336.49
-825.7125
3697.955
22452.38
-1066.149
-2356.09
-602.4087
-648.4055
-812.6686
-6076.51
-823.8121
-1522.142
-1175.89
-1335.311
-854.7695
-8461.059
-1092.015
-2604.369
-784.4794
-1099.441
-1383.361
-1740.908
-112.1746
-457.8952
-1410.774
-1549.776
-1371.503
-3193.017
-687.1818
1773.887
-1792.402
934.1805
-1460.18
-4422.457
-1519.654
-904.1148
-904.808
-1030.423
-1566.104
-1481.25
-1121.814
-1150.633
-440.2672
-1166.333
-2257.426
-1869.378
-1211.698
-1891.945
-1294.748
-885.9232
-1405.42
-1475.959
-321.7731
-821.2411
-1366.734
-3409.67
-993.8107
-958.5304
-1718.965
-1622.218
-2125.006
-1311.06
3359.922
-1276.457
-1202.11
-1171.614
-522.7337
-1308.722
-1185.81
-1109.314
-1153.044
-840.0639
-1159.852
-883.8439
-494.0666
586.322
-1242.476
-1301.458
-1190.937
-3659.303
780.6956
-376.1504
-3641.557
-883.574
-992.2014
-465.9941
-343.0035
-2893.245
-384.3098
-674.9987
-497.3064
-79.79253
-238.8853
-618.4218
-523.8623
-494.793
2339.08
-121.1646
-658.678
-330.609
520.1987
-496.65
-835.9047
257.6201
-439.9033
-359.9804
-985.4397
-558.911
-22.93992
13.34387
-322.0183
-864.4924
-349.7756
1339.336
-318.5881
-408.6712
-406.6575
576.933
-1945.375
-338.0229
891.4405
-368.3019
9817.794
-222.5415
-378.4112
-807.4903
-289.7383
-848.9969
-1246.812
-304.8289
-101.4956
-314.9179
-28.90665
-376.7011
-287.9528
-292.3726
-247.4706
-461.2215
-432.0049
1595.964
-284.9856
-451.8259
-530.6823
-630.9925
-854.3601
-120.4013
-614.144
-1350.519
-293.416
-688.0541
-938.9327
-789.3097
-747.4058
-728.0874
-607.6202
-710.8447
-684.4449
-306.5894
-1046.184
-1028.309
-720.2815
-957.5736
838.5649
-833.2905
2046.873
-1180.697
-400.3535
346.1686
-710.8534
-1082.261
-1093.676
-1358.287
-1007.532
-103.7324
-1239.293
-1675.723
-892.6963
-1021.368
-944.4341
-280.3782
-1289.377
-1276.741
-1131.673
-494.6028
-1065.625
-963.2319
-1212.09
-5509.781
-1488.786
-1535.852
1095.566
-811.8984
-1084.797
-1280.834
-1179.258
-1643.681
-985.0105
-1333.701
-1397.439
-2243.098
-2701.069
-1564.997
-1376.765
-2257.461
-1255.531
-1697.88
-1451.647
-1389.559
-1337.261
-1553.699
-1798.308
-1239.772
-1490.708
-1621.289
-1762.119
-1945.996
-682.915
-1761
-1392.7
4862.352
-1594.882
-952.3521
-1343.521
-1272.454
-1351.571
-1034.622
-1019.254
-985.434
-1195.584
-836.3832
-1984.41
-752.6414
-1187.273
-1729.976
-1182.706
-2245.894
-904.6905
-1040.715
-4290.848
-148.5004
-886.4036
-870.9738
-908.5651
-1065.554
-842.2127
-978.8944
-744.0026
-1520.606
-491.8352
-2027.028
-73.51462
-1430.458
-832.2902
-380.2315
-526.8006
-717.6092
-651.5642
-1595.168
-102.1693
-150.3615
-1294.801
-611.9923
-1421.001
-613.2198
-473.8742
-408.3884
-335.9205
-900.6655
-455.1734
-514.2825
-1019.624
-229.9324
-743.9082
-876.295
-1444.194
-813.7213
-1585.48
-1467.001
-403.0362
-539.4848
-716.3725
-1186.488
236.8637
-1276.842
-626.9601
-441.8978
-520.5491
-363.6301
-642.829
1880.734
329.9796
-1143.671
-3056.345
-46.75594
-80.87495
-341.9202
-652.4309
-18285.22
-685.3266
1061.983
-721.0639
-522.2447
-977.181
-565.7296
-848.7744
-11224.99
-1502.854
-1114.477
156.9526
-690.716
-385.1763
1743.422
-630.7969
-465.9562
-744.621
-382.8019
-1726.87
-3861.823
-1955.849
-983.8916
-416.5709
-1196.38
-1152.176
-1816.473
-915.1543
-1106.419
-980.0295
-1098.259
-1262.475
-1363.536
-1640.128
-701.1364
1905.635
-279.7343
-1162.136
-1003.583
-1328.716
-1195.886
4171.796
-1681.62
-1380.072
-1476.221
-1474.422
-1388.75
-1377.874
-1439.686
-1116.13
-1694.568
-750.1035
28838.45
-802.6307
-1756.592
-1604.847
-1034.801
-1735.614
-1649.871
-1199.167
-2858.251
-1511.405
-1375.681
-1495.554
-2101.788
-2592.65
-2113.949
-1687.057
-1766.851
-1706.506
-1768.248
-385.9976
-1928.623
-1903.249
-1314.865
-1785.44
-1542.921
-1834.627
1555.134
-5033.408
-1611.453
-1833.309
-1222.275
-1335.78
-2346.289
-1726.272
-1324.81
-1557.867
-1560.775
-1026.629
-1792.373
-1412.287
-1013.802
-2891.415
-1147.394
-1042.365
-1109.413
-1322.9
2747.152
-748.3887
-1532.796
-2837.062
-1486.94
-727.3838
-1359.252
-1295.362
-819.8514
-1247.238
-1263.483
-1261.125
-1071.592
-1665.99
-978.2661
-925.8944
-5001.349
5624.583
-170.6371
-989.2155
-2098.326
-1067.569
-1921.035
-1154.524
215.327
-250.4852
-1315.338
-867.9793
-982.6766
-620.127
-759.4934
-918.641
-916.8412
-1714.493
1372.762
-912.4963
-886.4027
-276.5492
-2741.547
-5289.157
-3009.398
-73.95505
-4982.509
-307.4365
-839.3328
-475.1578
-960.8673
-259.5642
-165.7889
923.8562
-252.6759
-664.744
-842.6877
93094.18
-339.1228
-1510.799
701.9846
398.5958
-44.82979
-309.4538
-1444.71
-742.7783
-424.9707
-493.4066
-516.8821
-713.1965
-401.3763
-2571.334
-38.3001
-716.1176
-895.8046
-438.7385
-710.7319
-547.0106
-5762.058
-741.7794
383.2323
-1030.606
-170.8813
-628.5262
-796.8599
3327.224
-748.9349
-4341.527
-1481.821
-1028.042
-1631.09
-1318.542
-852.8312
-642.52
-737.9386
-1226.414
-1194.612
-1682.726
-1428.377
-1126.598
-1198.075
-592.8077
-284.943
-1348.377
-833.6207
-114.5417
-1945.901
-1183.596
-1698.682
-524.9459
-1216.277
-1838.546
-3517.309
-2593.426
-1577.295
-1636.665
-999.4363
-1242.729
-2621.61
-615.6591
-1932.15
-1671.651
-979.1742
571.1993
-1831.98
-2079.887
-2203.825
-1633.591
-9038.572
1247.05
-1565.988
-1235.125
-2010.133
847.0412
-1814.941
-1312.665
-2323.72
-1496.422
91.63677
-2073.743
-1608.191
-1476.814
-1656.285
-1142.345
-2033.533
-1549.525
-907.9251
-588.5978
-2190.736
-1936.476
-501.643
-685.4123
-1674.417
-282.6493
-1668.637
-2833.707
-1710.56
-2871.865
-1178.825
-1826.951
-2476.2
-1760.94
-2684.156
-1345.864
-1321.251
-1809.802
-1189.462
-1228.964
-2032.911
-1042.885
-1278.785
-1358.743
-1819.752
-1834.117
-2673.954
-1322.333
-1476.147
-712.4865
-1248.34
-1135.79
-979.4956
-1142.646
-1463.7
-1022.913
-1124.537
3615.715
-775.2504
-1106.433
-1046.798
-1039.366
-198.4825
-377.8717
-426.8234
-1022.795
-1006.987
-1736.552
-1067.339
-728.8242
-393.7975
1080.832
-1026.817
-975.4897
-792.9507
-1432.904
-1526.681
-2030.686
-545.9679
10384.45
-292.2073
139.4954
-712.859
-732.6522
-515.195
57.53876
-511.3796
-379.2343
-75.50732
-916.7844
-2578.429
-675.4096
-2732.915
-993.7427
-331.486
-818.4234
-579.5496
-874.138
-1144.665
-1240.577
-18216.1
-652.7488
-1135.8
-676.393
-1073.048
-523.1998
-599.4285
-145.9745
-371.6706
-2761.251
-695.9943
-817.3704
-1495.86
-687.7821
-676.7678
-738.4859
302.5283
-1808.526
-1093.528
-761.6667
-409.2384
-70025.32
-2238.321
-1057.658
-1209.902
-52.03272
-1241.842
-1188.201
-1114.821
-1137.069
4928.879
-1348.542
-1318.954
-1132.728
-1476.739
-1792.172
-1118.29
-991.4878
-1215.623
-1408.734
-1390.352
-1298.492
-712.1172
45.90052
-7080.334
-1348.055
-1385.922
-1154.83
-1556.589
-1938.901
465.1053
-1515.042
-1758.519
-2039.068
-1717.89
-1733.178
-932.683
-1432.803
14913.82
-902.2636
-511.0025
-2309.191
-1948.535
-1939.037
-1653.565
-1587.712
-1250.418
-1933.921
-1875.036
-1547.382
-1657.047
-1802.56
-2753.378
-1615.89
157123.9
3844.029
-1742512
-20750.62
-1911.76
-2982.519
-1748.57
-1330.223
-2797.149
-1162.273
-2062.134
-1827.082
-1988.909
-2040.857
5202.045
-1676.359
-1878.393
-1891.415
-3630.861
-1382.165
-1923.148
-1774.352
-1503.832
-1985.436
-1755.622
-1513.299
-1940.027
-1643.439
-549.3198
-2200.683
-2227.923
-1309.577
-2158.125
-834.4718
-1661.986
-1161.917
-2262.678
-1580.727
-1113.554
-125.038
-1512.182
-2999.07
-1220.815
-1102.462
-1235.053
-1437.465
-1403.939
568.9036
-1655.186
-982.3987
-1151.148
-563.2616
-992.4075
34289.13
18588.19
-247.5497
-990.1527
-840.4992
-2790.186
-5062.052
-4947.484
-1339.088
-794.186
-1209.258
-498.397
-1089.861
-86.15925
-1240.298
844.5595
-4281.994
-984.1952
-1568.484
-1705.371
-1011.942
-1601.521
-2163.676
-971.6046
-853.6942
-832.2287
98.677
-676.8031
-1002.18
-833.4617
-532.562
-419.6247
-2319.255
-468.9657
-959.2651
-491.8848
-2879.208
-1318.855
666.3916
-1060.08
-998.415
-735.712
-590.549
-2258.047
-1105.383
-4039.547
-1468.912
-1311.653
-821.0641
-786.154
-773.7258
-6388.182
-254.223
-1354.89
-697.0805
-1219.334
-779.2937
-1253.762
-1189.365
-1133.11
-1423.382
-1362.311
4188.002
-1308.018
-1159.566
-1432.307
-1200.306
583.2691
-1177.805
-1455.864
-1431.947
-1914.516
-1198.275
-1523.366
-969.7047
-2759.433
-1270.784
-1141.761
-1275.519
-1939.395
-1393.315
-1342.948
-2683.723
-1737.561
-1446.748
-1683.003
-1360.327
-1718.532
-1591.988
-1515.298
-1399.055
20.97038
-1880.38
-769.1341
-15036.71
-1867.64
-2146.58
-2687.601
-1736.113
-1661.865
-1976.909
-2284.306
-1676.828
-1906.766
-3536.13
-1728.11
-1876.95
-2016.573
-2437.703
-1805.917
-2305.815
-2019.711
-1791.518
-1149.32
-3358.651
1608.576
-533.5196
-2704.257
-1417.289
-1799.386
-1778.714
-1914.949
-2401.684
-1966.149
-2183.055
-1831.427
-2412.765
-984.9564
-1923.468
-1841.857
-1782.099
-1870.371
-1399.393
-132.1269
-1839.474
-1598.712
-2432.136
-2762.485
-1745.74
-1135.945
-1464.401
-1657.006
-1495.76
-1607.652
-959.422
-1699.802
-1653.935
-1562.65
-1529.046
-5737.819
-2693.54
-1562.203
-1683.237
-1414.275
-1488.331
-1670.194
-1534.62
-507.3476
-1274.664
220.7584
155.3061
19630.92
-981.3392
-1461.641
-1657.117
-2026.545
-1711.915
-1358.443
-867.2089
-1324.51
133.479
-1087.097
-1026.533
-1074.733
-1986.702
-311.5284
-1787.644
-991.731
-1557.375
-1100.641
-431.4259
-1444.209
-1060.363
-1209.27
-882.6911
273.4271
124.635
-1170.726
-1071.265
-1608.992
-1052.313
182.2957
-640.7283
-2783.241
-819.4058
231.8293
-910.2992
-364.8493
-932.8131
-856.2613
-1727.47
-686.3447
2571.022
-290.8771
-1178.275
-877.6922
-305.8119
-1723.969
-2848.574
-1207.071
-882.2299
-826.5144
-762.9275
-904.3932
-776.0648
-1154.666
-1177.596
-1195.668
-2310.37
419.5756
-776.5952
-1770.247
-2490.341
-1108.84
312.2455
-1226.541
-159.3132
-1465.409
-1342.043
-1551.777
-1396.424
-777.6498
-1590.908
-1347.299
-1116.516
-1421.46
-1736.886
-1819.765
-1730.473
-1437.155
-306.583
-1970.769
-1535.548
-1554.647
-4776.499
293.3296
-1528.894
-1267.956
-1558.086
-2097.7
-1041.785
-2098.965
-1650.705
-1955.655
-1966.961
-2040.644
-3417.816
-1775.339
-1851.477
-1340.891
-1526.413
-1498.557
-1275.08
-2180.538
-1862.72
-925.2913
-1815.256
-1940.855
-1987.046
-1951.949
-2171.722
-1326.431
-2007.659
-1915.741
5626.23
-3431.249
-6260.864
-2068.183
-5465.317
-2985.08
-2080.517
-2455.119
-563.2198
-1575.05
-365.5664
-1944.137
-2452.017
-27833.3
-2598.111
-2350.256
-2014.19
-2858.524
-2467.173
-2777.742
-1774.119
-328.8831
-1881.082
-1680.633
-2003.097
-2196.725
-1818.573
-2290.86
-1292.193
-3047.328
-1646.104
-1969.644
-1473.642
-2292.885
-481.8087
-1523.518
-1672.204
-1599.356
-2236.658
-1189.78
-1543.812
6272.456
-1279.553
-2050.254
-1723.99
-1259.802
-2656.125
-1588.439
-1826.113
-1963.2
-19673.09
-1502.99
-594.1674
-1565.714
-1469.256
-1198.727
-837.6066
-1855.588
-1559.047
419.9368
-1405.323
-846.7718
-1139.105
-988.3858
-469.0504
-2143.254
-1138.855
-1459.489
-997.7832
-1810.81
-1016.729
-981.1389
-879.5962
-1946.623
27.0185
-1102.621
-1088.322
-800.1061
-492.7849
-556.5723
-1070.62
-980.0611
-788.0027
-707.4142
-1343.702
-611.3098
-1088.305
-1795.9
-907.81
-1179.793
-1087.484
-1778.494
-1187.796
-1545.518
-879.3551
-1338.313
-1214.752
-1411.736
-1593.242
-550.5502
-891.3298
-760.181
-1419.764
-1161.412
-1110.452
-1863.752
-1107.643
-840.2118
-978.1877
-1725.999
-1317.868
-2181.226
-2568.943
3578.611
-1865.388
-1846.776
-2634.271
-1320.164
-1176.476
-1099.998
-1480.26
-1647.164
-1253.998
2161.571
-1770.574
-1556.35
-1527.922
-2175.6
-1732.809
-1628.913
-1154.429
-1958.727
-1842.556
-1402.917
-59510.64
-4182.369
-2894.296
-12083.72
-2360.167
-1109.749
-1979.983
-1808.507
-1822.396
-1849.368
-1859.782
-5231.344
-2286.257
-1838.843
-1906.882
-2137.413
-230.9606
-2043.859
-2145.414
-2553.298
-1797.792
-1627.426
1405.669
2097.281
-2208.557
-1658.781
-3016.875
-1428.317
8435.56
-1466.643
-2076.758
-2100.657
-3016.505
-807.7903
-2379.653
-2389.399
352.8296
-2152.158
1383.58
-2282.635
-2157.634
-2344.735
-2123.878
-2632.196
-2024.12
-2276.217
-2189.175
-158.6152
-1674.53
-2119.938
-1846.472
-1922.965
-2658.406
-1935.882
-1801.917
-2783.082
-1808.941
-2145.866
-1819.131
-2254.035
-1799.831
-2096.158
-1961.491
-1813.231
-2970.69
-5533.323
-3231.815
-4089.137
-1311.692
-1971.514
-1920.236
-1763.59
-1302.998
-1354.558
-1977.106
-1417.564
-1758.424
-3555.42
-2688.916
-1536.296
-3286.482
-1432.261
388.0733
-1379.706
-1503.265
-612.5724
-1189.95
-2563.886
-1433.679
-6121.496
-1377.851
-1818.378
-1248.382
-775.3093
-1136.163
-1241.79
-1616.567
-1423.509
-1432.254
-4442.151
-1396.37
-1978.353
-799.1953
-271.3856
-913.1577
-1319.185
-1287.464
-1441.011
-954.8024
-1390.804
-750.0333
199.2116
-1147.071
-417.1555
-829.0918
-981.5201
783.7126
-1305.725
-1143.887
-852.4727
-844.7461
-352.9646
-1174.081
-330.5429
-1118.358
-925.1888
-985.5654
-1033.211
-1381.226
-1358.32
-1644.809
-25.1192
-1163.446
-1866.276
-693.3273
-1024.981
-1024.56
-1355.162
-1142.588
-1346.788
-1317.151
-1548.388
-1217.793
1718.618
-7338.787
-1030.331
-1593.511
-1490.115
-1503.945
-1742.384
-1129.913
-1776.889
-1696.548
-1699.482
-1484.591
-1802.766
-1836.164
-2075.321
-1191.382
-1631.499
-1805.457
-10091.66
-2122.507
-2317.433
-94907.17
-2653.401
-2137.217
-2057.25
-2036.124
-2244.671
-1085.222
-1804.393
-3508.233
-1924.755
-2587.208
-1734.217
-3485.987
-1692.708
-2187.641
-2626.393
-1744.06
-2113.375
-1504.294
-1567.134
-252.9368
-457.3427
-1950.259
-2186.587
-1834.591
-2185.77
-2298.053
-1865.34
-2103.598
-2409.11
-2129.382
-2545.859
-2274.054
-250.9767
-2317.34
-3322.882
-4474.449
-2163.338
114.4463
-1948.396
-2128.181
-2118.198
-2218.518
-2163.861
-5695.988
-2058.436
-2678.189
-2344.101
-2562.495
-2515.476
-3317.693
-2296.678
-2092.022
-2013.652
-1895.46
-1961.444
-1862.332
1592.98
-1517.91
-3323.767
2237.865
-4403.244
68.82929
-1606.135
-1737.639
-2960.823
-2185.083
-1850.356
-1737.839
-1847.891
-2162.908
-3166.567
-1841.155
16713.65
-2421.363
2863.962
-3123.427
703.8772
-1688.006
-1568.967
-3691.545
-2812.488
-1743.778
-1464.707
-1386.088
-1559.926
-2937.662
-1482.672
-1612.121
-5685.356
-1418.515
-1260.627
-1527.605
-1329.764
-5008.545
-787.9223
-1170.861
-1594.737
-1304.032
-1005.816
-1516.001
-1705.027
-1402.638
-2141.936
-2600.501
286.6851
-979.7007
-1281.811
-1238.581
-644.4302
-235.6899
993.0404
-1205.137
-966.6447
-1681.009
-1280.828
-408.4793
-1152.547
-1030.29
-1131.699
-1610.039
-1114.941
-1527.281
-999.9286
-1265.797
-1154.321
-1005.221
-1597.725
-2255.09
-602.6244
-1039.597
-1248.596
-1192.926
-1158.58
-1212.599
6565.185
-1249.231
-895.1712
-1547.546
-1400.871
-1338.203
-1446.359
-1018.725
-1535.474
-11160.3
47.11116
-236.8549
-1556.852
-2135.297
-13571.33
-2423.721
-1345.226
-1416.014
-1619.385
-1948.976
-3644.886
-1522.084
-2002.364
-1860.65
-1504.235
-2911.28
554.1957
-1170.251
-95.02527
-1356.956
-2561.828
-1573.677
-1913.924
-2111.557
-2219.167
-1621.745
-1226.002
-5518.233
-2877.285
-2113.619
-2058.658
-3108.367
-1574.402
-2649.798
-2215.589
-450.2014
-2347.696
19578.73
-1450.704
-2138.323
3986.858
-1779.802
-2314.832
-2545.53
-1595.087
-11391.72
-1836.317
-2197.384
-2376.217
-2520.875
-1474.505
-2639.559
-2798.247
-1247.833
-2093.584
-2578.696
-2401.293
-766.0645
-2763.403
-2336.877
-2304.924
-2008.173
-2002.999
-1607.674
-687.3188
-2304.613
-3996.871
-2631.81
-2283.278
-2311.243
-2037.034
-2258.718
-2038.198
-2140.562
-2337.549
-2405.926
-1812.333
-2427.751
-2057.329
-1703.613
-6790.201
-1562.874
-2108.116
-1959.525
-2059.859
-2297.681
-2074.754
-2227.836
-1923.899
-1529.482
-1781.572
-1556.092
-2338.532
-2022.264
-1943.95
-2276.125
-1323.106
-4530.689
-1552.567
-1953.073
-2319.972
-1612.017
-1636.082
-2626.005
-1607.608
-2385.834
-1723.703
-828.5533
-1729.827
-1642.195
-1683.499
-1165.376
19180.32
-2088.638
-1475.458
-2803.868
-1420.85
-93.69945
-1264.884
-1456.982
3541.169
-337.7674
1412.531
-359.9142
-1470.919
-3577.176
-1069.346
-1330.964
-1865.761
-1295.237
-1177.403
-896.1284
-1051.662
-1155.615
-886.6064
-1043.327
-2745.863
-1981.174
-2241.747
-4395.919
4053.295
-1822.679
-1092.17
-1007.927
-1471.607
-1749.293
-4419.223
-601.1908
-1788
-1589.157
-1399.063
-1652.913
-1621.104
-1773.781
-1992.389
-2844.843
-1419.938
-1729.238
-1926.143
-1230.375
-996.8525
70.66436
-1914.109
-1554.719
-1847.703
-1396.756
-1792.102
-2371.086
-2277.748
-924.8436
-754.7346
-1763.7
-1959.014
-5781.22
1776.402
-1671.861
149.2958
-1837.319
-1657.516
-2400.244
-3246.036
-321.9753
-1538.784
-2472.909
-1991.553
-1905.22
-2106.259
-1356.534
-2110.336
-1612.577
1177.566
-2004.236
-2375.587
-2872.105
-7915.647
-2461.878
-2343.669
2851.654
-2615.207
-2590.847
-2438.75
-3772.613
-2447.996
-2131.525
-2307.806
-2616.936
-2812.955
-2249.399
225.0779
-2382.79
-4298.515
-4351.501
-2509.906
-2423.408
-2777.274
-3617.627
-2458.681
-2863.497
-2802.917
-3357.196
-2471.949
-2169.283
-2391.771
-2147.22
-1873.711
-3660.76
-786.0075
-2356.972
-2598.485
-2623.409
-6335.696
-3347.966
5.322487
-1998.046
-2116.376
-2519.607
-2386.235
-2197.946
-2114.552
-2583.007
-2762.564
-2528.104
-2088.838
-1961.865
-2510.758
-2304.282
-2402.007
-2011.111
-1614.318
-1915.557
-2535.64
-1559.368
-1865.794
-1803.174
-2035.972
-6015.227
-2088.858
-2700.306
-1873.84
-1817.782
-12180.48
-7625.779
-2189.004
-2551.782
-1776.942
-2088.952
-2218.461
-9224.299
-1782.412
-1362.688
-1396.309
-1051.333
-1511.838
-2009.047
37.87443
-1591.617
-1719.711
-1464.972
-474.681
-1589.495
-1549.277
-1674.349
-2166.965
-4336.989
-3583.634
-1078.735
-988.3674
-1447.871
-1150.318
-985.6862
-2024.478
-1519.624
-1645.766
-1607.781
-1632.894
-2639.94
-36115.67
-1348.127
-1271.511
-1555.927
-1641.778
-1486.003
-1169.664
-1581.283
-1443.219
-2113.485
-1073.333
-1457.273
-1421.839
-10977.06
-1440.998
-1745.402
-1679.966
-3521.893
-1400.988
-1031.521
-1605.417
-1708.624
-1894.039
-1719.322
-2268.067
-1403.748
-1561.103
-2883.608
-1550.479
-2220.305
-1212.245
-1106.533
-1837.939
-1028.449
-1390.576
-1503.664
-1910.325
-1627.255
-1526.255
-956.0038
