-610.9788
224.3427
433.7993
5.294415
91.08548
249.9552
150.9992
-702.5489
-26.09487
62.53008
259.9512
130.7051
201.2589
212.9893
327.0326
436.0894
353.8785
-543.7786
544.002
-656.714
83.08871
338.9239
141.543
494.2752
1463.171
779.8121
-655.6563
-544.3889
2818.801
1564.922
940.3677
741.3271
586.0515
517.5403
470.5179
159.5658
539.271
1210.462
881.9708
541.9564
-42.70207
7135.916
2510.64
1097.045
1035.593
11600.11
3615.648
1390.056
695.3944
437.8618
486.0562
294.9899
-47.37021
-1599.269
-62.00447
731.9226
691.6696
725.8973
-231.068
-246.8026
-2105.71
-1752.246
-8.457327
536.9541
691.8245
-546.7413
298.6233
36.12927
540.7389
201.3459
508.2144
249.9156
456.7276
174.611
374.2368
573.5792
1030.197
150.5948
222.3197
23.39272
404.0219
-6632.713
-1406.658
97.13332
279.3272
-1935.458
-1141.538
-114.1632
294.2254
70.18168
419.2194
4836.585
1535.284
666.6644
-388.9992
4666.462
-18404.35
-5054.584
-1000.618
1042.983
-6371.098
-3923.6
-1645.934
-698.8569
-82.93403
-1231.093
-319.3231
-35.71838
72.40064
548.2317
1763.534
639.8302
1587.837
1080.994
468.9814
-324.1415
-21.43883
-262.4776
-1760.497
93.67451
-95.08208
10.06933
124.9564
189.1387
118.4846
-1417.08
-44.82628
53.24756
20.78793
70.51634
-483.5724
43.117
253.9049
-39.4917
-91.28289
-661.4605
-227.5484
46.81495
-719.1673
-512.288
-70.38142
280.9605
-838.9064
255.4147
-557.5304
-140.1412
3183.19
996.0402
323.2527
-520.5079
0.2293516
-793.9283
21046.22
5441.508
1409.974
515.4714
749.6491
298.4192
417.7178
61.35836
-512.271
-46.13058
198.9835
-686.6254
-512.92
-242.5909
-119.1229
88.17132
753.5495
-471.4082
638.7427
-194.6931
9096.905
2023.298
-1062.247
-1207.52
-1485.317
-837.669
-2782.099
-1286.461
-772.3622
-559.8247
1640.464
1060.369
36.53125
236.542
-29.33602
-13.76692
527.5169
-34.35763
-138.5611
-65.08523
-1128.596
-347.7004
-197.852
-556.2218
31.84355
144.4505
-237.8735
-3038.218
-3785.832
-1557.429
-549.2337
-417.3914
-1658.457
-687.6048
-228.0126
224.0622
-18697.28
-3291.949
1065.681
381.1428
-315.9886
-992.3414
-239.0781
-468.9452
192.94
127.6029
347.2238
-162.7039
-357.5722
-799.7072
90.22996
-2322.77
894.7595
1316.628
242.6365
6344.267
1939.711
647.0914
147.7819
-225.035
202.7334
-1158.36
-426.9326
-1060.238
248.6759
-44.5651
184.9864
-835.6741
-1779.503
-51.91219
496.7256
-374.3136
424.0483
-424.4086
290.5402
106.1527
35.13144
889.703
1180.532
1004.972
653.8443
312.2003
99.46513
-49.24378
340.7152
304.3762
-178.8259
270.1128
435.8496
-568.9728
-391.126
-361.0439
494.2886
497.7957
-96.62801
-210.4081
244.4131
1122.669
803.6018
-297.9056
-249.3343
162.4605
1217.119
203.5129
-10840.59
-2778.326
-559.7367
-45.31841
84.09523
-513.6873
-134.8842
112.2642
336.913
122.0993
947.2213
3198.354
1186.099
751.2165
-981.8488
320.7762
522.066
424.1841
264.7367
692.0517
918.46
399.1987
691.9216
992.822
620.325
676.8767
1045.589
1275.891
3367.623
1422.012
977.0605
632.6654
176.694
853.4573
839.6345
1086.374
626.0912
909.2145
1179.925
981.3428
1558.807
1091.384
82015.26
23442.12
9085.911
3164.004
1449.82
788.5803
659.2023
721.3791
364.1117
-1263.393
337.6099
713.0169
163.6495
388.3583
2239.173
1286.564
1394.266
1668.746
1451.625
1062.4
1479.657
358.7299
587.0429
1160.789
5893.698
4333.576
1840.565
673.9436
976.9165
-3818.057
68.94401
825.8897
915.086
733.8722
1036.175
1310.426
819.4633
824.1971
-470.0602
172.8996
999.5852
843.0775
464.3535
705.9063
1060.022
1352.278
985.9896
530.7455
-75.11232
656.1626
730.6628
1202.738
959.553
1022.164
1038.198
960.832
914.6889
677.2374
489.2579
636.3147
1204.736
1335.807
1128.994
982.632
1346.946
-4714.321
-27994.03
-4634.371
-432.455
707.3246
1042.86
899.3894
1608.292
1339.347
4208.72
1466.072
1046.319
807.1144
768.1729
13306.22
4371.848
1105.611
2508.822
2425.843
992.8759
1268.377
751.6906
841.8294
665.1315
581.3495
1055.799
1016.141
915.5641
875.1866
399.2244
1114.782
-570.8509
885.3951
659.8851
2925.109
1090.379
638.2516
669.0209
994.6413
1244.389
780.9779
792.6605
-369.2998
-128.2428
140.3674
-338.6421
1293.323
5149.052
1017.13
-618.6609
84.23291
-753.8438
27.70842
232.1703
101.3361
599.2096
258.9887
651.7761
3490.114
1570.424
896.0141
650.146
448.5795
-440.9917
-1414.722
-381.6488
-648.4363
-1670.967
-142.3391
-483.1012
831.0316
985.5956
140.0627
725.8449
1065.927
605.363
1084.339
546.5776
1448.015
13320.98
3573.029
1112.734
397.1137
120.8982
299.3119
1097.106
1928.577
481.2016
389.2996
-1372.086
236.4272
-31.11054
32.38347
131.195
-727.4139
-5468.204
-1061.418
-211.883
495.4646
199.7811
352.5135
-185.5205
-114.1645
2827.01
1578.669
189.9732
641.601
-493.6105
-760.6492
291.886
155.3095
146.51
686.1368
-1391.761
389.3607
165.7121
232.6667
71.68189
1777.815
1087.372
478.8967
494.5466
1114.478
551.6826
858.9523
2555.596
907.6948
669.5774
585.8856
89.50256
181.4174
598.1145
2456.638
-503.2409
-177.0249
220.7833
1533.411
514.1087
-67.99258
-318.31
-2203.061
188.8786
426.3891
742.6148
499.7932
100.1787
112.6576
142.1623
1500.555
-2030.48
3425.418
1203.13
907.9326
1521.336
1022.303
4333.217
1433.666
1012.486
233.4988
6847.578
2170.056
3491.94
1718.231
898.7022
304.8478
2011.339
151.7552
-0.4272149
2021.033
1048.512
-23.91737
278.44
1687.438
1598.404
886.4521
718.0606
920.5524
652.061
519.5513
940.9968
1201.132
-42.90596
-491.4676
1591.742
951.2994
904.3651
-19177.93
-4734.096
-604.9753
1104.082
1428.059
1238.384
1193.587
1331.292
5343.035
1586.551
-779.2084
673.8262
1443.495
5029.923
2008.56
1295.586
1658.039
969.3222
1813.83
1236.631
3780.758
1220.399
2659.994
1117.496
1618.361
900.5404
975.1977
797.2371
1219.399
-407.1945
1159.531
959.7136
2096.055
1478.617
1557.289
1377.93
1355.594
1620.613
748.6149
1074.225
2584.971
1512.044
1348.348
1161.408
1115.969
735.3925
578.4117
5049.992
2445.416
2408.08
2046.189
1416.145
18.95325
866.7961
1472.252
-3196.844
35.94727
737.125
-14.27766
900.0318
1005.635
636.012
-1353.766
568.0933
1242.558
1212.216
2524.04
1576.563
1879.25
1537.385
1269.004
108.168
1015.686
1276.32
1380.733
1564.69
1223.162
2044.468
1566.63
1432.482
1307.607
1521.135
1516.151
1296.679
4606.38
2214.657
908.1286
1260.121
774.5237
3417.879
2109.054
1525.462
1663.401
717.5317
1430.63
3599.084
2540.767
2768.446
1995.032
1735.108
1508.01
1745.662
1494.68
14218.64
5041.19
2444.345
1824.858
1638.147
-1920.114
832.2562
944.3643
2315.279
1597.52
1309.9
1385.699
885.4516
1076.887
1070.174
1404.345
768.3907
-3196.402
-37.25433
930.9246
1406.403
-794.6169
469.7141
1821.046
2106.1
-8370.669
-1297.301
811.1168
734.3911
-6939.829
-913.1578
330.3221
883.7853
1118.609
1265.15
1082.817
1125.243
-627.7221
887.1879
975.1472
1371.12
1451.011
1519.29
1533
514.3022
1032.538
1070.005
2143.023
3596.768
1425.071
1291.192
850.1337
1004.456
-237.439
519.4375
954.4095
1583.505
-13846.41
-3463.524
-1407.42
1650.454
1381.124
1140.46
1813.836
5376.844
2078.699
1587.709
1127.364
936.5344
1119.428
948.4157
949.1827
1039.949
566.3381
771.0354
647.5054
920.103
2797.412
1673.526
668.7626
769.1814
1076.307
-1341.238
317.2314
823.8345
769.7467
812.4346
647.6778
1027.901
1051.045
976.471
2000.858
1827.069
1149.029
839.1544
650.0464
514.9255
860.649
1044.13
850.8893
823.329
5364.013
2366.264
1376.046
1051.12
1121.637
826.4945
494.8288
1010.997
1003.813
1345.937
583.5739
693.6389
669.1715
1400.152
1034.318
581.4861
584.1168
770.2354
1212.831
6048.105
1602.007
1182
4771.591
1980.019
1352.145
934.067
582.549
1014.464
350.0488
722.043
850.4478
-3764.474
-497.2575
414.4921
1316.069
-679.189
11159.49
3914.407
1594.209
1200.037
732.669
-778.5618
865.7125
781.5295
486.5688
457.6304
296.009
720.0715
791.2267
446.2464
908.9091
787.155
837.5759
135.0603
-641.5117
884.0897
831.8292
1585.698
805.326
1008.636
922.0752
733.5087
965.9224
509.3898
1096.298
1237.067
710.7966
22632.74
6790.364
2561.405
1419.706
1909.071
879.4147
-31.99877
-212.5822
-886.7284
477.7822
276.2964
1353.982
818.7242
976.8509
2086.983
1440.089
535.6261
2330.4
543.6607
946.6203
408.2683
955.6518
661.1406
1186.283
1069.483
585.0906
-298.3299
998.2042
733.8133
758.6324
568.2199
10847.6
3573.489
1805.046
1646.377
1095.698
753.0668
1818.355
1231.598
908.8653
2177.705
1629.093
1301.257
1635.602
1903.132
1751.088
1280.962
1049.163
1155.605
1006.4
1391.509
82.36308
813.2741
1280.802
808.3914
1421.11
1385.09
1108.605
1845.648
4149.828
2692.38
1350.98
1644.979
1355.853
1749.933
1917.602
3050.937
1256.105
1283.493
1179.252
1487.269
1554.615
918.1095
1615.27
638.6418
749.3681
1432.306
1187.414
1863.947
2153.972
140.2545
1233.887
2230.131
7597.602
1789.981
1707.089
2073.611
3573.64
2111.647
703.2412
2847.025
1427.309
2168.908
1966.924
1552.924
2199.16
218385.2
61642.2
17844.58
6297.757
2697.388
2135.864
797.2574
1448.966
1663.796
1341.222
1699.481
1217.61
1026.856
-1242.994
2082.904
2273.341
79.90468
785.4912
1584.662
1196.636
2549.895
7551.5
3481.247
2172.91
678.268
1229.154
1472.413
1608.114
2037.581
2181.098
1192.119
2409.829
1830.73
2001.084
2073.266
1948.72
1074.618
1362.056
-175808.8
-47784.09
-12984.31
-2344.927
706.5622
-1099.927
1082.154
2148.611
1638.45
2377.938
2292.303
1745.888
4043.878
2384.896
2148.781
2032.45
1700.462
2537.485
4580.66
2834.424
1640.736
1672.948
1735.64
1546.512
1664.696
3982.221
2783.584
2138.523
2512.338
1916.731
-27730.45
-6636.134
-2145.119
999.6044
1399.731
5653.703
2871.767
2684.42
2014.383
1829.611
1860.665
3847.662
2186.98
1763.85
1551.454
1526.131
1647.976
1689.528
1674.791
1069.944
1330.686
1141.667
2254.864
1985.658
1681.643
1586.562
1068.8
1664.215
1626.844
48354.4
14656.31
5528.958
2607.668
1549.744
1151.177
2482.833
2424.359
1787.952
2211.309
1633.821
1215.978
1379.194
4528.053
1186.645
1252.908
1565.432
965.4781
40.56584
693.4582
-16.10213
1119.721
3554.319
2118.417
1762.761
1834.267
1084.861
1068.822
1288.968
1151.633
200.8225
1449.366
2481.052
1559.987
1301.487
1499.225
1420.557
1655.841
-7501.411
-1628.713
-8816.167
-1489.53
246.9423
926.797
1298.702
1309.156
1805.8
7832.96
-6438.708
-423.1695
950.0907
347.0764
-466.027
815.0129
1120.119
1146.386
10.11592
896.1871
1612.671
1603.952
1139.826
1018.016
1633.378
-11413.07
-2283.164
-78.0068
625.7419
1352.263
1226.233
1184.274
2000.934
1664.104
1724.648
1291.409
1009.312
211.2696
819.3146
2192.364
-2515.065
146.9357
1112.063
1226.702
1456.402
1729.1
1284.624
1274.243
1093.853
901.1989
965.9319
520.3056
1095.786
1239.13
943.7856
1137.624
1362.521
1570.852
535.2308
12810.02
4378.125
2131.871
1672.488
1106.841
756.4401
781.3965
861.3306
340.0219
978.3709
1692.632
-30712.77
-7204.848
-877.7632
606.1237
1091.758
1430.952
1371.809
1392.148
1155.23
428.4297
2411.773
1539.491
1403.041
1403.667
112.5369
958.7744
904.3928
210.44
2279.458
1912.473
2317.669
1751.558
1771.956
1503.746
1297.291
1968.259
2107.706
2436.881
1718.31
-779.6866
857.8898
1509.435
1741.978
2025.561
1469.754
1390.522
1546.691
1461.915
1635.404
1754.864
1554.172
1628.562
1739.59
2063.721
1735.064
536.3191
1130.5
1481.282
1688.308
552.8443
-69334.81
-20412.04
-4177.862
240.4626
1689.981
-8737
4093.452
2158.898
1704.696
-1097.038
68219.68
19956.01
6865.016
2911.057
2224.599
4728.735
3359.088
3180.994
2137.198
2727.352
2168.759
2527.371
2071.588
8354.125
6048.213
3110.673
2638.187
2043.276
2763.934
2035.523
2933.193
3227.094
4543.756
2245.155
1827.723
2037.419
2059.548
2007.452
7779.608
3810.472
2861.077
2247.138
2096.078
2709.384
1899.803
8488.675
5389.634
3262.98
2813.856
657.332
1623.531
2083.178
2273.413
1892.793
1566.136
1871.024
2062.432
1954.576
2046.154
1530.593
2132.153
2281.769
1860.251
1330.394
2644.191
2501.458
3725.664
2701.306
1032.424
1239.559
2129.316
2049.806
1308.113
1898.06
1449.77
16704.19
5822.281
4227.092
3702.626
2854.91
2335.649
2670.611
2162.792
2116.969
2298.5
2281.42
2474.359
2115.295
2513.741
2006.938
1774.767
6350.724
2364.6
1260.035
2023.221
2299.565
2136.745
2079.709
1777.832
8592.255
-1396.13
877.7443
1968.186
2756.713
2881.379
2471.824
2253.239
2304.215
2802.933
1477.056
2097.218
2179.694
2192.076
2391.666
2392.156
2036.541
2148.229
2173.685
-24300.41
-5154.4
128.3894
1658.13
1622.989
3132.352
2265.369
2523.672
2317.857
2220.804
2217.242
1993.08
2413.288
2066.37
718.7049
1880.252
1716.906
1808.452
1953.657
2004.632
2013.612
1854.456
1821.082
1955.479
2539.969
2372.096
119.5809
1733.732
1471.883
2135.404
2771.976
2360.353
2231.279
2301.974
1275.317
1313.773
715.9837
1423.809
2079.724
2204.884
2268.142
904.0674
-47237.94
-12078.68
-181.6538
2269.014
2061.17
1556.075
2473.457
1783.903
1798.884
1929.378
2552.68
2208.534
1973.484
3472.486
2129.839
2379.355
1964.281
1298.053
1811.854
2023.642
2141.862
2424.163
1374.635
1498.486
1687.22
2185.08
1584.886
1724.72
186.5955
1230.457
2122.709
1887.472
1680.002
1614.639
2039.901
1954.135
1773.551
1329.999
1591.675
1649.846
2276.04
1965.013
1387.974
972.9368
1768.867
1899.127
1920.591
2558.667
1423.359
1762.89
2269.234
2215.704
1432.025
1733.917
1697.756
1477.546
5222.747
1810.388
1862.786
2035.368
16268.01
23152.69
8381.689
-2008.854
308.1307
1433.325
169.2604
1272.857
1261.047
2117.093
1838.987
1459.184
1441.226
5122.195
2588.003
1810.866
-54.54621
58.08751
-17.79678
1214.27
1528.262
1321.705
1460.727
1852.572
566.5456
1621.687
1025.657
2751.24
1987.031
9871.484
3725.424
2177.175
2049.552
1651.286
1482.235
2376.184
2044.725
1896.754
1819.16
1041.219
1950.281
2057.344
2120.609
1676.874
1806.983
2748.058
1755.67
1779.011
805.9208
1557.196
1763.085
1889.949
1815.636
1631.111
2124.384
3955.966
3572.077
800.0559
31.92082
3073.721
2156.827
2074.171
1790.514
1556.25
1085.512
1596.617
1595.591
5378.12
3363.551
2677.813
2560.806
1977.611
2015.811
1661.924
2224.21
1904.096
2153.855
3105.152
587.9573
-173.7408
1505.515
1560.433
10068.83
4422.845
2788.807
2150.113
2046.428
2133.726
2053.038
4355.885
1602.932
1486.746
501.4116
1872.181
2013.025
2123.662
2054.923
2092.075
7701.689
3378.136
2488.874
-85.76509
1689.37
1685.659
2713.984
2491.347
5769.775
3338.159
2863.93
959.8484
2308.273
2323.206
5445.979
3254.638
2939.016
2495.581
4137.598
2750.298
2573.065
1759.702
1440.936
45200.87
14175.78
5752.647
4675.508
3108.509
2517.834
2457.618
803.5958
1938.727
2310.874
2207.481
1893.561
2448.718
2802.055
3185.78
-1034.854
1822.81
3096.058
3084.277
3068.341
2568.473
3496.804
2530.918
2541.977
4050.357
3259.73
2590.898
2438.82
2532.79
2090.982
2666.278
2216.42
2589.013
3491.361
2605.126
2596.809
2836.605
2771.988
-938.5874
1690.655
1694.894
2952.188
2270.089
504.4038
2573.238
2564.462
1385.475
2452.083
2649.181
3208.934
3314.31
1968.204
2979.414
2978.163
4955.67
2954.143
3005.916
2780.607
2509.409
2503.076
2505.763
2034.133
2320.314
2467.897
2697.937
2720.414
2871.914
3896.137
2752.726
2348.106
2826.426
2492.491
5442.644
3262.663
3119.69
2273.318
2712.734
2878.016
2820.477
2444.672
2141.242
2670.821
1715.854
2178.597
3130.167
3031.802
3699.889
1996.955
2209.169
2514.933
2362.425
2779.613
2228.912
2727.159
2455.714
2364.745
2764.812
2106.245
2831.429
72.82582
1245.561
2248.858
1258.191
2599.56
2356.401
2355.874
63978.76
19320.7
7030.775
5919.604
3449.931
2582.156
1895.567
2533.04
2775.353
2297.806
-1552.69
25719.77
8663.478
4624.191
3386.272
363.7358
1836.281
1153.939
2376.379
2589.123
2409.716
2940.221
2799.285
2425.24
2513.425
292.1739
1168.374
2120.585
6744.723
3550.697
2726.597
2739.37
-2647.552
467.7246
934.8137
1510.055
1948.621
2346.917
2043.214
2358.658
2262.196
-4967.216
-1898.515
711.425
-493.447
5136.438
3152.757
992.1106
1867.473
1926.113
1750.041
2101.339
1871.194
1975.036
2425.833
1779.87
1975.99
1885.698
2500.211
2347.716
2436.872
1893.511
20865.07
7616
3012.521
2336.112
2009.448
2331.224
1997.65
2225.315
1914.806
2552.558
1983.662
2142.085
2292.465
2213.892
1656.791
27221.07
9476.089
4076.218
2534.243
1751.817
164.399
1993.438
1878.497
1988.01
1256.884
1633.581
2642.584
2176.572
2199.978
2474.221
2148.718
1917.368
2204.531
981.4364
1877.633
1934.865
2230.834
1935.034
2476.374
-8665.679
-978.7129
958.5007
1658.764
1852.388
1751.247
1799.751
1685.48
1641.287
2281.423
3293.04
2586.511
1937.181
2370.443
2176.12
2348.524
1797.53
2024.776
2257.074
2577.73
2109.833
2981.714
2736.749
3117.463
1363.164
1897.621
2031.279
2332.189
2768.14
3635.048
2691.873
2332.988
2559.586
2963.185
2656.43
2635.074
2249.07
2450.253
2211.841
2630.913
2460.108
2105.694
1997.497
2344.301
2210.126
2272.319
2156.399
2395.824
3486.666
3185.87
2527.714
2764.542
2355.252
3222.293
3686.797
2784.198
2269.155
2317.668
2490.133
2291.011
2568.669
1298.302
1562.074
2292.284
-253937.1
-68944.47
-17251.04
-2827.197
1060.33
1331.906
-1718.215
1579.184
2384.388
2082.808
2669.543
2381.096
3441.28
2558.099
2381.171
2863.443
2774.286
2603.825
3265.972
3474.511
2924.26
2885.366
2485.32
2645.019
2829.416
-56868.92
-14654.51
-2335.758
1134.633
8822.799
2118.164
2708.038
2829.977
2903.095
4844.418
3974.778
4037.53
3210.142
3107.842
5134.048
3407.026
3158.196
2895.1
1760.379
3219.336
2181.743
2619.183
3051.814
2782.08
13819.88
6211.881
-1260.733
1700.738
2584.729
4389.68
2983.567
3156.257
3490.256
3167.832
3011.664
2738.055
3009.281
2885.915
2966.569
2894.72
3047.642
2131.054
2835.997
3007.042
3008.31
2955.298
4616.053
3469.59
5156.817
3715.088
3212.645
2902.557
3108.508
14960.37
6650.109
3822.43
3326.761
2601.012
2727.849
2646.882
2928.044
4804.659
3855.795
4003.058
4094.929
3200.675
2953.713
3757.696
3376.457
3071.974
3296.18
3074.75
3145.129
3359.297
3067.392
7594.31
7828.367
4233.593
3495.55
3396.772
3153.503
2816.581
5366.902
3542.488
3185.446
2902.32
293.5026
673.7281
3033.951
3070.07
3460.549
2915.193
2912.23
3250.194
3431.056
3065.886
3197.578
3037.881
3036.415
2963.071
2999.099
3277.7
3063.735
3188.742
3103.815
3320.486
2855.806
3026.049
3205.171
633.0355
2213.241
3087.382
3043.752
2753.432
2975.736
2930.325
1648.745
2064.329
4467.212
3665.431
3073.742
4085.375
1435.546
3762.001
3195.51
1182.898
2481.865
3024.482
3146.529
3022.107
2745.159
3064.622
2705.278
2964.232
3609.935
3081.273
2784.09
2414.497
2663.557
4148.684
3489.16
4623.253
3374.593
3260.937
2981.015
613.9819
2001.383
2773.99
3431.279
2573.01
1702.922
2805.522
2902.707
2230.101
5804.453
3258.941
3017.769
3304.083
3394.753
2257.032
2429.311
2751.986
2805.178
2729.706
2842.373
3337.715
2352.193
2533.107
3291.662
3060.384
7993.198
1388.712
2283.671
3471.316
2695.289
2509.043
2341.117
2261.251
3107.752
2558.469
2482.659
2467.049
2581.413
2926.28
2551.942
2370.776
2451.632
3576.398
2720.51
2596.331
4579.818
3164.255
2835.426
3804.283
1870.603
2835.285
2685.209
2025.537
2093.596
2361.984
1634.601
1994.584
2154.143
2625.613
2769.827
2383.881
2272.347
2325.893
3198.005
2526.311
2417.884
2339.781
3482.044
2277.143
3098.641
3313.673
2830.094
3788.326
2631.785
-187.3093
1040.418
2742.464
6128.664
4251.693
3320.341
2580.725
2776.393
2605.314
1620.111
2032.477
3134.786
2824.005
2623.736
2195.744
1997.608
2365.1
4622.041
3472.282
994.2142
2340.983
2362.318
-1644.217
1843.64
2477.806
2646.834
-2138.115
1324.033
2191.812
2119.065
3162.734
2468.464
2821.692
2684.084
7814.935
4357.456
3959.267
3830.941
3411.475
2846.374
2284.866
2550.012
2560.155
2501.642
2923.424
2788.623
3110.597
3087.617
3736.93
7576.766
4265.789
-3124.893
781.2253
2099.631
1858.966
2756.469
2388.241
2872.59
4188.781
982.6703
2364.722
2628.828
2598.2
3006.982
3110.378
2870.978
3273.726
3283.235
3555.465
3037.194
3512.717
11417.26
4549.282
3020.661
3542.449
3092.477
3407.981
1519.682
2828.807
3336.53
3692.324
3696.352
3143.539
3082.662
3293.357
3182.125
2734.251
3007.317
2746.102
2998.349
3243.547
3378.348
3421.31
4259.46
3830.786
3635.807
3245.581
558.5318
2630.997
3125.006
3131.746
4476.144
4324.077
3593.576
3655.49
3169.796
3300.789
3666.42
3315.665
3419.889
3628.42
3454.331
2947.834
12682.01
5877.429
7180.126
4062.218
3474.147
3700.538
3347.441
1054.281
999.2584
2843.719
3618.726
3755.79
4510.138
4290.87
4854.314
3377.07
3969.283
10348.03
4140.777
3619.905
2641.595
3251.127
3206.015
3809.977
2916.988
2494.622
3374.637
4155.018
2917.973
3311.129
3954.361
4378.611
3658.119
3796.216
3691.129
3100.449
3616.077
6816.803
3834.151
4055.701
8329.531
4274.696
-1886.909
2440.52
3014.253
3856.016
3729.422
3620.342
2769.848
3983.373
3513.703
2644.789
3426.039
3297.165
-6895.761
619.4285
1828.54
3063.976
3451.534
3262.422
6652.994
4184.74
3622.853
5225.663
4106.743
3181.912
3451.718
3471.387
3440.943
3437.041
2641.989
2841.417
-5985.786
389.6187
2700.275
3549.584
3091.148
2887.567
2753.639
3108.528
3461.887
3870.087
5948.877
4538.332
4509.389
3502.519
3357.253
3899.352
4058.238
2861.459
-27158.77
-4980.818
2092.737
3017.626
3267.354
4846.694
3800.05
3155.375
3188.605
3298.737
2883.396
3583.514
3883.419
3343.103
3476.689
3411.224
3167.559
3168.013
2306.052
2706.589
3563.684
3332.233
3355.626
4339.114
3636.099
5098.642
3807.079
2861.155
3380.992
2595.739
1738.903
3094.396
3296.344
3372.35
2907.231
3858.088
3445.027
3318.259
3005.425
2801.059
3065.616
3594.812
3352.579
3868.349
3017.331
2984.022
3144.035
3058.98
3083.299
-13116.27
-1213.161
1790.927
1733.289
2859.023
3189.98
18849.02
9624.534
22207.29
7670.749
-1842.293
1592.014
2294.879
3469.705
3289.85
4764.766
2255.176
723.1282
3082.687
3219.502
3108.64
4160.548
2675.524
2966.386
3443.967
3084.198
6139.815
-17040.62
-3483.915
1056.609
2237.857
2595.573
2839.983
2978.584
2977.474
2885.939
2808.631
2729.06
2939.989
2861.868
2923.152
3332.722
3364.1
3088.509
2975.92
2049.823
2673.251
3875.219
5479.818
4447.775
3443.709
3215.444
3084.045
2878.407
3226.59
3525.393
3447.265
3172.302
2895.888
2963.375
2416.335
2595.754
4692.07
3465.937
2580.445
2477.83
2754.621
3179.346
3248.554
3271.85
4010.56
3290.686
2999.877
3081.436
3198.109
4569.84
3527.222
3091.812
4521.404
3514.421
3218.162
3060.806
3449.743
2989.415
2950.738
2809.946
3348.216
2902.015
2703.473
815.7167
2495.472
3229.581
2791.63
3185.56
1496.02
575.2195
2094.647
2926.065
-1431.075
1619.709
3444.868
3239.583
2678.923
2165.273
2475.905
3379.132
3450.113
2851.337
2927.532
3932.89
2875.547
3112.422
3648.006
5731.794
4060.856
3690.044
3294.275
2999.407
2096.87
3474.728
3976.442
3406.68
2904.253
3517.078
3434.642
3189.823
3321.277
3433.462
4015.977
3074.183
3320.062
3775.317
3199.601
3414.352
3438.272
3146.847
3892.208
3635.647
3702.169
3867.595
3600.476
1657.032
-3100.021
1832.964
2436.353
3152.723
3285.737
3601.659
3701.312
4280.044
3995.268
3886.979
-1274.787
1481.525
2957.185
3410.666
5370.759
4228.361
3948.087
4039.179
3384.717
3696.274
3728.31
3767.518
4286.082
4150.324
4475.588
2167.353
4250.688
3988.974
3855.477
4064.412
4167.549
4134.494
2707.211
4211.23
4057.972
3343.921
3661.668
3978.663
3782.201
4555.367
3735.815
3862.998
5710.052
4307.35
4107.706
3955.78
3740.852
4120.257
4052.156
3897.888
4069.601
4492.044
4121.308
4035.573
3789.863
4597.63
4322.946
3539.206
-967.9981
2880.662
3057.507
3890.496
4298.361
4009.647
4034.294
3328.571
3343.633
3668.33
3835.24
4133.529
4135.145
3947.324
4323.427
4121.016
3888.897
4388.966
2898.794
4008.208
5158.939
8329.603
4988.442
4129.817
4014.448
3032.963
1941.685
3280.059
3716.215
20505.14
9218.172
7624.846
3439.655
2993.106
4132.832
10933.11
5700.547
5414.056
3659.345
4002.956
3916.423
2825.324
3891.261
3823.273
6376.291
4067.373
3865.53
-21775.08
-1677.769
2380.147
2160.449
3212.502
3362.413
3692.574
3983.951
3460.185
4987.594
5313.099
3613.21
3461.043
3170.898
3129.965
3756.853
3719.353
3730.934
2519.736
3566.457
10566.7
5750.001
4608.744
5327.067
6087.737
4220.375
3759.249
3637.518
4486.873
3837.535
3386.729
3455.363
3821.215
3706.824
3977.683
3642.407
5402.563
4082.897
3972.531
3404.703
3462.873
3724.386
3793.77
4584.685
3985.889
3717.901
3256.651
3324.194
5305.938
2595.609
3347.85
4064.732
3211.577
3468.622
3312.571
3657.389
3808.499
3319.635
5597.276
4346.731
3369.371
3640.743
4285.792
3704.308
3293.63
2490.989
3440.226
3600.978
2493.767
30129.38
10878.21
8413.346
4929.753
4294.069
3740.958
3767.569
3704.06
3858.613
3738.711
3785.064
8959.191
5060.845
4632.706
3836.916
3572.318
3518.81
3360.761
16339.47
6794.579
4982.383
3260.895
2948.176
3126.014
3525.771
4553.312
2933.404
3384.037
2960.576
3737.479
2474.524
3047.726
2864.773
3055.269
3465.283
3327.23
4281.232
3512.173
3150.336
3730.071
3663.554
4128.056
1506.258
2762.264
3884.338
3135.806
5838.567
3522.604
3330.939
1758.889
-4137.592
1767.641
3149.383
3712.107
3500.81
3219.121
3329.412
3399.424
3339.669
3296.958
2931.299
3715.272
4047.574
3510.861
3525.546
3757.975
3241.389
3864.308
3699.068
3670.375
1735.621
2140.161
3229.433
3361.937
3367.165
3426.606
3373.832
3560.195
3314.082
3227.532
3583.509
3111.787
3230.535
3202.663
3604.159
3343.262
3704.402
4900.261
4491.55
3076.785
3762.092
2075.244
2249.779
3484.258
3363.086
3435.075
3273.096
4758.684
4665.552
3755.094
3524.031
3366.184
4450.406
5137.329
5186.824
3948.435
2070.392
3705.866
3624.44
3963.759
5105.909
-190235.9
-50015.46
13218.7
6510.427
5072.976
4293.358
3737.14
2086.138
1530.794
3166.356
3727.583
3651.545
3728.659
3737.725
2389.683
2976.443
3697.288
-1270229
-349900.9
-94339.25
-23269.88
-3142.062
1495.846
2647.241
3457.959
4221.917
4461.819
3288.314
3857.532
4552.373
3390.252
3974.67
4111.302
3546.424
2939.329
3114.913
4141.017
4165.344
4205.734
4212.995
4194.23
4837.555
5827.298
4804.054
4243.954
4419.868
4574.994
4590.046
4155.107
4182.004
3670.895
3808.4
4159.648
5097.148
4785.361
4172.68
3608.653
3960.994
3581.428
4008.994
4072.86
4107.12
3984.995
4398.241
4714.153
3958.296
4071.857
4315.717
5346.656
4593.468
4107.245
4287.375
4276.99
4182.286
4430.074
4498.173
4980.662
4504.456
5182.901
1977.821
4098.86
4086.191
4200.651
4329.404
4046.557
4364.486
8177.408
5336.674
4898.673
6163.652
4688.803
3008.973
4015.198
4326.539
4183.439
4547.925
5693.471
5043.539
4413.322
4596.071
4101.473
4331.163
4496.336
4287.331
8574.594
5539.762
4696.44
4535.661
4227.068
5205.505
5265.262
4489.329
4334.629
5269.612
4824.637
4742.602
4535.866
4181.39
4307.211
3626.607
4410.018
3899.418
4517.288
8981.585
4344.593
4703.578
4906.593
4388.547
4609.363
5963.49
4860.927
1186.686
3587.628
4416.424
4648.666
4459.446
-6837.093
947.0137
3418.776
3734.198
4894.072
3857.902
3910.011
1441.617
2735.241
3510.173
4716.131
4560.917
4529.515
4529.906
5125.913
3496.14
3738.442
4400.33
4675.892
4609.263
4151.888
4263.082
2618.69
3467.246
3846.487
3870.403
4171.263
6280.494
4386.64
4457.988
7206.032
5417.331
3209.756
4100.348
4287.019
4961.214
4742.42
4456.349
4026.866
4070.055
4146.869
3025.894
3885.211
3257.993
4613.617
3989.594
3801.061
3931.872
4166.036
4176.002
3623.547
38896.98
13466.96
6686.882
4773.436
3754.154
3391.478
3554.572
3486.106
3945.778
4165.631
4330.012
8377.03
5929.351
4409.02
3660.894
4014.051
4025.033
4064.275
3903.908
3833.431
3897.93
4082.023
3506.138
3604.274
4108.664
7487.17
4799.704
4298.102
4033.779
4734.065
3890.011
3899.011
3507.543
3575.047
3408.693
3790.143
3992.385
4146.259
3262.077
3412.712
4323.612
3973.367
4227.04
4016.504
3187.531
3217.193
3742.571
3795.398
3777.808
4116.62
4349.216
3902.93
4101.019
3563.69
3334.881
3098.545
3803.943
6274.109
4531.855
3940.293
1938.546
3409.127
3084.029
742.6773
3187.057
4034.649
4359.792
4231.332
544.2997
3172.432
2284.105
3044.162
3987.473
5171.661
4184.779
4912.06
4001.724
3855.093
4314.31
3886.911
3457.879
3690.994
3702.234
4238.454
3962.894
3803.071
1667.284
