20.53321
87.89067
178.4174
212.3052
205.0343
211.2235
216.0906
227.0721
230.2548
213.4943
233.8363
235.6227
195.697
210.933
195.1908
229.8593
234.7851
234.8242
238.73
237.6463
247.3551
239.9859
230.4889
235.0804
254.3549
296.2629
310.1879
310.4675
323.3144
-602.8912
-251.1494
-9.683646
121.6945
185.0902
223.7832
257.5039
291.8567
330.0107
308.013
311.0631
298.9702
278.489
264.2323
304.2747
251.4494
305.7795
369.1013
339.684
313.0932
308.4389
294.7009
305.1582
321.3485
298.3586
306.7706
299.8615
306.2417
191.9644
240.9099
274.4941
279.7657
299.2903
302.1042
340.4362
365.9496
364.8983
245.7628
256.0008
300.8736
328.5809
340.8846
345.1638
339.9629
-125.2351
85.00724
207.9061
284.2617
307.8796
331.5788
319.0953
339.6946
353.369
381.915
376.2989
296.103
251.7368
290.8613
330.89
336.2462
329.4791
331.1687
337.4622
345.3517
365.61
305.0879
314.4808
340.6946
370.4755
335.1265
335.4457
341.491
366.1207
309.0763
333.4266
343.979
605.7322
505.0349
447.6303
337.1269
358.9931
372.2752
374.5326
376.4132
351.0364
364.6669
346.9287
322.0934
254.2026
331.1416
332.938
335.4019
342.0448
347.0504
319.8381
326.9364
304.6769
325.2119
316.0619
339.5929
354.6236
361.2989
349.6863
346.686
346.1482
342.1358
328.0364
354.4404
373.529
356.4191
347.5268
338.9722
317.9084
333.6006
372.6826
350.4259
351.1641
333.762
208.9779
258.0431
60.89052
150.967
94.00909
182.0074
217.8355
283.4368
305.3414
299.9047
187.9357
221.7732
260.3129
669.3444
509.9846
431.3863
375.7516
410.1521
364.9405
341.0635
306.8128
258.4561
221.0628
388.9611
326.0124
299.3092
277.2197
275.4149
263.4533
402.7333
416.7141
313.3522
276.1048
249.8167
236.7592
225.7406
207.5666
202.3208
216.4235
218.7705
244.8373
239.1935
224.2423
238.2285
233.0988
225.7241
200.5072
487.9054
374.802
385.0297
326.98
345.4847
279.6633
225.2913
186.6747
167.9449
125.4927
132.9171
145.8133
138.0472
147.2553
153.4871
132.1634
138.6686
183.4967
142.5589
133.0465
134.578
106.0939
135.541
142.2749
126.483
128.9898
114.7246
109.7732
94.37204
93.2018
87.8876
89.61648
74.55079
80.1854
81.92496
66.21243
51.10911
49.3833
65.01919
62.03495
54.82368
45.78836
42.30102
43.48219
43.79763
-28.15769
-30.13709
-10.23696
8.291935
57.89348
30.72445
24.38725
66.07345
-77.18359
-54.98812
-463.3644
-331.5991
-235.1576
87.60391
16.05056
-0.9799452
-32.15714
-37.93741
-45.46449
128.9358
48.62951
73.5978
29.27335
-24.50432
-61.42503
-84.70776
-136.0803
-164.8607
-155.3187
-156.1004
-147.9802
-222.3616
-188.3964
-132.4834
-172.2438
-180.9148
-185.0033
-187.476
-248.7614
-221.1799
-285.3707
-252.4843
-244.2888
-220.8966
-266.0687
-267.5292
-240.4796
-232.5564
-240.5778
-238.2028
-278.0011
-310.4002
-562.9218
-444.0649
-362.0915
-393.5974
-371.5223
-326.3332
-320.9975
-320.3152
-327.8764
-331.2922
-339.2894
-364.2508
-380.5866
-300.0727
-339.2844
-352.8973
-356.8103
-352.6196
-347.0228
-393.8288
-438.3025
-428.1284
-409.8782
-419.3814
-398.4359
-402.0615
-418.3963
-422.3727
-447.9752
-484.033
-477.806
-488.8653
-499.2653
-475.8149
-475.7677
-468.2828
-469.4911
-477.5882
-429.0667
-409.1583
-451.6804
-520.083
-551.215
-560.2619
-548.882
-529.1655
-544.0156
-542.505
-555.9691
-583.1938
-588.7214
-587.0865
-4292.244
-2731.379
-1841.071
-1265.375
-984.8214
-816.1095
-743.2711
-724.4308
-676.4471
-667.0747
-659.0761
-717.4139
-695.3348
-665.5934
-658.0589
-670.9201
-676.9755
-679.6497
-691.954
-692.6927
-692.9865
-681.2616
-529.8897
-607.0415
-665.1641
-686.179
-704.4515
-727.4041
-758.3838
-755.3572
-712.7448
-775.523
-811.6767
-825.7458
-898.7245
-855.2459
-838.8113
-825.3887
-791.4185
-831.5518
-809.4549
-818.487
-572.8879
-685.0339
-720.3338
-757.0463
-723.0275
-771.2807
-800.6724
-824.4828
-824.9426
-857.3339
-867.7686
-903.4213
-901.9431
-890.5344
-889.723
-905.9017
-1010.112
-946.9419
-923.3438
-906.9502
-911.0933
-933.6768
-937.8041
-951.6665
-957.5329
-869.026
-921.7238
-916.3976
-1042.729
-1007.2
-1021.224
-1011.365
-1015.561
-1122.085
-1084.155
-1058.61
-1045.532
-1075.286
-1037.554
-1042.315
-1061.153
-1012.17
-950.1419
-1005.724
-1044.122
-1057.617
-1094.081
-1096.812
-1098.616
-1084.474
105.5215
-579.9046
-802.1263
-1011.568
-913.9101
-1013.595
-1074.289
-1053.606
-1094.297
-1101.732
-1111.818
-1126.193
-1158.662
-1198.415
-1161.33
-1156.687
-1176.946
-1203.899
-1221.337
-1198.222
-1194.205
-1189.35
-1179.034
-1279.111
-1253.931
-1226.279
-1220.682
-1208.86
-1206.267
-1201.845
-1251.484
-1235.9
-1245.35
-1117.427
-1120.799
-1191.159
-1184.409
-1120.708
-1166.141
-1310.49
-1357.319
-1414.839
-1356.831
-1325.583
-1702.637
-1494.469
-1384.47
-1331.845
-1307.666
-1313.173
-1282.858
-1288.214
-1264.031
-1271.075
-1276.664
-1279.088
-1253.593
-1273.815
-1279.233
-1305.661
-1240.237
-1262.079
-1292.107
-1294.369
-1301.296
-1320.1
-1747.46
-1545.019
-1452.693
-1397.874
-1347.55
-1371.159
-1356.573
-1348.7
-1421.888
-1146.098
-1223.662
-1253.597
-1271.023
-1301.028
-1317.91
-1323.845
-1328.713
-1334.689
-1345.299
-1355.822
-1306.458
-860.4949
-1384.311
-1329.06
-1355.214
-1315.992
-1364.333
-1370.341
-924.3679
-1108.837
-1232.762
-1262.008
-1360.696
-1364.706
-1344.208
-1366.925
-1377.527
-1399.991
-1404.162
-1397.668
-1408.526
-1390.094
-1377.301
-1380.69
-1429.96
-1401.64
-1382.925
-1386.073
-1377.569
-1370.488
-1374.892
-1381.882
-1437.118
-1447.236
-1411.45
-1400.555
-1341.061
-1352.786
-1361.46
-1387.251
-1375.7
-1387.15
-1384.187
-1371.381
-1371.435
-1290.675
-1323.492
-1221.534
-1229.712
-1289.769
-1345.995
-1343.06
-1368.386
-1376.005
-1398.894
-1356.517
-1382.407
-1343.337
-1363.011
-1367.328
-1363.869
-1367.425
-1368.469
-1415.437
-1397.972
-1427.506
-1400.525
-1385.688
-1477.159
-1423.405
-1342.909
-1351.027
-1361.673
-1394.444
-1386.548
-1374.367
-1411.591
-1370.838
-1371.164
-1360.233
-1374.563
-1379.758
-1383.931
-1363.042
-1358.678
-1357.521
-1365.871
-1340.474
-1328.491
-1341.294
-1351.426
-1361.449
-1900.05
-1711.071
-1532.658
-1440.817
-1431.135
-1365.752
-2832.074
-2204.31
-1833.947
-1649.621
-1444.764
-1393.675
-1389.66
-1366.007
-1359.21
-1280.942
-1329.62
-1325.5
-1331.301
-1334.036
-1322.246
-1307.578
-1300.513
-1276.772
-1289.874
-1276.918
-1281.504
-1351.01
-1284.592
-1230.438
-1249.57
-1279.029
-1305.053
-1341.518
-1318.574
-1283.522
-1293.61
-1279.767
-1227.259
-1294.152
-1267.104
-1259.22
-1270.525
-1253.482
-1279.782
-1263.943
-1239.081
-1270.875
-1243.692
-1233.355
-1228.07
-1238.898
-1233.781
-1209.88
-1235.77
-1219.028
-1194.631
-1207.753
-1192.887
-1176.698
-1274.228
-1160.148
-1142.907
-1158.569
-1156.373
-1168.871
-1297.225
-1253.992
-1201.113
-691.79
-897.8337
-987.0162
-1060.558
-1103.22
-1120.312
-1114.82
-1127.321
-1122.395
-1132.2
-1138.238
-1048.842
-1076.72
-1110.737
-1120.617
-1106.666
-1117.997
-1077.987
-1103.764
-1101.157
-1094.92
-1104.983
-1096.584
-1094.842
-1102.478
-1078.697
-1087.826
-1087.73
-1089.342
-1081.286
-1073.868
-1069.663
-1068.74
-1063.129
-1065.824
-1073.74
-951.6856
-962.6043
-1003.844
-1037.157
-1036.704
-1006.249
-1002.654
-1046.625
-1052.548
-1002.889
-1029.187
-1036.719
-1049.453
-1010.169
-891.6947
-934.194
-984.5978
-980.1185
-989.8843
-995.5688
-944.5568
-973.0257
-922.6123
-948.4393
-934.2497
-142.3891
-484.891
-691.7078
-817.0539
-896.2728
-935.3002
-776.9646
-891.6154
-960.922
-982.3551
-847.5335
-900.9931
-966.4532
-969.4185
-940.8447
-931.4568
-976.4377
-958.5873
-943.6512
-979.1289
-933.9867
-922.8729
-913.1557
-925.9729
-915.8285
-928.0191
-911.0989
-916.9047
-920.0504
-897.5331
-908.912
-901.0078
-907.077
-909.7452
718.3643
54.72565
-11274.66
-6980.39
-4462.237
-2970.372
-2119.26
-1648.82
-1318.164
-1142.566
-1018.742
-935.2418
-891.7912
-580.6389
-723.1472
-760.3793
-811.2811
-937.7461
-922.6436
-886.1715
-904.9532
-842.9748
-900.6285
-875.3429
-883.8016
-905.8445
-907.7627
-878.7768
-866.2692
-858.2638
-852.9856
-837.6125
-855.4264
-796.0018
-808.4554
-735.5862
-771.7044
-792.9447
-814.8588
-799.506
-810.2573
-840.973
-843.2213
-832.8926
-836.0127
-817.6482
-819.4503
-854.7271
-776.7161
-640.2016
-679.7909
-732.8099
-775.5858
-793.8232
-812.7499
-813.8616
-789.349
-819.9973
-810.6347
-820.619
-833.2498
-823.6676
-848.9457
-1065.147
-912.4781
-827.0364
-751.1539
-788.4674
-848.7793
-843.4891
-3082.13
-2053.337
-1536.723
-1205.419
-1023.207
-1001.527
-907.6729
-860.9997
-830.5354
-816.5597
-868.1846
-838.1146
-819.2233
-806.6203
-715.4027
-744.1009
-765.3403
-787.7086
-785.2411
-799.9066
-802.3021
-799.457
-808.2945
-789.4831
-758.2187
-778.4102
-783.9708
-810.3949
-811.7498
-781.173
-806.0361
-810.2666
-820.6022
-815.2885
-799.8517
-793.4244
-683.3765
-740.0153
-768.7699
-781.8609
-851.6722
-846.4049
-825.9137
-801.3181
-816.4343
-815.6892
-854.5558
-832.5085
-809.559
-784.6799
-803.8737
-813.8848
-824.6322
-816.8161
-814.192
-817.0355
-834.3735
-843.4297
-840.573
-849.1741
-889.1899
-895.0489
-883.2397
-881.464
-955.8021
-929.8019
-1034.607
-960.6585
-887.3279
-725.1103
-828.4999
-821.2735
-863.6027
-867.4113
-955.2905
-955.9421
-911.833
-937.4665
-1040.336
-983.3895
-949.2029
-1028.651
-984.6913
-930.3084
-925.0625
-899.818
-705.3161
-417.3831
-645.7464
-780.7638
-988.5837
-980.1447
-956.8368
-966.2241
-1002.049
-944.0304
-966.9754
-1014.496
-825.2484
-871.9952
-916.7047
-929.5787
-978.0028
-973.757
-979.8115
-978.6305
-1007.319
-4553.832
-3085.659
-2215.225
-1721.89
-1395.277
-1334.415
-1114.845
-1267.468
-1158.458
-1035.36
-1028.638
-942.1713
-1134.609
-1144.939
-1111.708
-1099.527
-1517.643
-1371.008
-1245.379
-1286.272
-1138.607
-1106.859
-1134.802
-1124.037
-1137.149
-1110.93
-1096.677
-1094.025
-1104.724
-1102.11
-1075.75
-1097.389
-1057.305
-1252.42
-1185.319
-1166.413
-1155.21
-1129.96
-1072.15
-1104.134
-737.6273
-980.1584
-1053.291
-1118.415
-1128.194
-1155.077
-1170.145
-1170.419
-1561.316
-1491.33
-1371.296
-1342.099
-708.7701
-934.973
-1057.09
-1135.334
-1172.696
-1208.898
-1221.645
-1220.499
-1185.902
-1213.963
-1216.774
-1211.881
-1259.412
-1288.443
-1307.544
-1312.699
-1314.443
-1313.485
-907.3558
-1070.748
-1172.652
-1218.681
-1549.762
-1503.952
-1447.096
-1400.315
-1380.435
-1369.058
-1355.376
-1450.853
-1430.076
-1367.958
-1345.357
-1357.091
-1284.929
-1340.511
-1367.956
-1392.154
-1217.67
-1316.111
-1380.325
-1399.923
-1415.994
-1435.86
-1444.883
-1400.585
-1426.607
-1477.185
-1519.82
-1532.578
-1514.747
-1508.692
-1522.783
-1510.382
-1527.76
-1530.297
-1520.739
-1503.35
-1479.338
-1531.667
-1543.839
-1532.499
-1546.125
-1603.523
-1577.727
-1586.638
-1596.017
-1580.311
-1566.461
-1588.948
-1597.934
-1610.98
-1624.505
-1617.929
-1646.651
-1631.834
-1639.078
-1641.371
-1669.271
-2182.085
857.3649
-197.3292
-841.6854
-1214.641
-1425.687
-1506.651
-1594.502
-1633.348
-1674.079
-1705.949
-1681.887
-1690.46
-1721.479
-1711.754
-1726.759
-1748.425
-1763.018
-1579.072
-1723.418
-1750.286
-1776.48
-1778.917
-1803.243
-1788.25
-1821.852
-1829.402
-1836.267
-1751.923
-1839.854
-1843.83
-1866.464
-1911.776
-1898.775
-1897.555
-1901.584
-1889.115
-1842.228
-1882.98
-1878.178
-1904.615
-1905.587
-1923.506
-1932.421
-1948.235
-1941.412
-1778.946
-1880.761
-1898.392
-1887.783
-1960.718
-2004.722
-2006.532
-2048.702
-2046.266
-2012.603
-2030.897
-2039.25
-2027.228
-2011.301
-2021.594
-2029.928
-1995.339
-2013.75
-2042.252
-2067.795
-2089.925
-2046.739
-2064.701
-2073.388
-2091.625
-2104.39
-2133.299
-2119.638
-2163.251
-2197.217
-2133.223
-2130.546
-2124.565
-2143.873
-2148.126
-2120.788
-2143.858
-2128.521
-2132.169
-2120.51
-2149.067
-2164.915
-2158.589
-2177.114
-2185.614
-2182.897
-2179.954
-2205.854
-2191.985
-2394.914
-2329.155
-2324.077
-2280.379
-2113.132
-2172.184
-2195.933
-2223.577
-2264.615
-2272.663
-2262.151
-2265.605
-2269.582
-2264.858
-2292.721
-2302.799
-2382.779
-2356.507
-2351
-2338.479
-2306.733
-2274.835
-2300.648
-2313.926
-2304.21
-2533.757
-2506.254
-2461.45
-2383.501
-2006.374
-2139.524
-2228.474
-2266.642
-2308.316
-2356.568
-2466.878
-2432.59
-2410.323
-2406.498
-2390.057
-2518.775
-2431.142
-2424.678
-2391.81
-2472.902
-2467.957
-2430.283
-2477.297
-2434.787
-2432.254
-2422.934
-2395.22
-2401.578
-2411.803
-1151.231
-1689.327
-1986.861
-2166.451
-2274.2
-2358.054
-2383.912
-2397.153
-2411.626
-2088.436
-2056.119
-2233.49
-2314.625
-2375.244
-2411.425
-2453.768
-2489.721
-2105.41
-2253.333
-2347.283
-2384.713
-2430.623
-2455.855
-2477.115
-2446.226
-2467.759
-2447.443
-2469.685
-2487.452
-2487.417
-2460.439
-2472.084
-2513.499
-2491.351
-2499.541
-2655.989
-1712.168
-2056.507
3151.268
798.493
-562.8431
-1383.761
-1860.218
-2122.177
-2638.652
-2593.049
-2564.926
-2683.196
-3092.64
-2864.866
-2734.181
-2681.166
-2620.993
-2592.162
-2566.653
-2550.562
-2545.428
-1886.318
-2178.584
-2308.295
-2391.713
-2434.995
-2529.118
-2539.305
-2542.099
-2596.492
-2566.224
-2557.868
-2545.894
-2548.904
-2564.542
-2552.242
-2477.328
-2492.635
-2635.673
-2595.443
-2539.614
-2804.09
-2718.829
-2404.69
-2457.803
-2480.214
-2582.128
-2574.908
-2548.766
-2557.786
-2614.813
-2596.312
-2602.27
-2551.107
-2635.407
-2626.746
-2602.128
-2562.643
-2555.647
-2550.95
-2557.113
-2547.759
-2557.038
-2579.822
-2558.072
-2558.511
-2543.621
-2547.556
-2541.66
-2524.762
-2532.478
-2347.051
-2411.076
-2507.062
-2510.004
-2507.556
-2642.425
-2601.1
-2549.25
-2546.621
-2537.727
-2514.143
-2525.623
-2481.548
-2427.547
-2452.337
-2479.633
-2475.266
-2475.398
-2486.98
-2488.039
-2320.413
-2399.735
-2442.852
-2504.818
-2510.629
-2496.548
-2508.932
-2597.077
-2579.507
-2574.258
-2556.661
-2522.672
-2400.309
-2448.636
-2442.47
-2438.48
-2445.686
-2465.921
-2468.97
-2443.8
-2452.867
-2488.991
-2254.332
-2030.937
-2223.524
-2303.23
-2334.61
-2383.128
-2441.474
-2401.773
-2548.067
-2489.984
-2464.914
-2458.771
-2452.682
-2439.646
-2412.916
-2331.444
-2378.703
-2471.931
-2444.342
-2437.758
-2432.054
-2417.361
-2380.776
-2383.739
-2372.71
-2390.343
-2418.395
-2436.016
-2445.084
-2444.706
-2347.016
-2397.188
-2426.022
-2403.869
-2384.605
-2356.08
-2375.304
-2360.212
-2379.136
-2385.567
-2384.663
-2377.66
-2388.991
-2356.689
-2332.878
-2344.842
-2403.398
-2375.469
-2323.179
-2350.303
-2344.533
-2350.798
-2340.375
-2329.755
-2315.029
-2311.348
-2311.444
-2309.061
-2352.595
-2334.604
-2340.028
-2321.911
-2301.862
-2311.498
-2295.559
-2303.627
-2344.564
-2315.846
-2367.317
-2335.349
-2278.278
-2246.778
-2248.902
-2239.72
-2252.536
-2260.582
-2251.813
-2241.992
-2250.412
-2255.429
-2251.062
-2255.865
-2383.106
-2343.705
-2299.565
-2188.756
-2182.891
-2234.65
-2219.243
-2206.122
-2207.979
-2211.522
-2163.126
-2203.455
-2195.195
-2189.687
-2180.722
-2194.337
-2182.88
-2169.656
-2243.967
-2214.075
-2202.817
-2191.412
-2154.243
-2183.691
-2166.408
-2130.562
-2150.24
-2158.985
-2147.695
-1876.485
-1978.963
-2038.151
6749.051
3060.529
873.465
-370.5917
-1121.926
-1532.176
-1569.895
-1792.022
-1939.689
-2001.588
-2089.15
-2096.739
-2113.391
-2102.684
-2097.253
-2272.226
-2190.496
-2159.39
-2135.445
-2115.554
-2136.554
-2135.216
-2123.281
-2178.23
-2134.995
-2156.794
-2123.142
-2086.621
-2069.424
-2094.295
-2078.527
-2065.131
-1960.747
-2008.753
-2015.218
-2015.797
-2034.056
-2016.249
-2032.448
-2038.951
-2025.631
-2023.389
-2026.37
-2067.916
-2065.466
-1961.301
-1940.309
-1976.054
-1998.971
-2002.016
-2037.545
-1998.04
-1982.161
-1969.028
-1997.65
-2291.462
-2043.709
-2026.734
-2008.463
-2023.571
-2020.485
-2014.017
-2051.628
-2047.073
-2034.381
-2018.965
-2084.53
-2052.808
-1915.618
-1934.025
-1938.219
-1941.482
-1946.76
-1965.816
-1965.395
-1972.088
-1982.143
-1971.718
-1974.594
-1986.54
-1920.258
-1943.482
-3695.827
-2977.633
-2553.27
-2317.909
-2874.79
-2502.771
-2276.252
-2141.546
-2072.451
-2021.707
-1992.907
-1974.283
-1972.973
-1980.49
-1966.662
-1963.044
-1897.312
-1912.964
-1776.274
-1817.855
-1882.859
-1935.515
-1954.493
-1984.613
-1983.036
-1987.188
-1984.51
-1976.54
-1930.096
-1935.788
-4353.177
-3356.207
-2782.351
-2369.473
-1796.494
-1939.159
-1945.629
-1957.538
-1925.083
-1950.658
-1953.595
-1954.482
-1950.295
-2317.757
-2169.254
-2083.858
-2027.516
-2000.203
-1979.986
-1907.386
-1886.437
-2011.053
-1998.312
-2001.926
-1957.517
-1955
-1882.583
-1886.917
-1911.951
-1951.913
-1953.894
-1933.195
-1957.131
-1228.105
-1545.931
-1758.629
-1847.095
-1902.757
-1959.912
-1971.248
-1940.058
-1974.295
-1980.325
-1986.585
-2173.219
-2150.278
-2334.507
-2203.139
-2129.251
-2082.355
-2052.72
-2022.747
-2013.32
-2006.953
-1984.377
-2033.258
-1936.073
-1950.746
-6734.605
-4778.064
-3516.105
-2911.479
-2558.518
-2338.509
-2206.988
-2140.115
-2365.64
-2244.103
-2061.866
-2065.304
-2054.595
-2076.466
-2067.724
-1213.233
-1733.896
-1740.968
-1861.294
-1960.124
-2013.799
-2096.547
-2135.504
-2128.96
-2099.935
-2112.341
-2141.587
-2130.033
-2127.615
-2115.953
-2115.968
-2128.428
-2158.722
-2172.773
-2245.168
-2173.817
-2019.999
-2066.73
-2105.133
-2116.89
-2108.968
-2126.914
-2115.624
-2115.005
-2137.978
-2150.689
-2157.837
-2160.569
-2174.513
-2108.951
-2144.656
-2073.96
-2123.214
-2169.977
-2184.366
-2209.782
-2201.548
-2213.301
-2356.084
-2278.598
-2312.138
-2306.407
-2280.033
-2282.888
-2252.572
-2239.597
-2238.891
-2253.121
-2251.686
-2325.159
-2299.626
-2298.078
-2223.693
-2267.033
-2259.075
-2529.227
-2446.729
-2388.996
-2339.357
-2316.468
-2336.233
-2402.505
-2377.407
-2395.122
-2379.17
-2359.109
-2374.016
-2360.736
-2352.005
-2356.632
-2324.652
-2384.76
-2383.52
-2333.472
-2316.162
-2342.656
-2348.654
-2381.168
-2311.948
-2344.179
-2386.758
-2433.656
-2436.559
-2440.888
-2438.454
-2443.124
-2447.568
-2455.237
-2445.035
-2465.519
-2488.018
-2497.772
-2500.658
-2497.158
-2441.543
-2442.164
-2468.116
-2508.621
-2491.683
-2469
-2477.208
-2518.324
-2527.354
-2578.923
-2563.206
-2580.534
-2579.23
-2620.001
-2615.14
-2592.43
-2656.445
-2651.039
-2634.807
-2605.072
-2592.585
-2582.847
-2611.712
-2615.754
-2633.993
-2607.964
-2653.247
-2808.123
-2749.319
-2486.836
-2583.671
-2650.139
-2653.645
-2666.86
-2699.076
-2689.17
-2704.152
-2735.964
-2735.018
-2720.157
-2706.184
-2734.593
-2776.574
-2742.64
-2745.451
-2775.477
-2743.393
-2735.689
-2786.737
-2783.44
-2802.35
-2859.918
-2861.894
-2914.989
-2879.007
-2852.969
-2854.273
-2818.672
-2877.09
-2868.209
-2863.66
-2860.094
-2850.052
-2665.158
-2812.208
-2779.848
-2810.225
-2847.655
-2886.706
-2896.128
-2900.268
-2938.616
-3000.559
-2985.223
-2958.611
-2970.451
-3030.436
-2915.56
-2956.151
-2986.529
-2981.921
-2978.55
-2985.944
-2970.926
-2903.169
-3097.564
-3065.081
-3030.798
-3056.152
-3065.622
-3067.38
-3321.225
-3216.673
-3152.184
-3244.36
-3173.113
-3128.148
-3144.918
-3189.242
-3165.277
-3062.973
-3210.066
-3179.471
-3161.434
-3116.928
-3123.173
-3138.364
-3123.082
-3140.83
-3184.532
-3186.683
-3207.653
-3059.282
-3098.357
-3137.447
-3150.035
-3164.939
-3178.494
-3146.004
-2835.519
-625.7479
-1669.056
-2316.566
-2704.163
-2922.084
-2987.626
-3142.928
-3165.466
-3192.912
-3231.32
-3245.864
-3269.858
-3258.709
-3264.43
-3604.222
-3478.923
-3504.112
-3417.744
-3378.598
-3307.972
-3274.486
-3286.883
-2823.832
-2842.12
-3089.238
-3174.055
-3251.301
-3299.724
-3282.214
-3321.958
-3361.774
-3386.753
-3376.687
-3376.155
-3393.142
-3428.36
-3415.785
-3401.503
-3430.132
-3416.708
-3459.387
-3433.827
-3432.077
-4497.217
-4135.671
-3846.498
-3675.349
-3564.666
-3591.614
-3515.118
-3188.758
-3390.756
-3418.366
-3459.173
-3471.398
-3604.928
-3559.348
-3538.771
-3467.288
-3502.358
-3519.444
-3495.633
-3499.837
-3498.103
-3468.013
-3492.589
-3495.132
-3496.375
-3517.626
-3563.436
-3490.983
-3547.467
-3534.283
-3524.911
-3536.729
-3541.843
-3439.152
-3506.104
-3526.884
-3545.098
-3556.13
-3581.536
-3584.226
-3954.78
-3799.309
-3703.787
-3655.299
-3811.476
-3736.439
-3776.127
-3712.255
-2306.069
-2835.282
-3152.897
-2265.002
-2782.906
-3128.548
-3329.659
-3442.293
-3596.467
-3612.688
-3670.834
-3649.511
-3580.521
-3588.668
-3175.334
-3361.858
-3468.594
-3553.06
-3576.288
-3598.499
-3618.337
-3638.384
-3640.969
-3650.704
-3650.772
-3677.907
-3677.619
-3663.982
-3667.885
-3685.717
-3673.452
-3665.086
-3672.603
-3663.58
-3697.843
-3671.464
-3649.634
-3643.888
-3646.19
-3662.047
-3682.17
-3690.709
-3637.154
-3630.929
-3632.006
-3637.279
-3644.347
-3650.161
-3640.897
-3663.804
-3696.019
-3696.968
-3691.518
-3704.86
-3689.492
-3686.805
-3691.75
-3701.292
-3539.292
-3566.046
-3728.959
-3713.338
-3707.711
-3710.292
-3660.096
-3678.522
-3673.181
-3690.408
-3695.09
-3707.942
-3705.576
-3710.737
-3703.22
-3712.82
-3711.129
-3696.532
-3703.694
-3755.295
-3733.654
-3719.691
-3260.08
-3449.038
-3566.784
-3622.189
-3650.059
-3626.723
-3914.167
-3705.005
-3711.601
-3756.306
-9028.443
-6812.077
-5386.69
-4685.398
-4226.317
-3993.557
-3863.027
-3886.984
-3789.479
-3736.012
-3678.546
-3677.173
-3682.645
-3681.062
-3643.622
-3674.69
-3656.799
-3635.016
-3520.234
-3582.127
-3611.286
-3656.014
-3664.465
-3675.737
-3673.424
-3664.235
-3713.735
-3672.457
-3675.971
-4209.824
-3970.863
-3848.905
-3850.628
-3776.6
-3791.175
-3760.515
-3798.481
-3593.239
-3600.881
-3634.819
-3644.706
-3620.454
-3646.525
-3628.996
-3610.356
-3604.079
-3620.638
-3651.646
-3707.199
-3674.468
-3647.761
-3626.478
-3617.875
-3634.412
-3620.474
133.9843
-1429.035
-2347.192
-2885.522
-3184.898
-3382.052
-3479.12
-3479.688
-3520.541
-3543.29
-3562.788
-3572.464
-3568.51
-3569.915
-3591.059
-3576.54
-3936.643
-3779.517
-3709.359
-3653.224
-3616.809
-3610.676
-3594.897
-3526.58
-3537.062
-3575.635
-3554.007
-3555.459
-3489.71
-3504.997
-3518.242
-3532.048
-3564.147
-3564.088
-3534.02
-3497.481
-3504.599
-3522.299
-3528.264
-3528.783
-3509.358
-3508.874
-3550.916
-3541.776
-3537.427
-3512.488
-3478.114
-3477.123
-3481.145
-3480.473
-2337.512
-2782.955
-3115.171
-3278.333
-3414.516
-3440.468
-3392.323
-3433.665
-3444.096
-3403.155
-3178.956
-3304.357
-3362.028
-3167.23
-3243.857
-3309.87
-3372.525
-3400.026
-3387.474
-3382.824
-3424.984
-3326.624
-3355.604
-3377.558
-3394.151
-3395.843
-3405.466
-3479.133
-3443.566
-3363.241
-3364.926
-3435.169
-3433.586
-3421.642
-3448.81
-3426.685
-3407.333
-3376.778
-3361.153
-3389.908
-3377.372
-3401.444
-3368.489
-3364.403
-3374.652
-3348.548
-3335.34
-3320.286
-3320.124
-3344.732
-3332.496
-3322.482
-3328.668
-3315.202
-3312.25
-3409.491
-3356.747
-3347.218
-3328.215
-3310.913
-3320.602
-3323.173
-3318.673
-3307.263
-3304.197
-3301.962
-3319.752
-3294.516
-3285.943
-3396.43
-3343.209
-3322.807
-3308.784
-3292.91
-3351.237
-3332.372
-3152.085
-3173.5
-3210.923
-3252.326
-3164.557
-3229.566
-3248.086
-3282.619
-3266.988
-3257.406
-3263.351
-3250.927
-3234.34
-3254.83
-3285.279
-3228.297
-3064.828
-3061.713
-3119.269
-3183.113
-3103.35
-3147.293
-3176.246
-3198.583
-3188.856
-3188.972
-3200.495
-3202.34
-3122.395
-3010.893
-3093.676
-3116.392
-3160.263
-3229.244
-3192.841
-3192.054
-3196.057
-3188.506
-3166.683
-3136.941
-3129.303
-3150.354
-3205.42
-3186.606
-3182.026
-3200.084
-3183.789
-3199.088
-3122.443
-3094.234
-3165.52
-3155.11
-3071.488
-3099.135
-3120.178
-3086.941
-3113.185
-3125.384
-3116.623
-3133.693
-3142.205
-3125.822
-3142.475
-3138.241
-3144.11
-3223.761
-3190.905
-3102.249
-3007.896
-3064.743
-3210.759
-3200.036
-3040.36
-3075.951
-3081.484
-2886.201
-2984.614
-3043.632
-3048.595
-3082.324
-3060.168
-3080.709
-3083.674
-3112.562
-3518.67
-3361.943
-3269.796
-3229.742
-3181.503
-3190.237
-3152.941
-3176.753
-3140.15
-3135.838
-2889.458
-2964.572
-3041.662
-3089.064
-3076.881
-3072.575
-3078.106
-3082.072
-3158.073
-3139.559
-3135.426
-3117.308
-3081.496
-3114.263
-3114.706
-3198.968
-3149.5
-3108.094
-3112.401
-3126.843
-3132.304
-3120.121
-3385.964
-3269.091
-3226.003
-3200.426
-3168.363
-3162.48
-3158.013
-2750.014
-2895.44
-2991.27
-3048.59
-3092.911
-3103.888
-3114.665
-3166.955
-3154.432
-3150.86
-3150.974
-3169.696
-3144.218
-3194.419
-3069.723
-3088.744
-3109.784
-3153.421
-3153.418
-3158.251
-3089.702
-3089.57
-3119.798
-3119.498
-3073.102
-3094.077
-3030.77
-3095.029
-3128.674
-3142.892
-3196.807
-3172.18
-3130.786
-3153.996
-3160.662
-3183.469
-3119.11
-3152.962
-3195.905
-3208.206
-3199.2
-5644.734
-4629.657
-4061.695
-3700.96
-3671.661
-3493.215
-3380.753
-3309.491
-3264.405
-3244.706
-3236.662
-3255.159
-3194.364
-3205.894
-3229.82
-3208.313
-3262.897
-3252.375
-2965.488
-3085.518
-3150.323
-3197.166
-3251.463
-3262.437
-3306.316
-3263.911
-3228.795
-3246.015
-3185.668
-3255.9
-3319.007
-3290.177
-3266.865
-3265.069
-3258.316
-3197.457
-3258.066
-3276.449
-3494.606
-3423.206
-3390.547
-3358.841
-3370.876
-3457.109
-3405.733
-3366.582
-3363.603
-3361.69
-3330.24
-3359.871
-3370.368
-3383.953
-3377.842
-3379.963
-3379.012
-3398.641
-3325.024
-3369.883
-3383.026
-3382.388
-3382.367
-3405.67
-3412.367
-3364.594
-3413.647
-3446.363
-3478.118
-3454.3
-3453.148
-3504.981
-3481.09
-3484.398
-3405.62
-3488.59
-3502.883
-3507.259
-3229.873
-3334.708
-3417.408
-3443.519
-3467.922
-3493.035
-3521.061
-3520.674
-3551.619
-3523.401
-3184.963
-3415.873
-3475.301
-3547.373
-3564.102
-3611.54
-3600.321
-3585.362
-3595.144
-3605.246
-11249.29
-8084.206
-6237.642
-5157.911
-4568.517
-4160.065
-3848.074
-3858.073
-3768.052
-3729.076
-3682.883
-3679.919
-3657.088
-3662.668
-3690.833
-3660.143
-3675.225
-3719.34
-3713.309
-3704.692
-3700.641
-3714.329
-3698.57
-3771.385
-3746.802
-3670.041
-3753.804
-3761.894
-3783.849
-3739.708
-3752.639
-3760.817
-3772.146
-3795.048
-3806.964
-3813.842
-3816.877
-3775.349
-3245.892
-3493.188
-3639.633
-3786.208
-3816.633
-3818.976
-3869.999
-3888.668
-3886.553
-3884.046
-3895.1
-3870.261
-3873.858
-3885.472
-3874.093
-3930.003
-3951.458
-3979.764
-4022.949
-3970.044
-3907.886
-3897.672
-3911.788
-3961.828
-4062.648
-4035.234
-4020.604
-4025.02
-4022.884
-4079.453
-4036.875
-4027.131
-4036.119
-4040.852
-4042.556
-4038.626
-3854.902
-3923.615
-3948.684
-3987.568
-4024.245
-4041.889
-4044.117
-4066.797
-4074.327
-4084.819
-4087.053
-4091.773
-4141.695
-4163.644
-4175.536
-4156.825
-4154.492
-4159.49
-4159.448
-4191.927
-4188
-4172.44
-4222.428
-4223.489
-4265.444
-4211.122
-4208.161
-4210.19
-4218.786
-4204.487
-4226.491
-4237.938
-4314.346
-4343.653
-4290.262
-4266.39
-4253.898
-4252.941
-4266.036
-4011.074
-4118.979
-4187.399
-5091.896
-4825.441
-4596.633
-4478.697
-4406.845
-4367.766
-4357.007
-4333.056
-4311.085
-4327.111
-4388.045
-4374.648
-4365.025
-4365.621
-4255.122
-4296.031
-4326.559
-4323.714
-4347.091
-4350.781
-4366.139
-4396.539
-4446.541
-4441.727
-4385.438
-4398.916
-4412.32
-4413.237
-4397.213
-4422.165
-4433.896
-4474.601
-4518.081
-4478.24
-4486.315
-3751.54
-4220.192
-4326.26
-4466.838
-4515.968
-4489.912
-4509.291
-4495.324
-4504.94
-4525.64
-4945.663
-4791.519
-4692.069
-4593.532
-4569.81
-4625.901
-4613.121
-4616.207
-4588.462
-4591.732
-4625.921
-4626.15
-4605.916
-4683.953
-4634.862
-4657.009
-4603.843
-4609.61
-4680.377
-4675.645
-4651.278
-4640.698
-4600.091
-4609.534
-4629.991
-4642.353
-4680.799
-4650.59
-4535.986
-4548.257
-4584.009
-4652.257
-4606.446
-4630.476
-4644.682
-4660.105
-4625.146
-4673.016
-4671.867
-4686.471
-4664.891
-4684.004
-4684.249
-4697.802
-4694.108
-4710.093
-4719.68
-4696.774
-4717.859
-4689.583
-4689.476
-4715.747
-4829.206
-4797.14
-4812.349
-4802.93
-4828.915
-4786.574
-4767.032
-4744.816
-4785.007
-4748.712
-4741.462
-4918.772
-4403.314
-4544.9
-4620.64
-4677.703
-4715.195
-4756.655
-4752.96
-4772.006
-4785.982
-4824.753
-4840.374
-4834.014
-4815.796
-4819.058
-4809.464
-4774.796
-4778.826
-4750.224
-4763.745
-4773.278
-4867.079
-4828.692
-4834.333
-4950.403
-4890.703
-4846.724
-4811.23
-4876.233
-4871.444
-4845.633
-4836.901
-4840.044
-4833.757
-4788.754
-4802.135
-4732.797
-4778.487
-4773.244
-4803.56
-4844.257
-4602.979
-4702.5
-4753.239
-4803.33
-4389.384
-4567.106
-4664.444
-4696.524
-4768.913
-4794.124
-4786.849
-4821.308
-4825.523
-4832.03
-3299.468
-3933.174
-4292.021
-4538.422
-4660.371
-4744.409
-4758.876
-4823.55
-4841.462
-4850.417
-4860.106
-4863.352
-4869.394
-4955.325
-4927.812
-4918.74
-4888.271
-4825.908
-4844.261
-4852.635
-5008.065
-4933.671
-4866.222
-4868.078
-4868.648
-4869.004
-4911.085
-4728.339
-4766.057
-4807.041
-4776.363
-4800.418
-4827.624
-4824.839
-4830.171
-4821.072
-4848.606
-4824.767
-4830.158
-4833.653
-4804.227
-4814.833
-4830.446
-4845.476
-4861.126
-4855.949
-4816.773
-4903.448
-4877.788
-4875.178
-4847.701
-4854.631
-4864.896
-4856.979
-4864.864
-4908.442
-4868.409
-4831.824
-4845.165
-4855.725
-4837.367
-4843.071
-4818.962
-4800.219
-4822.246
-4848.381
-4759.838
-4786.484
-4783.328
-4794.34
-4831.739
-4816.354
-4798.446
-4703.18
-4781.751
-4765.136
-4724.164
-4765.597
-4759.507
-4758.813
-4770.277
-4793.477
-4798.677
-4804.29
-4774.374
-4988.741
-4895.913
-4844.034
-4812.35
-4805.307
-4786.249
-4766.572
-4797.071
23236.76
11602.33
4814.401
794.2763
-1451.713
-2814.097
-3611.304
-4103.311
-4345.277
-4497.823
-4527.136
-4600.754
-4652.236
-4675.031
-4696.36
-4694.912
-4716.896
-4718.438
-4709.533
-4711.265
-4785.864
-4772.616
-4730.565
-4720.922
-4327.439
-4453.807
-4566.77
-5037.53
-4895.126
-4673.714
-4681.313
-5172.112
-4920.492
-4827.112
-4758.991
-4716.191
-4590.267
-4652.239
-4292.315
-4671.646
-4653.819
-4655.065
-4527.179
-4571.727
-4554.511
-4586.265
-4667.68
-4634.446
-4594.611
-4596.814
-4591.536
-4572.481
-4585.739
-4589.885
-4644.2
-4675.685
-4642.001
-4634.162
-4606.748
-4613.399
-4555.109
-4688.614
-4648.22
-4630.392
-4644.933
-4613.32
-4575.396
-4763.749
-4800.232
-4702.36
-4649.384
-4606.584
-4616.076
-4590.514
-4561.379
-4570.382
-4595.006
-4594.387
-4557.482
-4495.433
-4499.75
-4514.335
-4514.146
-4526.787
-4514.248
-4512.527
-4545.24
-4566.259
-4542.251
-4475.388
-4490.285
-4449.464
-5095.328
-4422.044
-4410.415
-4432.08
-4550.063
-4508.175
-4493.269
-4483.395
-4482.701
-4490.554
-4472.066
-4483.034
-4477.141
