6756.448
5626.269
4887.426
4354.763
3492.223
3062.718
2162.686
2463.975
2539.026
1951.472
1652.902
1381.596
1218.702
235.4017
-375.3291
-63.37919
9.762997
420.2023
-678.5288
-821.3796
1035.682
898.1806
805.3513
1482.083
-299.5159
-220.8635
-23.23517
309.4665
5447.734
4573.112
3865.716
3845.114
3183.669
2483.172
2149.07
4565.646
4756.168
4118.538
3540.764
2985.339
2564.986
1868.295
1288.965
1148.593
654.9279
1138.137
1140.611
-368.3668
-332.0778
-4869.578
-3271.867
-2556.654
-2098.217
-1620.956
-1258.199
-794.5903
-541.9574
-514.1058
-425.0196
-734.387
-98.69265
579.2634
873.8207
543.3285
841.8354
913.4676
164.1408
214.1213
-3572.719
-2682.647
-7443.695
-6012.625
-3948.875
-15714.55
-12821.86
-10341.42
-8554.811
-6364.703
-7575.496
-5953.828
-4909.157
-82.14282
126.9657
983.8229
777.432
928.222
1064.486
1171.132
837.2221
-9.034261
4349.774
1920.851
1383.196
1337.349
1896.285
1798.995
1778.066
1632.169
1016.881
-3051.862
-2547.161
-1746.049
-969.7955
-1178.679
-462.6668
7313.816
5927.825
5176.434
4393.387
3568.118
2562.933
2534.264
2358.938
2168.748
2320.364
-656.6683
-495.4122
-442.4296
2511.841
1504.707
881.1273
1050.385
1068.962
1109.157
970.7461
6301.282
5229.81
3468.191
2733.959
14858.71
18313.79
15828.72
12576.69
10409.4
8678.426
6165.218
4785.283
3907.165
19219.01
15662.27
13111.6
10800.34
9778.696
8046.959
5699.888
8438.325
5188.965
4167.018
3634.519
2879.492
2465.763
1092.697
827.308
965.536
624.9465
2412.193
1992.457
1138.057
830.3417
1462.776
704.1085
3160.787
3073.023
2181.932
845.1772
1146.757
-2773.887
-2371.756
-2135.715
-4154.053
-3633.126
-3155.047
-2677.333
-2222.148
-2335.44
-2315.975
-2020.941
-1765.601
-1619.94
-1423.328
-33499.95
-27764.97
-14464.17
-11434.62
-8765.502
-6632.914
-5232.718
-4716.972
-44063.58
-36597.87
-30677.34
-26184.22
-21337.93
-21909.54
-18311.45
-15308.25
-27687.88
-23262.69
-19805.85
-15999.52
-13039.54
-9953.978
-9344.712
-11536.69
-9663.27
-8192.211
-6616.38
-5902.366
-4384.691
-4021.889
-3454.102
-153256.2
-126810.7
-105152.9
-85170.63
-71152.4
-59007.73
-48886.62
-40800.6
-34549.99
-28902.97
-22994.81
-19540.73
-19209.95
-16071.35
-13092.44
-12361.69
-10322.38
-8683.769
-10932.95
-13886
-11404.07
-9361.502
-3532.076
-2817.329
-7645.329
-6218.397
-5232.192
-4332.244
-3373.268
-8443.18
-7050.69
-5443.664
-4883.686
-4116.714
-2048.921
-2054.552
-2097.897
2217.012
1952.867
1316.041
867.0772
-175.7492
-317.5836
-177.5993
-430.2237
-6977.014
-6111.251
-5295.924
-4402.048
-3896.849
-3362.942
-1758.348
-1841.156
2968.44
2158.22
1963.046
1122.054
6192.051
3931.698
3290.55
3228.838
2946.414
1795.753
1915.244
-1142.612
-341.9264
304.435
1647.413
967.0076
2121.92
1481.169
561.096
1017.949
-2602.877
-1913.345
-1763.018
-674.3593
-923.0536
-1018.28
-1926.507
-1662.621
-1769.616
-11325.61
-9088.596
-7153.904
-5945.097
-7442.242
-6607.383
-5493.439
-4378.211
-2580.325
-1359.624
-209.2718
1.610293
-1924.216
189.0702
431.1574
638.6539
1502.325
1386.124
1070.559
-568.9905
-35.47004
35.94726
105.6325
3421.658
2796.244
2629.171
4024.374
3444.603
3605.633
2419.814
2122.313
1880.046
1297.47
1433.944
2655.296
2331.328
670.0561
966.7804
930.1803
752.9953
496.9827
352.1869
735.9656
476.961
869.7126
1484.437
1852.807
2301.453
2153.115
2473.492
2138.198
1857.742
-1206.532
-1025.304
-1238.097
-1166.232
-660.948
-601.3785
-530.5451
254.1911
486.6909
1049.341
1008.38
190.5798
816.2474
310.4908
12.53855
-673.6618
745.052
-152.7115
115.0424
-26.0314
342.8288
525.8548
612.2914
487.9098
749.2325
1276.734
1396.342
1933.502
1584.176
1059.862
1930.373
2501.992
2448.102
4267.213
4531.832
4471.49
4580.546
3626.566
1700.825
1539.028
888.5623
437.0637
299.6427
860.1661
104.6395
-178.9473
625.1422
-45.56359
-4539.279
-3886.656
-2841.367
-3468.41
-2917.932
-2386.158
-2217.953
-1971.992
-1372.309
210.7592
8974.601
8387.375
5108.582
3274.496
2645.886
5085.518
5021.751
2727.484
3698.508
3405.917
21758.32
15060.6
11671.97
9490.538
7896.254
6918.313
4920.491
3465.132
2788.087
2274.933
1786.242
1153.921
705.2271
16275.79
12994.94
10505.52
8616.848
6989.734
4908.806
5207.626
3757.457
3083.426
2142.123
1520.119
1023.916
635.8701
564.3009
-984.9603
-685.9111
-2518.512
-1954.054
-1493.845
-1880.641
-1683.948
5432.463
5114.297
4891.456
3058.58
2202.416
1828.493
1056.773
514.3127
631.0708
2687.416
2491.343
2281.649
1969.665
1020.373
187.2691
-181.2235
-69.45114
-343.6327
-486.1074
-885.5663
-830.8005
-1422.978
-1523.347
-3828.91
-3767.44
-3382.327
-3104.04
-1553.652
-1437.574
-2648.527
-1242.165
-1000.766
-1141.481
888.1841
479.8067
-4275.938
-3752.24
-2449.158
-2351.844
-2189.792
-75332.09
-62183.33
-53837.14
-28677.32
-23561.31
-19455.9
-16250.83
-13761.46
-11822.54
-10020.15
-7736.277
-6401.549
-6570.496
-5742.865
-4959.005
-3805.207
-3216.503
-5767.191
-5853.021
-3308.805
-3065.71
-3328.238
-2696.126
-1908.659
-1263.798
-1181.936
-1353.262
-1958.747
-1476.571
-134.1529
-2242.986
-2533.701
-3244.07
-2759.812
-2831.603
-2657.255
-2742.499
-2483.122
-1891.164
-2086.16
-2021.933
1920.643
1087.846
911.9659
607.8162
-296.5368
-731.1039
-622.3996
-191.4816
-207.3097
-554.8435
-1910.099
-1252.267
-2208.662
-1885.867
-1938.133
-1557.434
-1665.889
-2172.797
-1981.564
1653.631
2864.197
2299.553
1411.284
23433.84
23081.44
30615.2
25367.02
20777.87
17506.76
13585.3
11282.35
8976.539
7113.284
5791.726
4752.793
13077.18
10810.73
11470.27
9289.52
7663.314
6585.061
4898.913
4246.105
4045.053
3314.597
3225.565
4590.256
4784.851
4169.342
3315.937
2755.249
1775.49
1751.674
1210.58
3285.771
2800.535
2273.324
1946.196
1852.342
1906.787
1474.516
182.1618
250.3469
-3238.688
153.4459
230.0647
-4638.775
25787.55
21531.17
18084.47
14639.66
12183.72
9971.8
8682.782
7194.638
5322.42
4542.411
3837.025
3033.783
2492.48
2588.25
2447.845
1992.188
3957.161
3543.148
2658.804
2821.564
1967.136
1343.342
1210.773
2304.508
-5422.204
-6864.745
-4952.383
-3743.052
-3477.748
-1659.864
-1121.357
483.227
1342.183
-5840.758
-4642.123
-3234.183
-1390.93
-1003.203
-623.2052
-1417.149
-1246.957
-1567.067
-1325.628
-1278.585
-759.3121
-480.6175
-1100.136
-1170.64
-844.4793
-475.3627
-336.9613
3135.902
2577.966
1831.054
2175.308
2437.477
1764.76
2382.059
2148.783
2633.572
2165.238
1970.748
-841.009
-934.4589
-866.4323
-1423.81
-1326.405
-990.3009
-541.5265
-310.4766
918.269
810.2964
1456.579
879.2976
388.2525
519.7842
661.179
627.9248
541.7564
464.5664
839.8872
1085.494
322.798
4332.097
4390.251
3505.443
2516.866
1998.098
2066.231
841.8081
686.6044
448.9918
35.25878
-10.69483
-225.3492
-251.4972
1026.874
6908.81
5550.121
4355.835
4302.141
3058.535
12018.07
10844.1
10517.99
8809.409
7195.215
5884.89
3416.856
3135.002
2832.979
2126.492
1728.221
1640.641
1132.269
329.9997
-184.9399
322.6521
255.5176
901.5023
536.8445
339.6332
635.1734
1216.578
960.8035
660.1763
-345.4307
-859.8556
-855.0726
-1328.358
-1352.678
1289.595
14060.32
10787.85
8933.896
6902.851
-764.431
-659.8382
-918.2191
-1439.698
-1180.558
-1433.219
-1155.731
-1138.04
-1159.597
-476.7999
-772.053
-2197.129
-7832.833
-11207.7
-9548.114
-9830.858
-6627.856
-5599.321
-5164.643
-4856.003
-6417.997
-5084.161
-4242.123
-3428.041
-2791.661
-2755.084
-2637.659
-2500.136
-2311.714
-2556.732
-1766.499
-1718.478
-3253.931
-3642.61
-3542.574
-3316.411
1924.633
1301.301
-77.24679
145.3524
303.5054
-243.5376
4392.393
1986.39
-1971.949
-2496.596
-2684.458
-2337.818
-3691.37
-1373.895
-1547.77
-1805.703
-1406.379
-1246.658
-1641.067
267.2126
-64.57183
-671.2137
-1154.638
-3242.13
-2664.32
-2703.331
-2721.29
19155.12
15508.76
13388.81
11212.99
6730.339
1999.65
-821.0939
-418.801
-262.8934
-593.5154
506.8701
448.2358
23.97866
-288.0408
-4297.151
-3678.299
-3150.237
-2752.805
-1868.348
-1844.399
-1297.566
-1986.826
-1516.088
-1684.775
-1149.659
-889.0682
-124873.1
-103306.3
-85199.25
-70549.17
-58532.56
-50143.45
-41567.79
-33635.67
-27772.53
-23490.8
-19546.54
-16226.89
-14900.68
-12470.08
-9739.902
-7085.036
-5871.995
-6204.548
-6770.867
-5411.302
-4441.752
-3918.997
-4095.08
-3539.922
-3216.671
-2686.382
-2001.312
-1450.003
-19644.54
-16937.26
-13899.36
-10653.94
-4968.803
-4175.707
-3365.113
-3398.099
-3263.455
-3532.836
-2452.67
-2277.659
1950.74
1259.416
828.6519
2710.267
2459.52
239.0614
-31.42258
458.703
228.1731
-1681.951
-733.0401
-471.7938
-360.0827
700.6455
576.449
68.41312
-117.9743
-175.8172
-326.861
-36.82584
-14.29474
643.4323
3289.239
-4238.754
-3063.419
-2677.217
-2360.361
-1975.107
-835.2574
-539.6644
-1002.034
-1081.437
-514.2134
-1567.645
-4271.073
-4194.012
-2597.299
101.121
362.002
55.48791
337.1549
193.4049
274.0235
705.7924
338.5361
10502.43
10765.08
8871.626
7592.97
6103.185
1460.866
-661.5435
-540.4308
-497.5497
852.5367
-470.0416
-251.963
-150.3714
2685.548
2129.095
2071.856
2464.616
2118.111
1784.745
2272.464
46.80766
170.7868
-342.7961
-928.5739
-2682.461
-2481.414
-1847.848
-1024.4
-708.3876
-2965.804
-2975.566
-2449.107
-2374.745
2309666
1907960
1567731
1299128
1073044
885476.5
731282.6
603457.9
498136.8
411933.1
340250.2
280976.8
231730.1
191473.9
157523.5
145272.3
120020.3
98334.75
81264.21
67521.08
43849.23
36228.21
31082.83
25664.67
21556.52
17613.6
14701.42
13943.27
11350.66
7474.961
6252.151
2850.316
1927.348
1423.18
901.1547
415.4199
451.8263
1231.161
288.842
175.3835
-43.21748
-90.44784
15.36721
-554.3741
1081.648
-175.238
-373.8826
-270.2924
-184.5167
-1261.442
-3991.17
-4404.813
-3519.393
-3007.028
-2109.423
-1497.808
-1589.967
-1878.8
-1882.432
-2685.344
-2115.657
-2239.325
-1934.393
-23495.34
-18623.33
-17050.83
-14901.48
-12769.8
-12385.1
-10372.84
-9294.79
-8748.204
-7436.158
-6448.523
-6138.109
-5541.806
-4756.3
-4249.91
-3612.665
-1430.217
-2612.649
-2810.851
-2802.846
-2822.024
-2749.486
-2636.176
-2374.466
-2092.027
-78.75407
-1636.449
-868.3083
-2699.278
-2646.812
-2544.045
-3143.804
-17825.66
-14971.1
-13065.64
-11090.93
-8421.142
-7012.819
-5952.054
-3209.208
-2769.787
-2511.933
-3001.533
-3200.886
-1510.042
-1762.506
-1332.073
-880.761
-830.4529
-11397.16
-9755.049
-7892.612
-9410.591
-7878.232
-6875.501
-8082.522
-7103.532
-7445.84
-6104.733
-6050.22
-5354.891
-4749.962
-4064.928
-3775.982
-2665.715
-4986.922
-4396.134
-3871.058
-3572.43
-2269.049
-3505.38
-3155.547
-3144.906
1285.982
1329.494
2409.332
341.0662
375.5829
-888.5032
-1172.043
-1397.637
-313.0484
-544.9593
-1096.095
-845.4795
-605.3059
1237.917
304.1564
-340.5412
-1028.393
-1405.043
-1360.425
-1884.129
-1836.593
-1571.023
-667.3584
5101.026
3994.628
-254.4128
-806.2447
-236.35
1137.34
1339.896
-2349.454
-1761.475
4417.675
3388.356
2689.507
1847.922
952.288
51044.44
41985.45
34417.61
26307.34
19521.88
15604.21
12871.17
9306.58
7079.781
4745.085
3646.199
483.7755
847.2231
903.8441
-1229.618
-879.2555
-1362.775
-3131.317
-2234.877
-2826.042
-1911.639
-1660.816
-2393.101
-3368.523
-2718.477
-2192.487
-1604.378
-1310.43
-1431.175
-246.6199
-508.3503
-543.1766
265.7464
382.7815
376.9392
460.2528
1580.122
959.0446
3826.163
3504.786
3233.05
2137.125
1933.659
1355.996
1175.717
5024.756
3934.65
3457.569
3578.809
2595.279
2325.294
1719.682
1608.314
1554.968
2698.801
1979.477
1083.55
1632.318
2514.252
2226.006
2496.743
2083.157
5120.926
2463.168
1020.16
425.0208
782.5123
-643.8123
-458.1333
-1340.873
142444.6
117427.3
96611.17
76501.7
62059.97
51594.47
42442.36
34642.85
28191
23257.16
20425.21
16605.6
13396.11
10437.4
8322.67
6630.391
6596.742
5500.911
4569.882
396.3596
798.6018
324.7623
388.4487
344.4908
-2516.202
-5375.599
-4462.408
-4567.526
-5648.048
-4907.385
-7708.835
-6656.252
-5122.266
-4107.627
-3519.403
-2523.792
-1341.598
-827.7087
-808.5946
-904.3854
-602.6087
-132.7806
-2054.017
-1850.18
-1648.309
-1083.395
-1076.066
-25.78791
-410.124
-304.5847
-408.1842
-207.763
-1236.307
-3220.124
-3585.459
-3206.174
-1242.233
-3146.011
-3601.877
-2810.245
-2318.111
-1864.151
10308.01
8803.937
7778.872
89299.49
73956.16
60713.37
48772.42
43237.16
35209.28
29377.85
22817.07
17792.38
14515.99
10917.25
8919.106
6958.736
5512.716
4784.871
3815.308
3125.956
2242.498
2579.886
2549.372
708.3463
962.3559
1446.182
374.0033
575.7091
350.6233
-812.3584
-2398.751
-1381.619
-5936.64
-4523.954
339.3094
46.33978
2875.804
1618.01
1076.732
2598.269
1996.624
1131.81
662.2949
957.1628
-225.7636
-1342.378
1379.651
706.8705
168.1405
100.7198
-245.1329
2453.053
1696.042
1686.151
954.278
1950.562
1036.876
197.7952
1859.592
200.9361
-633.2604
-931.898
-1785.149
-1528.068
-2307.09
-2312.04
-2323.24
-3756.705
-3480.247
-8435.869
-7365.344
-6547.265
-6484.802
-5329.232
4888.775
3789.872
5471.976
1802.921
-67.18808
-287.0043
-249.6201
-641.063
488.1045
-967.1247
-2355.404
-2223.393
-1880.458
-1986.864
-5945.346
-4978.388
-4743.401
-4398.59
-3475.141
-2994.907
-2679.941
-2145.229
-2216.07
-2319.77
-2316.575
-2038.305
-7956.989
-6515.625
-5049.136
-4319.344
-4008.64
-4180.143
-3840.52
-3462.712
-3217.602
-3111.702
-1987.64
-492.9685
-736.4579
-910.5244
-965.5367
-2590.868
-2231.739
968.5105
-367.071
429.8026
12313.76
9301.086
14180.68
8323.377
6592.187
5203.366
3404.46
2674.62
2485.608
1939.21
1443.18
-1086.062
-326.7386
-2548.669
-2581.431
-2390.347
2379.886
2596.06
1763.881
1129.088
679.8028
190.3579
413.6714
-457.6535
-920.005
-359.1283
-13363.75
-10334.51
-8985.094
-7629.866
-6112.126
-5615.61
-4915.186
-4232.221
-4078.358
-881.614
-784.5215
753.767
-3314.555
-2146.72
-1525.22
-821.7402
-853.4523
-1993.994
-1855.887
-1943.574
-2536.066
-2374.392
-2154.93
-1997.515
-1460.525
-1554.991
-2809.282
-2320.095
-2283.719
-1515.664
-781.7323
-1030.227
-2442.018
-1777.593
-1582.938
-974.8936
-514.3225
-539.7961
-599.3966
-1000.725
-1097.927
-2973.368
-2288.149
-2296.717
-2345.706
-1486.704
-1298.589
-1573.655
-1398.056
-559.4686
-630.8766
-161.7938
-2239.41
-2005.062
-1511.334
-1286.245
-1033.609
-2617.78
89224.2
73044.21
60824.4
49880.66
41035
34162.29
27638.33
22882.14
17984.54
17493.84
15193.63
-57172.55
-47509.21
-38628.98
-43141.61
-33523.73
-28251.83
-23512.11
-19876.21
-16620.87
-12863.31
-10846.73
-8710.976
-7346.236
-6587.215
-5690.557
-5158.373
-4959.727
-4054.917
-3051.026
-2687.652
-1080.372
-515.4274
-277.3586
228.6433
-740.3835
-1395.081
-14.63256
-367.878
-905.0112
-948.4795
-1063.695
-1212.411
-69863.43
-57391.05
-47298.9
-39083.18
-30790.45
-24783.79
-20497.65
-16642.33
-14345.31
-11938.22
-9041.452
-8920.941
-8207.789
-7010.168
-6067.222
-4830.743
-3585.036
-3527.58
-2731.991
-3203.673
-9772.458
-8197.457
-11114.02
-9103.852
-6037.403
-4590.387
-4063.734
-4605.664
-3958.632
-2863.101
-2309.263
-2151.589
-1646.279
-2146.432
-168.3255
77.55823
179.5589
-1713.474
-1574.397
-766.2792
-676.7796
-414.2405
1817.492
-2169.102
-2405.02
-1982.115
-1862.756
-1263.494
-1044.439
-1174.886
-1768.103
-2084.001
-1338.297
-1234.472
-1078.48
-790.9566
-476.2552
-438.8842
-521.0392
-389.4388
-639.24
-1024.597
-1404.103
-3659.053
-3408.564
-3042.912
-1922.768
-789.9152
-298.2026
-13.502
169.4565
24.73016
-589.4826
-239.6288
-401.5353
538.3097
239.8795
-299.738
-1118.294
-1332.875
-1708.357
-1036.378
-1032.678
-1336.515
312.7264
165.9862
837.4041
136.9371
14.34527
-1133.317
-959.1987
-1822.883
-3198.11
-2494.65
-2268.876
-2133.474
-3894.395
-3554.312
-5082.589
-4909.209
-3892.513
-3897.65
-3808.348
-1470.12
-1265.371
-1685.431
-1599.79
-1678.081
-1675.102
-1611.943
-1371.368
-1399.596
-408.4201
-384.3858
-940.7228
-1543.555
-1986.932
-2214.844
-2055.328
-2224.767
-1754.646
-1488.825
-501.1256
-679.8426
-770.9265
-191.1573
-1135.646
-1615.096
-1965.186
-2115.699
-2473.753
-2421.894
-2604.396
-2822.365
-2773.685
-2842.767
-2872.015
-3644.159
-3321.962
-2916.208
-2907.569
-2109.904
-2055.833
-2165.269
-2437.21
-1753.719
-1906.771
-2141.678
-2399.723
-2184.05
-2024.358
-1789.745
-2516.918
-2580.72
851.1312
1809.14
914.3052
370.3833
268.5743
48.25695
-320.7462
-971.5459
-1212.42
-432.4579
-364.1129
-883.943
1211.1
-14633.48
-12600.37
-10616.7
-9453.072
-7562.336
-6590.6
-5607.364
-2089.535
-1667.112
-2430.523
-2589.521
-3058.081
-2738.491
-2645.656
127.3305
-247.7243
1347.87
1160.716
726.9889
-486.2923
-626.5801
-1205.042
-2740.221
-2128.717
-2470.709
-2657.907
-2019.019
-1339.847
1047.324
510.3216
63.71012
-5342.057
-4546.985
-3231.797
-3575.494
-3193.701
-2296.574
-2088.958
-1958.563
-1539.132
19.5291
-356.2405
-286.6176
-513.9462
623.1785
-1068.983
-1115.118
797.9402
740.0745
254.4178
-2632.719
-2701.613
-3252.435
-2652.29
317.8951
55.70968
-360.0801
5732.713
8702.383
7124.151
5383.385
4880.794
2121.249
3493.24
2946.834
2623.299
2550.455
1645.765
383.7232
-189.6737
220.941
-5.257718
-4154.881
-5032.809
-4175.259
-3070.492
-2529.925
-18073.42
-15636.14
-13291.38
-11533.74
-9953.608
-7104.853
-7373.915
-6222.249
-6520.313
-4077.886
-4284.811
-3973.689
91581.7
75643.52
61380.85
50633.41
41901.09
34421.33
28415.4
23641.8
19141.12
15520.68
11770.12
9933.255
14150.96
13016.05
10509.65
9226.612
7407.933
7665.781
5837.351
4669.99
4255.84
2735.617
-1839.017
-1665.908
-873.7368
-612.5484
-100.118
-571.8088
-820.9066
-1087.245
-2097.457
-1484.326
-688.4092
-872.4905
943.4061
768.2053
-299.6809
-1370.17
-1148.47
-1141.34
-577.7896
-485.2918
2290.381
2390.497
2125.033
1796.435
1219.912
913.717
1307.843
1476.001
1327.781
1591.924
1212.544
-5702.802
-4654.082
-4179.087
59065.04
49168.66
40291.46
32719.25
26575.54
20367.04
16880.76
13985.75
11494.99
8893.962
9817.799
4171.069
917.6814
735.63
560.9651
409.4395
-224.1341
-953.5462
-969.4709
-1856.103
-1986.541
-1553.974
-1893.317
-1938.959
-1758.419
-3183.132
-2874.817
-2681.697
-3266.378
-4499.044
-3936.202
-7076.738
-5836.524
-5336.13
-4645.908
-3046.439
-2935.34
-3833.57
2557126
2111968
1743146
1439675
1189390
981422.5
811071.6
670182.7
548757.1
453368
374731.7
309769.9
255330.3
210791.3
173451.8
142557.7
117491.7
96366.72
78548.1
64228.43
52863.94
43444.49
34872.67
28621.91
23263.18
19236.92
15706.47
12532.21
9573.708
6207.304
4580.298
10021.02
5743.552
4016.419
3225.965
3069.493
3041.788
2767.781
1263.808
3018.96
913.3611
-1441.038
-1562.99
-1308.576
-977.2664
-1406.558
1116.771
566.3696
791.2194
-411.4642
-981.9585
-1295.408
-1822.857
-1780.062
-4587.51
-5189.989
-4748.016
-4389.349
-762.5939
-976.5112
-1499.682
-2721.881
-2946.558
-2720.134
-3172.243
33006.82
27569.67
25397.29
20518.87
16392.56
13063.39
10500.03
7429.927
4825.202
3537.765
9538.495
7437.718
4981.149
4583.788
3151.943
1211.499
-1331.95
-1522.967
-2560.516
-2419.099
-2265.197
-2253.34
890.8106
496.1688
492.9696
-4866.045
592.6317
158.0964
-15270.86
-4424.839
-3716.127
-2769.684
-803.3557
-1046.482
-1586.857
-1699.027
-1849.559
-1765.913
-805.4267
-1646.451
-1503.307
-429.8195
-2386.199
-2250.894
-2502.816
-2626.117
-2674.715
-2822.633
-1949.03
-1925.715
-1929.146
-2975.245
-538.4828
-820.7689
-1664.869
-2049.258
-2923.631
-2913.64
-2537.013
-3669.743
-1788.507
-2212.142
-2240.066
2633.173
3513.041
3018.683
2023.703
1388.742
1020.504
645.8757
420.8312
-530.2333
-756.7947
387.138
442.8084
133.5428
-1378.283
-2906.641
-3934.437
-3479.717
-3077.618
-5822.936
-5333.935
-4961.47
-4175.754
-9945.073
-8353.77
-6798.64
-5721.281
-4250.494
-3777.628
-3488.425
-3813.685
-2622.67
-2241.513
403.3259
-786.1575
-633.7287
1970.238
2166.183
2215.132
1542.729
1767.665
-16611.87
-13651.29
-11384.08
-9471.236
-7580.392
-6712.619
-6146.751
-7271.118
-5586.56
-4797.117
16.88032
-2820.819
-2274.965
10756.45
8100.788
6242.677
5434.028
4264.999
5537.806
5935.535
-6032.637
-5654.957
-5338.446
-10354.21
-9545.508
-8881.328
-7752.006
-6119.202
-5577.543
-3579.115
-3302.259
-3786.941
-3156.111
-2956.197
-2275.827
-28749.39
-23864.96
-20004.6
-16597.71
-12562.72
-9363.775
-8200.301
-7157.079
-5738.413
-4626.738
-3474.657
-3095.005
-2772.802
-2615.306
-2291.316
-2867.481
-2843.782
-2428.646
-2288.714
-1916.216
-1824.168
-992.4934
-880.4592
-824.9973
-3106.658
-3125.531
-3147.281
-2416.963
-5468.467
948.5828
209.4448
-52.8725
-769.2971
-443.7845
-786.4855
-818.4068
-847.5079
-613.8474
-788.0157
3271.601
2823.942
2454.204
1782.889
1278.506
967.5487
1134.377
42.00617
194.553
459.2041
85.01933
-128.4331
-1014.504
-683.8412
-8212.717
-7453.331
-6568.122
-4678.163
-4496.461
-26097.23
-15624.92
-13429.94
-12254.41
-10697.73
-8744.311
-9834.921
-8478.588
-15367.58
-16242.52
-13899.92
-11666.45
-10107.89
-4643.26
-4046.211
-3754.849
-1836.838
-1990.743
-345.7068
-927.6186
-758.679
-2543.064
-2417.884
-6268.112
-4665.493
-3919.681
-3789.068
-3593.644
-3673.565
-5349.547
-3786.517
-4139.877
-3328.35
-3288.964
6541.2
4704.439
3528.572
2539.452
3432.128
3522.316
2459.732
1912.605
991.9188
1028.519
-467.8917
-811.4597
-1074.798
10239.07
7772.123
6087.706
4355.503
9031.18
4360.244
2791.585
1748.198
953.7147
-10607.4
-9079.215
-7664.932
-6891.056
-8537.965
-7815.466
-7369.128
-6967.284
-6221.692
-5609.033
-5122.422
-4592.311
-5364.614
-4891.991
-3859.344
-4223.121
-4857.674
-4367.161
-3929.209
-3909.747
-3377.228
-3751.314
-3515.779
-3664.465
-3419.493
-1941.398
-3303.533
-3253.058
-3763.886
-3593.647
-3309.398
-3192.125
-2743.073
-2067.123
-2284.993
-2602.735
-2202.864
-401.9574
-627.4637
-822.1634
-1532.86
-2468.181
-2786.11
-2003.769
-2574.414
-2058.292
-10858.86
-9388.61
-6613.913
-6774.911
-6254.024
248.5801
-100.6507
-1005.8
-1097.443
-1110.154
-1383.27
-1178.462
-1641.694
-2292.723
-2383.525
-2374.548
-2002.775
-2318.04
-2081.885
-2148.254
-2138.061
-2026.961
-1475.655
-661.7932
8891.744
23664.57
19353.95
14650.01
11367.4
8025.837
6310.375
3748.627
2789.028
2459.764
-10129.24
-9597.648
-8183.018
-7122.664
-8274.018
-6752.711
-6054.937
-4992.208
-5418.968
-5676.185
-46446.4
-38476.36
-31904.22
-26292
-22070.56
-18137
-15102.07
-12906
-10474.25
-8763.014
-7150.883
-6314.902
-5828.908
-5260.651
-5120.622
-2341.408
-2434.655
-2144.502
12989.63
10858.31
5313.051
1637.685
895.7781
722.6344
8110.129
7061.422
5802.066
4538.212
3344.738
25371.47
20061.65
16168.91
13135.12
9318.595
5422.559
4297.115
4181.785
624.7772
785.4971
342.1459
283.1141
-4763.262
-4152.89
-3880.167
-3168.294
-2819.797
-2932.825
-2799.959
-2394.341
-2156.453
-2245.658
-1625.611
1580.118
1200.875
973.9383
-958.9667
-706.4415
-1149.763
1390.105
1068.92
777.8082
-10.17887
-5107.593
-3313.715
-3311.489
-2233.873
-1573.797
-1285.58
-860.8109
-681.551
-647.9466
-1301.837
-1233.883
-1325.785
-1157.912
-635.9321
-656.9402
-953.9439
-383.0957
-1664.045
-888.4586
-712.3807
-636.9356
1612.882
979.7471
811.631
-5651.37
-5023.892
-4269.551
-3450.565
-3309.176
-2536.127
-2422.302
-3609.159
-2668.275
-3718.045
-2780.234
-256.7746
-909.383
-1169.106
-1339.368
-2211.378
-1341.279
-1262.88
-1135.181
-2740.204
-2456.46
-2365.245
-244.774
-207.4807
-543.0842
-844.5029
20827.62
14746.17
12526.85
9998.474
8343.327
6837.094
5263.854
4514.63
4068.936
4091.813
4087.799
3306.332
2960.808
1860.692
1491.804
1832.129
850.4554
499.7564
-22.52982
-290.9912
-475.6361
-395.2797
-453.5276
-125.1025
-375.1444
-547.5464
-763.5418
-947.2046
-1349.597
-1802.613
-4861.956
-4022.696
-3260.458
-2888.241
7730.986
6265.645
4656.983
8341.213
6312.879
4810.352
3378.497
-2627.964
-1339.397
-1121.57
-1114.614
-1350.442
-141.0828
-35.49291
-709.3008
-1262.04
-1384.693
-1649.397
-1622.238
-334.6581
-967.8699
-1586.559
-1293.614
-1973.066
-2000.337
-2026.085
-2341.587
-2568.365
-1698.621
-1458.671
-1445.926
-1486.91
-1852.554
-2028.824
-2034.239
-1108.214
-1701.531
-2763.27
-1380.558
-2017.776
-2218.714
-2243.786
-2609.75
-2535.789
-2628.943
-3781.547
-3606.443
-3646.682
83601.79
67095.5
54731.08
45321
19891.4
16535.33
12913.9
12087.88
10945
7892.088
5994.175
4326.457
4789.402
3130.085
148.0871
-296.0042
5458.402
3807.259
1714.283
992.995
-5.158745
13074.34
10621.6
8364.924
6740.9
5339.616
3788.01
2489.801
1232.608
-147.5739
1186.907
283.1778
-583.2835
-813.7435
-863.3859
-1548.888
-1735.681
-2040.366
-2322.864
-5802.609
-5445.632
-5466.269
-5171.658
-4372.36
-4253.109
3611.292
1852.246
1205.75
-138.8398
-855.1294
-1132.752
-2201.48
-2948.402
-3382.709
-3192.908
-3992.81
-2258.15
-68.23895
-824.0008
-909.8108
96.325
-149.0114
3825.013
2905.375
2150.59
-9066.538
-7978.438
-9883.736
-8747.939
-7621.38
-10265.85
-8881.918
-8085.943
-8463.01
-42697.04
-37261.43
-31217.73
-26246.85
-22103.88
-19512.47
-16544.55
-14001.37
-13738.37
-11151.6
-9135.25
-11997.9
-10329.16
-9026.451
-8031.164
-6506.283
-496.2494
-8742.592
-7558.888
-6546.517
-6179.913
-6184.796
-5965.862
-5152.782
-4627.125
-3981.33
-3488.621
-3809.57
-5116.65
-3957.303
-1911.655
-1846.233
-1365.649
-1922.868
-1319.687
-1503.283
22665.81
18436.41
5863.841
4315.331
3833.923
2958.307
31700.52
25813.49
18811.93
17048.92
14723.92
11779.84
9535.541
7573.653
5577.779
14544.51
12328.87
10048.7
8356.655
6640.931
5239.216
4168.172
2968.172
2375.504
1693.163
1453.145
174.6707
269.1336
-67.92267
-397.3844
-735.4816
-529.189
-975.0556
-1414.716
539.0549
97.41977
3612.382
2361.911
2141.011
2285.175
297.5116
-731.2471
-2424.061
-2139.306
-2050.993
-1742.022
-1978.116
-1913.347
-1807.735
-2065.608
-1972.434
-1573.568
-1357.886
-2546.547
-2286.172
-2412.976
-3217.365
-2919.895
-2982.817
-3778.956
-13457.01
-11512.79
-30944.19
-26519.27
-26519.26
-22022.2
-18220.02
-15339.53
-13441.72
-11068.64
-9536.193
-7934.203
-7003.284
-6271.253
-6429.569
-5111.308
-4543.874
-2733.651
-21831.26
-18566.06
-22456.87
-18914.81
-9765.84
-8139.227
-6770.068
-6871.79
-5409.412
-4311.739
-3514.256
-2833.399
-3541.987
-2738.407
-2670.297
-1813.856
-5660.215
-5076.44
-11453.43
-10648.53
-9295.159
-7854.126
-10109.6
-139.8942
4382.311
3277.119
2219.811
532.1504
447.9695
35.61265
-228.0835
-5714.889
-4776.03
-3971.263
-3537.916
-43040.98
-37367.03
-31184.95
-25983.9
-20179.68
-19392.03
-16613.38
-14499.96
-12433.07
-11133.77
-9386.281
-7620.867
-7265.929
-6458.921
-4973.145
-3987.974
-4920.527
-4605.606
17183.71
13710.19
10258.62
10528.07
7098.814
4650.584
3133.417
1985.742
1063.643
1642.227
-132.2348
863.3043
-3398.376
-3396.802
420.3175
3225.168
2132.635
1799.697
1103.479
173.7248
-886.4665
-1340.069
-820.616
-1294.931
-2112.31
-1212.429
-1716.664
-1436.388
-2238.528
-2577.436
-2789.778
-3142.26
-5209.981
-4686.093
-4090.407
-16892.12
-5778.727
-5739.851
-5466.749
-10054.28
-9320.016
-10634.1
-6892.651
-6883.833
-6259.945
-5742.029
-3446.782
-4504.898
-3978.173
-3660.264
783.5562
-149.9469
-957.292
-1541.191
-1975.929
-2405.354
-3185.316
-3081.153
-2842.349
-3316.657
-4989.518
-4365.184
-4175.268
-4096.581
-4291.961
-3844.946
-3914.295
-3869.221
-3837.607
-4038.192
-3864.028
-3435.541
-3515.939
-3079.46
-3460.165
-3830.211
-3354.293
-3338.687
-3441.227
7230.583
5125.568
3707.722
2728.955
1814.135
922.105
-462.704
-1942.069
-1749.11
-2351.14
-2428.661
-616.303
-364.0072
-1411.785
-430.9007
-1020.696
-1204.274
-747.448
-1733.618
-1900.985
-2783.85
-2909.352
-2237.86
-2396.084
-1780.942
-1796.976
-2111.978
-2749.828
-2855.605
-3710.99
-2983.014
-2021.803
-2005.1
-1972
-2404.594
-2778.682
-690.3494
-1336.841
-1318.618
-1710.263
-1538.501
-2005.504
-2426.246
-1400.59
-1898.629
-1868.997
-2324.552
-2596.202
-1272.719
-1481.272
-2193.246
-2236.06
-2697.932
-2286.714
-1967.924
-807.9429
11550.38
8881.727
6747.502
5085.685
-264.0106
-145.1643
-835.172
-796.9306
-1154.701
-1039.381
-1466.129
-582.5084
-5904.739
-5016.765
-3868.474
-832.6144
-1052.256
-1172.541
-5596.678
-5065.469
-3569.614
-2982.331
-3048.097
-1518.411
-1535.416
-857.8932
-910.6527
-2326.98
-2357.639
-2041.331
90.87816
183.5257
-4214.788
-3100.376
-3436.195
-3421.292
-3193.052
-2223.047
-1773.635
-1578.523
1275.017
-658.3758
-1299.879
-504.2159
-305.2246
-352.4592
-620.3802
-1278.19
-1563.193
1793.447
1366.249
1618.487
1258.356
911553.4
752172.4
621174.3
512640.4
422854.2
356364.3
294078.1
243172
200514.6
165835.9
134661.4
111304.8
91874.93
76117.41
63564.88
53226.4
40360.85
29127.11
22838.46
17710.08
14535.18
11931.2
9658.169
66547.3
54439.33
44381.64
36449.41
29992.65
24165.2
19459.13
17528.69
14614.24
10507.81
8324.217
6532.886
5357.085
4129.212
3426.224
1146.581
417.7199
2055.531
1361.053
3596.218
-2450.577
-1795.768
-3359.575
-6253.836
-5579.774
-5066.634
-3551.06
-2796.963
-2764.382
-2750.973
-2200.313
-2048.538
-1925.076
-1851.86
-1424.822
-1190.907
-1288.645
-1325.291
-4852.293
-7449.839
-6577.738
-7138.004
-6854.257
-5355.877
-8786.194
-7657.864
-6554.413
-5633.662
-5272.265
-4824.659
-4389.351
-4287.79
-3834.823
-3468.653
-3455.19
-1687.698
-1434.782
503.4663
412.6769
253.0504
-381.798
52.12823
-796.0456
-824.6715
-1739.728
-1776.372
-1581.026
-1491.659
-1686.565
-2504.606
-2976.798
-3280.01
-3151.214
-2502.47
-3269.384
-1065.745
-708.866
-1684.061
-1858.587
-2858.21
-3328.431
-2988.567
-2944.774
-5054.689
-4931.297
-4890.685
-5015.546
-4426.441
-4384.838
-4050.513
-4386.297
-3625.868
-4052.433
-2952.932
-3239.49
-3496.452
-3706.347
-16241.16
-13918.77
-11431.63
-10311.82
-8982.712
-8061.322
-5149.806
-1982.793
-3401.602
-4620.83
