294.1154
321.6024
615.425
116.5908
107.3357
573.3787
81.74417
-7.672571
2004.13
897.5696
308.2858
301.0766
232.0589
395.7656
151.9959
65.41977
271.1609
2208.942
-62098.92
-17510.08
-4315.119
-1024.774
-91.64441
455.2209
327.0265
558.1166
215.2046
-412.0861
3744.209
796.6074
82.64939
-22742.41
-6355.903
-2706.391
-450.7893
90.62235
-163.5526
321.0314
222.2736
-282.8667
134.2604
418.0139
316.0613
583.7484
485.1721
258.3801
189.3382
1010.559
1818.692
763.0688
241.6261
286.5311
-836.72
-3436.853
-165.3125
-168.5491
319.918
477.7484
822.3554
2796.096
1046.684
954.4647
438.9233
-109.1166
-717.941
39.47692
-81.06898
-125.318
-143.8181
2008.588
763.703
3784.054
1713.993
684.7614
735.5434
1096.277
758.2093
3126.75
1491.902
687.1494
480.357
909.9059
643.5143
-2881.566
-1206.627
-705.1924
101.2856
572.1188
408.9072
1274.601
535.0538
310.2828
266.0717
523.386
415.208
510.9832
-292.9675
845.3925
-508.5735
653.5532
677.9272
277.5665
513.0966
-297.6438
152.401
637.4884
187.8276
-239.5356
751.9776
451.4085
592.0521
16866.68
5676.559
1895.555
5164.954
114.6372
-1616.017
219.4452
413.3561
950.2673
737.2961
650.2422
839.336
808.1174
651.2183
710.0901
740.8787
822.2994
674.1531
816.4102
996.2665
684.9686
393.088
833.8183
818.9493
1002.013
543.3704
-32.75281
819.6295
585.9376
568.3643
695.5241
692.4543
800.9911
762.5706
541.0057
575.0834
178.8988
567.7953
-1004.572
-1293.952
420.0625
476.0903
564.8176
489.9164
-665.6992
275.0494
-693.4562
245.0762
-96.46384
507.9605
1035.335
294.2741
679.1747
665.4662
867.3626
652.5341
348.4625
1237.694
1001.169
864.3071
1359.353
323.3014
369.1483
772.1229
806.2635
450.2382
865.8837
707.5637
561.6684
582.5432
593.2085
681.4953
601.5702
-271.7433
560.8145
683.4519
559.5365
685.6599
1014.299
756.7287
1270.725
664.9539
485.9517
380.5354
575.0197
785.0214
588.3854
-2454.471
321.5091
929.3358
708.7218
-181.6175
475.9379
-1414.206
916.1347
844.6484
844.3285
1060.403
998.2809
2693.308
1200.758
708.1024
2129.27
838.2733
734.1421
375.3137
990.1458
602.4113
818.6701
589.9526
636.2007
1868.983
779.7054
1078.914
824.117
1166.064
-159.5529
-664.5477
93.17502
619.0087
265.9844
1112.431
831.8957
1483.917
1125.212
1680.919
1315.669
1062.165
901.4794
65.40486
525.5452
383.2665
-3763.349
-287.4777
675.5043
850.1775
821.8071
815.4839
1082.15
1308.343
426.1855
295759.7
79624.84
23580.14
7583.849
2949.391
1477.45
1353.393
953.7889
924.2589
-403.8829
58.0067
483.402
1008.68
-863.6132
184.6631
132.3518
620.0938
8021.643
2620.121
1147.708
680.7817
833.4519
558.9221
869.2451
233.7984
257.2343
3523.782
1534.202
1945.237
1071.475
506.8566
-2122.22
-3874.989
-942.0841
1913.412
597.023
360.7028
742.7655
319.9682
454.2631
390.6405
1424.781
1147.182
863.1819
196.5228
173.7838
26621.45
8006.412
2768.398
1617.98
831.7909
294.4859
825.7884
735.5226
759.8874
772.4775
788.3273
361.3312
-662.1633
236.0779
721.5413
687.2774
649.5627
760.8224
535.4566
1445.23
898.4008
504.481
410.354
426.9967
1161.682
-162.7808
-1631.568
-541.2491
145.9068
512.2322
366.3811
883.0994
158.3379
355.8537
2583.221
-261.8378
436.291
903.7952
435.7655
1708.503
3016.774
1434.146
842.4926
531.4547
578.7514
492.3937
351.5365
769.7446
1561.06
781.141
728.3096
432.1074
545.318
591.8333
1260.169
918.6054
495.3519
159.8799
759.9707
502.1625
673.5394
1301.154
1958.921
809.4665
579.1893
202.3076
-160.3936
494.52
-11751.61
-3072.453
-500.8091
519.6518
1610.722
825.1985
-1359.63
-161.2908
219.2486
172.9279
364.8348
873.7078
537.812
294.3113
266.9951
-60.79346
476.8024
-335.4381
68.2468
442.2102
590.8454
-4147.496
-964.8473
477.5587
467.9463
366.5707
282.8181
233.2997
913.1594
568.8813
865.5894
590.7642
592.1423
1057.686
629.8894
156.2338
373.9625
614.6876
920.1101
1203.658
367.1281
459.0205
522.7443
561.1496
849.3896
-544.2361
128.4691
581.4871
-91.86617
-625.5229
381.813
342.1323
-146.643
317.3151
-1633.98
-43.88999
106.6482
-18.29763
311.5535
28.87067
239.5953
337.4263
569.109
442.5279
412.6131
290.5396
698.2915
358.1724
627.9465
386.4958
500.1695
-89.66457
370.5632
243.2276
170.6076
259.1125
35009.36
10248.97
3067.814
1179.136
994.0856
530.0467
440.6303
1007.245
768.6751
329.2501
407.1507
427.0549
472.553
283.5997
-4245.386
-830.8275
-279.3702
547.4665
250.1199
340.089
19.02952
-1939.292
-327.2105
19.89682
-203.9827
-2666.505
-22.20694
-51.48796
261.1933
95.09752
326.9005
318.669
-3601.592
-801.5315
246.1409
103.7905
395.7529
-5.020249
296.3798
421.307
446.3869
348.1626
-2.01074
898.1298
661.4769
-857.7222
339.6979
817.3697
517.5795
464.3922
-902.2959
28.74314
421.5354
1011.519
6296.274
2307.308
1215.974
283.6481
28.34256
143.2042
-135.7156
-262.7238
400.001
5126.869
1626.896
447.8772
681.9332
3293.432
1030.657
507.6452
508.0723
269.1451
-462.5086
2669.553
1012.287
536.9266
311.1804
850.7999
-123.3187
436.288
3492.036
1410.726
1140.566
685.3517
-280.9944
6.422983
237.3464
278.8543
212.0012
391.9591
931.2927
401.4481
554.5785
313.3435
-67.51723
266.6395
-1389.865
-643.2502
-417.262
88.5615
595.8909
272.0906
411.9186
92.63373
349.9906
650.53
575.4667
566.5761
456.1471
586.3001
277.8352
240.5171
380.312
-4154.86
-1059.036
-39.09696
545.0074
3837.341
882.4874
635.323
601.3379
-853.7259
-17.37922
-5671.877
-1380.292
46.25162
95.45682
158.2607
29.16513
559.627
3122.868
1859.197
887.4072
1626.397
647.9462
570.0195
229.5937
412.3514
149.9478
381.5077
435.7297
369.8505
439.4601
475.6448
894.5778
479.2927
426.7957
252.697
321.7924
277.5995
125.417
676.158
574.5187
424.4972
312.3542
485.7143
581.2226
-1170.244
635.4761
620.8408
663.803
1007.981
834.1482
575.5508
837.1224
-225.0821
779.3618
733.6745
1672.502
1107.828
983.3397
176.3791
379.136
463.7166
-541.1875
541.6519
457.2023
4933.523
1851.361
1540.089
910.0096
904.6281
807.1402
493.4353
740.8711
802.9737
653.173
2548.805
1452.627
1137.161
779.6144
502.7153
508.4465
519.2963
1373.455
843.8554
561.3546
491.6447
-860.5173
156.9784
334.4128
228.5411
428.6772
96.72065
326.8421
723.3461
708.1462
544.2538
-671.7206
176.3695
555.9417
393.9804
578.2259
983.6292
633.0897
1365.369
482.4542
707.9893
766.5156
-170.9749
-941.8029
-678.8516
370.2659
418.5681
524.3409
477.6079
902.2193
722.2962
695.5295
-43.52148
847.1043
594.2455
802.8127
1017.039
691.3722
1764.912
511.3417
536.1838
1044.233
420.688
666.4599
747.8062
829.0517
775.838
1562.855
1188.378
2929.653
1615.341
1169.624
336.5886
-3798.265
-663.9319
456.5702
728.6309
828.2807
753.6286
1674.313
1142.791
9.895418
788.5847
855.5085
222.7525
423.965
879.5823
584.9185
940.1349
719.4241
781.0317
-3.476085
668.2568
-10.68736
753.9727
734.1281
607.0823
816.5204
1323.21
1491.634
1129.757
1280.314
813.0789
1093.014
1015.829
829.9137
1109.677
1777.138
1723.948
1266.385
1131.365
1602.541
1763.063
1378.635
1522.616
654.415
1523.559
1225.485
1079.786
892.1457
1745.694
1154.735
1241.918
1153.719
1355.703
1378.034
1141.49
1536.792
1205.142
880.8966
1032.36
4268.628
1713.127
1257.903
1304.535
824.281
1010.628
-10781.29
143.988
469.4563
962.2315
1005.429
1666.627
1010.096
740.112
955.0824
749.1776
991.2952
5294.382
4885.387
2289.191
1324.249
2367.784
1571.41
1316.48
1576.111
3884.168
2011.435
1598.194
1817.766
2869.303
2050.633
1389.921
1309.254
1096.922
41.04574
1170.938
2736.08
2406.702
1802.327
1501.577
956.1854
1248.106
1196.004
1292.204
1016.59
755.958
962.3853
1249.696
1377.705
1298.252
1537.964
1853.091
1790.566
1402.949
1359.372
1230.742
1618.717
1282.854
4322.706
2348.046
1831.167
1725.36
1616.089
1503.559
1289.484
1263.622
1749.165
1576.862
1344.949
1481.103
2121.015
1708.457
1404.249
1281.289
1297.83
1294.736
1341.108
1445.06
2138.057
1777.936
1118.943
1483.314
1221.831
1758.526
-989.2191
1157.631
1217.535
1967.535
1660.949
1168.667
2297.814
1708.26
1416.307
1561.925
1490.914
1338.852
1866.772
1628.642
2125.682
1946.676
1676.023
1681.522
1604.307
1696.813
1683.424
731.5624
1247.227
1387.112
1637.494
1824.652
6238.566
1637.494
1526.369
1092.469
1505.51
1743.356
3095.028
1794.015
2531.789
2038.471
-4720.355
-490.7874
569.5257
1334.435
1331.622
1315.999
2060.025
1920.209
1800.304
2229.576
1920.42
1911.093
1745.875
1893.474
1809.005
1569.672
1693.07
1836.836
2392.393
2036.981
2354.179
2528.069
1882.152
1951.138
1270.684
1698.304
1791.227
1923.645
8394.383
2252.093
2084.505
1768.781
-122.3295
1305.772
1691.716
1961.031
1171.752
1754.955
1862.4
1769.216
1879.481
1790.447
1049.922
1604.085
1571.724
1829.139
1550.008
1221.543
1528.912
1608.106
1747.29
2325.545
2054.119
1774.694
1863.118
1983.393
1527.112
2017.294
1970.847
-18.11534
788.8839
1513.683
-4465.162
-124.3623
1521.862
743.5163
2349.662
2039.601
2313.641
1967.277
2021.739
1908.342
-2023.491
-168.5653
1259.367
936.6571
1749.354
1884.539
1866.057
1536.876
2033.527
1575.125
2138.291
1785.643
1920.784
3059.247
2276.001
2084.928
1786.615
1753.81
1921.006
1995.075
449.6465
1607.158
1843.896
1918.739
1686.132
1721.09
2103.653
-4301.799
245.9418
1274.267
1785.456
3574.529
2515.887
2326.614
2397.06
5591.285
2373.003
1965.819
2174.367
2050.968
2093.8
1620.401
1842.692
1881.241
1909.653
2459.107
2008.472
3524.772
2255.959
1929.625
1907.282
2136.307
2368.008
3349.05
2374.925
2008.852
1838.22
1920.506
2071.023
2168.846
1852.291
1962.223
2128.5
1926.151
2309.022
2053.323
3980.304
2477.239
5305.196
2992.679
1828.391
17046.86
6314.681
-8903.184
-2845.584
2316.772
-9131.29
4365.492
2670.08
2241.566
1314.344
2042.338
2120.504
1819.264
332.1283
1419.791
1697.418
-63.19364
1305.173
1646.788
6504.635
2913.232
2378.134
1972.376
1864.314
1773.547
-453.9689
375.3528
1748.972
1977.973
1956.66
2972.441
2128.536
1852.332
2112.479
1855.425
473.3631
1726.042
1858.871
1861.197
1979.289
15795.17
5816.828
3020.281
2327.396
2676.309
2730.247
3800.708
2374.621
1436.059
1345.241
21332.28
7486.588
3553.189
2418.733
1654.083
1858.926
9209.946
4112.583
2162.682
2335.564
2004.996
2051.364
2198.749
2929.112
2246.516
1659.691
1905.418
1835.877
1800.839
1771.483
2171.014
1639.831
2566.052
1270.964
1693.632
1723.833
1802.448
2219.955
2034.19
1677.379
1857.256
1902.804
1727.231
1920.039
1814.311
1396.055
1886.475
2017.867
2247.81
1542.273
3389.014
2231.791
1751.95
2109.761
1989.852
926.2419
1756.464
1989.033
2043.599
2163.022
-1275.363
953.6659
1640.103
-1471.482
925.6689
1585.804
1988.322
1822.679
1471.669
3098.928
3132.446
2412.176
2509.961
1628.139
1792.371
-2484.14
772.6203
1143.381
1033.409
1356.822
1611.77
1855.307
1520.455
-1188.617
1501.209
1605.028
2121.837
1816.287
1764.126
2390.501
1798.264
1862.51
1835.761
1902.682
1892.998
1886.588
1867.093
1277.241
4984.489
2731.756
1898.823
1808.564
1734.531
1806.201
701.0271
1252.49
1541.709
1158.691
1719.73
1371.091
1584.645
1853.897
1591.376
2013.72
-21084.84
-4934.361
-986.3363
1051.235
944.9081
1345.088
1450.304
1571.116
1706.759
1663.196
1599.257
1479.543
1542.768
1679.175
1852.244
-1031.391
978.9072
1856.401
1606.011
1578.677
1608.884
1239.902
1954.328
1845.104
2278.07
2227.933
1866.517
1524.705
1290.252
839.9357
1357.559
1547.415
1743.677
1596.763
1836.893
1847.09
2181.658
2888.723
1596.48
2755.112
2139.507
1833.142
1787.518
1810.601
1856.364
9090.669
3753.601
2625.494
2046.354
1841.721
1846.944
1755.509
2516.77
1611.31
1766.881
1757.999
1617.164
1586.816
2125.595
1608.624
3222.304
2407.538
1896.997
1609.011
1598.295
1556.602
1945.781
1864.643
1661.748
1996.707
1819.145
2035.828
2138.356
1602.23
2182.113
1653.301
1446.64
1597.026
1572.708
2026.92
2184.295
2282.652
1536.446
1419.666
1709.513
1690.085
1524.789
1624.387
1657.122
706.9746
2062.886
1866.128
1631.459
1817.898
1858.288
1526.457
1838.037
1791.465
1633.581
1061.814
1903.766
1484.786
1746.586
176.9772
1667.58
1220.117
1649.327
2011.178
1272.869
1528.209
1838.445
1669.685
1516.535
1721.402
1263.193
1520.005
1457.909
1844.646
-896.2771
1096.326
1538.41
2379.933
1593.797
2263.305
417.1186
1175.497
1234.019
997.5687
1538.314
1832.474
1750.714
1824.676
1449.086
1472.675
1162.078
1551.975
1571.969
1669.789
1739.294
1699.669
1634.448
1882.292
1512.064
1176.75
1462.4
1848.947
1737.749
1738.474
2831.704
2238.809
1894.379
1772.469
1753.278
1963.433
2895.098
2368.557
2167.853
1938.455
1586.794
1788.932
-2253.575
1472.681
2104.373
3493.123
2204.168
6695.071
2941.938
2064.014
-3630.542
104.3534
1271.683
1551.295
1289.424
1518.537
112.018
1379.179
1305.047
-3271.749
-22.84236
1263.343
1552.363
1962.662
1731.855
615.2199
1677.152
1981.548
2092.029
1409.012
1204.854
1441.601
1411.022
1416.833
1299.415
2192.253
1878.22
1861.682
1526.495
2023.783
772.6567
1023.054
1331.64
3574.979
2307.473
2272.109
1407.111
1760.417
1722.509
1437.246
1336.756
1722.219
1741.804
2038.897
1867.273
2269.343
15662.75
5831.378
1553.461
1327.361
1285.87
1559.963
1934.222
1825.253
1510.059
2443.624
1635.187
1731.665
1315.712
1325.056
2089.69
3237.219
1773.84
1671.134
1245.373
1578.259
1652.317
1889.878
1782.714
1966.59
1637.892
1709.637
1606.892
1698.662
2055.498
1784.275
1690.539
1610.83
1262.779
1733.909
2292.556
2153.034
1819.238
1677.722
1622.749
479.4573
1554.207
1644.233
1303.452
1765.458
2432.088
1999.046
1818.111
1704.771
2179.649
2105.467
2455.741
1081.085
1879.923
2146.359
1827.295
-1749.668
602.4846
1485.033
2375.099
1976.64
2083.316
2398.97
2095.614
1999.149
1847.758
2733.416
1629.569
2291.862
2155.915
1907.271
2130.441
2058.854
1831.525
1891.557
1396.433
1669.083
2907.84
2289.181
1890.881
1880.336
-388.9136
1459.022
1845.47
1827.392
-1429.021
933.5473
2409.871
2258.497
2347.094
2085.285
1901.873
1632.875
2545.345
2061.38
2048.398
2077.267
927.1492
1661.699
1560.657
2025.406
2454.585
-62.47068
1395.754
1859.818
2152.002
3001.764
2255.078
1587.813
3071.547
2379.075
2251.944
3312.064
2435.134
4303.676
-3027.351
457.3624
1817.19
2099.119
2174.064
1550.83
2607.385
2243.285
1555.985
1418.21
2062.127
2059.137
2062.828
1650.199
1938.823
2231.923
2072.045
1893.489
2239.35
1934.056
1857.041
2045.527
2634.801
2484.977
2242.753
2277.683
2094.425
517.8125
1493.188
2128.09
1980.944
2221.277
513.7982
2537.585
2329.828
2695.286
2343.865
3743.799
2869.875
2353.364
1744.563
2371.909
2175.172
2451.422
2360.732
2341.625
2116.771
2741.736
1394.637
1948.548
3578.647
2699.746
4013.679
3231.321
2657.631
2598.536
2301.074
2524.532
3131.432
1524.002
2132.58
2255.596
6982.787
3790.189
3056.207
1776.473
2793.572
2603.404
2345.927
2783.303
3434.778
2833.025
3483.6
2452.798
2708.317
2259.46
2277.51
8498.374
4386.865
3408.886
2038.216
2430.027
2484.924
2566.226
2486.823
2301.536
2675.957
990.3499
1454.073
2581.119
2597.857
2196.427
2389.32
2193.226
3112.285
2985.64
2661.894
2445.545
2025.401
2433.178
2455.052
2479.087
2526.738
1570.74
2454.821
2405.653
1471.432
2448.884
2556.656
2339.199
2465.313
3030.051
4189.129
3087.163
3373.03
2972.044
4223.355
3081.19
2858.883
3595.326
3099.439
3023.407
2482.571
2609.309
2762.273
2773.586
2592.757
2569.867
1940.6
3681.939
2931.103
2821.307
2743.127
9269.352
5048.704
3616.303
18996.32
7998.234
4724.042
2661.005
-323.7171
1784.178
2514.846
2805.623
3538.754
2827.229
2552.288
2692.506
2894.212
661.1976
1498.232
2361.49
2151.236
2764.285
2665.027
2812.224
2950.366
2777.03
2581.026
2872.333
2748.896
2987.662
3068.184
3442.521
4144.139
3146.464
3182.633
2834.64
2401.779
2883.312
3326.544
3266.49
2918.268
-5860.483
1454.465
2407.052
2634.363
2426.502
2782.518
2679.613
2797.463
2653.283
2954.369
2866.894
2719.374
3073.945
2669.512
2289.474
3509.762
2690.586
2818.676
2878.855
2990.598
5262.529
3802.579
3333.763
2996.551
2984.301
3809.659
2836.579
2837.656
2080.586
3076.659
4328.415
3207.022
3009.723
2952.906
7244.838
4116.729
3099.424
4006.486
3391.388
2522.458
1967.131
3433.513
10186.53
5094.505
4752.134
3281.074
2826.689
-2476.726
1823.439
1836.924
2968.886
3230.491
2914.47
3608.253
2831.585
3015.363
2978.015
3002.354
2798.806
3897.977
2818.89
2937.022
2873.144
2837.928
2870.791
3068.425
4224.151
3694.145
3286.561
3305.266
3403.067
3300.889
3546.849
3881.304
2895.739
3152.514
3305.392
3568.426
2954.31
3795.479
2841.915
3095.564
2932.6
3506.381
3017.008
3068.2
3166.08
3242.143
3153.71
3388.687
5940.193
3300.387
3489.636
3241.761
3175.502
3369.863
3313.002
3669.891
3187.4
3028.996
3033.768
3312.733
3423.256
3179.891
3476.516
3048.337
3143.517
3662.15
3166.756
3195.685
3137.72
3243.23
3097.021
3233.327
3443.211
3476.737
3081.271
3214.266
3213.754
3246.114
3492.829
3366.675
3224.826
3230.704
1581.041
3083.125
3182.001
3111.136
3731.026
3440.411
3717.092
3754.794
3274.463
3099.564
5151.134
505.2577
2391.956
3061.977
4451.176
3691.861
3120.001
3058.322
2983.713
3268.817
3299.673
2756.715
2342.728
2833.801
3200.009
3429.037
3182.796
3180.408
2342.826
2763.795
2812.277
2605.099
3127.667
2944.259
3399.243
3295.914
3459.005
2869.171
3038.017
3055.748
3281.898
4453.181
23098.32
9314.108
4782.029
2974.633
3044.692
3121.881
3234.694
3665.674
3310.659
3829.058
3521.636
3377.396
4468.894
3235.922
-2209.796
1487.419
2866.051
2793.754
3803.703
3538.217
3559.743
3749.717
3218.374
3154.105
1553.692
2667.239
3096.93
3466.64
-7816.741
83.66545
2516.604
3024.887
3207.043
3176.685
6518.585
4391.739
3039.02
3138.216
3176.798
5787.668
3955.239
3477.752
3385.084
8817.328
4782.762
-441.7567
2618.388
3205.072
3360.901
3301.793
-27294.55
-5398.583
809.2864
2758.679
2887.208
3264.711
3337.064
5371.19
3992.92
3422.135
2232.515
4126.968
3686.203
2759.414
2824.982
3076.107
2924.213
4892.436
4780.706
3704.207
3576.76
-3246.721
1368.306
2644.652
3014.858
2633.057
2824.391
1339.503
26451.77
-41229.56
-9590.664
-481.1551
1806.111
2623.995
2957.204
3373.749
3756.73
-10893.22
-954.7188
1787.242
3143.268
3295.277
3075.436
2673.866
2915.65
3509.131
3352.301
3110.681
2848.166
2776.076
3166.145
3288.977
2792.686
3150.85
2339.457
1763.05
2753.432
3016.778
3614.676
3049.26
3280.102
3381.938
2235.99
2767.29
2856.319
2848.624
2351.744
3888.168
3333.289
3026.393
2980.31
3448.729
4328.542
2917.175
3928.73
3515.786
3256.859
3250.581
3382.997
2933.437
3492.492
3532.58
3572.585
3212.078
3455.241
2622.966
2017.394
3414.425
2920.725
2680.772
2894.141
3114.442
3069.058
3678.714
3091.192
3099.262
2944.862
309.8285
4676.236
3578.649
3397.163
2785.416
2933.475
2718.342
2591.947
2752.015
2997.088
3009.741
3302.294
3471.347
3256.698
3041.396
2717.148
-11837.83
-1377.09
1757.983
2355.979
2675.313
2769.421
2932.986
2550.732
2874.849
2799.049
-131.2687
784.6862
896.1781
2250.424
2553.012
1600.36
2670.012
2240.025
2546.911
2730.914
2886.919
3032.414
2978.774
2822.856
1211.125
2703.901
3014.227
3923.768
3137.598
2939.395
2477.283
3068.701
3135.974
2664.495
2762.689
3008.257
3799.31
3596.093
3628.582
2815.094
4129.953
3410.632
3693.457
2807.294
2852.077
2695.744
2925.466
2164.35
2645.31
3045.021
3046.281
2545.028
2617.938
2773.642
2694.352
2828.404
2770.875
2520.095
2408.394
2705.601
1473.57
2458.168
2707.478
2811.53
3106.786
2970.315
2996.71
2873.335
2832.974
2649.788
3016.982
2617.037
3406.173
2752.273
8635.636
4266.262
3391.819
2858.622
3975.77
4174.489
2783.528
2974.736
7271.093
4255.361
3222.752
2954.024
3023.563
2635.531
3050.274
2992.943
3095.28
4885.792
-1525.975
1775.947
4860.495
3262.719
3138.053
2117.689
2996.368
2813.149
2644.973
2692.823
2692.328
2882.869
3154.993
2902.46
3016.017
2891.822
3704.664
2698.007
2712.798
-11861.7
-1341.355
1752.799
2436.464
3908.962
2887.341
2971.133
2539.482
2258.983
4505.293
3297.762
3101.334
4439.789
3272.461
2994.145
2773.506
2717.301
2716.547
3077.862
2750.587
2013.026
2285.208
2697.172
3496.042
3356.271
3203.042
2740.909
2668.224
2409.882
3157.463
3946.234
3176.901
1849.295
2718.319
5122.71
3437.669
4033.494
2962.983
52693.93
16740.46
6962.883
4165.739
3354.181
1796.977
126.7594
2002.358
3712.351
2992.948
2718.777
2015.572
2638.975
2829.038
8478.209
4240.287
3116.09
2803.551
2557.994
2710.94
3024.511
2815.728
2850.166
2490.795
3004.567
1605.641
2690.317
3524.143
3279.679
3410.518
3026.426
3017.828
2305.202
2585.742
2828.457
2907.387
2754.537
3720.309
3004.752
2921.768
2821.595
3038.859
3674.057
6396.089
3777.012
-24794.78
-4628.187
561.7548
2250.191
2542.855
2972.507
3076.411
968.5422
18377.89
7795.31
2056.646
-18595.1
-3217.331
3277.585
2599
4888.956
3542.189
2933.526
2887.081
3074.108
2807.543
3111.934
7694.289
4419.869
3558.671
3224.054
3197.977
3546.792
3557.309
4356.833
3639.114
3206.055
3311.552
17705.96
7334.998
3714.953
3273.784
2112.82
2373.117
2837.508
2836.749
442.8805
2347.634
2833.069
3009.314
3144.215
3640.302
3463.354
3537.328
2914.55
1759.702
2386.598
2917.54
2941.51
3331.918
3042.148
3987.313
3156.241
3240.526
3174.29
3082.165
3202.916
3110.331
2716.714
3543.556
2882.578
3253.838
2933.965
3176.796
3193.78
2733.222
580.2911
2413.554
3150.125
3284.485
3480.103
3488.794
2268.478
3711.197
3530.399
3207.123
3508.775
3359.414
447208.4
130754.3
40035.89
13844.41
7068.759
4583.849
3573.065
3384.926
3349.561
6530.558
4315.497
3606.264
3533.971
3382.474
3415.562
3258.445
7278.228
4281.541
3605.208
3394.462
3639.77
3278.478
3196.534
2968.55
3260.98
1434.391
2858.095
3270.004
3091.127
2790.89
3289.191
3405.811
2895.154
5737.383
4171.401
3351.742
3290.655
3372.048
3213.694
3421.713
3564.801
3361.361
3391.937
4827.143
4476.362
3956.522
3566.443
3579.467
3601.458
3297.489
3442.355
3322.793
3492.513
3354.374
5319.082
3996.672
3856.261
3550.9
3678.173
3699.653
3586.453
3410.69
3257.337
3560.677
3467.365
3684.449
2699.692
3552.073
2504.961
3380.514
3140.377
3511.659
3274.22
3595.641
3136.761
3596.25
6981.137
4703.634
3949.088
3672.668
3794.117
3605.943
3331.394
571.8112
2791.695
3470.261
4067.667
1427.248
3256.149
3720.113
2771.562
3452.649
3383.789
3893.23
3646.331
3657.671
2722.98
4202.883
3978.698
3631.856
2596.784
3438.097
4043.359
3813.036
-7001.446
597.4579
2897.502
3081.417
3263.174
3255.253
3871.087
3674.873
3276.615
4639.566
15010.64
2677.179
3718.547
3696.16
4807.296
3819.228
4056.946
4092.92
3840.866
3900.617
4139.813
3367.759
3888.799
3616.272
4223.243
4329.603
4050.917
4317.506
4068.988
3931.258
3812.327
4053.093
4055.093
2055.827
3344.706
3116.845
3175.512
3875.991
4082.468
3731.731
3811.382
4650.352
4097.597
3754.863
4025.707
3962.369
4350.736
4426.242
4431.406
4442.591
4178.932
3361.282
3893.106
4342.213
4078.574
4065.506
4011.709
3885.978
3985.898
4090.758
4147.195
4285.154
4053.459
3812.368
3984.729
7616.504
5110.531
4567.715
4333.675
4274.575
4485.087
3757.684
4213.685
4230.988
4049.267
4688.53
4280.545
3536.271
4402.797
4306.466
1543.13
3464.817
3644.21
4139.301
4759.305
4368.246
4351.034
4355.491
4443.873
4575.332
3797.762
3910.249
4024.432
4967.804
6423.996
4872.725
4718.58
3263.553
3623.809
4067.602
4385.654
4170.19
3807.567
3882.634
20993.18
9003.692
7322.981
4993.978
4193.831
4114.88
4281.517
4392.19
4649.711
4960.763
4558.236
2845.657
4101.426
4293.351
4393.264
4625.739
4438.347
4127.229
4225.922
4032.739
4064.763
5870.055
4607.922
4723.032
5074.325
4657.085
3756.71
4079.434
3477.943
4428.705
4521.863
4506.348
4524.868
4355.549
3980.484
4633.648
4677.286
4418.438
4397.324
4032.313
3344
4129.325
4505.432
4139.335
4525.609
4561.612
4334.784
4260.385
3686.969
4200.369
-1812.278
2439.956
3390.246
4013.879
5711.327
4574.568
4644.355
4501.392
4568.692
4240.24
4476.711
3716.581
3724.79
4137.306
4435.34
4145.883
4529.241
4515.868
6177.072
4793.714
4118.781
3835.548
4811.913
4619.147
3142.86
3846.178
4243.817
4155.261
4210.832
4265.123
3451.293
3770.572
4640.157
4511.636
4166.15
4211.951
4404.606
4344.34
4447.637
4573.398
4370.717
3939.068
4889.525
5341.977
4557.093
4370.244
4790.984
4464.919
2727.638
3506.496
4548.984
4335.053
4554.069
4698.731
4394.828
4932.734
4662.503
4367.79
4862.609
12721.18
6819.169
4910.204
4523.593
3561.396
4245.677
4449.743
4982.613
4414.051
4569.422
4905.454
4837.292
4595.614
2575.181
4112.946
4600.842
4513.775
3844.058
4386.181
4305.121
4079.551
4678.014
4430.453
4517.909
4546.405
4451.286
4318.339
3979.01
4418.571
4369.475
4449.787
4413.453
4889.497
4490.618
5158.502
5041.169
4790.99
4480.416
4047.135
4161.479
4200.36
3893.635
4287.9
4664.858
4326.692
4778.258
1597.739
3591.89
4306.418
6846.44
4963.824
4294.034
4323.945
4209.821
4243.482
4344.23
4649.176
5147.382
8998.182
5785.678
4283.218
4677.476
5301.867
3679.48
6452.045
5177.821
4873.22
4871.766
4515.62
4297.059
4386.597
3837.031
4257.054
3885.588
4720.52
3869.151
4332.421
4205.282
4110.141
4390.241
4492.083
4322.79
4303.231
1600.373
3726.609
4460.544
4181.504
4064.295
225293.4
67782.72
22319.66
9531.093
5949.387
4776.778
-10484.76
54.41583
2956.49
5138.791
4308.588
6010.414
4366.19
4528.441
3183.449
3998.201
4289.068
3801.522
4481.227
5139.419
4384.735
2804.206
3963.035
5158.752
4637.052
4209.443
4776.849
5027.342
4142.007
4109.521
4584.28
4273.597
4870.355
4530.043
4331.4
4250.807
4763.843
4816.972
4509.122
4513.141
4439.423
4336.294
2852.523
3897.375
4411.906
4244.345
4445.563
4565.379
4030.71
4038.516
4295.571
4538.014
4387.565
4214.99
4279.139
4854.719
5887.17
5124.791
3944.019
4498.364
4632.715
4404.33
2514.814
3841.396
4029.081
4346.871
4516.877
9972.41
10050.42
5987.868
4706.497
4370.6
4240.855
4357.417
4267.977
4029.757
4118.221
4222.697
3995.031
4167.635
4265.758
4192.181
-1391.39
2877.382
4022.365
4313.593
4928.991
3806.656
-1005.626
2262.207
2334.796
3077.531
4104.276
4425.867
437.1537
2567.37
847.0896
3423.55
3606.027
4223.159
3547.492
2722.664
3835.114
3859.024
4342.042
4232.262
4303.249
4069.942
4155.297
4285.451
4084.163
4223.02
3928.569
4068.704
13049.97
6758.491
4745.72
4247.241
4286.276
4149.732
4210.106
4256.329
806.1511
1805.505
2549.035
3852.138
4162.289
4504.768
4091.161
4119.268
4786.925
4216.968
3946.925
3686.815
4039.861
5195.71
4258.57
3981.418
3871.182
3769.269
2066.998
2998.389
3845.672
4455.857
4147.449
4123.435
3533.795
3942.469
4088.23
4444.583
7757.262
4775.721
3814.936
4232.541
2232.706
3559.406
4565.012
4456.166
4023.956
4124.515
3921.791
4173.932
3683.578
3671.009
3957.427
4132.717
3910.871
3059.487
3775.175
4834.524
4115.874
3918.72
4154.502
3997.859
4118.48
4158.704
4505.045
7414.74
5226.931
4513.324
4499.438
3963.483
-24730.28
-4477.55
1360.668
3193.113
3996.325
4779.465
4657.552
4858.941
4836.408
4091.286
3938.041
3299.703
5428.558
4616.106
3762.014
4175.136
3983.458
4025.848
4845.718
3924.994
4940.572
4243.994
3928.033
3922.268
3879.076
4030.765
3989.793
4121.251
4296.776
4150.728
3767.296
3813.915
4130.491
3943.755
3613.201
4024.413
4068.095
15765.41
7368.09
6030.543
4357.219
3988.527
3418.37
3906.351
3893.95
4302.293
3995.413
4049.68
3676.208
3918.419
3479.131
4044.79
3642.159
3757.249
3927.714
4269.299
4068.479
3783.448
4627.011
3999.752
3984.746
3942.718
4080.608
4573.708
4125.401
6159.895
4866.831
4351.764
4136.216
4013.624
3757.33
5517.135
3351.123
3350.923
3855.147
4011.129
3473.311
4077.133
4034.939
3987.455
3956.535
4033.86
3978.206
3062.83
3656.336
4338.901
4747.169
4548.61
8430.237
5331.577
4932.858
4501.229
3303.764
3871.273
4102.374
4158.933
9664.829
5866.024
4925.8
4397.287
3794.291
4056.504
4246.035
3981.423
4149.536
4431.874
4168.684
4151.228
4114.191
4590.943
8696.795
5946.702
4953.327
4276.438
3135.008
3490.38
3797.785
3771.149
4439.008
4833.55
4315.967
4207.71
4055.699
3407.842
3826.299
4318.403
3718.774
3681.169
4256.139
4291.056
4193.121
4004.675
4251.473
4066.273
558.5274
3055.394
3609.898
4294.371
3918.825
