-8242.937
-7738.151
-7091.577
-7397.023
-6368.315
-5978.192
-5322.376
-5306.31
-4515.689
-3709.777
-1898.744
-1261.387
-1234.37
-1062.679
-969.961
-659.5891
-563.5448
-298.5337
-632.3938
-588.7785
-299.011
-1290.292
-1108.519
-956.929
-877.692
-986.3399
-919.9803
-913.7386
-659.7582
-1394.12
-1540.57
-395.0523
-440.9681
-99.01889
1561.923
1686.819
108.3839
349.9463
278.9046
95.09286
157.8755
-836.9622
2773.851
2949.839
2618.677
3732.778
3381.153
29790.95
27846.53
26556.98
24969.91
20889.13
8742.345
8978.153
5333.372
3874.074
3484.188
2586.005
1796.896
1519.064
851.0895
1015.422
1047.349
1099.068
1086.653
1043.156
841.5126
853.2024
708.4354
100.6744
148.6812
34.04135
229.6186
-805.8171
-1516.561
-1345.488
-1161.161
-934.586
-2315.539
-2178.507
-2145.904
-1722.612
-1306.051
-984.5855
-5036.756
-5084.967
-4626.195
-3322.27
-3068.055
-2852.365
-2803.222
-3569.113
-523.6933
-603.3456
-446.8424
312.2414
-1945.119
-1587.849
-1508.067
-1314.129
-1252.062
-198.7921
-462.7522
-676.7415
-419.6443
-183.0006
1576.03
1491.353
1472.188
1380.677
1371.306
1269.397
1162.357
-3000.464
5041.759
4388.062
2745.012
2402.287
2086.908
8866.722
8141.991
7299.342
7392.09
6298.983
6214.69
3316.401
3218.416
3524.875
3827.347
3605.733
3081.613
-24198.17
-23022.95
-22477.85
-20916.64
-19279.93
-17979.81
-16923.07
-15259.67
-14254.21
-12702.69
-11380.74
-10544
-9576.355
-7716.411
-7223.482
-4776.388
-3974.947
-2031.158
-1940.574
-1724.027
-1298.128
-1135.182
-873.1483
-695.7082
-780.3417
568.7804
173.8769
342.2098
1010.762
1084.461
958.1383
1030.775
929.3885
6687.742
3438.312
6096.413
5747.401
5669.391
5784.014
5373.746
6074.927
5799.387
5472.586
5706.638
4794.281
4123.644
3587.701
7025.169
5631.833
4416.174
4088.198
4145.21
3981.392
3494.463
3265.133
-6011.208
-5473.569
-4919.957
-4875.717
-4717.943
-4402.526
-4740.852
-4432.403
-3616.877
-3246.395
-3021.566
-2749.639
-1832.083
-1819.445
-1026.537
-897.4975
-528.7899
-20609.61
-20851.62
-19635.36
-18357.17
-16931.64
-16758.03
-15548.94
-14362.95
-14795.38
-12773.3
-11717.57
-10874.21
-10081.71
-9348.585
-8446.74
-7326.241
-6610.865
-6137.308
-5053.171
-4697.953
-4286.959
2705.18
2766.196
3452.198
4738.969
4126.488
4047.21
3655.35
959.173
1006.421
248.3176
224.3713
679.3299
709.903
-9700.554
-8891.108
-8538.413
-8663.698
-8266.705
-7846.179
-5608.091
-4951.98
-3995.014
-3839.56
-3593.071
-3201.867
-4120.421
-4208.489
-3695.947
-3249.825
-3933.866
-3431.167
-1839.519
-2586.633
-2309.099
-2081.163
-1373.996
-1600.933
-1489.807
-228.8243
1122.63
-525.9997
-276.3039
-108784.2
-101419.9
-94977.68
-84122.1
-78254.46
-72538.26
-67876.74
-62800.16
-59006.07
-58320.22
-54800.5
-50868.49
-49150.39
-46173.5
-42561.08
-39363.72
-36560.24
-33590.69
-32107.76
-27528.19
-23599.11
-20413.77
-18749.43
-17303.1
-16197.33
-15236.58
-14750.54
-13372.34
-12349.71
-11854.03
-11349.03
-10464.76
-10284.31
-11998.51
-11045.95
-9959.117
-9328.198
-8286.029
-9075.577
-10563.1
-9243.217
-8976.198
-8405.472
-7887.398
-15101.1
-17856.34
-16268.78
-15332.71
-15021.88
-10429.46
-9498.27
-9171.616
-7733.855
-8901.489
-13068.04
-11217.6
-11960.37
-11340.01
-9336.894
-8293.89
-7475.711
-6688.996
-5854.563
-5393.537
-5072.609
-5355.438
-5196.281
-4727.017
-4234.562
-3865.043
-3422.516
-3254.476
-2532.137
-1707.691
-680.3872
-470.6625
-3311.187
-2654.357
-2499.601
-2270.948
-2026.629
-1398.386
-1280.238
-1017.834
-1267.835
-2124.233
-1578.748
-1732.264
-1588.824
-1632.933
611.3543
-6480.093
-6304.76
-5911.065
-5933.643
-5602.465
-5323.852
-7368.016
-7285.311
-7050.155
-6405.962
-5587.025
-5081.442
-4917.359
-4591.543
-3416.378
-3584.652
-3140.075
1114.955
1757.532
1900.127
1865.943
2223.368
2305.429
1915.872
2133.201
1154.377
1226.597
1346.196
6671.887
5964.876
5021.96
4543.405
4348.062
4261.236
4111.362
2458.535
2209.001
2171.837
2248.751
2077.581
2089.84
1918.835
1952.93
2117.433
5478.237
5008.194
4759.614
4878.294
4726.581
5029.093
4966.484
-25307.77
-23363.01
-24931.65
-22898.18
-20804.14
-12177.95
-10212.69
-9492.179
-9892.899
-9149.289
-5165.28
-4446.641
-4319.001
-2043.887
-1710.201
-1598.71
-1007.052
-3540.044
-1080.857
-445.9597
-768.8542
-520.3202
-378.6415
-426.0315
-361.1747
-5450.027
-4769.973
-4092.413
-3785.271
-2412.623
-2033.496
-1533.186
-1304.407
-936.6767
-983.4349
-669.9946
-615.4454
-1075.739
-328.6013
-2706.579
-3129.348
-3110.272
-3353.863
-2974.645
-2990.816
-2745.291
-2418.209
-2420.172
-2621.748
-2661.424
2228.695
2618.671
2571.32
2350.069
2113.991
1833.84
1837.99
1717.703
1477.35
1516.039
794.8982
6262.875
7128.241
6520.601
5949.869
5326.096
4939.524
4411.155
4085.25
1022.804
1136.195
1433.73
723.1124
1332.948
1383.03
1340.663
1189.259
1253.379
1623.454
983.0591
843.1422
771.2042
570.5321
387.1414
863.4898
1145.049
1066.645
888.7865
1017.963
1326.133
1023.817
1922.894
6547.312
5721.235
7171.076
6523.44
6165.048
5638.144
5400.274
5863.268
4232.744
3872.241
-2559.299
-2385.864
-2138.489
-2253.557
-3491.358
-3091.917
-2589.308
-2333.261
-2715.471
-2336.355
-2323.897
-2738.92
-2876.15
-4479.437
-4187.434
-3081.852
-2744.68
-2562.066
-1981.977
-1480.672
-1536.108
-1505.091
-1843.954
-1345.532
-1531.961
-1171.932
-1003.768
-23438.78
-21869.61
-20266.99
-11053.29
-8688.369
-8232.233
-7806.572
-7170.55
-6269.76
-8146.181
-7414.47
-6838.972
-6457.203
-4547.213
-3971.446
-3541.454
-3437.174
-2310.43
-2050.417
-4347.853
-3696.985
-3462.487
-3090.518
-1475.135
-1192.065
-1370.883
3301.052
4576.22
4619.952
4159.748
3765.925
3765.846
3418.512
3947.916
871.1842
1071.498
1241.68
-96.66945
23.95371
429.9966
1005.201
1106.304
4134.453
3553.034
6514.715
6436.066
5704.84
4604.514
4206.386
2106.732
1913.811
2004.621
1892.87
2271.586
2044.213
1908.67
1994.796
2122.905
2014.825
3430.047
2532.955
2586.397
3366.559
3387.542
3269.694
2315.192
2043.342
2535.184
2944.817
3784.401
3969.665
3515.758
3351.162
3090.188
3103.186
1349.739
1432.092
1114.758
2240.907
2214.894
2044.307
1063.965
1195.563
1427.504
1757.55
1692.369
1643.233
1392.879
1392.955
2370.025
-82.5684
434.5555
246.8237
225.5137
120.7932
55.13702
1777.716
1485.299
17.10159
189.3314
224.6467
427.6404
169.642
622.2767
-338.3397
-167.4605
-130.4252
2159.622
1930.95
1977.851
2176.326
2091.44
3420.441
3221.18
4852.386
5853.267
6992.445
6584.343
6297.398
5730.807
5562.963
5047.572
4583.864
3812.146
3715.06
3378.92
3080.557
2724.731
1905.161
1596.232
4483.366
4088.691
4109.582
4207.117
3987.713
3869.312
4058.512
4898.985
4402.854
3956.574
4124.326
3422.111
3526.931
1841.773
1545.011
2007.574
1863.127
1920.753
1856.065
1865.361
13878.72
13206.35
12235.81
12483.48
11542
11534.71
10536.26
9673.398
9007.198
8232.197
7444.76
7823.139
7394.618
7058.95
6459.101
6597.87
6037.549
13973.26
7683.39
6948.013
6417.528
5865.98
5618.494
22558.21
20973.21
19508.35
18235.99
16777.5
15380.35
15031.53
16408.29
17100.56
15307.14
14333.98
12279.29
10696.6
10075.94
8411.478
7366.657
6805.818
6619.108
6414.662
5660.401
5584.302
4551.799
4235.437
4084.899
4527.959
3915.64
3599.964
3797.389
3175.05
3230.669
2954.034
3740.931
3448.838
9128.843
9208.222
9304.403
8824.168
7751.426
7140.673
8042.94
8228.609
6730.689
6633.806
7047.049
6459.061
6161.982
4607.701
5699.394
4925.673
1453.838
2915.74
3201.557
1488.719
1389.572
1416.494
3165.431
2943.908
2308.242
2145.324
2411.846
2077.993
-255.3613
-9611.292
-9981.67
-9606.933
-8146.202
-6261.313
-5691.687
-5143.148
-4544.089
-4297.752
-4651.258
-4361.709
-5151.398
-4852.393
-4349.875
-5375.342
-4934.208
-4315.158
-4197.586
-12370.53
-11271.41
-10622.29
7753.486
6805.149
5788.003
5025.329
4857.592
4590.983
3878.297
3705.011
4007.735
3533.275
3575.411
2969.105
2135.513
2240.952
1903.818
2174.96
1861.539
1935.945
2008.887
2804.993
2899.826
2235.046
3575.254
2787.572
2822.791
2785.346
2201.044
2088.554
1676.506
1753.771
2885.919
890.336
157.99
4055.098
4707.569
1758.89
2018.819
2321.51
1826.535
2045.786
1692.7
1629.571
2255.84
3027.503
2805.728
2927.372
3099.101
3227.213
1802.751
1552.666
1479.757
1468.286
1019.676
1846.276
16335.69
15790.7
15556.81
14617.39
13928.07
13265.08
7320.728
6805.781
6384.24
6430.741
6461.222
7910.684
7641.703
6872.358
6992.904
6728.272
6208.204
6101.492
5647.084
5157.426
4701.481
4274.167
4270.868
4033.448
4681.591
5030.736
5641.465
5454.175
5155.409
4856.735
5010.199
4658.395
4678.025
6824.438
6590.375
5850.172
5815.667
5526.12
5373.393
5333.79
5127.682
4546.551
4358.727
3916.45
3979.264
3318.481
2426.569
574.948
946.4552
1060.618
1178.276
1140.651
1327.399
369.4639
434.4712
747.0791
862.5561
2206.222
783.1635
325.2619
536.8638
918.6464
1288.491
781.4597
2441.833
3690.293
3134.39
3135.714
2953.15
3031.985
3254.465
3233.85
2699.145
2823.223
2735.422
2208.029
2426.189
1672.504
1674.683
1300.663
965.8087
736.531
711.2499
903.459
953.9845
767.1642
-22.10767
-197.5325
785.7045
629.4326
964.5762
-334.1426
50.69424
358.5156
-52.45752
4204.985
5051.225
4706.868
3683.561
4027.666
3630.978
6753.938
7827.663
7052.91
8887.984
9922.546
8983.54
8570.501
8221.737
7778.271
6716.967
6868.019
6219.995
6236.511
2471.195
2526.695
3153.057
4115.492
3579.759
3245.737
3131.256
3527.956
2901.713
2475.348
2856.08
1505.398
1764.999
2169.094
2547.003
2306.347
2258.075
4256.273
4066.672
3855.994
3643.739
4369.992
4105.56
3787.445
4699.612
4625.876
4214.752
4036.275
4562.708
3819.431
3483.066
3510.813
3339.702
3391.803
3538.879
3237.351
1060
1302.003
1426.908
3170.614
3026.284
2646.016
3270.699
-20603.31
-18830.67
-17434.79
-15734.15
-14651.9
-13714.83
-12485.38
-11266.19
-10330.25
-9245.826
-8304.749
-7910.73
-7334.797
-6786.925
-4487.78
-5619.506
-5296.482
-5950.199
-7442.612
-7284.328
-7157.148
-6968.046
-6351.35
-5346.058
-5177.757
-4399.097
-3982.914
-5299.805
-4667.922
-4321.161
-3656.852
-3046.239
-2507.98
-2784.664
-2330.359
-2840.56
-2174.188
-2392.474
-1791.961
-2211.303
-2009.845
-1106.783
-7508.636
-6725.323
-6504.646
-3908.477
-3557.786
-3636.866
-3163.581
-3202.089
-4119.904
-3775.999
-3295.21
-3013.349
-1844.018
836.7935
1176.141
1471.18
1325.621
1938.374
2080.766
2208.505
1640.375
822.9635
1132.831
1347.137
1261.662
1248.531
1192.145
1289.785
1924.236
6865.952
7697.93
7186.27
5087.35
4875.331
9980.142
10874.45
10404.28
9021.502
7311.874
6138.118
5918.478
5542.048
5081.744
4760.257
3322.134
2906.189
2127.895
2200.081
2037.435
1505.989
1856.823
1738.944
2308.026
2252.253
2691.446
2924.233
2726.942
2673.256
3520.7
23042.47
20832.18
18223.23
17583.01
16275.97
15259.03
15407.02
13800.94
12958.84
12553.86
12082.46
11084.48
10230.46
9494.023
30593.14
30819.33
28942.5
26839.72
24943.88
23407.48
22371.37
22076.34
19744.49
18363.01
17303.96
16292.26
15482.72
14365.28
12958.53
12218.64
10912.07
9921.995
8973.852
7796.143
7044.943
6713.082
6307.728
5382.844
5456.835
6621.804
7735.432
7310.834
6665.145
5515.513
4234.402
4342.546
4088.563
4000.456
580.1315
967.1068
1014.637
864.0188
1109.1
1307.453
714.919
691.5331
1152.185
1762.315
1681.726
1158.717
1971.288
2003.635
1849.89
1719.825
1605.438
1422.66
2051.213
1931.407
1899.732
1515.981
1845.074
1260.615
1421.268
1483.282
1836.731
1524.552
6428.052
6404.195
7265.171
6560.489
6029.814
5077.495
5050.41
5170.026
3908.165
3059.999
2978.709
2455.957
2322.03
17496.5
16936.44
15686.64
14342.73
13202.48
13284.7
12530.82
12424.61
11553.4
10968.12
11063.17
10275.26
9587.615
8884.952
8493.928
7337.273
7077.179
6984.031
7553.058
7123.707
6791.221
6129.84
5550.828
5415.707
5168.296
4878.4
3745.129
9767.334
8411.078
7148.365
6563.799
6199.219
5691.706
5142.457
3374.722
3364.099
6777.354
4686.153
4407.566
5746.409
5193.121
4715.535
4125.21
3748.797
3775.913
3556.021
3206.386
3300.302
3208.224
5138.832
5139.243
4297.604
4385.178
4125.364
3957.616
3673.733
3823.881
3392.88
3358.088
2930.947
2466.519
2792.506
2485.072
1502.882
1649.52
1949.812
1407.898
1379.395
2544.149
2287.511
2397.113
2314.997
-840.7044
-780.8385
-730.7134
-824.1729
559.4318
269.9821
264.8507
-893.8986
-923.9063
-1568.795
-1318.941
-1449.365
-775.3481
-1887.115
-1837.565
-1711.398
-1686.124
-2447.57
-1539.793
-1183.419
235.5845
327.0637
366.2543
31.55971
1524.182
1482.024
-1956.985
-1504.781
-1235.539
-832.9537
-133.3877
-5139.139
-5054.758
-4147.047
-3694.133
-4089.431
-3858.474
-4142.118
-2728.503
-2862.68
-2801.01
-1816.893
-1584.769
-1342.838
-834.973
-129.6738
178.1473
1003.123
1092.058
1207.134
1075.275
629.9618
551.7787
433.3783
849.2634
813.889
1018.131
1183.864
1032.034
4185.717
4831.609
4392.468
5064.621
4841.816
-1666.841
-1193.984
-1160.196
-719.7786
-1778.477
-1852.435
-3621.482
-3482.546
-2835.944
-1474.486
-715.7158
-141.4267
1243.847
1367.662
877.7233
781.4315
781.3833
759.0365
285.6711
727.3577
-112.983
139.0273
-16.71461
-60.39531
185.4316
276.1914
246.9254
535.2048
509.2899
143.0325
129.7047
229.6504
782.5322
1608.871
1534.58
2423.928
2353.946
2636.028
2368.894
2188.047
-24003.79
-22647.61
-21051.65
-19860.68
-18158.5
-17589.48
-15322.79
-14230.21
-13553.78
-12222.04
-11496.58
-10737.56
-9939.12
-8293.358
-8019.712
-5476.438
-4958.706
-4643.672
-3343.711
-41360.65
-39218.79
-36772.3
-33925.32
-32546.5
-29179.04
-26903.79
-25032.69
-23485.95
-21532.2
-20301.81
-20935.85
-16110.59
-15014.63
-13532.83
-12592.88
-11495.79
-10803.73
-9870.464
-9331.627
-9461.87
-8554.625
-8258.243
-7348.573
-6595.489
-3669.128
-3472.112
-2760.029
-2846.568
-4688.913
-4325.206
-4266.693
-6086.02
-5496.114
-5016.485
-4495.117
-4166.88
-4071.465
4213.032
3949.978
3607.296
3320.422
3285.27
2484.653
2742.395
2609.279
3053.947
2639.382
2509.479
2886.877
2819.026
3375.397
3322.47
3310.908
2625.562
2563.344
-854.9321
-1049.66
-577.4912
455.5431
1638.811
1374.212
1773.876
5253.883
5330.684
5049.763
4805.325
4545.382
4636.016
4076.986
3725.235
3747.57
3352.181
2657.919
890.0309
1268.405
663.4489
852.5912
910.2557
449.6983
-1.267119
145.7963
-129.5935
-176.0075
-54.83204
-4246.704
-3741.591
-3551.172
-3345.662
-2924.358
-2993.944
-1416.757
-1124.628
-1244.458
-1359.899
-1275.119
-1519.94
-1511.45
-1212.51
-1190.208
-1455.407
-1427.893
-1516.344
-1213.109
-1036.073
-377.8721
-2149.255
-1100.267
-893.8896
-805.2515
-3106.399
-2771.476
-2107.069
-1389.448
-1390.596
-1511.85
-1094.823
-954.9406
-1916.6
-2174.494
-2133.961
-761.184
-1267.431
-784.9407
-830.9238
-184.9366
141.0928
592.7759
1072.471
1811.193
1847.846
1708.722
1306.014
1908.021
203.2615
263.2022
397.2857
1104.412
1264.442
1892.165
2007.287
345.1478
713.9797
715.8977
1591.968
1093.815
885.1323
904.6763
1131.224
1423.797
1317.045
1081.242
826.9208
1040.498
567.4137
1507.708
1528.554
2018.716
2392.133
2440.271
2432.445
3301.973
3179.477
2609.16
2669.233
2644.513
2339.144
2340.957
2611.976
2536.21
2165.156
1923.398
1957.413
2707.556
2689.423
2593.951
2738.046
2752.959
2751.755
1370.422
1394.824
1680.332
210491.5
195594.2
182960.3
170302.4
158328.1
147352.8
137351.1
128052.4
119369.3
110747.8
102971.7
96290.48
89929.05
84339
78659.2
73545.32
68364.25
63952.67
59545.14
55283.82
51494.3
47920.43
44111.78
41050.79
38486.72
34043.88
32497.95
30099.23
28194.02
27496.41
25643.12
23634.05
22445.17
21071.7
19815.05
18173.17
16422.66
15745.22
9661.848
8490.229
7665.344
6777.005
6867.424
6791.795
6122.702
7939.996
4132.185
3283.85
3391.521
3473.39
3201.176
3266.285
3432.657
3413.433
2505.589
3698.054
4288.585
4208.767
3955.809
3786.609
3812.302
3738.709
3537.801
3351.7
3810.372
3537.669
3571.987
3548.546
3632.754
4104.838
4502.95
4473.104
4025.161
4180.901
3982.248
4668.276
4831.796
4326.384
5157.081
5070.171
4513.508
4407.329
4975.745
5133.3
5239.759
5469.778
4950.904
4833.851
4610.09
4378.469
4164.778
3884.742
3482.747
3513.459
3787.524
4944.132
8166.439
6549.68
5875.895
5899.776
4914.71
4586.593
4028.306
3746.867
3329.363
3857.747
3819.429
4042.375
3782.961
3888.261
8593.549
8426.057
8204.753
7196.992
7453.846
6940.967
6366.304
5606.346
-2595.365
-3842.107
-3655.779
-3014.929
-2915.659
-1622.803
-990.7574
-1461.044
-1822.069
46.36115
113.5844
403.3432
1398.804
3215.303
3213.574
3358.727
3431.692
3450.835
3575.398
2572.08
3260.38
3234.814
3592.605
3362.26
3378.386
3054.852
3147.722
3613.651
3528.155
5052.266
5295.28
5859.096
5011.431
4699.697
3800.404
3111.975
3011.216
2523.141
2270.074
2434.068
2895.889
3116.998
2291.196
1962.786
2551.424
2836.305
2600.763
2318.375
1311.689
1462.813
1441.229
1578.292
3350.588
1982.99
1861.563
2175.633
2299.792
1241.1
3880.441
3946.812
4587.343
1450.667
6509.35
6370.299
6648.968
6801.99
7249.382
6619.535
6703.891
6109.795
-4942.648
-5459.013
-4269.722
-3609.072
-3008.063
-2607.555
-2405.291
-2635.159
-2688.044
-2071.7
-2261.361
-1978.06
-1723.475
-1471.181
-1071.248
-2249.746
-2003.007
-1496.398
-870.2429
-757.1289
-1925.294
-2776.924
-5707.849
-1822.964
-1859.882
-1729.383
-1460.619
-1345.687
-635.219
-334.0619
-102.4301
377.5289
820.4291
865.663
540.2655
673.8204
1046.464
1148.786
1402.812
1552.701
1252.595
920.3598
1139.911
1022.731
1040.758
1137.414
1858.71
1769.204
1862.882
2293.31
2404.912
2700.633
2942.116
2655.825
2393.934
2123.26
2395.268
1861.191
2015.903
2291.155
2329.17
2030.852
2585.308
2417.571
2286.53
2287.738
2670.652
2107.312
2151.388
3225.397
2824.104
1138.935
18927.62
17759.2
16428.83
12306.98
195.2544
92.69155
441.4943
654.4842
1260.16
-1387.595
-1388.558
-1132.404
-960.7
-725.2612
-382.58
150.8354
-4315.289
-3393.463
-2859.739
-2309.265
-1342.978
-1035.217
-628.1608
-159.3416
391.9197
525.334
982.2776
1122.624
1634.668
1525.469
2704.477
2689.333
2919.09
3279.964
3117.4
3203.268
3172.2
2431.565
2830.063
2727.339
2729.322
2579.697
2766.868
2717.053
2726.802
216.1193
-206.1521
257.0008
-160.1446
-282.9661
-503.8839
-478.7428
-327.9595
652.6721
1138.308
1748.521
2138.47
2102.476
4603.249
4476.924
4245.017
3905.962
2179.714
2004.258
3003.612
2233.126
2312.92
2290.494
1129.794
3205.578
3175.843
2913.143
2660.237
2807.477
3095.43
8173.119
8044.65
7514.286
6534.532
5584.057
5304.407
4070.911
4022.545
4366.219
5335.178
5141.294
5171.25
4337.92
4505.545
4441.628
4209.812
3408.933
5323.558
5083.351
5483.2
4904.981
3830.688
3666.046
3718.374
3358.273
2655.777
3552.421
5495.37
4917.468
4079.859
4097.797
4256.286
3779.647
3921.615
10116.71
9427.759
8594.911
11981.15
10925.36
10919.11
10279.59
9613.412
9143.282
8848.498
7991.159
7668.99
7470.608
6967.309
7106.958
6751.677
6169.795
6943.006
9961.136
7653.403
10861.41
10358.48
10068.71
17067.67
15367.25
14419.4
13864.87
13253.97
12479.29
11605.39
10862.1
10404.85
10059.74
10109.58
8902.786
8002.345
7564.861
7122.925
7190.722
6900.07
6470.624
-9011.777
-7983.524
-7329.664
-6555.099
-5982.188
-5370.651
-5437.09
-4783.714
-4028.452
-314.7158
-199.7697
946.0467
1006.586
1067.743
279.4107
589.2686
502.8867
773.9077
740.3655
830.0979
1323.836
1442.893
1588.48
1642.678
1636.32
1909.017
2083.802
1991.173
2756.072
2956.393
3217.652
-1499.904
-1959.421
-1764.568
140.8742
1208.793
6637.698
6253.946
6003.749
9399.767
8547.127
8320.574
7966.309
7549.17
7512.786
6744.145
6167.485
5855.7
5190.534
5109.904
4791.49
4508.549
4343.961
5306.156
5161.239
5011.684
4974.599
4863.859
4611.174
4741.122
2371.197
2334.68
2568.453
2041.074
2147.582
3718.764
4540.604
6062.399
-79792.95
-77810.04
-72124.92
-66732
-69733.31
-64615.01
-61570.79
-57020.85
-53595.15
-49569.94
-46160.51
-42665.42
-39361.71
-36886.47
-34409.54
-29082.11
-27137.15
-24951.01
-23291.8
-21476.59
-19073.56
-18126.15
-16876.6
-15298.4
-14398.95
-13506.47
-12493.41
-11306.17
-9463.645
-8642.351
-6726.188
-6520.506
-5811.463
-5200.75
-4537.552
-3465.867
-1018.593
-898.9228
1744.26
1540.018
1542.222
1636.832
1803.383
1907.102
1840.4
3360.334
3208.507
2945.759
1714.215
2702.601
2504.188
2703.102
2395.189
2316.516
2402.922
1411.882
1382.306
1277.955
1329.821
1418.362
1289.792
1562.106
-663.5633
-683.1834
-1189.357
-642.0605
-919.4859
-496.2526
-305.7586
-1204.85
-168.9108
379.2479
251.6627
311.4424
596.1011
787.4591
4959.112
5185.423
4985.588
31201.87
29728.09
28042.23
26715.58
25016.94
23831.11
22778.86
20637.59
19750.7
18265.22
17641.75
16559.94
16063.28
15469.5
13337.93
9864.498
10287.2
11120.53
10785.06
9449.125
9157.221
8615.97
8892.48
8841.734
8666.499
8027.917
7733.924
7859.103
7256.654
6193.498
5890.277
6323.324
6619.39
6443.607
6060.164
5589.858
5503.601
3952.811
3901.727
3757.142
3877.861
9591.351
9338.911
10698.04
10952.06
11344.76
10879.77
10219.17
8968.152
7795.838
7390.352
6505.311
5482.02
4865.657
4889.406
4500.001
5005.889
4456.334
3907.207
3485.125
3401.319
3304.128
3185.532
4381.955
5396.663
4943.46
5293.986
5568.069
5100.807
5075.444
4278.273
12488.94
11529.15
11036.86
10269.7
9453.431
9406.52
8750.392
8234.178
7452.137
7098.966
7021.873
6754.138
6337.764
6433.437
5786.196
5581.173
5449.407
5063.785
2192.252
1863.147
1885.568
3085.687
2937.503
-2841.753
-3538.77
-2761.769
-2787.743
-2671.705
-2600.19
-2021.089
-2959.955
-2982.579
-3776.232
-3160.659
-2870.723
-2423.966
-2073.104
-1657.298
-1534.763
-574.8339
-503.1402
-139.6987
258.8409
1055.708
1804.366
1865.742
1712.296
-3986.125
-3654.249
-2474.927
-2047.402
-2084.643
-1972.085
-643.6096
-795.7137
-2796.255
-233.0763
-88.0847
-208.9185
1725.969
2205.016
1926.761
2155.317
2477.561
2370.421
1793.993
1415.002
1205.373
1144.842
1436.113
1789.322
2024.882
2483.273
2344.75
2259.473
2011.981
2188.498
2231.219
2046.279
1961.911
1850.628
2017.405
2335.507
2226.795
1950.185
1770.821
2744.174
2895.869
2277.933
2348.982
2422.482
2335.59
2056.257
1791.54
1756.149
1715.118
-881.4667
1516.18
1883.396
2245.104
2689.997
2973.454
3076.708
-288.4418
-1695.03
-1283.182
-844.408
398.6509
140.7262
690.3347
804.3631
685.092
835.8647
1071.255
1105.021
1368.663
3576.505
3634.009
3116.755
2227.731
2066.001
2213.179
3306.768
3817.392
4123.313
3541.472
3684.216
3562.532
3690.901
4710.149
4981.316
4768.995
5251.956
6600.328
6310.527
-1314.964
-3754.157
-6414.715
-5650.711
-3789.052
-3169.47
-2142.968
-2351.362
-1677.189
-1297.884
-891.4955
-5434.72
-4565.893
-4236.596
-7765.571
-7042.873
-6110.124
-6998.891
-6080.827
-5937.494
-5009.631
-3918.279
-3335.472
-2932.648
-2465.221
-2147.014
-2033.763
-872.4492
-1135.951
-809.5781
-309.8452
6.774753
962.0741
1695.228
1841.948
1029.089
476.2029
1245.247
2838.852
2010.705
2356.337
1977.737
2278.901
-846.2626
-632.2503
77.0574
-7821.595
-6642.186
-5883.857
-7167.49
-6277.302
-6143.558
-4752.946
-5371.306
-4339.662
-1617.298
-1435.675
-1875.534
-1345.933
-1125.084
-770.5387
-492.3773
-142.189
625.8215
1014.657
1423.3
-1301.258
-1150.875
-1820.887
-1648.117
-1523.845
-1094.376
-1102.349
-1391.889
-683.8292
210.9799
142.1687
512.3968
1014.979
1602.395
-22.17585
347.0515
662.8791
1200.249
1256.809
895.2958
-4018.313
-3670.796
-4950.129
-4339.85
-2949.603
-2566.562
-2812.541
-2416.285
-2421.665
-1957.4
-2472.204
-1997.602
-2052.01
-2668.322
-1776.674
-1550.34
-1054.405
-2577.698
-2133.963
-1074.35
-156.1069
590.8215
656.1938
1365.091
1652
1995.14
1049.97
1065.423
1088.78
1037.688
1515.919
1464.782
2112.52
2083.764
1091.87
1215.801
1907.744
2028.282
1294.811
1643
2125.725
2384.599
2615.633
2480.612
2710.873
2981.681
3068.503
3069.874
3127.004
3067.198
3429.606
3377.812
3767.011
2726.275
2772.85
3141.228
3081.482
2904.102
3779.08
2636.652
3027.755
2364.228
3238.324
4238.691
4273.037
3671.577
4144.101
3971.374
4131.934
4095.065
4115.387
4236.635
4914.889
4875.699
7912.922
6950.811
7159.576
4291.357
3769.491
937.2665
579.5376
664.0417
804.3808
930.4275
1065.911
-1055.24
-3556.901
-3403.94
-2560.195
-1527.376
-1042.983
-607.8637
-2379.538
-447.2336
-58.89821
578.9843
3283.714
-1033.15
-362.255
144.3411
458.5441
1068.504
1881.371
5829.439
5675.806
5443.771
5520.299
4916.138
4830.075
4505.507
4241.84
292.3426
1032.284
1281.853
215.9113
-6.904199
95.52216
441.6333
-6274.886
-5887.065
-6232.505
-5604.637
-5031.911
-4776.932
-4376.366
-3116.063
-2631.95
-2284.191
-1104.1
-2629.926
-2020.459
46.80671
-405.53
111.3944
380.3363
-26.8691
-915.1946
-887.9938
-227.3772
599.6897
1784.179
1743.626
-19441.09
-19043.95
-19193.63
-15896.95
-14634.33
-11823.22
-10164.6
-8406.218
-7415.72
-8633.195
-10806.21
-9700.964
-8045.942
-7091.366
-6274.992
-5332.823
-4618.118
-4038.623
-4160.68
-3909.37
-3103.683
-3058.011
-1887.396
-4058.324
-3459.266
-3065.414
-3318.337
-2981.416
-2688.668
-2312.047
-1666.708
-1133.404
-611.5754
-50.3788
84.77309
1529.363
20068.36
18820.13
16860.9
16222.24
15300.05
14233.52
14705.26
14011.17
13750.37
12402.54
11849.22
10923.86
10782.33
10192.67
9573.366
8774.838
8284.192
8464.392
8311.973
13893.57
15747.54
15125.78
14269.18
13187.5
11248.24
9952.031
9621.846
9231.345
9929.905
9188.217
9004.711
8699.747
9970.051
9364.711
10150.82
9233.996
9253.488
8928.025
8564.094
8348.295
7986.058
7575.387
6436.188
-7893.752
-7238.964
-6514.307
-5346.295
-5816.498
-5157.05
-4448.353
-3776.49
-2996.276
23587.84
22369.21
21182.49
20143.86
17832.99
17305.74
10622.94
10062.61
9762.125
9110.681
8118.695
7736.169
6826.064
6670.786
5764.114
5715.921
5538.908
5446.809
5331.506
5645.956
6544.23
6170.132
5805.5
8470.81
8113.59
7605.826
7613.302
7259.674
7049.598
7021.184
5506.785
4965.182
6389.275
6597.025
5578.079
6172.794
5541.653
5920.872
6313.386
6066.36
5710.525
5948.441
6385.826
6318.59
6753.247
6463.073
8774.166
1319.527
608.4033
1031.565
1242.785
1665.403
4684.795
5981.697
6673.263
6570.065
6099.321
4682.63
4181.277
3930.641
4018.783
4342.618
4215.961
4212.128
3867.021
3902.49
3979.334
3866.457
2622.305
2613.17
2539.683
2326.988
2689.135
1720.448
2022.616
2315.14
2807.978
3110.228
5811.662
5453.598
8240.426
7854.604
7617.479
7568.75
7484.055
7650.721
7361.584
3767.504
3351.622
3658.305
3580.791
3507.139
3429.329
3510.768
3507.4
3471.285
911.722
-4299.061
-3448.909
-4898.894
-4285.799
-3538.594
-2842.249
746.3289
3753.597
3936.33
3857.708
3656.652
3933.938
3789.374
3598.006
704.7871
1379.482
-1545.273
-1202.449
-1624.525
-1110.765
-17227.15
-13974.37
-13015.75
-12232.52
-10842.2
-9773.608
-8888.744
-8329.069
-7384.062
-7091.54
-6304.793
-4939.631
-4777.454
-4093.224
-4613.326
-4210.305
-3353.336
-3214.857
-2535.131
-1687.131
-1710.61
-3120.078
-2851.968
-2529.376
-2403.163
-1984.074
-1769.36
-892.4905
-213.532
-1435.612
-820.9593
-543.8444
855.4322
1527.492
2005.773
1798.882
2259.499
2383.098
2454.549
2696.604
2398.393
2050.17
-3817.756
-3788.309
-3925.664
-6207.589
-5212.267
-4279.671
-3309.451
-2679.969
2524.795
2572.602
2790.273
2924.081
2997.67
2652.985
2589.631
2703.671
5599.872
5561.776
-50968.91
-47210.86
-43709.41
-40860.89
-37510.59
-34675.43
-31873.19
-29991.5
-27354.43
-22989.46
-21140.55
-19372.45
-17480.79
-19950.1
-18469.51
-16895.06
-15204.15
-14020.68
-13512.95
-12220.27
-11231.8
-10568.48
-10403.95
-10685.11
-8548.831
-8070.327
-7371.014
-6695.676
-5769.374
-5865.404
-4918.652
-4584.928
-4214.072
-4094.684
-3469.323
-2612.626
2620.584
2372.711
2170.606
2644.985
2852.372
5107.096
5123.081
4676.384
6640.556
6043.279
5779.34
6121.981
5999.55
6271.548
5434.37
6081.014
5578.948
5623.178
5702.89
5336.011
5429.279
4989.765
5055.743
4854.951
4587.415
4471.215
-4687.041
-3638.348
-2999.978
-3003.118
-2884.462
-2578.958
-2211.127
-1571.431
-1004.107
-2473.655
-2180.633
-1714.07
-1157.934
-1176.889
-749.945
-155.316
-909.6163
4.552607
399.7363
516.2002
772.1485
1004.765
19086.75
15919.63
15278.46
14961.36
14227.46
13418.61
12837.73
12290.02
13119.04
13247.55
12756.05
11709.74
11283.59
14294.42
13522.81
12279.44
12228.66
11520.53
10425.96
9903.697
8843.785
8497.899
8921.075
8108.137
7424.541
7339.409
2799.665
2815.672
4210.624
4383.843
4313.608
4918.656
4868.863
4850.348
4888.882
4702.57
3874.38
3645.217
3813.332
3913.249
3462.019
4006.029
3532.274
3366.248
3245.308
3166.185
2746.395
13576.76
-20229.39
-19196.57
-17938.62
-16469.45
-12800.09
-11719.1
-10343.05
-9392.315
-8336.444
-7867.524
-10045.85
-9410.575
-8921.005
-7647.049
-6707.519
-6269.585
-5702.564
-4425.998
-3898.312
-3394.365
-2431.656
-2158.737
-2183.732
-1970.774
-1707.277
-1308.742
-1045.048
-739.7562
-497.7342
-566.1045
-458.9555
-295.7169
229.1028
5529.36
4974.655
4055.711
3525.513
3796.065
3321.101
121.0427
29512.41
