-235.866
144.4802
63.9067
129.6378
140.8041
137.9526
-279.0463
229.4464
159.9031
215.5604
86.34837
135.8547
155.2261
109.6425
154.8982
141.9165
166.0731
566.8462
238.474
134.9434
155.9395
137.0055
137.8648
161.7567
-210.4626
62.4475
171.1259
-36.89881
116.5191
178.9934
127.1178
167.4174
163.2866
167.312
191.7497
152.9961
430.8843
190.131
125.4245
63.21753
120.7015
129.9313
146.6679
197.0393
122.2954
85.93264
151.9832
112.6653
-2314.955
-201.0762
61.56471
-352.8093
98.94359
43.17633
116.0353
138.2145
219.5442
108.9029
26.47474
125.2369
-1980.186
64.57031
125.5983
325.0265
183.3866
166.0798
129.1042
167.3079
110.7645
157.6361
108.9563
122.1182
107.1918
30.91286
111.9747
1038.402
303.9071
66.97769
126.168
95.58343
359.1547
260.6127
167.8071
5.229462
-20.03507
-314.1325
-208.9732
23.17525
109.5116
109.2165
26.91787
35.5568
128.3823
85.44049
102.7923
93.69989
102.8328
103.939
79.63298
137.8483
98.98725
76.98262
149.014
-149.5811
-136.5574
54.66504
99.47942
4.514871
79.69429
74.99341
51.86122
27.23123
123.4833
57.81379
75.18175
74.96161
67.22612
120.9288
263.6029
139.9521
-17.29007
48.56053
133.7921
36.42146
-2.941519
67.40303
48.49487
-194.4542
-77.33005
6.654415
43.38182
33.55136
45.39006
19.57777
103.4848
79.57799
70.91623
304.2572
2.823441
-3.671312
51.35122
63.66598
48.62096
64.92948
-134.3243
-342.626
-31.04588
-18.92112
30.61463
-30.31555
42.68268
3397.307
499.1925
44.00424
-73.06178
29.42011
1.322031
-12.40946
126.1847
-51.94533
-59.89044
-98.71356
203.8741
31.02035
-77.49965
-58.85216
-27.85908
1069.37
130.4186
-3.577805
-85.07857
-43.97616
6.578965
-180.0613
-3.834584
60.68626
-144.7373
-93.72082
-163.3177
-94.81233
-20.83917
84.70577
-93.24107
-88.27757
-109.7281
-34.24644
-68.59585
-104.4765
-101.781
-102.0189
-64.81218
45.76883
78.40587
-85.95643
-110.1743
-86.39531
-90.48205
394.907
88.34706
-149.5175
-77.0246
-94.04235
-123.7058
-113.1454
-142.5737
55.70655
-147.4228
-208.542
-49.91937
-149.8868
-303.4217
-0.5345139
-162.9939
-201.8299
-182.5544
-200.9035
-226.0822
-222.2039
-222.6295
-359.2813
-203.7412
-202.3875
-151.5971
-403.0217
-10769.42
-1780.431
-400.0291
-627.921
-317.0011
-249.1349
-237.3216
-218.578
-217.1403
-240.2722
-370.0876
-247.255
-219.042
-259.6314
-481.25
-284.4134
-206.8597
-323.5975
-229.6909
-261.3176
-306.1801
-293.7485
-101.6921
-872.1142
-518.6679
-221.4783
-398.3042
-398.0191
-501.8222
-313.3725
-370.8783
-320.2401
-304.6172
-245.4283
-339.6505
-306.9045
-373.5314
-350.2433
-359.498
-362.0424
-384.2861
1635.584
-222.8445
-155.7267
-232.411
-343.1778
-364.7997
-329.1765
-370.5204
-333.949
-619.5963
-435.0011
-433.7559
-385.5996
-412.7389
-485.4939
-437.8014
-425.3036
-400.7577
-359.2237
-750.2829
-505.175
-431.6151
-409.233
-372.2811
-418.3119
-496.3001
-497.5421
-392.6399
-451.5584
-485.2511
-447.644
-499.4384
-283.3958
-396.8098
-417.5406
-480.0238
-724.6416
-419.7979
-464.3816
-554.0143
-482.81
-527.0634
-514.5979
4897.216
365.8625
-336.235
-470.9646
-536.0166
-540.2694
-557.9808
-555.1408
-537.2465
-521.8995
-909.2763
-528.7248
-641.122
-576.8532
-529.1705
-591.3941
-560.7258
-673.687
-583.4163
-629.9569
-535.1816
-559.4174
-617.1676
-630.9577
-528.0032
-638.4736
-607.5408
-568.3178
-575.5181
-545.7145
-615.2274
-646.9751
-569.3994
-657.3757
-571.0601
-618.7152
-664.967
-868.586
-521.6197
-675.9752
-379.6595
-589.3515
-661.4394
-650.5528
-595.7254
-664.3171
-685.6101
-701.2606
-696.1017
-763.9049
-717.1645
-713.6824
-681.7353
-653.9338
-1052.011
-737.9562
-679.6322
-704.5476
-755.4397
-769.1123
-704.6975
-752.6492
-791.5112
-364.5376
-703.8022
-766.1756
-824.3803
-755.8018
-749.1767
-772.3066
-745.0565
-762.6854
-797.0112
-697.4772
-752.7099
-828.9894
-788.6209
-682.3924
-816.3243
-788.4705
-843.2407
-769.4089
-835.9141
-740.9354
-656.0601
-835.3255
-811.3529
-764.6433
-802.0625
-824.8412
-839.551
-860.9601
-822.8811
-809.0657
-778.353
-894.523
-996.0745
-896.7302
-809.3536
-851.6509
-783.5455
-823.1636
-988.8076
-1366.474
-1004.644
-736.8033
-725.3001
-849.3569
-896.632
-1071.581
-1042.785
3227.422
-963.2931
-934.0126
-908.1928
-843.7036
-938.7427
-874.1761
-884.718
-744.4447
-858.5572
-863.6665
-919.0379
-844.7856
-1005.631
-919.32
-1049.967
-949.5228
-947.0119
-919.1832
-902.4102
-822.6369
-592.2638
-918.8225
-939.9937
-1052.27
-1010.294
-974.9837
-888.139
-750.8156
-929.3093
-1065.001
-1002.482
-945.9134
-972.0174
-1390.236
-994.9429
-1076.017
-1030.609
-974.7482
-967.8922
-973.7952
-12893.09
-2563.855
-1204.426
-1026.751
-994.0294
-1079.486
-1006.121
-983.9443
-1040.335
-1059.254
-995.5557
-960.2855
-1021.872
-1053.902
-1184.111
-1091.125
-1021.613
-931.4854
-1026.993
-1036.654
-1011.376
-1052.393
-1022.57
-1020.977
-1023.292
-936.9689
-775.0944
-998.2123
-1064.001
-1050.198
-1077.182
-981.2297
-1087.899
-995.3751
-1125.398
-1000.367
-980.5512
-1003.401
-773.456
-1017.34
-1026.552
-1079.089
-1063.651
-1048.276
-1060.006
-1047.886
-1037.189
-1069.377
-1091.034
-1106.09
-1120.704
-1095.904
-1131.128
-1100.383
-1184.622
-1094.146
-986.4357
-1085.439
-1146.78
-1081.129
-1089.23
-1038.29
-1046.976
-1069.954
-1100.082
-1117.34
-1099.667
-1072.564
-1098.273
-1115.726
-1068.68
-1102.135
-1195.357
-1212.353
-1134.203
-1747.433
-1216.501
-1769.526
-1206.219
-1010.059
3756.475
-468.139
-1039.665
-1078.233
1032.749
-895.9594
-1099.851
-1063.934
-1190.758
-1085.42
-1077.097
-1128.347
-1167.354
-1130.628
-1082.297
-1127.619
-1494.778
-1186.119
-1088.319
-980.1188
-1056.621
-1222.541
-1196.664
-1165.289
-1175.426
-1130.084
-1052.965
-1192.699
-1180.4
-1308.436
-1478.319
-1165.325
-1156.04
-1103.115
-1174.874
-1132.746
-1144.831
-1038.382
-1129.215
-1140.31
-1172.09
-1099.232
-1388.964
-1210.149
-1128.843
-739.3472
-1041.94
-1150.513
-1159.337
-1129.408
-1084.949
-1001.457
-1131.553
-865.968
-1363.802
-1139.507
-1157.701
-2549.341
-1343.255
-1172.66
-1143.28
-1165.023
-1156.331
-1110.07
-1231.15
-1201.295
-1125.29
-1117.986
-963.2681
-1029.31
-1196.168
-1141.327
-1189.116
-1171.004
-1151.589
-1039.06
-994.9214
-1045.321
-709.9675
-1308.136
-1166.416
-1111.274
-1196.537
-1004.042
-1137.851
-1058.595
-1169.718
-1149.358
-1115.152
-1143.93
-1156.703
-1133.628
-1142.723
-1230
-1122.23
-1101.403
-1203.502
-1131.353
-144.749
-1204.93
-1168.827
-1106.071
-1273.31
-1097.282
-1150.056
6250.78
-91.20478
-1060.145
-1177.026
-1134.2
-1132.235
-1012.723
-1221.718
-1117.392
-1103.368
-1128.277
-963.2451
-1124.176
-1194.243
-1054.804
-1114.131
-1111.443
-1134.075
-1205.029
-1007.872
-1112.538
-1139.085
-1135.126
-1248.553
-1155.282
-1136.215
-1157.809
-1097.358
-1111.782
-1196.857
-1134.694
-1135.024
-1130.831
-1152.643
-1097.34
-1124.863
-1132.371
98.77711
-897.5401
-1636.27
-1198.263
-1113.968
-1145.8
-1127.856
-1087.02
-1058.398
-1193.914
-1130.19
-1125.158
-1159.445
-1123.559
-1176.524
-1109.966
-764.1593
-1212.023
-1280.802
-1293.109
-1114.191
-1108.65
-1125.71
-1046.567
-1105.823
-1118.816
-1120.162
-1108.727
-1130.128
-1103.083
-1102.546
-1192.458
-1107.455
-1170.425
-1118.652
-1050.19
-971.9666
-1811.856
-1116.649
-1114.636
-1140.955
-1111.407
-1101.855
-1098.439
-1120.493
-1082.875
-1105.183
-1075.477
-1126.168
-1114.521
-1148.861
-1101.439
-4064.81
-1363.115
-1132.402
-1847.123
-1209.014
-975.8805
-1077.344
-1090.288
-1224.735
-1129.435
-1075.8
-1100.336
-1233.793
-1492.824
-306.7827
-865.622
-1042.166
-1067.651
-1033.85
-1116.095
-1013.377
-1031.382
-1091.003
-1155.85
-1048.694
-1089.074
-1044.446
-1119.367
-1204.63
-1091.962
-972.4491
-1068.121
-941.478
-963.7673
-1161.19
-1059.458
-1129.036
-1116.646
-332.6121
-1112.96
-1065.608
-1192.802
-1034.681
-922.1094
-1291.678
-1259.921
-1146.161
-1158.309
-1036.056
-960.8241
-1451.861
-1218.904
-954.5483
-971.5905
-970.9421
-1385.768
-1103.365
-1108.451
-1126.665
-1116.137
-1114.56
-997.7991
-988.4583
-1102.28
-1118.216
-1044.565
-1108.24
-1116.703
2036.877
-654.5507
-1078.663
-1077.602
-1149.691
-1073.314
-53.80934
-520.7404
-1001.478
-928.9167
-1182.21
-1114.966
-1128.731
-1102.133
-1082.753
-1091.413
-1142.779
-1126.5
-1143.663
-1113.707
-893.8274
-1052.795
-1142
-1189.464
-1221.85
-1129.955
-995.6365
-1141.736
-1147.77
-1186.608
-651.5377
-1046.85
-1138.366
-1069.198
-1127.06
-1125.004
-1222.482
-1119.324
-1092.543
-1087.839
-1157.939
-1116.493
-1195.723
-1127.238
-1151.596
5826.302
-219.419
-948.321
-1095.034
-963.2691
-1141.427
-912.6296
-1117.657
-573.1524
-1075.624
-1248.954
-1163.883
-1044.376
-1147.411
-1269.875
-1023.433
-1145.256
-1127.944
-1153.576
-1170.896
-1200.416
-1196.005
-1134.093
-1252.735
-1186.242
-1131.494
-1133.757
-1138.958
-917.0196
-1084.715
-1148.123
-1192.431
-1202.611
-1351.721
-1719.83
-1273.975
-1195.051
-1203.967
-1283.173
-1207.984
-1212.961
-1213.514
-1216.257
-1176.108
-1146.827
-1217.961
-1180.699
-1179.083
-1195.059
-1195.545
-1166.93
-1238.863
-2055.905
-1323.245
-1097.104
-1231.076
-1211.821
-1236.499
-1271.645
-1209.806
-1857.648
-1298.73
-1227.6
-1240.451
-1250.673
-1333.423
-1282.988
-1233.776
-1193.538
-1236.717
-1229.296
-1275.92
-551.4332
-989.4254
-1203.172
-1260.266
-1179.117
-1328.32
-5446.535
-1866.318
-1324.528
-880.4911
-1062.366
-1252.739
-1294.516
-1294.948
-1316.649
-1349.204
-1439.864
-1277.895
-1351.662
-1329.189
-1401.142
-1300.306
-1310.596
-1219.242
-1945.178
-1404.065
-1382.634
-1459.645
-1242.743
-1343.632
-1283.046
-1332.773
-1288.798
-755.0952
-1278.14
-1453.077
-1304.794
-2605.1
-1533.632
-1381.329
-1308.868
-1343.866
-1419.191
-1505.206
-1406.274
-1419.334
-1378.816
-1421.011
-1368.875
-1351.763
-1351.746
-1387.015
-1364.679
-1400.882
-1376.791
-1419.594
-1391.02
-1377.122
-1403.517
-1388.301
-1417.163
-1414.74
-1601.699
-1410.938
-1426.483
-1346.503
-1538.436
-1531.294
-1388.056
-1434.837
-1485.821
-1401.002
-1210.339
-1398.184
-1465.376
-1512.496
-1476.271
-1524.361
-1485.047
-1469.183
-1705.805
-1533.286
-1547.395
-23048.02
-4326.291
-1885.965
-1550.629
-1597.881
-1451.098
-1459.639
-1294.239
-1470.664
-1364.875
-1603.733
-1538.794
-1535.125
-1422.375
-1509.882
-1505.963
-2009.248
-1665.288
-1550.068
-1469.868
-1708.949
-1619.317
-1525.174
-1623.552
-1776.011
-1631.031
-1671.697
-1528.758
-1602.483
-1616.742
-1675.146
-1670.342
-1557.809
-1689.291
-1577.386
-1461.444
-1603.123
-1506.648
-1609.537
-1669.537
-1804.132
-1023.201
4158.006
-820.5622
-1594.119
-1682.636
-1688.192
-1479.302
-1569.927
-1656.026
-1677.61
-1695.173
-1652.75
-1685.384
-1641.383
-1662.745
-1729.649
-1637.204
-1699.274
-1651.512
-1664.427
-1729.63
-1726.098
-1733.724
-1728.508
-1524.242
-1732.37
-1592.481
-1747.443
-1780.379
-1737.408
-1763.791
-1868.112
-1771.86
-1661.413
-1757.673
-1737.85
-1796.835
-1650.465
-1815.213
-1173.123
-1714.389
-1996.438
-1880.668
-1843.074
-1811.896
-1875.433
-1700.753
-1760.168
-1760.442
-1802.442
-1811.08
-4478.569
-2086.548
-1827.101
-1887.743
-1930.89
-1834.858
-1848.712
-1889.36
-1878.019
-1797.332
-1865.943
-2018.962
-1739.906
-1369.653
-1795.169
-2002.124
-1869.889
-1826.747
-1978.776
-37170.25
-6721.931
-2565.781
-2145.591
-1986.93
-1887.843
-1938.619
-1989.789
-1943.295
-1473.474
-1872
-1994.459
-1961.745
-1980.741
-1920.701
-1948.081
-1814.006
-1916.979
-1941.851
-2125.614
-1950.821
-1864.765
-1901.006
-1967.934
-2030.146
-1866.377
-2002.447
-2006.17
-2029.941
-2116.019
-1907.793
-2027.664
-2045.208
-2112.044
-1920.927
-1991.816
-2034.345
-1978.759
-2004.694
-1784.811
-1974.473
-2205.755
-2068.631
-1985.026
-2031.058
-2085.159
-2071.296
-2204.288
-2055.548
-2162.907
-2092.918
-2029.66
-2214.092
-2063.789
-2018.798
-2128.675
-2121.32
-2094.123
-2096.09
-2088.758
-2572.245
-3056.973
-2267.032
-2367.535
-2128.134
1185.882
-1777.664
-2081.618
-2091.387
-2150.933
-2122.068
-2157.977
-2141.154
-2179.824
-2123.444
-2101.583
-2164.336
-2219.861
-2194.295
-2104.682
-322.159
-1888.831
-2119.384
-2146.489
-2324.299
-2138.813
-2232.315
-2208.931
-2164.492
-2207.719
284.4306
-1852.828
-2195.641
-2173.998
-2130.224
-2002.255
-2166.53
-2181.791
-2185.829
-2288.535
-2062.015
-2240.196
-3205.318
-2309.527
-2232.262
-2248.19
-2190.725
-2433.163
-2269.974
-2233.289
-2172.449
-2235.664
-2276.446
-2132.339
-2218.64
-2233.136
-2307.235
-2170.685
-2160.602
-2240.228
-2260.858
-2242.104
-2236.961
-2247.743
-2209.336
-2171.374
-2266.346
-2282.902
-2268.284
-2174.999
-2238.001
-2255.181
-2033.795
-2201.243
-2252.18
-2299.285
-2231.765
-2274.356
-2311.807
-2277.541
-2311.824
-2271.806
-2671.732
-2250.156
-2309.155
-2325.738
-2304.134
-2221.23
-2284.448
-2357.27
-2329.781
-1780.175
-2394.682
-2324.277
-2250.251
-2317.992
-2361.614
-2313.782
-2336.183
-2323.055
-2340.701
-1197.55
-1580.175
-2261.828
-2232.067
-1716.362
-2284.275
-2312.479
-2248.879
-2292.878
-2275.499
-2447.284
-2419.482
-2706.059
-2581.088
-2414.903
-2392.46
-2387.481
-2346.325
-2364.544
-2403.375
-2344.838
-2380.823
-2343.658
-2299.909
-2380.142
-2334.818
-2379.394
-2347.168
-2324.345
-2343.554
-2284.774
-4489.108
-2647.513
-2407.926
-2363.654
-2315.518
-846.9459
-2166.108
-2408.021
-2443.572
-2361.863
-2388.81
-2339.149
-2394.789
-2323.535
-2343.842
-2384.588
-2448.03
-2453.146
-2371.686
-2408.055
-2437.188
-2446.216
-2358.199
-2404.424
-2395.133
-2340.23
-2347.656
-2376.282
-2360.578
-2407.57
-1522.295
-2223.085
-2265.609
-2316.399
-2387.714
-2466.437
-2394.952
-2419.13
-2364.027
-2537.894
-2496.358
-2396.946
-2379.627
-2899.917
-3526.89
-2569.253
-2422.544
-2385.07
-2400.538
-2393.342
-2378.391
-2374.218
-2323.49
-2394.772
-2365.964
-2359.912
-2401.963
-2444.537
-2385.25
-2363.067
-2422.35
-2395.709
-2342.05
-2409.574
-2241.817
-2268.955
-2400.072
-2314.014
-2322.604
-2343.736
-2432.415
-2367.079
-2357.798
-1562.169
-2238.212
-2363.953
-2415.475
-2378.627
-2393.37
-2414.937
-2403.318
-2403.066
-2390.909
-2436.863
-2241.405
-2352.766
-2366.192
-2381.068
-2381.323
-2343.929
-2617.919
-2435.625
-2387.615
-2386.801
-2431.412
-2411.175
-2375.773
-2390.87
-2231.071
-2288.834
-2304.269
-2363.896
-3074.028
-2685.842
-2407.341
-2399.93
-2787.343
-2406.365
-2243.573
-2434.903
-2452.839
-4007.3
-2901.785
-2442.404
-2375.992
-2376.346
-2377.625
-2219.602
-2342.935
-2481.445
-2373.42
-2408.512
-2375.301
-2537.655
-2387.274
-2324.792
-2347.756
-2354.465
-2524.253
-2429.732
-2348.922
-2363.533
-2323.444
-2253.627
-2325.661
-2359.643
-2388.389
-2378.375
-2250.964
-2326.651
-2351.569
-2447.85
-2389.32
-2388.233
-2304.379
-2551.351
-2371.549
-3264.469
-2476.11
-2456.925
-2381.929
-2240.985
-2268.749
-2360.743
-2341.493
-2236.424
-2243.42
-2320.669
-2340.245
-2383.331
-2393.735
-2312.029
-2394.052
-2312.8
-2324.032
-2378.539
-2391.648
-2538.279
-2419.543
-2375.182
-2383.89
-2633.866
-2323.449
-2322.388
-2192.965
-2070.58
-2294.671
-2332.64
-2052.174
-2309.217
-2445.481
-2349.427
-2307.338
-2333.548
-2334.799
-2342.253
-2362.772
-2352.248
-2280.996
-2388.465
-2380.017
-2392.336
-2366.773
-2369.73
-2430.964
-2348.56
-2321.174
-2271.903
-2320.011
-2255.084
-2229.04
-2301.214
-2293.087
-2285.071
-2277.163
-2393.184
-3695.555
-2502.559
-2359.856
-2284.762
-2305.461
-2351.927
-2310.575
-2965.822
-2392.026
-2304.11
-2359.641
-2317.978
-2391.513
-2212.743
-2294.934
-2366.079
-2297.265
-2362.512
-2443.938
-2266.463
-2338.535
-2357.528
-2333.151
-2465.095
-2354.263
-2350.928
-2341.773
-2355.466
-2300.772
-2300.598
-2271.479
-2315.014
-2307.894
-2318.249
-2394.053
-2338.835
-2314.162
-2298.287
-1575.053
-2238.825
-2392.283
-2365.031
-2297.287
-2323.791
-2988.201
-2467.035
-2230.373
-2295.223
-2475.533
-2410.176
-2639.284
-2381.168
-2336.983
-2555.912
-2381.7
-2351.751
-2350.636
-2376.274
-2343.849
-2368.164
-2365.302
-2371.738
-2342.39
-2368.877
-2227.78
-2497.022
-2723.8
-2371.068
-2356.086
-2336.252
-2391.096
-2547.473
-2304.775
-2315.584
-2408.836
-1997.709
-2302.176
-2287.112
-2418.852
-2419.544
-1481.761
-2264.16
-2150.537
-2099.569
-2331.671
-2311.538
-2386.073
-2324.683
-2367.111
-2361.478
-2372.06
-2438.7
-2710.596
-2688.786
-2391.243
-2381.699
-2366.952
-2232.116
-2317.159
-2447.535
-2420.697
-2398.937
-2385.254
-2382.95
-2366.49
-2371.153
-2479.803
-2568.617
-2445.845
-2301.035
-2803.754
-2488.007
-2342.836
-2369.159
-2323.307
-1878.947
-2331.987
-2382.581
-2387.227
-2478.087
-4199.728
-2677.028
-2443.254
-2405.076
-2428.785
-2427.406
-2077.035
-2450.084
-2421.705
-2215.034
-2409.482
-2493.565
-2417.091
-2404.608
-2378.074
-2382.592
-2390.219
-2485.27
-2477.075
-2486.793
-2425.096
-2464.366
-2383.906
-2336.929
-2502.143
-2502.264
-2488.209
-2425.358
-2619.69
-2389.085
-2479.3
-2433.308
-2500.128
-2473.799
-2504.643
-2356.303
-2387.811
-2422.369
-2456.02
-2328.537
-2457.016
-2522.144
-2488.811
-2517.319
-2488.362
-2544.086
-2459.871
-2526.125
-2511.834
-2553.929
-2478.782
-2485.235
-2502.809
-2490.183
-2519.478
-2561.577
-2487.229
-2494.914
-2665.835
-2135.317
-2512.445
-2681.7
-2557.11
-2552.328
-2519.206
-2625.743
-2543.144
-2528.241
-2512.923
-2589.671
-2622.494
-2555.306
-2880.001
-2581.825
-2561.827
-1006.143
-2192.243
-2075.532
-2519.453
-2622.541
-2534.702
-2587.016
-2579.886
-2559.862
-2640.126
-2536.473
-2555.591
-2563.032
-2662.873
-2605.801
-2616.67
-2547.061
-2753.626
-4407.86
-2807.476
-2517.054
-2617.223
-2678.513
-2660.102
-2667.556
-2557.288
-2625.671
-2608.013
-2552.897
-2569.764
-2680.876
-2566.129
-2651.523
-2657.126
-2666.178
-2681.919
-2576.421
-2672.555
-2663.649
-2729.225
-2696.143
-2920.282
-2744.637
-2603.024
-2656.71
-2533.638
-2638.031
-2762.29
-2709.016
-2690.438
-2910.589
-2738.874
-2763.07
-2742.502
-2733.572
-2808.761
-2712.903
-2801.881
-2730.206
-2767.54
-2822.632
-2710.613
-2359.67
-2762.981
-2688.622
-3240.483
-2751.854
-2747.652
-2735.737
-2686.931
-2751.245
-2753.605
-2764.351
-2773.751
-2673.08
-2885.795
-2790.042
-2875.15
-2821.623
-2808.214
-2947.276
-2780.878
-2518.901
-2802.916
-2820.007
-2793.822
-2802.003
-2803.626
-2846.417
-2824.016
-2819.3
-2749.769
-2909.936
-2741.94
-2850.906
-2922.384
-3026.059
-2869.883
-2893.411
-2778.85
-2910.549
-2834.684
-2848.977
-2901.957
-2916.324
-3060.958
-3072.107
-2965.094
-2864.396
-3020.734
-2950.051
-2945.949
-3081.553
-2937.157
-2951.545
-3011.526
-4214.726
-3043.806
-3664.786
-3037.424
-2974.367
-2793.72
-2915.508
-2951.347
-2940.177
-3029.47
-2798.448
-2981.195
-2971.406
-3020.012
-3094.961
-2995.82
-2690.621
-2900.731
-2841.989
-2895.233
-3062.579
-2996.018
-3015.303
-3094.714
-4025.908
-3339.962
-3080.945
-2998.227
-3052.956
-3051.222
-3040.289
-3074.682
-3184.032
-3117.539
-2642.8
-3001.495
-3079.962
-3159.079
-3093.893
-3067.675
-3100.524
-3130.528
-3037.161
-3225.388
-3135.208
-3127.709
-3119.375
-2979.274
-3180.424
-3155.228
-3125.315
-3144.685
-2608.065
-3092.82
-3237.231
-2465.5
-3103.811
-3190.299
-3344.933
-2472.456
-3108.171
-3240.288
-3046.297
-3429.105
-3232.55
-3231.294
-3218.691
-3238.315
-3226.667
-3213.929
-3251.706
-3159.904
-3261.818
-3190.264
-3253.708
-3365.803
-3247.238
-3264.877
-3280.175
-3266.108
-3250.673
-3268.042
-3249.266
-3221.037
-3413.29
-3282.864
-3108.781
-3338.712
-3279.588
-3508.693
-3250.502
-3286.761
-3295.102
-3308.881
-3310.773
-3419.009
-3306.44
-3360.049
-3611.518
-3332.913
-3295.67
-3300.359
-3396.618
-3337.028
-3346.002
-3352.512
-3326.073
-3138.902
-3332.218
-3378.194
-3328.617
-3350.019
-3333.118
-3357.071
-3367.904
-3435.729
-3337.445
-3413.5
-3345.981
-3374.303
-3324.107
-3376.274
-3575.239
-3428.674
-3373.372
-1816.517
-3188.259
-3328.635
-3384.094
-3488.037
-3270.833
-2982.505
-4865.764
-3713.323
-3639.911
-3448.209
-3415.257
-3438.247
-3309.148
-3362.964
-3416.725
-3364.373
-3429.866
-3955.925
-3473.658
-3513.687
-3490.243
-3429.447
-3574.97
-3476.692
-3463.045
-3455.757
-3467.09
-3648.855
-3487.48
-3504.584
-3425.33
-3483.477
-3483.823
-3419.645
-3462.01
-3489.45
-3478.661
-3529.425
-3485.128
-3478.182
-3498.49
-3525.342
-3497.971
-3873.826
-3593.121
-3523.265
-3519.306
-3506.5
-3456.957
-3508.317
-3467.361
-3629.576
-3532.921
-3520.595
-3516.554
-2929.4
-3556.687
-3498.484
-3494.662
-3595.001
-3527.622
-3494.421
-3555.739
-3567.559
-3608.863
-3536.676
-3579.951
-3558.707
-3543.948
-3527.218
-2181.697
-3374.69
-3674.2
-3532.122
-3481.52
-3564.512
-3566.046
-3704.111
-3560.023
-3605.419
-3732.576
-3410.469
-3588.328
-3490.885
-3516.481
-3415.665
-3505.073
-3495.947
-3567.076
-3532.272
-3519.713
-3605.863
-3684.615
-3343.047
-3534.86
-3620.55
-3602.174
-3605.557
-3544.202
-3611.579
-3548.976
-3545.929
-3591.965
-3610.359
-3563.966
-3600.006
-3552.769
-3598.199
-3586.549
-3516.792
-3530.176
-3570.796
-3559.969
-3642.155
-3639.402
-3661.742
-3574.613
-3509.12
-3489.531
-3687.633
-3634.556
-3596.738
-3617.751
-3621.565
-3562.244
-3581.884
-3643.873
-3637.34
-3617.297
-3581.87
-3565.661
-3622.009
-3645.414
-3569.84
-3547.037
-3550.794
-3678.259
-3660.241
-3632.079
-3658.349
-3593.997
-3556.371
-2497.176
-3476.03
-3486.351
-3726.539
-4794.051
-3662.867
-3541.579
-3600.345
-3516.43
-3605.082
-3882.963
-3686.974
-3603.022
-3626.607
-3736.81
-3660.148
-3607.285
-3581.554
-3706.105
-3677.311
-3647.637
-3329.607
-3566.307
-3676.996
-3702.713
-3545.98
-3608.371
-3578.971
-3418.038
-3514.716
-3610.145
8314.695
-2017.976
-3693.485
-3642.093
-3627.366
-3645.937
-3635.019
-3601.988
-3537.764
-3622.684
-3542.331
-3546.104
-3656.601
-3687.715
-3748.639
-3661.288
-3646.878
-3684.881
-3632.398
-3643.465
-18595.08
-5643.805
-3915.029
-3640.834
-3775.862
-3665.953
-3260.353
-3437.992
-3560.903
-5097.277
-3817.633
-3566.139
-3531.279
-3604.865
-3632.012
-3645.59
-3500.098
-3623.184
-3207.998
-3585.151
-3630.777
-3307.813
-3942.189
-3685.121
-3634.149
-3555.012
-3625.788
-4509.322
-3690.157
-3646.075
-3642.037
-3178.961
-3518.624
-3573.14
-3573.418
-3672.746
-3621.015
-3599.764
-3592.593
-3659.846
-3675.608
-3558.615
-3520.248
-3599.537
-3595.37
-3626.954
-3589.354
-3601.442
-3623.43
-3693.874
-3609.232
-3543.363
-3582.974
-3747.801
-3701.87
-3644.26
-3677.13
-3479.737
-3597.275
-3588.498
-3540.193
-3591.086
-3530.93
-3585.099
-3601.263
-3663.335
-3583.176
-3563.045
-3496.254
-3737.971
-3598.772
-8624.528
-4379.729
-3591.151
-3596.247
-3619.319
-3540.873
-3422.93
-3626.625
-3588.259
-3609.754
-3934.14
-3639.901
-3557.696
-3103.994
-3536.731
-3577.667
-3657.987
-3557.007
-3568.001
-3642.047
-3582.724
-3617.035
-3567.645
-3476.15
-3617.864
-3552.115
-3561.7
-3511.87
-3570.389
-3619.86
-3427.92
-3589.291
-3553.5
-3283.444
-3465.915
-3568.282
-3602.184
-3578.307
-3587.691
-3806.564
-3585.401
-3586.402
-3596.07
-3578.917
-3700.229
-3709.565
-3615.811
-3632.579
-3594.335
-3594.793
-3589.965
-3656.411
-3621.704
-3562.683
-3643.989
-3448.352
-3437.515
-3565.787
-3648.371
-3638.951
-3535.747
-3451.889
-3592.902
-3424.935
-3468.428
-3646.537
-3457.903
-3289.939
-3528.802
-3513.415
-3433.686
-3552.869
-3691.948
-3657.785
-3602.679
-3406.731
-3634.026
-3581.739
-3543.619
-3438.328
-3571.56
-3641.515
-3705.248
-3662.372
-3622.098
-3589.297
-3553.741
-3782.458
-3514.646
-3688.954
-3522.936
-3534.048
-3885.647
-3574.522
-3543.458
-3542.618
-3631.662
-3645.066
-3557.655
-3580.262
-3564.045
-3527.662
-3642.653
-3595.958
-3497.105
-3576.229
-3545.912
-3695.892
-7634.67
-4188.189
-3664.831
-3228.567
-3564.341
-3514.497
-3554.369
-3489.605
-3588.32
-3615.276
-3645.417
-3468.736
-3628.848
-3616.098
-3224.111
-3555.998
-3585.029
-3586.196
-3585.06
-3653.138
-3449.74
-3582.987
-3592.37
-3608.494
-3497.326
-3607.056
-3644.346
-3628.231
-3597.252
-3561.955
-3986.851
-3630.835
-3510.364
-3765.456
-3619.544
-3606.003
-3579.204
-3584.5
-5471.686
-3846.354
-3627.732
-3753.251
-3477.35
-3631.595
-3531.979
-3603.583
-3349.175
-3583.119
-3635.901
-3610.774
-3897.568
-3686.886
-3670.949
-3636.841
-3598.807
-3668.163
-3570.482
-3695.348
-3675.205
-3581.472
-3869.599
-2888.876
-3479.73
-3628.924
-3636.267
-3597.221
-3637.018
-3667.376
-3646.917
-3652.45
-3528.474
-3714.011
-3642.611
-3679.592
-3643.9
-3596.119
-3799.996
-3693.939
-3678.694
-3759.969
-3698.349
-3703.276
-3301.122
-3652.523
-3635.031
-3716.066
-3630.643
-3666.835
-3654.979
-3718.171
-3689.765
-3730.349
-3667.423
-3661.444
-3747.091
-3743.454
-3341.2
-3664.208
-3713.372
-3702.016
-3701.565
-3686.267
-3581.866
-3701.056
-3778.171
-3693.421
-3731.839
-3834.347
-3582.865
-2928.599
-3597.273
-3759.272
-3736.784
-3986.112
-3787.423
-3727.695
-3634.203
-3701.113
-3751.496
-3744.655
-3728.372
-3754.369
-3745.748
-3671.746
-3237.397
-3663.901
-3781.368
-3688.787
-4009.701
-3749.199
-3769.348
-3705.261
-3813.171
-3767.548
-3690.385
-3786.848
-3663.078
-3129.987
-3373.592
-3729.467
-3716.371
-3745.297
-3737.065
-3764.921
-3808.581
-3813.536
-3858.728
-3804.763
-3713.418
-3831.257
-3875.002
-3987.228
-3916.969
-3824.158
-3859.716
-4276.858
-3892.144
-3846.902
-3836.69
-3832.726
-3845.369
-3726.436
-3719.93
-3690.017
-3838.652
-4096.824
-3881.214
-3837.437
-3899.452
-3819.957
-3803.531
-3867.999
-3857.529
-3824.706
-3898.956
-3898.069
-3775.789
-4055.573
-3909.11
-3991.315
-3501.584
-3893.874
-3978.675
-4241.514
-3935.102
-3908.424
-3912.601
-3747.555
-4357.009
-3998.251
-3875.453
-3935.725
-4361.989
-3966.617
-3883.922
-3423.848
-3881.081
-22310.07
-6427.354
-4201.759
-4059.612
-2021.157
-3725.237
-3930.477
-4046.977
-3849.528
-3966.493
-3992.136
-3983.985
-4050.619
-3761.725
-3863.515
-3917.307
-3980.22
-4162.327
-4045.127
-4040.557
-4038.296
-4035.273
-3954.854
-4040.367
-4047.9
-4073.357
-4035.923
-4061.318
-4036.039
-4023.079
-4067.051
-4108.336
-4014.814
-5763.766
-3906.248
-4057.628
-4053.426
-3984.721
-4052.205
-4126.718
-4079.854
-4074.586
-4085.318
-4629.006
-4166.391
-4120.933
-4119.263
-4068.221
-4154.323
-4081.323
-904.6559
-3678.762
-3845.22
-4135.826
-4130.898
-4170.845
-4142.783
-4178.911
-4132.552
-4154.788
-4130.442
-4206.134
-4219.515
-4204.96
-4150.581
-4170.668
-4098.92
-4184.299
-4305.25
-4069.738
-4084.173
-4189.464
-4220.138
-4222.608
-4212.284
-4528.823
-4404.729
-4194.334
-4232.334
-4211.972
-4232.98
-4212.989
-4190.973
-4236.697
-4236.606
-4271.374
-4273.579
-4337.526
-4239.032
-4222.75
-4289.662
-4298.142
-4295.551
-4308.367
-4291.797
-4307.83
-4332.061
-4266.946
-4311.918
-4303.804
-4363.964
-4214.376
-4283.866
-4323.164
-4352.353
-4323.95
-4333.272
-4337.7
-4386.342
-4256.202
-4406.304
-4388.035
-4429.974
-4424.643
-4366.481
-4413.871
-4366.094
-4391.905
-4361.414
-4347.628
-4411.48
-4413.72
-4518.282
-4407.081
-4343.289
-4449.478
-4400.511
-4434.054
-8996.194
-5099.536
-4597.771
-4434.84
-4446.093
-4363.258
-4410.717
-4466.774
-4747.427
-4549.267
-4463.597
-4554.999
-4488.624
-4573.696
-4333.972
-5016.879
-4176.078
-4435.154
-4466.235
-4428.085
-4295.838
-4467.401
-4501.409
-4329.036
-4423.788
-4502.016
-4454.303
-4476.313
-4529.978
-4373.399
-1638.726
-4172.404
-4592.254
-4535.104
-4387.16
-4385.456
-4463.81
-4517.885
-4580.108
-4700.969
-4794.556
-4840.356
-4575.998
-4576.929
-4573.19
-4548.188
-4505.144
-4563.057
-4583.027
-4534.943
-5226.421
-4666.057
-4610.1
-4623.281
-4595.287
-4608.1
-4738.24
-4600.035
-4618.13
-4508.703
-4630.065
-4573.256
-4547.007
-4587.602
-4552.882
-4193.201
-4568.109
-4603.537
-4646.773
-4663.379
-4740.266
-4967.873
-4736.458
-4666.679
-4663.116
-4718.213
-4644.712
-4616.627
-4801.541
-3481.376
-4492.851
-4670.339
-4667.323
-4719.794
-4690.027
-4701.227
-4703.803
-4656.362
-4698.215
-4696.701
-4783.275
-4745.193
-4738.193
-4635.614
-4704.283
-4705.245
-4699.564
-4611.03
-4753.351
-4700.366
-4681.405
-4588.732
-2041.458
-4237.529
-4406.284
-6151.174
-4896.304
-4713.057
-4725.779
-4661.539
-4766.229
-5138.579
-4822.921
-4346.121
-4650.518
-4704.713
-4788.8
-4756.438
-4762.602
-4725.716
-4733.822
-4725.817
-4752.744
-4726.622
-4706.675
-4785.334
-4542.624
-4705.473
-4728.956
-4749.592
-4785.144
-4850.712
-4772.716
-4871.162
-4800.207
-4561.726
-4578.585
-4772.316
-4784.794
-4820.008
-4834.206
-4897.427
-4827.437
-4804.696
-4808.227
-4872.778
-4838.385
-4849.047
-4839.513
-4922.309
-4811.834
-4765.852
-4798.577
-4674.475
-4767.715
-4882.944
-4859.209
-4959.316
-4874.494
-4791.87
-4761.794
-4855.806
-4814.32
-5073.83
-4881.653
-4748.332
-4792.627
-4769.337
-4781.076
-4836.834
-4820.061
-4874.933
-4871.049
-5321.741
-4871.092
-4851.471
-4958.195
-5930.391
-5078.298
-4858.848
-4846.088
-4852.629
-4845.414
-4843.082
-4313.832
-4800.097
-4849.58
-4702.539
-4591.216
-4827.516
-4879.59
-4629.952
-4866.608
-4861.776
-5148.276
-4964.955
-4947.544
-4882.863
-4832.207
-4867.185
-4986.36
-4993.043
-4919.075
-4863.887
-4873.246
-4888.994
-4834.284
-4844.679
-4896.628
-4953.403
-4880.718
-4876.961
-4866.806
-4856.576
-4857.523
-5128.051
-4942.466
-4719.328
-4856.181
-4899.291
-4811.659
-4875.575
-4667.88
-4795.814
-5079.819
-4793.347
-5152.138
-4908.476
-4888.867
-4841.082
-4675.094
-4865.298
-4881.311
-4847.834
-4879.676
-4885.237
-4978.966
-4914.405
-4865.332
-4750.049
-4919.874
-4972.097
-4849.3
-4821.744
-4853.263
-4851.878
-4893.219
-5387.625
-4994.882
-4933.771
-4863.265
-3896.766
-4677.597
-4856.484
-4952.064
-4847.159
-4685.143
-4771.822
-4857.02
-4864.85
-4860.636
-4741.385
-4812.939
-4926.466
-3036.42
-4634.64
-6518.617
-5004.978
-5013.203
-4831.283
-5089.971
-4899.19
-4869.057
-4878.591
-4799.519
-4841.786
-4802.613
-4862.346
-4912.113
-4798.107
-4737.773
-4823.099
-4862.339
-4875.471
-4825.033
-4841.922
-4925.381
-4869.356
-4873.229
-4789.408
-4831.251
-4191.337
-4965.007
-4925.295
-5036.069
-4855.005
-4861.698
-4875.896
-4901.568
-4905.105
-4875.207
-4756.865
-4816.838
-4822.355
-4838.476
-5096.686
-4786.227
-4817.374
-4835.615
-4843.359
-4848.932
-4873.415
-4827.64
-4860.672
-4844.817
-4338.632
-4783.838
-3905.731
-6272.712
-5129.546
-4924.412
-4775.605
-4865.422
-4809.296
-4901.509
-4856.7
-4832.682
-4798.715
-4844.487
-4594.456
-4806.388
-4860.974
-4876.369
-4815.004
-4816.503
-4825.636
-4804.808
-4966.985
-4907.544
-4868.739
-4815.528
-4886.345
-4853.376
-4870.612
-4837.156
-4870.459
-4859.652
-4872.879
-4832.36
-4835.763
-4896.134
-4836.344
-4864.241
-4887.385
-4874.182
