-0.6687038
63.96358
141.0771
119.7032
126.3
111.624
127.9688
81.78427
103.2498
156.2859
-217.7943
-24.02363
-35.47925
76.8297
56.70028
24.68214
68.35363
51.27778
81.38415
100.2094
124.8323
3536.096
1573.898
733.4815
386.5818
263.2327
192.7975
130.7091
159.0253
158.8524
61.89154
106.4531
148.9284
220.0608
252.0765
194.1724
163.7007
112.5507
190.2876
23.98045
122.254
223.1597
202.5675
218.0887
260.1214
217.3126
189.5377
138.0067
160.2519
239.7994
173.6024
128.4848
133.9828
308.868
187.4042
-37.87823
46.04111
81.73412
53.25965
87.22092
87.07502
121.6
19.14842
43.05663
61.72409
0.8825713
-187.9387
-6.694077
73.49496
118.6257
99.49305
65.80955
34.25868
-27101.04
-11246.78
-4373.465
-1843.409
-677.396
-248.3312
-88.76568
-143.3441
-57.50532
-34.32303
13.56879
2.861845
-69.26944
-87.95555
-46.00401
4.718916
6.043143
76.69952
252.3314
-44.59747
36.58975
75.106
10.11127
70.12672
81.01947
-8.976313
55.99292
61.26926
-137.8637
-106.2169
-89.75091
-97.4154
-600.0925
-284.696
-199.3372
-102.7095
-117.4617
-445.1571
-244.3967
-128.984
-220.4737
-146.9831
-112.3048
0.4595054
-66.48647
-132.7443
-156.6136
-77.82789
-123.0356
-105.7629
89.98986
-195.9427
-174.2898
-145.297
-113.6494
-99.75659
-113.595
-78.59201
-118.5707
-281.6122
-403.9551
11260.95
4620.241
1476.694
539.7481
120.3621
-28.82491
-73.03255
-5.879535
-89.19264
-97.49233
-136.7817
-129.2639
92.12028
-47.09667
-137.423
-142.1161
-148.1999
-216.5353
-153.0339
-76.84042
-137.3966
-135.759
-112.8098
-136.7689
80.03329
-53.44703
-138.8296
-136.1087
-145.618
-129.8279
-133.3051
13.64378
-87.16593
-128.4323
-71.46446
-297.4975
-204.017
-144.8043
-1377.057
-748.2992
-407.8936
-184.8583
-137.777
-147.9451
-120.3342
-125.5824
-79.43626
-73.18249
-85.91558
-133.4023
-66.79438
-75.42089
-73.36323
-85.44958
-42.47943
-67.19259
-91.30198
-89.62238
-61.84956
-52.64983
-45.63165
-6.579773
-28.00665
-51.30102
-107.0134
-3806.734
-1393.372
-563.741
-855.7485
-350.7775
-134.8876
-103.2801
-30.24684
-13.3885
14.55297
43.51093
25.45804
38.75559
19.24183
82.86853
54.76522
-1874.996
-760.2014
-301.6358
-57.90747
3.441129
-685.5413
-241.0927
-85.47801
79.48883
-3.259033
34.23425
109.3133
104.092
-184.9756
-1127.213
-427.0614
-126.5367
15.40805
88.51843
108.6854
87.33329
117.8765
42.75153
75.01232
66.79584
-164.7931
-137.7719
-6.20416
73.79212
73.34907
61.6167
96.45384
116.3983
120.4803
126.8022
93.24093
121.2375
122.1056
137.7672
124.6773
293.1784
757.8806
442.0737
283.1286
276.7047
162.758
160.4915
179.1423
197.9635
188.0275
231.8107
188.3873
182.9024
158.6958
275.1243
151.6771
212.5098
138.905
120.758
285.8171
229.5761
203.1653
210.0991
170.2373
126.9733
155.2952
142.1546
150.7589
189.0099
122.3773
113.4012
82.94847
79.46491
-146.6235
-162.4358
-4.68302
50.69829
89.29203
111.9782
-220.0463
-83.38667
46.1224
70.8416
76.72581
125.7674
89.76481
86.30715
53.56834
38.28705
78.89808
36.66853
91.24923
20.45735
23.23681
55.16631
132.7439
125.6948
66.03528
180.6804
56.56011
19.38076
28.9863
-10.99961
-44.74788
-30.30397
22.26869
-5.95056
11.69392
24.07667
-11.60471
-60.75418
-62.82985
-32.97008
-42.79292
-49.66157
-48.00338
-129.0002
-464.8971
-225.715
-88.80728
-60.8625
-137.57
-100.7044
-92.46562
-74.06134
-17.99863
-137.4723
-64.95372
-75.1238
-17.2404
-60.4323
-112.6812
-669.0298
-352.2283
-202.5092
-145.7359
-158.3808
-143.4158
-117.0187
633.7646
439.6542
78.58451
-96.10307
-213.8676
-114.2562
-138.6684
63.25841
-283.968
-208.2413
-238.5953
-178.4155
-148.3743
-153.7272
-127.322
-156.773
-412.0804
-252.0463
-215.8814
-297.7297
-211.602
-278.5611
-218.5242
-201.326
-158.0729
-156.855
-167.9249
-237.949
-194.8896
-167.3571
-130.4266
-88.7465
-127.1272
-55.37996
-141.9791
-129.2861
-56.55361
-116.6867
-151.0438
-84.68122
-119.6809
-119.8395
-177.3577
-132.9951
-145.2558
-125.714
-120.8767
-156.1507
-116.291
-118.5399
-250.7053
-205.9427
-129.3171
-170.6701
-114.3737
-120.8832
-117.1649
-40.33604
-312.6908
-168.316
-189.6923
-142.2361
-114.9673
-85.62266
14.30566
-390.3552
-246.9959
-192.5599
-118.0881
-86.48678
-131.9572
-2416.696
-1244.753
-514.1333
-234.0389
-137.5593
-83.80165
-71.17705
-35.18207
-30.37094
-12.12526
10.33319
4.359111
18.59606
1.904744
-38.70437
73.01827
36.80009
-172.2833
-59.45543
20.27634
32.55455
99.07339
-1.224118
-14.37155
-272.1787
-66.67148
82.86976
79.14238
-942.2853
-350.3761
-52.20822
57.09155
31.41182
56.05223
87.5548
95.12054
53.45846
73.43898
102.2328
-683.4468
-184.5029
0.6912232
63.99905
115.7374
146.106
143.2156
95.00006
108.5543
35.35205
91.64893
30.57547
46.87684
54.62578
56.0353
116.7863
129.5921
123.8136
133.657
83.68437
159.0943
236.6261
165.3766
179.7303
229.4141
324.454
244.9557
196.9674
175.667
126.8536
136.489
130.1992
174.3188
174.6505
136.8882
152.0915
164.845
118.1344
82.44937
140.53
1028.528
460.5987
266.3752
172.0887
160.1807
109.6885
60.05133
73.07759
193.6494
260.3744
184.873
198.3297
107.302
101.7257
147.9382
-3784.951
-1530.806
-542.3083
864.368
396.3952
242.4465
151.2397
26.93983
92.16967
80.1953
87.11625
81.83312
59.652
47.23611
49.53858
55.65401
23.85442
-82.76546
-351.1428
884.8473
347.6886
153.0298
44.40174
20.59016
-47.52806
51.88135
25.24019
-6.229763
-53.838
-36.15442
24.9121
-75.845
-44.21912
-58.44043
-20.43108
-40.28047
-86.94248
-73.28117
-47.84585
2.591158
-274.2295
-119.1051
-495.5617
-242.3935
-165.2031
-84.39366
-98.2322
-98.054
-247.3102
-176.6131
-125.7531
-115.677
-106.1596
-105.2405
-95.34728
-77.88757
-78.20502
-109.3642
-170.8515
-76.33732
-150.7905
-131.8466
-116.6111
-182.1646
-156.4272
-168.7463
-163.569
-113.2062
-459.5017
-310.1327
-140.0465
-139.7526
-146.9292
-163.9058
-187.766
-120.1146
-111.7217
-115.2185
-154.4549
-112.8347
-102.4555
-78.9816
-140.5503
-151.8425
-110.9928
-127.1932
-193.0427
-163.3027
-178.618
-148.5026
-154.6773
-256.6685
-192.359
-134.3259
-91.15682
-1430.172
-694.5743
-376.2272
-228.2965
-214.9289
-190.0606
-182.6396
-190.8472
-199.2125
-202.622
-143.8699
-175.503
-172.2997
-137.0446
-119.4409
-74.95488
-96.63028
-138.0422
-146.95
-131.4042
-133.8196
-151.7403
-136.3183
-133.7815
-136.6991
-125.6366
-91.62618
-87.50355
-61.66359
-128.2242
-81.70808
-96.47709
-80.72346
-54.9579
-33.08835
-73.57175
12.5216
-32.88296
-42.76698
-57.2432
12.25815
-56.44628
-103.5203
-16.85281
-31.94706
-3.684088
9.726657
-19.52646
4.510906
-25.34535
-60.89058
-53.51076
82.2966
-57.68807
18.46247
4.071585
74.86597
82.10779
84.9338
43.35786
57.60128
110.2273
58.94404
64.82853
94.80751
73.2395
49.87303
42.84128
62.56712
-28.77626
46.96719
104.5755
80.09877
96.15618
84.10409
73.97936
54.05459
112.8798
93.91123
370.2179
252.7309
174.2113
103.3849
275.227
127.9451
74.98612
-171.7503
-0.09076962
58.23285
94.87958
157.8859
183.717
240.7941
216.1491
63.358
125.5245
146.9619
139.655
140.1769
113.7271
113.6245
129.3935
144.8355
178.3784
153.9921
127.8457
164.9424
-141.7097
77.49105
129.439
127.0858
195.6755
170.4448
150.5085
180.9329
93.17959
197.4253
176.485
108.8744
167.4593
180.3847
140.1112
122.157
148.7514
261.7805
154.6107
111.1374
88.61088
150.5691
110.1963
106.6931
113.1504
49.91284
68.0981
88.67031
117.9936
107.0239
-64.87981
98.18894
155.6259
108.7414
64.76269
44.72507
286.4929
164.3336
113.1249
97.84199
52.64793
22.96561
111.07
128.1886
135.5639
72.21862
48.803
-45.08017
39.0909
-19.61162
26.70429
17.1627
9.553288
26.5411
-41.87704
-33.811
-16.43263
-41.67853
-36.80441
-58.37271
-59.4644
-89.61216
3680.705
1601.236
653.2936
289.7256
831.2407
309.7047
251.4468
56.83959
-17.52899
-13.30957
-77.08832
-101.0331
-90.61799
-112.6583
-91.1223
-75.08191
-109.0545
57.11326
580.69
167.0139
30.16308
293.2054
75.73941
40.15596
-57.17175
-76.25732
-79.05027
-147.9946
-162.5192
-146.9112
-123.6826
-147.258
-154.4596
-63.84546
561.6557
161.0455
-102.8239
-116.255
-200.953
7.975839
-111.9337
-235.6269
-183.7299
-173.0989
-181.5059
-146.6064
-2320.235
-1028.769
-526.4545
-329.8772
-2693.251
-1315.563
-647.7725
-515.0992
-296.6746
-400.3898
-263.9265
-221.2439
-145.8153
-111.7529
-181.276
-86.05666
-58.66721
-121.7167
-204.4399
-149.3171
-161.3047
-264.4016
-172.5039
-141.5762
-281.1048
-216.1957
-259.0819
-137.3165
-134.9852
-107.9752
-133.3688
-121.8557
-119.8141
-108.8758
-104.1538
-238.1477
-209.9567
-253.0301
-199.2685
-167.3839
-779.7794
-341.0824
-167.5028
-123.4637
-197.7368
-129.1257
-166.9333
-105.7597
-54.52368
-99.948
322.1264
186.5772
31.71347
-29.97573
101.1215
-0.9127272
-14.03345
-28.4318
-427.5718
-252.2628
-158.9493
-79.16178
-83.68332
-37.72605
-23.18105
-50.21326
3.721056
-17.73351
-20.97239
-19.81286
-24.84116
11.99895
-13.05492
-7.580331
120.3635
28.80787
0.5605922
200.4692
-322.9732
-116.4478
-74.9656
69.52122
-123.0961
-48.94318
132.4228
51.9064
53.61484
65.88333
-153.3423
-17.0296
55.53525
55.54727
-12.5985
29.18486
64.52408
88.38219
31.42491
108.2045
140.6796
111.611
152.6223
131.4048
319.6903
142.7729
81.08119
67.27329
547.7569
277.2233
172.0426
268.2444
175.4128
163.5065
175.4688
1283.306
536.2865
318.874
218.8365
114.7395
145.2169
228.6254
187.2412
459.2378
275.2828
66.77907
117.1553
60.517
104.9587
228.7846
178.5493
157.7946
135.9656
101.2132
102.5124
53.7338
40.93293
191.2813
128.7725
137.9453
93.83887
106.2333
164.4794
165.454
4625.576
2009.959
762.3736
349.5823
218.0899
163.8963
134.2964
-871.7871
-311.662
-79.25913
-44.44021
6.820631
86.72034
71.38674
-129.97
-8.724917
15.82375
-11.80632
-17.34302
22.14837
-12.13015
205.7041
129.1694
88.15341
94.43619
31.60774
-43.02356
-2.783044
5.411718
-131.8893
-107.2622
-22.82601
-42.69725
-29.54047
-42.98973
-44.54317
15.50372
-19.63853
-12.20895
-34.41534
-45.95933
-50.38347
-79.63499
-9.909211
-46.12423
-12.63795
-42.67126
-26.93032
-34.27911
-37.99555
-165.5431
-116.8005
-146.4374
-130.5535
-208.6392
-125.9307
-71.22164
-117.9465
-85.73985
-99.45604
-126.1887
-90.21552
-158.9384
-89.77167
-41.75609
80.80735
-55.94405
-121.6628
-151.2228
-121.3052
-128.3296
-103.2015
-123.1446
-41.18688
-124.4781
0.1347165
-78.79871
251.8013
-48.34454
-98.81896
-133.1812
-220.8009
-191.1332
-167.683
-201.1718
-271.1739
45.99689
11.78685
-117.8714
-111.6191
-66.06995
-78.01301
-126.6592
-92.79775
-169.2926
-171.7039
-233.0823
-176.3191
-211.3873
-234.8603
-259.4041
-245.3275
-197.4041
-95.76895
-110.5152
-61.48019
-125.4823
-145.5187
-358.7589
-319.1345
-215.4068
-282.6029
-180.375
-108.3174
-129.387
-122.0071
-315.481
-226.4559
-179.2424
-86.27071
-73.09079
-285.5302
-208.7292
-243.926
48.43438
7.40544
3157.921
1225.726
443.7702
122.4137
-105.3608
-85.95748
-198.2974
-143.0048
-128.6643
-80.54143
-277.5221
-160.3375
-113.931
192.2848
-29.47209
-30.61887
-38.89787
-65.20678
-56.87107
-64.17955
-209.1768
-606.8459
-288.7225
224.9595
62.25121
-15.39235
-57.93517
-510.1414
-155.1714
9.170077
-9.78926
57.75129
-26.39183
-99.47692
5.431543
72.92109
33.87317
-16.80778
-13.88816
70.19043
29.54971
-2103.526
-857.8067
-309.7599
-111.3772
-106.4803
-132.0249
6.547853
47.94185
31.51187
55.19944
57.43763
133.5637
53.61061
65.0268
86.26797
155.8611
48.31212
81.39681
77.14078
110.8144
97.41625
86.90658
53.9927
88.57895
128.2027
152.5609
123.8863
161.1343
1734.049
1036.132
515.081
238.8244
195.181
110.4073
40.833
103.9294
132.567
129.5365
24.60554
70.00663
140.692
182.4044
151.2011
139.0355
179.1229
197.4157
177.8166
354.4162
209.8556
228.0376
146.5436
154.205
105.8436
140.735
113.5338
327.2477
191.3306
114.6441
1063.883
551.5513
292.3337
182.0548
129.1901
154.6802
161.5835
125.9924
92.90286
60.5217
31.90081
6371.431
2688.563
1170.082
464.8318
245.3502
128.0478
188.1998
118.1553
81.46957
90.35742
2.295935
-8.980439
4.135545
14.2927
33.84619
3.923859
6.368824
34.98613
53.80575
22.75008
-962.9611
-416.6214
-130.8561
-34.40378
24.58048
41.20494
27.23156
-50.8321
30.77076
-5.237226
-12.22466
-190.7702
-92.29005
-60.08939
-76.52495
-132.5036
-102.3013
-55.39498
-89.07266
-61.70418
-54.91053
-78.15038
-360.5931
-175.2305
-125.2457
-177.1099
-117.2293
99.93093
-16.21206
-73.48531
-1113.835
-524.3082
-332.1862
-186.1108
-142.0045
-169.2085
561.9275
153.0823
-8.5098
-111.0762
-124.8695
-504.6973
-278.7871
-204.5803
-112.8563
-134.2102
-94.74046
-130.9648
-126.4098
-132.9939
-117.3821
-400.8474
-690.7904
-397.9922
-290.7167
-228.0973
-195.9376
-140.1165
-268.6229
-206.8013
-157.1168
560.3344
13336.81
5463.132
2146.808
774.8635
100.6823
-48.31125
-117.4538
-139.3485
-195.5154
-23.34294
-414.024
-302.8531
-235.8281
-209.6871
-192.3657
-169.7785
-152.6148
-181.8054
-160.651
-148.9575
-332.6775
-266.9763
-228.3026
-240.6925
-203.6256
-179.0337
-151.2451
-135.2624
-174.0677
-157.0571
-172.5994
-169.0258
-147.7676
-196.8276
90.19688
-15.6323
2951.415
1174.826
352.6538
82.37725
-32.81171
-66.98499
-74.11992
-90.74678
-64.16974
-103.735
-110.6083
-101.8453
-112.6786
-59.74597
-160.6908
-111.9595
-161.8697
-143.1341
-119.0703
-111.8088
-96.64681
-136.2704
-41.99501
-334.444
-181.4421
-58.20374
93.88583
-757.318
-325.0473
-159.903
-52.95306
190.55
61.89709
22.69982
72.09201
-14.61255
15.41325
25.60796
-4.975751
44.71776
31.81978
-8599.051
-3993.402
-1295.857
-535.9614
-204.1483
-11.43587
85.95014
90.15078
99.64869
-932.8535
-340.6076
-101.6251
117.2893
52.0607
73.38582
-19.79899
69.22948
56.76012
50.54681
77.95858
55.19399
52.56611
68.24335
60.00395
92.63166
-67.84199
30.89338
61.69452
48.13868
82.57215
79.0336
79.43768
110.7351
84.57015
93.13459
152.1146
106.5389
101.7362
165.2461
132.9601
121.2055
95.09366
96.14507
58.64396
76.2244
92.94939
103.1187
438.4764
263.1137
188.5405
-105.6322
4080.973
-983.1752
-378.1511
-30.80183
31.1393
68.29411
181.1441
137.6716
132.3979
83.10706
76.13489
122.6069
16.96338
29.08481
36.69452
47.75161
76.49436
39.39695
89.41227
145.3445
36.84792
87.80693
69.78794
119.9337
98.60341
81.02455
88.39033
277.3598
207.0563
118.254
97.93579
84.87166
57.38612
414.0574
173.962
61.29406
27.71273
53.59724
-6.079952
-170.8613
-65.92529
-44.36352
2.025307
18.56678
-0.3653294
-13.40521
-45.94603
-60.20413
-28.02376
-56.05491
-357.6212
-131.8886
-97.72697
-44.80693
-63.98364
-66.57
-100.4793
-61.81
-212.5023
-202.896
-66.26611
-41.42323
-38.64102
-23.0165
-51.84177
-55.33557
-0.507676
-74.23216
-81.11899
52.89236
-7.298008
-36.47451
-88.86197
-683.9619
-357.9491
-235.6257
-169.884
-132.6309
-147.1513
-129.17
-68.55563
-69.43386
-125.1128
-460.6029
-289.5563
-214.716
-169.8412
-148.0827
95.55906
100.9329
-29.05049
-80.87742
-350.4198
-223.3924
-156.1012
-247.5978
-213.7918
-189.5591
-154.9375
-295.4914
-145.7456
-211.3344
-196.3817
-243.7544
-192.7714
527.4172
111.0134
-5376.05
-2391.77
-1102.941
-566.699
-356.2153
-275.5717
-200.2909
-125.4492
-164.4843
-88.96849
-129.5613
-145.4688
-160.7548
-133.8798
-142.6966
-155.759
-166.6626
-163.2555
-190.9177
-187.0561
-212.7713
-263.729
-847.9903
-457.4782
-301.5799
-338.4579
-244.1683
-194.1303
-197.1855
-148.5929
-118.6859
-704.4758
-369.928
-238.6578
-242.6172
-180.0047
-139.3944
-219.1564
-181.8163
-147.4411
-2309.427
-994.6392
-493.9825
-192.4172
-33.79651
-50.8617
-76.14574
-33.68558
-273.3575
-121.0766
-117.4633
-21.61828
-82.78812
-110.7627
-64.46677
-66.20819
63.78688
-36.39393
-40.14183
-200.8653
-107.2898
1.435482
38.70721
50.38078
-75.83552
-1835.975
-768.7138
-315.1721
-161.0252
-89.5727
-48.27144
19.53623
250.1159
149.0065
323.6386
179.6971
194.7935
134.9924
51.51205
49.61211
136.8934
77.28294
56.97248
-545.5402
-184.4683
-47.63791
-9.028703
18.05794
8.545284
43.79293
30.73211
53.88855
73.3138
110.039
114.073
75.70727
70.22187
116.6021
139.2074
99.31178
89.03984
120.8742
115.8455
108.8697
54.30623
85.30548
57.92172
46.41935
-43.46773
39.24415
43.90646
56.96637
108.4095
100.8806
-50.17075
87.67001
113.4466
159.7191
76.73924
-539.6853
-157.0865
-83.49712
46.70297
74.26515
121.1154
105.2289
1211.653
542.0229
187.2628
104.7947
90.75465
12.50971
70.40821
472.7111
223.4035
13.5078
40.68717
101.1124
-207.5874
-38.77518
17.41343
60.72846
53.23024
2.525327
-274.7205
-684.4884
-212.3805
-2.666794
154.2841
245.4184
175.3074
773.4266
326.8245
162.2713
94.21237
65.17717
-42.93212
-15.15518
493.5194
249.0189
310.9035
115.2813
11.60605
136.6451
-13.62688
-51.29088
187.2546
88.2556
26.14221
5.744161
6.228515
-17.40107
-27.40408
7.702101
-43.20601
-48.03586
-146.5991
-144.2337
-7.305263
31.32213
-65.78239
-15.13043
-55.8312
-93.17605
-76.38533
-347.742
-214.1852
-150.3946
-94.76939
-100.2306
-92.93412
-125.2407
-211.0554
-128.4476
-116.6612
-120.0653
-140.21
-173.5458
-156.1677
-133.8672
-126.8458
2.455607
-35.34781
-140.7294
-121.9795
-105.3117
-106.7143
-222.5881
-123.5968
-180.5967
-360.0994
-223.5743
-198.2215
-202.3973
-163.8614
-292.8765
-204.3569
-202.0392
-274.899
-219.1265
-719.0098
-399.9561
-269.8324
-252.1972
-215.907
-169.9155
-249.0202
-159.3241
-253.0507
-202.4053
-214.6673
-93.62615
-155.2769
-159.692
-196.9694
-190.5951
-345.605
-259.6967
-193.8784
-143.7984
-201.6094
-214.5763
-380.2447
-285.611
-270.5073
-209.8265
-229.3934
-163.7661
-172
-179.7686
-177.5633
-190.8778
-263.0173
-222.9747
-164.2302
-130.5638
-297.9664
-241.5266
-94.82847
-174.514
-81.63476
-134.4096
-148.7077
-215.7527
-164.2119
-13.89948
-67.83819
-6.158866
-91.42127
-45.97494
-94.00877
-92.56323
-67.11125
-200.4979
-59.58779
-76.72151
-69.37763
-116.2516
-89.99931
8.805254
-7.534599
-71.10082
-52.85313
-66.16388
-166.1947
-131.2614
-188.0328
-79.00048
-117.743
-74.67601
-77.05711
-37.82187
-49.97911
-24.15854
-43.57761
-23.91499
-13.26954
302.4599
161.4092
60.447
-4.85429
-23.13695
26.94781
19.81911
25.0978
-4.844282
49.77395
39.08009
-60.30039
-208.5905
-41.44606
-6.539091
26.02149
34.76782
25.40378
72.60857
-125.4538
-22.31105
7.342911
46.23486
52.30087
18.17831
77.81442
38.07161
63.29466
66.02215
87.24596
49.06738
15.88073
70.01003
96.55824
1431.639
625.704
353.9874
300.7
188.3792
124.282
121.9335
73.53035
84.3886
73.11622
88.00039
81.32473
113.4822
65.84643
88.0229
2140.239
882.5611
426.7141
264.7258
168.6237
141.4343
144.2608
73.73356
164.8024
169.6281
136.2683
57.79886
193.8641
120.299
84.43341
110.9651
114.084
51.65642
38.60132
83.05168
98.1086
87.76484
237.2424
180.1433
140.6626
-260.7706
-50.96393
22.57764
54.08057
59.08012
197.6479
84.55065
-745.909
-303.8387
-194.8243
2.207181
-52.49323
-1.513435
-16.2849
-15.3912
14.72995
17.24909
33.27912
35.45908
7.383129
74.7374
37.75166
-13.37389
6.69836
20.41294
17.41263
-121.3527
-34.21195
-28.00221
-21.47328
-210.1778
-151.1069
-351.8027
-168.0585
-69.18729
-51.97286
-196.5611
-106.6591
-161.9433
-120.656
-81.90493
-135.911
-120.3669
-126.3331
-276.18
-104.8149
-137.0202
-104.7347
1265.716
492.8701
130.8577
8.042676
339.803
104.5661
-17.94346
-102.7777
-67.2442
-73.58356
-104.6301
-115.877
-235.2753
-309.5644
-217.3188
-170.0301
-125.4444
-150.4119
-154.9802
-171.9543
-169.5871
-161.7752
-159.6757
-165.9682
-161.6607
-170.9245
-181.5268
-62.27226
-310.7142
-217.0976
-205.2799
219.66
-35.76851
-182.1417
-195.6557
-211.3424
617.4653
141.0084
-125.5427
-223.6163
-227.6945
-194.1152
-231.6279
-196.0779
-169.0805
-187.7622
-177.7251
-202.012
-177.2578
-134.6912
-203.5145
-187.4328
-175.8547
-179.9407
-210.6821
-185.51
-212.463
-217.8811
-199.5889
-191.0769
-141.9459
-182.6054
-156.698
-141.2088
-150.3476
-136.5366
-185.6432
-194.5446
-194.6418
187.4063
-2.801782
-97.20269
-177.5514
-152.7883
-101.5473
-120.6045
-141.2914
-114.1597
-132.9999
-127.4671
-71.69951
-579.5307
-215.7579
-159.1208
-826.5715
-447.7422
-259.3232
-157.7346
-110.3519
-106.6978
-168.1581
-85.6508
-69.38408
-148.9803
-88.15049
-64.64869
80.91596
21.98273
-36.06209
129.0927
52.83998
-26.16328
-20.56668
-21.75221
3.069834
-32.18679
-40.98085
15.90437
880.9117
369.518
267.3795
2.302564
136.2495
53.51988
67.4391
1.285666
-96.5836
-132.9423
-14.27083
2.051439
37.03217
46.19992
2318.884
-484.2118
-52.69536
46.71668
180.3882
390.7193
136.9969
119.348
28.00608
77.63331
28.84501
134.3094
73.72598
82.02884
-16.00475
37.80357
46.90238
64.393
252.5844
192.223
401.4458
205.3896
165.1171
121.9424
53.01643
42.89954
117.6281
118.0271
68.18366
62.82904
100.4118
105.7273
91.58102
105.8327
137.2961
105.9654
135.9729
122.8922
209.8828
130.2963
93.975
-386.0768
-82.82809
22.13919
93.85998
115.1706
-26.53599
35.85344
68.55799
59.93997
426.016
222.9038
145.9693
123.9226
187.0936
108.58
106.8568
85.22144
-86.01994
22.08173
149.1641
135.2815
108.4423
74.67243
198.7809
-41.4822
9.465032
44.75336
243.9041
99.61684
-50.88521
1.062173
-11.3424
35.40332
-22.85073
-19.32979
48.68819
26.89106
20.38694
223.9139
55.23835
9.216014
48.35267
9.849558
-7.381063
-20.49149
-53.54813
-66.99551
320.2688
114.9678
17.29432
11.30609
88.46257
0.1851714
-37.38738
-54.54631
-51.36365
-0.854623
1038.427
420.04
128.009
-23.45886
1062.956
403.4423
964.6541
362.5692
60.27819
-42.29578
219.7869
-27.95949
-66.59218
151.4875
21.13309
-57.91253
-106.7407
-135.1851
11804.61
4822.659
1946.117
736.6689
218.5442
-112.6839
-178.557
263.6673
-4.173063
-97.12527
-133.7336
-148.4779
-173.5057
223.8449
3.308274
-183.1413
-242.5977
-234.555
-151.6989
-162.8279
-243.0758
-103.2599
-182.5652
-44.01254
-125.6388
-193.8281
-202.2443
-183.4001
-167.2145
-169.9407
-186.5972
-596.2607
-363.4483
-217.1386
-171.7573
-191.3167
-83.86423
-244.5844
-236.7589
-213.8091
-197.5011
-179.8752
-133.5851
-225.5331
-118.7686
-228.6307
-435.4166
-311.0845
-253.8135
-115.5373
-146.5791
-68.62275
-105.859
-211.6229
1.811946
-94.14922
-167.9955
-158.0895
-154.4201
-279.6576
-193.3534
-203.3218
-190.775
-190.4951
-168.4836
-132.2919
-151.9769
-65.13355
-144.837
-70.36475
-35.35987
-84.45102
-85.55044
-111.7473
-141.9617
-114.3689
-127.8586
-96.17578
-1486.047
-1387.541
-756.7224
-362.3721
-142.411
-75.47947
-51.69723
-41.15995
-67.26653
-57.15614
-90.32907
-26.05764
-8.936322
-35.13567
-50.01552
-173.7164
-51.73117
-39.01639
-52.14473
-33.81218
-9.921984
-52.40876
-45.22092
-14.88388
687.7099
593.673
321.4271
161.0352
203.8776
106.393
45.83474
18.46051
101.2479
61.13495
36.11768
51.22796
-107.171
0.5812371
-1.926875
-23.165
3.026962
19.618
-33.62145
-25.7035
76.1867
53.03519
-21.35987
12.78859
-78.54719
-65.91007
15.32377
64.64932
36.22248
64.74538
-7377.379
-3024.093
-1203.841
-438.1965
-114.3061
30.88843
105.5419
136.3521
169.389
127.9229
140.249
96.91817
-52.74418
29.09161
26.56482
-157.0794
-35.68589
95.93689
141.2714
98.81267
78.88095
87.7308
84.97423
64.00529
44.22841
69.72475
17.73557
1044.613
916.3817
418.4782
144.0418
273.5352
125.36
86.64429
92.3747
101.7382
96.63766
73.8177
402.9926
214.8546
136.8723
116.9437
64.84198
-5.183568
947.9123
421.9177
200.7871
327.8561
-73.93985
-188.8753
-33.11635
73.3214
20.18855
41.01326
-34.29041
45.49119
16.27562
21.39728
9.177735
13.67809
42.88255
-12.38898
74.9959
-10.0859
-4213.108
-1760.88
-700.7681
-306.7474
-101.6225
-16.8284
-182.0199
-90.72906
-541.6784
-258.7266
-156.8861
-111.9602
-16.40673
-151.4404
-253.6269
-130.723
-130.648
-232.6485
-184.2099
-119.916
-106.4099
-116.5427
-118.3438
-189.3917
-105.6758
-45.87194
-114.3104
-102.2381
12.79098
535.3725
154.9616
-16.29868
-88.69787
-374.0382
-263.6541
-120.8201
-125.0585
-114.3534
-84.3416
-126.9628
-139.4142
-658.6476
-476.1938
-263.9706
-156.3
-227.6418
-177.0426
-163.0218
-165.2499
-181.5627
-176.7296
-151.3672
-99.04057
-85.74403
-198.7493
-258.4541
-216.5829
-190.922
-199.8223
-193.6206
-169.983
-214.1788
-205.4334
-200.553
-151.2042
-200.4858
-182.1553
-205.0297
-206.8136
-223.0673
-242.9073
-251.5759
-123.9833
-177.6145
-245.9109
-162.6144
-15.26292
-119.3965
-321.8921
-214.5295
-215.9962
-198.5463
1055.907
288.0249
11.92923
-186.6725
-73.52252
-90.40724
-139.629
-71.60347
-165.0668
-134.2994
-53.84389
-228.2391
-127.8014
-164.8858
-195.186
-168.5356
-28.56106
-43.57253
-142.96
-1.831751
-74.80039
54.69092
-82.65736
-109.0218
-124.3479
-96.93602
-132.792
-118.3453
-131.1506
21.43901
-332.0107
-182.4539
91.19446
0.07873049
-31.74596
-116.5813
-133.9939
-85.67293
-94.46071
-106.7593
-121.7784
-100.8889
-66.75113
-89.81787
-77.40006
-25.99268
-30.22145
-37.8253
63.27363
11.83278
-214.0798
-87.47042
75.74965
18.52289
-11.62171
-60.23283
31.99776
18.96052
20.66157
38.10294
141.9022
81.99392
-80.00415
6.404367
-12.03506
18.77714
2.682015
-14.30528
-15.29384
-59.69143
51.77347
-14.97892
-29.47148
-31.46403
3.227772
59.02083
95.86876
126.6455
84.41205
75.64946
107.2979
-130.2449
-15.88047
23.24594
518.6027
254.761
136.6046
113.5236
116.0443
96.14082
102.248
162.9102
-190.2397
2.798687
75.37486
100.9796
58.06154
72.27885
105.4617
172.1945
105.956
331.5879
149.209
115.888
106.528
170.0752
124.3261
91.29269
-61.91703
33.89219
-85.3056
-51.11773
44.06296
144.4725
95.80616
76.8498
110.4481
85.52329
137.7216
72.9231
81.66848
98.97151
60.16917
141.9399
98.90066
28.37615
39.35772
42.93854
32.4251
43.08221
373.3622
133.6167
72.04583
-46.40723
-74.08471
-35.39273
167.4355
90.3538
74.15482
57.47049
-6122.552
-2546.739
-1033.1
-423.2559
-169.6878
-61.91097
-44.01985
-39.76913
-32.27663
-7.945575
-38.52732
211.606
26.3286
-116.7522
-81.26353
-360.8917
-182.4009
80.72517
8.395768
-49.27774
-34.19292
50.17979
-50.55952
-80.41402
-69.04634
760.5584
256.4925
76.37168
95.91114
5.343471
-78.57302
-105.5257
-224.8665
-144.0275
-222.9524
-191.3222
-155.3125
-175.281
-130.13
-133.3353
-86.67754
-84.62052
34275.51
14172.43
5054.807
1991.189
768.8981
233.0026
-10319.03
-4324.24
-1977.149
-921.7864
-481.3672
-300.7998
-219.6821
-175.5374
-168.2435
-183.7832
-214.3989
-111.008
-149.7755
-180.6647
-414.5798
-339.665
284.1456
-0.2289018
-34.35976
-192.9316
-211.3962
-162.5992
-198.695
-201.3245
-218.173
-226.8128
-211.5084
-198.3742
-201.5147
-214.7827
-214.5457
-280.016
-254.768
-219.5489
-108.4685
-184.6345
-529.1251
-335.0775
-318.9558
-236.5296
-217.4247
-201.517
-1433.368
-661.965
-403.473
-288.0729
-255.3213
-152.9617
-123.5452
-190.1072
-247.5155
-642.5377
-353.949
-268.7342
-216.6072
-181.9762
-185.1016
-167.7614
-177.6728
-161.6548
-152.8794
-187.9475
-136.9284
-212.7007
-190.3425
-191.6487
-230.814
-164.564
-184.445
-140.9228
-121.8315
-937.9751
-461.5323
409.4083
129.5705
43.13612
55.97677
-2.370174
-15.70884
-176.7055
-123.7358
-151.8603
-93.23146
-142.5461
84.84462
-31.86811
-62.87778
31.25352
-50.83775
-39.91901
-36.57116
0.6411708
-15.05828
-8.701324
-27.4078
-59.27168
-36.42549
5.635167
-9.569854
-103.6728
-34.63381
-30.94219
-23.09201
-1.258767
-23.78409
-16.86451
1.151922
-311.6514
-115.648
-25.77821
113.455
149.6801
87.05962
32.74725
-87.89182
-31.74909
75.58119
-12.81335
23.37752
49.22683
50.84948
55.06952
-1.637671
29.54782
29.38718
37.23439
-55.29575
31.79113
66.04822
65.5684
97.20557
88.78059
114.722
59.18048
63.52332
91.43474
115.8388
146.132
83.42328
98.20122
93.24812
45.29724
75.21691
89.44286
-0.7440711
80.49272
399.1685
238.3895
92.15629
107.1287
110.0011
1805.72
917.844
419.1208
245.2791
167.1091
135.0612
42.06168
100.8692
96.48211
103.055
116.6115
103.1827
115.7713
327.866
170.6705
-101.0499
59.97285
263.3264
117.88
83.71306
153.3396
-28.72597
21.08973
32.24368
36.164
-93.55719
2.110578
-9.477353
-20.37315
13.74313
-13.99056
41.71068
27.56482
-17.6952
-11.67574
-94.92629
-38.04581
101.1274
90.72792
71.68736
64.97585
-5.442455
67.85132
-9.866104
-53.95237
-29.64256
-20.16922
-4.787449
-59.81239
-78.56064
-48.02167
-152.8274
-165.1794
-75.91091
-132.5995
-82.51012
-42.96723
-115.4688
-122.2739
-76.20379
-91.55342
-131.2056
-150.8993
-120.1685
-182.412
-168.7583
-145.4288
-115.0304
-31.0394
-108.3234
-184.5474
-165.494
-248.6014
-62.65991
-99.82462
-107.4483
-144.0614
-137.7539
-93.33742
-141.2611
-198.9529
-140.5037
-184.8111
-255.3555
-292.0039
-227.4795
-191.4811
-235.9219
-233.9526
-239.1588
-832.5032
-449.2324
-321.3224
-232.647
-198.7299
-212.1419
-70.61939
-126.9204
-84.2059
-152.1261
-276.9328
-361.9939
-245.0898
-230.6192
-159.4646
80.40947
-106.098
-132.6117
-230.1501
-210.5212
-230.445
-284.5257
-216.3333
-193.2793
-220.6664
-194.5234
-206.9636
-261.7841
-226.6812
-208.3498
-214.1943
-291.9136
-228.7452
-378.508
-276.9865
-181.7225
-107.6788
-165.5704
-214.1602
-177.4546
-143.0089
207.0119
-8.859157
63.67116
7.978277
-108.3752
-144.729
-177.2071
-170.6044
-152.8682
-319.3518
-196.311
-135.6932
-151.8283
-161.076
149.6294
91.89877
-19.49324
-93.76914
-291.8796
-202.3484
-157.071
-75.29829
-109.075
-110.1314
-440.0143
-195.967
-102.5681
-87.25392
-72.91485
-131.5702
-128.0687
-145.486
-103.5691
-86.00736
-93.43077
-99.97254
-199.5092
-105.6805
-1611.961
-736.8637
-323.6082
-146.855
-58.96537
11.19003
0.3041362
89.66102
14.73768
19.92173
-43.94611
37.23348
232.841
149.7013
72.41463
38.79797
238.0523
108.6541
56.38949
63.8704
72.54111
50.36475
-171.8826
-62.51795
22.30465
27.50023
51.04841
51.19258
34.27318
58.89567
41.61586
45.74474
45.25067
