-263.079
233.9279
-163.724
-111.6757
397.6906
192.1207
90.4021
373.5984
93.21122
253.2628
135.9454
315.7959
172.7519
381.5391
98.35263
462.8542
44.07559
934.7357
286.6522
-7.406879
-299.1372
87.60969
-1612.042
-1126.36
-112.52
100.4802
584.0951
227.8254
-112.2794
-809.2315
351.002
134.7758
-3992.594
-1718.237
20.31382
97.83386
65.36598
77.37835
6.322787
-767.8346
-137.9307
139.0695
-228.9814
-261.8692
585.5599
109.1569
-158.6053
-159.2174
-3.97153
-195.8925
-165.1036
-138.478
1250.095
1462.062
25.40232
332.19
66.92823
34.12213
193.4201
261.3755
214.2462
376.9274
120.2208
322.0424
88.43717
20.5196
103.4243
-19.74548
172.6618
128.2911
86.28829
-150.1809
198.2561
959.1027
270.7062
1028.702
30.62305
306.2564
350.634
-128.2794
167.7677
62.91697
1461.282
128.6408
713.9425
-2841.86
-679.5419
-41.1334
144.8831
-84.08811
-29.77829
162.8823
46.11936
-1322.685
-578.1434
411.7786
427.9973
-905.64
109.6193
296.2991
666.2184
19.43131
163.3215
130.3452
179.8541
-611.1509
-131.0931
137.9994
64.5008
-716.1017
-365.8251
-38.67589
379.8685
-118.7788
428.1409
12.67513
-15.41205
-254.7651
-21.878
155.529
205.3978
40.34796
5274.863
1124.056
448.9995
74.04348
1539.32
509.7982
262.901
106.4545
-258.2204
574.3756
-6328.938
-771.0454
40.01006
-12.77868
-1001.197
-271.6783
-112.3101
-6.521657
237.0233
182.8449
143.0691
455.8195
184.328
-150.0363
347.3065
103.2619
-18.96446
-570.0814
21577.82
4865.234
1200.963
-1032.069
-227.6083
286.8032
437.1497
-61.99341
-839.9577
-45.42794
-157.4189
-112.7748
-468.5916
-158.3351
-53.51554
323.9681
-283.1438
-617.4382
-134.2232
225.9531
56.60144
-218.8523
-178.0298
134.2191
2.280129
-492.327
557.4293
-228.1562
-140.5202
275.9321
106.9376
177.4899
-125.0918
-560.361
-684.7241
-761.7356
-370.047
-114.2703
-57.29797
-370.2828
-74.87481
86.02931
74.13938
-34398.32
-8690.221
-1824.668
-373.3088
440.4242
-10.46897
-97.78669
204.8624
-154.8676
-40.82309
145.91
1315.014
24153.95
5291.386
1289.725
270.7312
-101.7118
-62.53657
-39.88507
118.0358
658.3007
117.5638
-256.31
-547.2621
-349.6723
17933.48
3887.499
1123.644
-27.33136
-30.10994
-258.9532
-567.0233
-78.25554
-213.955
-194.4186
-935.6383
2.760322
-206.9785
656.795
-21.35919
-2455.088
-2028.965
-564.7084
-114.2847
-316.79
-607.4317
187.5817
-985.6988
-484.4601
-152.6049
22.02516
-400.7464
-92.87844
-255.5154
-209.8476
20.429
-214.8356
-16.99118
-204.0661
-107.988
-150.9316
-40.13523
286.6989
25.91486
253.3825
-465.84
-518.5225
-178.7826
-99.66446
-306.2464
159.5559
-1265.388
-716.6649
-340.6463
-229.7393
-289.1435
-447.4898
-285.8179
1315.031
85.89575
-116.1649
-151.4168
-54.42392
-1722.373
-336.5835
62.85519
-1499.779
-479.7517
-442.7677
-634.0822
-456.3016
-223.5325
-254.9415
-432.3684
-492.5924
-221.2447
-430.8248
-317.642
-323.1764
-1702.809
-222.9635
-252.6665
-713.6858
-239.4006
-496.5447
-36201.71
-8523.197
-2715.259
-30.00027
906.8542
-175.8351
-346.8679
-340.6518
-418.2895
-80.33446
-563.4421
-484.7646
-381.369
-811.1507
-619.609
3501.908
1036.329
-348.1374
-619.3841
-493.1149
-131.2968
-198.2997
-336.7306
-170.5797
-83.16317
-21.71746
-638.748
-457.8187
1701.618
-70.16419
-223.7905
-578.4318
-779.1566
-446.8122
-441.7801
-251.3719
-204.6806
-2446.189
-806.1178
-804.8496
369.8248
-529.6372
-495.4351
-552.1522
-2738.055
71.42691
-502.6682
-437.0795
-512.2319
-337.4189
315.7519
-29.81479
-2460.502
-959.4253
-3434.642
-1794.222
-898.3621
-799.421
-445.022
-1000.954
2663
543.3877
-3872.065
-1014.086
-794.8556
-12477.75
-2968.126
-880.1258
-643.5068
-599.7734
3737.281
417.7654
1285.053
-78.68843
-818.1487
-627.216
-1148.253
-906.8303
-418.9762
-1196.603
-689.6625
-327.1564
3256.246
853.7391
73.99585
-252.4292
-518.525
-605.0758
-546.2121
-542.8061
-689.959
-368.4442
-424.1607
54.96137
-379.7478
-580.4242
-360.7166
-481.425
-3994.28
-1479.21
-822.5091
-291.8922
-323.8088
-312.5621
-578.7351
-385.3751
-568.9094
-191.8005
4561.237
438.6355
-347.8544
-484.1397
331.1544
-320.5384
-759.03
-703.8345
-717.0757
-523.6465
-633.9309
-406.9365
-518.5414
-619.4547
-635.8523
-462.0901
-665.8561
-597.7734
-515.8122
-490.9529
-468.1545
-567.6131
-674.3303
-582.7538
-427.0047
-496.0539
-578.1884
-292.3049
-460.8394
-955.0414
-669.2653
-243.2701
-3554.439
-1279.746
-723.2324
-1090.736
-739.9503
-781.6903
-729.0108
-793.1202
-455.3921
-416.2153
-828.3498
-643.5903
-895.5292
-85969.45
-19783.58
-8865.119
-2119.164
-1261.844
-7760.765
-1956.33
3538.255
698.6836
125.7987
-750.0112
-714.7249
-1300.957
518.2828
-300.3031
-1572.701
-1135.063
-626.8125
-688.0944
1530.704
-121.2977
-424.4929
-843.0338
-331.7672
-1080.357
-752.5511
-601.1054
-664.9386
-551.1354
-348.8342
-394.0721
-648.085
-531.9753
-873.6742
-1941.438
-1018.911
-1152.228
-502.1695
-118.3609
-768.6876
-601.9172
-559.7307
-789.3318
-481.1805
-586.5892
-453.3307
-597.4778
-630.5496
-656.7801
159.2796
-593.3358
2409.729
138.112
-267.2595
-539.503
-955.6761
3007.149
463.2031
-8004.326
-3113.627
-1111.506
-434.6496
-764.0099
-609.8512
113.3709
1.091959
-308.3485
4505.737
577.1949
-293.5868
-805.4495
9610.662
1180.057
-429.8685
-361.8471
-468.7102
-541.1004
-461.9804
-231.8795
-594.7846
-1.948379
-1228.024
-1850.938
-824.2394
-352.0104
-474.6021
-568.8119
-332.7892
-236.62
-272.879
-450.2868
-1018.871
-409.6234
-1379.43
-1066.452
-783.1163
-819.8888
-1654.158
-885.368
-29.78308
-381.051
-119.3082
-511.5217
-1141.429
-202.4888
-557.2194
-727.6658
-1008.787
-1088.724
-616.383
-697.6399
-410.8242
-480.4325
-709.0577
-677.5286
-908.3578
-605.575
-594.2165
-815.8908
-635.6694
-551.8956
678.0584
-3.244245
-5914.271
-1710.41
-452.6704
-1225.992
-2153.621
-1598.631
-610.0835
-1610.938
-1067.763
460.8173
-306.8877
-451.2147
-465.7561
-1241.716
-764.2021
-561.8977
-1734.943
-883.8918
9438.839
1741.01
70.84858
-928.4879
-7098.921
-2300.152
-896.5523
-587.0828
-419.1713
-592.8903
-240.0046
-556.0191
-475.3647
-312.8907
-609.6395
93.98708
-2430.417
-877.2268
-968.6317
-803.2396
-612.7387
-470.664
-946.1657
-627.1873
-566.8153
-410.6461
-273.7141
-569.3165
-397.5694
-250.3456
-1877.589
-885.9401
-622.4109
-584.1209
-552.1848
-406.1066
-124.5981
83240.76
17633.11
3468.443
478.9063
-99.74937
-314.9554
-566.2618
-556.1754
-547.1312
-958.6869
52.83949
-297.9358
-412.7983
-1364.412
-618.5958
-751.0851
-818.8756
-609.5129
-2856.075
-1053.777
-352.0414
-456.804
40.01558
-336.0549
-559.2844
-797.3027
-697.4591
-1721.501
-954.3421
-611.0641
-1988.609
-593.3705
-1522.156
-2144.546
-737.9386
-443.9121
2733.518
217.0742
-553.8585
-210.6548
-735.6485
147.4617
205.2003
-870.7403
-688.6709
-675.9598
-592.6842
-356.7067
-489.6034
-415.1734
-494.4494
-2149.137
-627.4312
-9543.18
-2727.376
-1130.871
-425.1333
-1435.482
-672.9312
-17.89547
-424.7548
-692.4522
-582.3614
-555.9175
-315.1958
-1616.597
1064.53
-15340.63
-4057.731
-1253.763
-408.1148
433.325
-115.6197
-200.0008
1199.673
-104.7671
-237.6065
-353.8786
-545.7473
-507.6969
172.8357
-220.566
-395.3199
-370.948
-250.1696
939.6626
-201.5923
-386.2889
-575.3013
-511.0301
285.109
-386.7092
407.3197
308.1958
-740.2142
-343.228
-322.985
-320.612
-1565.528
2619.178
111.5734
-353.7194
206.6626
1695.782
-212.6015
-1422.587
3236.852
248.7509
-16604.13
-4596.869
-1907.38
-769.9844
-271.9585
-340.4746
-533.1606
-540.2611
-480.472
-471.3138
-331.9329
-472.1083
-513.4321
-533.8303
-226.0046
-588.5288
-198.3338
-247.4727
-891.5337
-308.6559
-260.357
-359.1651
-494.6783
-252.7856
-287.8058
-991.0684
-513.8223
-216.6731
-495.678
-737.3613
-453.7942
169.0515
437.2317
-4489.093
-1319.185
-551.0394
-456.8251
-568.5618
138.0316
-508.0684
-525.4417
-406.5181
-403.9314
-338.0427
4341.423
568.4998
-633.4411
-699.4649
-417.5371
-5066.636
-1741.696
-844.6809
1511.534
-809.0222
-1526.587
-807.3388
-2049.686
-812.5926
-347.2485
-593.3279
-599.617
-1146.921
-681.2008
-1044.46
-940.7059
-594.8657
-393.9162
-890.9472
-656.2098
1088.945
715.0799
-272.3483
-511.1804
-1324.698
-520.8621
-1080.775
-717.0016
-612.621
-613.5321
-713.9716
42092.91
9191.759
1345.993
-399.7123
-603.3393
-1623.935
-864.3646
-514.7765
2779.597
151.1646
-426.4798
-579.0086
-224.7989
-577.7035
-782.7639
270.4086
-691.0957
-730.5358
-582.5055
-785.6615
-681.5034
-484.834
-996.042
-999.1153
-706.1793
-131.8763
-516.4403
-313.6071
-890.9156
-655.5392
-656.3413
219.581
-821.7923
-699.6931
-700.6534
-601.1492
-881.1169
-674.1343
-777.9327
44563.83
9654.818
1585.857
52.73058
-750.8247
-997.5676
-885.7039
1927.248
-98.93832
-1617.22
-898.0052
-154.5808
-229.5601
-436.3698
-584.5458
-625.7822
-587.4501
-651.1349
-635.9825
-561.5959
-648.8246
-805.377
-1305.644
-1159.649
-794.9667
-770.009
-6136.713
-2279.163
-1448.924
-926.4288
-1601.085
-620.6732
-900.0713
-692.3392
-450.6264
-408.3035
-702.0795
-795.1919
-541.0173
-1220.096
-1148.425
-688.1352
-704.5082
-905.8175
-1040.521
-613.1471
903.3813
-444.5413
-718.7504
-1544.421
-244.4291
-728.0512
-915.6535
-812.2191
-879.8687
-3367.741
-959.0505
-695.7074
-1361.196
-824.2956
-983.0268
-3422.007
-1455.685
-633.4127
-839.621
-771.7025
-388.314
-216.107
-1346.848
-439.5707
-2669.079
-592.2598
-860.1135
-1151.492
-1737.292
-1170.931
-606.5115
-852.739
-311.0626
-543.7327
-726.8018
-746.1669
-1436.645
-1445.199
-1262.286
-954.2088
13649.3
2935.515
-332.3932
-437.7751
-127.1888
-1014.692
-737.0076
-937.3455
-738.8032
-1294.611
-792.3442
-888.8099
-1190.302
-1359.325
-1040.179
-940.6677
-905.5257
-1046.404
-794.5375
-992.8406
-943.8898
-980.4203
-877.4032
-833.5268
-1192.131
-1022.977
-1085.075
-1040.817
-944.7688
-1030.49
-1161.13
-1015.592
-1036.081
-706.7968
321.9483
-6182.228
-3083.485
-746.1373
-836.5974
-881.7342
-1384.042
1017.109
-564.6569
-953.7971
-1028.048
2394.878
-425.286
-660.6448
-629.7086
-1269.631
-1062.768
-758.0925
-941.1142
-1311.396
-1324.837
-1668.117
-918.8198
-1072.489
-1149.67
-1186.816
-1102.04
-1089.039
-1230.035
-80.88965
-323.4456
-979.0018
1261.484
-506.999
-980.8701
-994.325
-1114.894
-1069.102
-1200.713
-27.69313
-610.9475
-973.7408
-1571.081
-2929.058
-712.9948
-1174.573
-1233.543
-2178.636
-1293.385
-1427.806
-1247.25
-1020.573
-1298.135
-1200.713
-1168.609
-1124.913
396.1769
-669.7783
-746.2246
-654.9513
-904.6677
-615.7605
-1135.495
984.9865
-417.3116
-3686.448
-1398.61
-915.287
-1169.029
-1060.781
-1169.99
-1245.695
-1271.8
-1166.419
-989.8594
-7626.05
-2466.474
-1607.737
-1319.73
-1434.582
-1258.923
-1268.062
-1190.165
-1413.459
-1708.205
-1150.345
-1221.795
-1391.394
-968.8719
-3531.506
-1512.289
-1238.689
-1207.664
-1424.151
-1004.213
-1062.994
-923.8465
-1045.115
-1204.902
-1106.697
-1145.919
-1246.666
-1244.844
-1114.287
-1131.26
-1231.361
-1226.851
-1017.468
-1360.736
-785.349
-1293.75
-1369.303
-1221.71
-1426.907
-959.4824
-1157.236
-1300.827
-1240.604
-1171.329
-1115.017
-1193.677
-2228.538
-1908.938
-1422.17
-829.5016
-2264.996
-1591.818
-1362.857
-1414.236
-348.6882
-1046.892
-1196.117
-1446.571
-525.0961
-2873.606
-1547.152
-1390.497
-1137.247
-1182.953
-3386.257
-1738.922
-1314.356
-1026.465
-873.4797
-968.7153
-1078.899
-890.8733
-1179.925
-1324.907
-1535.682
-1373.678
-1160.005
1475.969
-1435.649
-1458.534
-1197.211
-758.1128
-996.9059
-1292.594
245.2696
-770.4344
-1194.839
-1266.384
-1362.669
-1349.972
-1250.363
-1556.808
-227.0991
-712.5826
-1211.795
-1272.715
-1184.207
-865.6416
-1192.2
-1451.533
-1177.483
-1354.808
9487.757
1281.387
-619.0486
-997.0084
-876.4059
-1828.452
-2023.277
-1607.601
-1022.222
-786.8746
-23799.55
-6238.244
83.81412
7794.842
768.5206
-1060.816
-1185.701
-1172.667
-732.457
-1280.135
-1464.965
-1353.801
-1597.302
-1312.628
-2459.919
-2645.309
1068.37
-690.0199
-1104.231
-1130.3
-1164.655
-1456.281
-1179.595
-1440.579
-2601.891
-1109.519
-1498.215
-1272.695
-3059.602
-1593.137
-4081.723
-1866.121
-1194.865
-1477.757
-1492.686
-952.5682
-758.1025
-1090.889
-1185.931
-1368.255
-1103.635
-1437.252
-1222.32
-2055.653
-1448.374
2175.745
-1966.735
-1381.858
-1288.107
-1248.284
-1114.364
-1646.295
-1390.295
-1333.349
-836.0019
-1153.225
-1198.633
-1284.848
-1101.763
-1103.778
-1177.659
-1241.14
-1209.755
-2150.166
-1594.065
-1059.618
-1464.003
-3760.569
214896.9
47241.67
8899.992
865.4444
-337.6716
-940.4409
-2061.982
-1314.988
-1886.796
-26911.21
-6756.653
-2492.424
-1505.553
-1331.024
-1278.851
-1580.225
-1682.161
-1682.841
-1129.443
-1798.903
-1209.597
-997.7848
-1208.684
-1870.142
-985.6536
-911.6469
-1457.999
-1225.178
-1517.914
-1201.66
-1271.474
-1303.929
-1147.172
-1321.937
-1276.209
-853.7167
-992.9406
-9.881512
-297.1229
-2165.555
-1240.769
-1266.806
-1562.833
-1441.823
-2596.456
-1352.576
-1220.108
-444.7635
-1102.87
-463.3824
129.9303
-576.2429
-968.8256
-937.1159
-1190.598
-935.6005
-1259.712
-13291.26
-3729.309
-976.9033
-993.3406
-670.167
-914.6671
-739.3369
-1153.887
-2003.281
-1232.37
-2189.845
-1581.442
-1217.759
-1636.615
-1569.774
-1257.095
-1428.992
-1149.708
-1138.819
-921.7724
-1245.794
-1129.153
-582.7479
-1206.369
-1259.654
-2464.831
-1447.757
-1098.898
-5514.486
-1769.084
-766.0549
-823.9255
-934.6272
-1046.063
-1477.715
-798.7168
-1322.601
-2006.275
-2672.525
833.4565
-53.79403
-488.5801
-1036.194
-1028.787
-715.698
-832.2291
-1510.797
-2770.844
-1302.412
8240.558
1095.825
51.51419
-781.8478
-1000.717
-1169.332
-1723.164
-256.1494
-1137.955
-1175.162
-1189.883
-1034.127
-1093.692
-1116.624
-352.3621
-812.0068
-2410.722
-1215.437
216.1749
-104.3304
-898.7473
-1895.798
469.9037
-621.1831
-1417.247
-4147.584
-776.4061
-938.4905
-785.3755
-1005.339
-124.357
-1348.603
-1209.892
-1089.452
-987.6926
-1340.664
-1054.465
-1044.74
-1370.776
-1040.643
-6198.426
-2386.027
-1459.843
-1100.239
-959.753
-993.8526
-1207.816
-1147.867
-1224.634
-994.985
-1024.621
-1002.024
-1826.616
-1640.962
-1110.297
-1021.719
-1172.692
-1237.707
-846.591
-1013.388
-1137.921
1172.11
-675.6535
-1163.241
-1262.259
-1670.573
-1342.701
-1043.796
-1142.294
-1015.453
-1104.831
-1122.559
-1064.634
-2736.777
-1497.303
-1099.205
-1107.455
-1395.558
-845.1448
-1018.751
-1233.048
-818.7881
-32.01415
-3106.806
-1420.744
-1251.651
-1507.214
-2183.474
19334.04
3463.66
235.5566
-1303.062
-1184.452
-884.0602
-1173.297
-1219.855
-1060.265
-1157.585
-1078.07
-1270.376
-1402.937
-1283.339
-1398.633
-1292.361
-1375.777
-1224.984
1639.043
-823.0865
-1079.701
-813.0403
-957.0245
-1219.989
-1051.642
-947.8443
-359.5564
-2603.161
-1608.615
-1153.942
-1235.512
-1526.475
-1260.602
-881.8066
-461.369
-1029.475
-1104.018
-1254.565
-1093.626
-1245.935
-1156.828
-1275.622
-563.7804
-593.732
-1140.522
-1393.479
-1179.767
-1128.922
-374.5665
-1331.785
-1497.558
-1445.362
-2350.631
-1453.088
-616.9393
-1028.794
-1057.369
-91.42225
-1123.4
-1437.532
-957.2718
-1372.186
-1623.926
-1077.48
-1366.557
-1713.355
-834.7483
-1761.205
-853.3812
-1196.562
-1318.273
-1042.574
-1022.117
-1406.168
-941.0681
-1203.373
-984.2721
-1028.125
-20.24137
-1825.465
-1361.995
-2032.909
-1450.737
-511.5563
-1101.362
-781.3633
-1030.838
-853.779
-1268.502
-1218.5
-1601.867
-1528.516
-1932.492
-1438.819
-1100.992
-1180.189
-1616.526
-1540.726
-488.363
-1295.377
-1318.724
-1335.437
-527.9958
-1444.447
-1238.544
-1562.002
-1129.12
-1266.594
-1493.648
-1514.456
-3553.611
-1915.853
-1565.767
-1540.142
-1394.451
-1253.553
-821.6521
-1430.052
-962.5631
-1625.006
-1593.667
-1576.15
-1318.026
-858.4565
-796.3024
-1997.62
-1465.197
499.5101
-1220.882
-963.7967
-1749.779
-1262.856
-1173.87
-1203.377
-1233.05
-1427.04
-1383.559
-1564.892
-1559.201
-1477.764
-1582.517
-1630.401
-1520.113
-2.805618
-1492.249
-1805.216
-1516.195
-1897.031
-1286.859
-2204.927
-1694.865
-1567.983
-1477.208
-1697.324
-1373.515
-1246.794
-1545.787
-1515.115
-1655.952
-1723.114
2043.125
-707.9927
-1122.544
-1566.222
-1600.263
-1587.526
-1588.161
-1296.841
-1503.488
-1543.371
-546.1465
-1288.797
-1823.169
-1690.704
-1608.117
-1352.401
-1398.013
-1674.118
-1533.597
-1633.649
-1972.573
-1802.885
-2405.683
-1642.761
-1194.338
-1568.198
-1564.05
-2132.569
-1775.891
-2124.955
-1755.672
-1781.837
-1780.971
-1743.11
-1903.744
-1266.235
-1412.754
-1552.125
-1472.472
-1874.325
-1736.132
1389.286
-1015.873
561.1232
-1239.76
-1672.741
-10759.39
-3360.454
-3420.621
-1941.389
5929.313
-33.74605
-1378.362
-1565.158
-1489.163
-1694.886
-1448.272
-1577.357
-1737.934
-1757.307
-1177.508
-849.3948
-1175.233
-18682.17
-5514.955
18784.45
2961.582
-592.7657
-1526.262
-1168.614
-1431.132
-1665.595
-2320.259
-1900.464
-1339.171
-1531.769
-1710.059
-1814.833
-1843.117
-1621.434
-1638.475
-1279.206
-1684.392
-1441.122
-1636.893
-2907.576
-1292.94
-1838.37
-1607.896
-1733.26
-418.8368
-2060
-1440.55
-1159.056
-2115.124
-2406.54
-1817.895
-1613.863
-2809.346
-1871.091
-1863.793
-1283.912
-1312.492
-1856.615
-1704.194
-2371.391
-1701.436
-1741.764
-1601.371
-1820.05
-2016.395
-628.1045
-1845.686
-1364.042
-1562.557
-1754.822
-1944.784
-2740.731
-1962.609
-1203.142
-2571.413
-2036.653
-1977.18
-1997.892
1635.511
-1223.826
-1568.415
-1915.596
-1835.961
-1618.235
-1933.877
-1984.518
-1888.026
-1577.978
3142.032
-686.4664
-1582.184
-2397.245
-2139.37
2796.587
-840.4989
-1727.433
-2361.604
-1907.063
-1851.439
-2024.963
-1811.208
-1975.073
-1203.725
-1643.671
-1926.56
-1747.267
-2239.118
-1485.623
-2056.166
-2398.678
-1993.992
-1868.506
-1889.909
-1640.218
-1786.644
-1086.469
-1552.751
-1860.286
-1745.883
-1736.189
-1939.217
-1828.283
-1539.461
-1713.806
-1824.389
-2058.405
-1884.679
3266.12
-536.1462
-3751.672
-2410.162
-2050.176
-1515.489
-2036.185
-2140.218
-3132.051
-2213.341
-2230.587
-1508.414
-14221.24
-4207.127
-2000.45
-1189.325
-1852.474
-1672.462
-1749.806
-1722.233
-1667.745
-4406.441
-2314.761
-2002.285
-1729.094
-2184.133
-1430.862
3084.115
-340.6328
-763.5395
-1884.207
-1944.157
-1810.788
-1930.181
-1278.424
-1703.352
-1797.671
-1515.121
-1774.24
-2152.016
-1455.023
-1459.965
-2190.638
28154.4
4844.864
-368.6161
-1444.5
29.10513
-1555.841
-1675.99
-1936.922
-1882.09
200.1564
-1401.147
-1807.272
-1797.27
-1824.319
-1682.384
-9687.61
-4114.115
-2354.618
-1914.629
-1726.186
-2108.233
-2365.827
-1953.085
-1754.761
-1603.182
-1901.686
-2001.596
-1786.376
-1548.837
-1732.252
-1788.125
-2526.603
-1980.446
-1637.061
-1638.897
-2655.838
-2147.806
-1383.786
-2192.975
-1833.896
-1871.141
-2842.494
-1995.747
-198.2036
-1749.948
-1955.404
-1722.522
-2036.354
-2010.653
-1915.645
1990.047
-2514.035
-2101.073
-1740.337
-2175.725
-1584.139
-2644.304
-2564.696
-2223.685
-2017.167
-1429.003
-2085.928
-1987.056
-1694.726
9750.871
966.6912
-1177.278
-1973.609
-2007.187
-2153.492
-2000.59
-1698.619
888.5444
-1244.699
-1768.689
-1575.113
-1045.719
-2137.801
-1744.784
-2158.086
-406.2182
-1421.079
-131.1433
-1749.993
-1203.528
-1614.889
-1767.65
-2100.978
-2489.321
-2838.674
-1973.742
-1704.705
-1774.227
-1937.463
-1803.333
-1515.979
-1759.335
-1883.103
-1620.666
-1856.641
-1613.944
12530.75
1548.303
-1000.512
-1112.571
13477
6200.411
997.7024
-1100.115
-1236.628
-143.9849
-1466.203
2405.56
-431.136
-1627.56
-1508.788
-2551.164
-1928.44
-1714.705
-2136.522
-1894.356
-1064.848
-1498.754
-1354.858
-1363.575
-1806.116
-1512.217
-1719.751
-1923.395
-1942.994
-1799.447
-1579.227
-1569.93
-1551.614
-1966.374
-1938.982
-1856.328
-1636.334
-1715.395
-1653.183
-1921.589
6879.511
153.3032
-2202.413
-2001.945
-3607.972
58.96249
-3217.175
-1889.313
-1539.747
-1523.456
-2158.313
-1810.488
-1795.583
-1783.773
-1655.674
-1687.837
-1639.292
-3251.649
-1990.208
-1799.043
-1794.031
-1826.637
-1577.175
-2260.338
-1914.814
-1442.84
-1838.443
-1749.614
-1656.483
-7438.131
-3076.853
-2124.049
-1934.56
-1644.538
-1533.514
-1585.924
1057.965
-1123.178
-1629.025
-1492.373
-1618.473
-1513.409
-1647.835
-1476.286
-701.7836
-1263.891
-2535.109
-1817.013
-1336.364
-2392.412
-1816.662
-3095.43
-1842.111
-1858.991
-1542.619
-1504.219
-1573.158
-1531.745
-2108.449
-1270.015
-1602.299
-1511.761
-1786.542
-1501.014
-1553.189
-1922.226
-772.1388
-1627.121
-1289.966
-5444.879
-2548.84
-2715.538
-976.3409
-1316.205
-1639.164
-1636.024
-1623.208
-1708.02
-1535.103
-1737.857
-1698.059
-1741.946
-1243.53
-1826.739
1535.269
-977.3247
-1604.751
-1443.332
-564.1684
-1662.67
-1705.007
-1619.078
1951.802
-1075.144
-1336.462
-2046.684
-1606.386
-1589.032
-1873.033
-1670.794
-1453.138
-1579.569
-1849.257
-1781.087
-1873.228
-1912.781
-1846.409
1245.139
-998.7653
-1824.636
-1594.46
-1406.494
-1395.962
-2400.81
378.1384
-1202.035
-1635.547
-1271.829
-1701.3
-1160.64
-1636.436
-1833.563
-1763.273
-1840.396
-1554.272
-1584.26
4340.904
-382.9518
-1060.768
-2345.007
-2142.981
-1948.327
-2256.113
-2363.642
-1712.3
-1560.658
-922.3251
-1468.335
-5673.769
-2578.967
-49.62746
-4744.405
-2395.938
-2120.848
-1729.768
-1153.42
-1648.473
-2019.918
-354.1834
-1047.91
-1449.833
-2132.697
-2215.871
-2101.103
-1554.994
-1597.967
-1806.748
-1538.315
-1434.317
-1728.076
-4070.194
-2359.081
-1968.026
-1748.92
-1156.391
-1712.635
-3350.708
-2247.746
-1457.136
-5246.812
-2841.677
-3171.483
-2043.948
-1505.856
-1767.596
-308.7938
-2492.077
-6850.53
-3191.299
-1739.515
-2796.648
-2104.862
-1847.803
-2079.971
-2580.307
-1980.373
-133293.5
-31295.8
-8588.479
-3189.583
-2427.041
-1989.23
-2223.044
-1816.321
-1648.622
-1608.976
-1654.567
-3149.187
-2098.667
-2015.829
-1812.22
-1603.352
-1692.553
-1879.916
-1937.343
-1826.298
-1859.892
-1799.588
-3078.069
-2111.179
-1934.597
-3698.893
-2486.543
-1373.984
-2090.156
-2170.016
-2431.432
-1675.182
-1740.979
-1760.663
-1673.034
-1467.13
-1907.644
-1853.241
-1888.499
-1834.672
-1830.758
-1676.82
-1632.453
-2219.306
-982.8201
-2099.747
-2173.23
-1901.755
-1722.011
-1706.731
7238.726
60.71481
-1426.212
-1613.701
-1941.942
-1958.958
-2190.281
-2227.741
-876.5017
-1710.666
-1979.575
-2175.51
-2035
-1995.058
-2231.168
-2131.908
-1963.347
-738.309
-825.0309
-2342.667
-2579.503
-2234.829
5116.254
-610.3617
-1819.48
-8458.436
-3571.547
-2281.697
-2156.85
-1716.697
-2166.016
-2053.272
-1987.657
-2043.045
-2505.448
-2150.893
-2207.349
-1714.994
-1069.452
-2111.944
-1863.075
-2154.626
-2832.293
-2225.094
-2010.284
-1142.616
-1733.463
-2218.229
10760.81
600.5265
-1786.891
-2290.33
-2324.721
-2251.348
-2321.297
-2242.079
-1912.637
-2250.835
-5626.576
-3852.873
-424.7939
-1503.218
-476.6075
-2039.487
-3865.646
-2528.241
-2337.06
-2516.107
-3862.324
-3590.811
-3491.918
-2413.459
-2178.116
-2123.48
-2381.471
-2063.102
-2382.022
-1690.583
-836.8027
-1323.919
-1407.073
-2058.105
-2284.073
-1044.758
-1804.927
-2401.119
-5431.879
-2868.005
-2722.11
-2182.842
-4046.601
-2738.864
-2861.022
-6729.083
-3225.803
-7463.142
-3828.731
-2571.802
-3214.451
-2470.195
-2648.278
-2372.156
-2074.24
-2562.498
-2007.656
-2426.173
-2208.755
-1814.353
-2141.694
-2241.577
-2969.208
-1818.317
-1930.324
-2155.435
-2488.889
-2860.698
-2662.463
-2513.215
-2449.889
-498.547
-2846.591
-2687.887
-2210.915
-2393.423
-1126.122
-1915.839
-1616.62
-1614.123
-2181.783
-2230.971
-1755.425
-2359.634
-1922.395
-2351.45
-2626.071
-2566.586
-1314.821
-2261.59
-1487.293
-2054.102
-1986.916
-4160.263
-2922.285
-2690.049
-2516.93
-11692.74
-2326.786
-2588.387
-2340.965
-2278.234
-2329.121
-2649.782
-7105.035
-3566.842
-2429.019
-2294.868
-2058.22
-3872.485
-3282.59
-1112.607
-1913.677
-2345.011
-2297.638
-2243.851
-2271.918
-3878.724
51003.92
9568.082
263.5441
-1830.4
-2484.6
-2175.512
-3000.838
-1280.976
-2427.015
-2185.821
-3076.552
-415.9431
-80.80033
-1552.143
-2374.176
-2509.652
-2729.134
-2426.9
-5971.922
-3842.777
-2936.305
-2491.952
-3339.085
-2757.703
-1679.809
-2100.709
-2171.487
-1683.728
-2326.782
-2490.097
-1992.909
-2416.032
-2134.796
-2335.289
-2486.027
-2154.732
-2447.728
-2241.927
-2422.762
-2333.01
-2150.768
-2116.649
-2354.789
-2404.95
-2544.257
-2666.208
-2693.46
-1726.55
-2131.243
541.4464
-1899.686
-2281.274
-2373.749
-2938.491
-2783.829
-2737.662
-2695.189
-2360.121
-2707.573
-2245.421
-2513.071
-2418.24
-2374.107
-2325.358
-2687.334
-2938.413
-3119.347
-2397.792
-2661.44
-2565.205
-2367.618
-2287.814
526.1054
-1906.559
-2196.452
-2843.025
-2763.392
-2135.674
-2352.472
-2075.552
-2143.108
-4094.407
-3607.27
-2579.263
-2497.197
-2251.055
-2140.401
-2314.561
-2113.017
-2541.523
-1098.604
-1667.72
-1804.899
-3555.905
-2549.572
-3188.449
-2836.207
-2607.478
-2490.547
-2666.561
-3752.567
-1147.328
-2683.557
-2991.38
-1810.02
-2302.247
-2537.492
-2756.824
-2446.157
-2140.074
-2615.848
-1979.35
-2142.543
-2364.714
-2491.122
-2470.709
-2125.868
-1414.156
1537.484
-1300.825
-2022.004
-967.3438
-2201.94
-2628.756
-2492.766
-1548.561
-2240.988
-1795.252
-2417.804
-2506.026
-1258.712
-2377.985
-2237.538
-2220.698
-2512.375
-4552.372
-2651.979
-3616.429
-2747.785
-2614.171
-2214.309
-2494.562
-2439.202
-1786.667
-1838.774
-2193.854
-2433.188
-2429.48
-2412.568
-4983.486
-2962.976
-2660.848
-2617.1
-2476.829
-3101.511
-2763.125
-2533.664
-2245.815
-2762.862
3555.28
-1404.278
-2866.553
-2261.512
-2701.442
-2825.885
-2372.398
-2282.929
-2516.361
-2391.021
-2123.808
-2233.235
-2518.237
-2292.137
-1747.12
-2911.031
-2294.992
-2455.99
-2675.456
-1784.687
-1989.728
-2202.255
-2232.967
-3825.578
-3498.485
-2366.933
-1947.215
-2436.245
-2432.515
-2310.393
-1488.256
-2156.037
-1239.477
-2099.344
-2378.389
-2299.052
-2376.373
-2638.234
-2289.84
-2364.347
-2346.593
-2179.092
-2161.376
-3107.44
-2669.824
-1758.104
-2055.555
-1996.929
-1979.66
-2182.087
-1562.476
-2117.22
-2295.678
-2561.779
-2299.19
-2224.674
-1865.054
-1824.531
-1664.008
-7028.51
-3333.692
-2531.975
-2444.143
-2248.812
-1427.838
-2403.438
-2373.012
-2255.05
-2078.832
-2454.09
-2200.794
-2058.723
-1312.406
-6048.927
-3117.973
-2688.024
-3470.96
-2634.96
-2291.21
-2264.425
-2471.911
-2413.792
-2328.698
-1265.751
-1858.038
-2248.774
-2252.99
-1866.053
-765.8528
-2160.331
-2656.632
-2348.395
-2498.62
-1852.691
-2234.497
-2336.785
-2368.027
-4546.777
-308.8594
-2685.783
-2621.618
-2537.942
3808.322
-952.6589
-2417.225
11.20398
-1140.223
-2281.746
-2927.885
-2481.451
-2835.439
-2105.091
-2335.394
-2170.207
-6964.943
-3163.755
-3252.661
-2072.636
-2604.016
-2328.551
-9578.224
-4085.87
-3063.416
-2608.982
-2410.899
-1973.757
-2207.117
-2416.154
-2289.746
-2096.472
-2408.163
-2042.737
-2150.908
1549.528
-1353.543
-1981.616
-2540.905
-2253.144
-1817.731
-2207.529
-1952.309
-2183.305
-1996.999
-2294.674
-2251.196
-2261.521
-2348.73
-1891.266
-2134.974
-2319.613
-2115.644
-2099.65
-2172.737
-1584.824
-2117.707
-2125.856
-2325.732
-2840.481
-2996.358
-1704.099
-1568.252
-2144.766
-2587.913
-2582.631
-2621.812
-2915.413
-3136.782
-2252.681
-2280.297
-2253.197
-1822.11
-2126.73
-2371.139
-1518.33
-2053.601
-2105.59
-2328.729
7887.639
247.3823
-1673.406
-2180.325
-2173.388
-2572.855
-2732.508
-2716.832
-2505.984
-2302.963
-2314.153
-1970.919
-2109.339
-2048.111
-2745.19
-2906.996
-2283.761
-2255.245
-3222.67
-2514.782
-4529.801
-2837.895
-2146.442
-2489.947
-2995.755
-8631.33
-3653.191
-2742.253
-2392.584
-2600.142
-2627.719
-2571.422
-2628.131
-2834.25
14043.07
1324.845
-1579.583
-2714.263
-2432.162
-1732.341
-2510.601
-1216.668
-33884.67
-9506.846
-3675.66
-2265.417
-2371.081
-2272.752
-2402.549
-2293.795
-2305.204
-2479.793
-2517.174
-2219.873
-2471.341
637.5541
-1353.774
-2105.979
-2295.225
-3122.583
-2208.407
-2440.845
-2761.54
-2388.732
-2612.456
-2576.028
-2303.777
-2472.749
-2447.232
-2038.636
-2391.726
-2424.879
-2447.634
-14523.83
-5277.292
-3900.027
-2788.839
-2794.246
-2158.263
-2237.844
-2126.942
-1521.354
-2166.846
-3305.839
-3407.415
-5278.882
-3207.907
1723.386
-1288.526
-2502.019
-2400.059
-2205.161
-2400.153
-2066.188
-2074.894
-3774.209
-10817.38
-4455.32
-3065.033
-1986.735
-2908.277
-2626.704
-672.3664
-2241.873
-2838.418
-2658.171
-2844.037
-2440.214
-2474.821
-2497.301
-2444.001
767.9429
-1665.024
-2550.709
-2267.367
-780.2567
-1287.487
-2385.436
-4249.94
-9.972726
-2069.611
-3475.19
-2858.646
-2376.976
-2008.756
-1999.254
-3048.585
-740.6501
76.99979
-2303.328
-2534.046
-2476.375
-4816.597
-3113.401
-2824.868
-2090.07
-2722.411
-4002.5
-2938.483
-2817.467
-2616.436
-2700.732
-2675.409
-2651.942
-2358.547
-2130.866
-2707.613
-2824.64
-2646.16
-3018.721
-2642.061
-2499.69
-2782.334
-2038.386
-2375.111
-2903.622
-2688.81
-2596.624
950.6535
-1616.163
-2479.453
-879.9629
-2010.37
-2459.614
-2377.803
-2490.111
-2758.741
-2698.327
-2727.499
-2789.707
-2669.297
-2736.003
-2576.721
-2858.94
-2457.183
-2471.898
-2490.835
-2377.179
-2785.839
18398.95
2106.606
-4041.64
-3156.685
-2924.402
-2243.377
-2496.703
-2726.61
-2658.377
-537.4717
-2471.827
-2619.026
-3188.324
-3214.754
-3869.705
-3022.696
-2734.955
-2670.195
-2983.945
-2814.882
-2726.283
-2305.387
-2678.566
-2730.123
-2121.565
-2337.514
-2944.171
-2941.79
-2901.075
-2987.108
-2422.087
-2861.737
-1990.597
-2555.544
-2753.229
-2219.886
-2990.659
-2957.52
-2666.378
-2598.597
-3063.828
-3198.991
-689.495
-2517.614
-3116.332
-3046.54
-2540.974
-2751.573
-2134.317
-2794.475
-3073.153
-3550.505
-2961.575
-2649.951
-3207.067
-2840.299
-2868.908
-2937.195
-2809.012
-2954.279
-2719.833
-2809.941
-2745.807
-2836.608
-3181.972
-2985.845
-2910.938
-2799.088
-2756.543
-2405.267
-2681.91
-2742.123
-3468.568
-3215.354
-2840.39
-2943.372
-4633.833
-2872.18
-2810.829
-2964.381
-2731.907
-2870.97
-3037.258
-2963.695
-2848.926
-1251.993
-3475.279
-2269.691
-2541.66
-2940.733
-2837.27
-2631.23
-2866.262
-2371.88
-3045.674
-2424.973
-2657.49
-2854.488
-2850.292
-2200.309
-2862.715
-3286.279
-2818.529
-2868.403
-2989.862
-2575.493
-2787.105
-2777.276
-3230.344
-3247.882
-3100.204
-3028.136
-5100.05
-3234.683
-2954.543
-2836.063
-2881.691
-2945.851
-3285.203
-2820.418
-3252.721
-3053.858
-2644.502
-3048.311
-2979.362
-2613.947
-2912.996
-3006.638
-2860.899
-3014.616
-2509.092
-2838.221
-2959.6
-3192.834
-3088.792
-2988.906
-4257.381
-3132.707
-2981.101
-3222.171
803.2356
