-1840.196
-1441.458
-1141.503
139.5128
-74.22178
-68.00111
-514.6225
991.792
743.3359
417.8111
-813.8138
-827.079
-515.0291
-508.3957
-428.5004
-174.3429
-317.198
-127.387
-50.79055
98.67892
-162.3449
-1119.78
-1364.708
-496.3888
-257.4502
384.6321
309.5647
482.8965
426.1956
289.6991
-369.213
-292.7575
-136.8733
-57.96849
-54.30163
-524.3564
-44.34682
89908.49
66773.81
49555.48
36708.78
27165
20155.19
14928.77
11118.37
8216.735
6013.33
4720.441
2798.296
2199.043
-1036.833
-829.6899
-3147.97
-2068.397
-1732.296
-1245.415
-821.8013
-652.2057
-956.258
-638.5124
-153.7461
-180.4537
528.0116
759.1598
-102.6125
-46.25699
-23.49756
87.19982
144.3823
90.45553
31.7063
725.4577
598.8453
492.7605
139.7247
200.0224
96.96228
45.64591
-596.5083
-426.3337
-1768.397
-899.3105
-1281.797
-1006.154
-758.8526
-527.624
-381.6958
-181.7338
-133.7665
-36.10142
107.7731
76.43353
377.8231
212.5437
-521.1508
4089.815
3882.664
3024.693
2216.696
1913.732
609.9399
122.6012
147.2365
-25.8826
321.9207
409.5069
750.7363
-207.4822
144.606
331.6433
585.9663
94.60736
424.5743
407.0757
131.1236
154.7501
49.68207
-340.3147
-316.2898
-193.2918
-88.0608
-394.4691
-270.6121
-326.6486
-174.5771
-122.0564
-751.2163
-1362.197
-193.4116
-29.03402
205.3737
-582.5227
1608.446
1259.833
913.6005
733.9515
394.8571
-218.4509
304.5332
572.1483
505.0398
-3891.359
-4623.506
-3309.761
-2167.055
-1529.109
-1804.513
-1654.598
-1063.059
-690.7688
-387.4442
-724.7231
-439.5496
-323.5336
-376.4321
-467.1816
-321.2111
-1548.169
-1122.501
-0.3214323
31.71728
264.0154
-1607.964
1066.226
887.0333
705.9976
609.2094
781.4893
515.3396
-5433.34
-3919.002
7667.755
5755.682
4261.72
4504.805
3681.497
2673.665
2142.954
1533.335
1208.996
317.9939
323.5492
-305.1956
-410.2347
0.4437908
67.96426
136.4977
-10886.82
-7887.64
-5734.099
-4119.222
-2994.8
-2133.969
-1578.222
-2951.029
-3216.459
-2448.121
-1773.905
-1267.068
-8197.698
-7289.607
-5639.322
-3613.71
-2685.869
-1969.329
-1349.544
-638.1319
-724.0993
-444.3252
-241.1393
-417.068
-123.3405
-168.7085
-1080.942
-950.9714
-733.5429
-390.1595
-1198.568
-414.7539
-237.8382
-248.9736
-259.1986
279.3404
119.432
301.8199
326.2713
-3223.163
-2434.452
-1645.869
-1256.766
-894.0013
266.4537
-627.232
-323.9667
8.28021
72.39022
224.5071
301.6336
418.96
636.4193
542.2549
575.0143
303.6355
179.8638
2426.841
1763.901
1360.781
-1254.252
-791.5317
-884.3825
-743.7742
-530.3178
-335.359
-105.4856
129.9855
200.4736
173.4366
-30.49002
-253.9588
223.2046
165.9236
138.1253
371.9661
-21.29896
-240.1769
-253.3344
-245.8702
-201.3981
-74.0065
38.94252
-180.2904
-158.0874
-190.1126
-406.3538
-390.46
432.9668
218.1523
272.6782
414.193
655.5893
1151.269
774.2395
706.0534
532.417
432.0951
-126.494
-244.9943
-835.2846
-228.1076
-667.4433
-134.4972
-28.40281
119.7881
153.6886
251.9427
98.83049
-141.3198
-67.95447
472.2013
-3115.234
-2701.314
-2103.115
-1481.578
-1095.84
-4559.61
-3983.717
-2634.217
-2217.145
-1487.453
-1042.646
-539.3241
445.738
359.7667
351.7766
285.1083
229.242
224.8662
-743.6876
-482.1529
610.8248
484.623
236.5819
302.7301
21.02656
-369.6992
-121.1661
-30.37585
-118.8216
-4.463003
102.217
-12.91843
154.4552
32.75358
-37.76232
143.5587
22.61986
14.767
-685.7998
182.5282
412.3005
-201.7765
-444.0186
51.72119
379.8885
494.7258
-327.52
-671.9891
-434.0972
-423.6203
-607.6424
-428.4985
-210.2895
-302.4229
-134.8169
-155.5791
-28.89781
9538.714
7004.104
5105.652
3772.432
1851.264
776.8501
381.5893
286.2183
88.96539
543.7789
856.0619
-373.0353
-416.285
-320.4471
-416.9449
-356.9252
-336.1262
472.0787
415.0713
210.4528
284.0149
130.9471
342.9856
213.3112
266.1029
-117.8067
-31.27833
323.0937
320.9395
2371.595
1835.795
647.2037
399.5579
233.9667
155.7701
127.0712
-3147.295
-2451.946
-1570.883
-1757.873
606.5922
372.0373
301.3359
-72.19998
-152.6636
-188.7091
-136.1715
1988.64
1325.016
1288.129
905.641
309.8183
109.5021
892.024
3543.802
2712.972
2099.036
1534.387
809.1525
313.5214
375.2675
378.2156
235.8172
-135.7964
558.8866
476.3644
514.8414
300.4171
275.8793
257.0915
84.98244
19.74145
-455.9002
-630.4517
-849.166
-595.3342
-563.0943
-460.801
-583.5844
-110.4817
463.9406
344.5896
455.8622
1579.519
1126.407
-516.8367
215.9268
-204.0763
-1736.592
-921.9558
-684.4385
-99.89053
-328.075
-256.1489
-304.6972
-312.3924
1630.516
1576.224
1322.112
929.117
665.7492
442.2761
463.8787
1876.442
1526.489
520.4037
373.3927
81.96395
-109.9463
-209.4607
-364.7836
-432.9997
-225.4344
-1531.187
-1317.757
-945.6374
-807.3913
-852.7193
-234.7482
-210.601
-196.7394
-134.9022
-118.8701
-385.4486
-1372.386
-1168.997
-950.8373
-718.6996
-670.1553
-383.8714
-1271.591
-1068.239
-731.6154
-517.3138
-284.9145
-469.4573
-2993.276
-2338.586
-1875.989
-1440.844
-1140.012
-790.2333
-3.288102
-6090.867
-4661.395
-3518.326
-2615.616
-1990.836
-1904.943
-1665.565
-379.5738
-464.1033
-479.7249
-1107.294
-978.8556
-882.9037
-2423.724
-1837.569
-1166.147
-526.6868
-401.8518
120.1966
85.52959
560.549
447.3634
308.3671
1320.975
585.968
682.5281
210.7991
149.7212
71639.01
53001.19
38197.14
28257.49
20899.36
15999.9
12329.15
9805.51
7256.14
5360.491
5038.378
3752.825
803.1484
370.162
76.58711
-21.408
19.66243
-371.1464
-194.6292
-150.9289
303.6257
105.841
-539.388
-418.472
-500.7456
-360.7442
-425.621
-496.1336
-367.4665
-519.6975
123.396
108.4851
-122.5184
-768.5083
-445.1217
-459.707
-376.7276
-268.297
-434.2663
-491.5396
-460.7797
-458.9944
-709.6802
-625.1292
-557.5681
-558.9936
-344.49
-202.0474
117.4773
-125.8796
-223.0219
-644.2928
-495.8808
-1133.053
4727.167
3561.479
2818.285
2173.11
1313.153
898.7541
979.8823
626.6603
863.1567
674.314
619.3992
-298.5333
-1361.575
1736.267
1147.2
367.1558
-636.734
-612.0928
-535.475
10816.94
7861.846
5642.103
4142.193
2965.216
2165.106
1384.228
978.348
247.2446
146.0655
-285.9213
-278.1
106.1728
385.9413
241.6164
38.35518
128.7114
67.71723
-48.09632
214.9467
76.47512
-90.94982
-1184.948
-760.5408
-857.1348
-730.1579
-646.3796
-812.9612
-1274.048
-1148.638
-1030.493
-257.131
-2108.966
-1180.278
-906.131
-854.4063
-863.2213
1776.88
1093.097
780.5886
559.9645
296.8328
164.9501
-582691.5
-431901.3
-320158.8
-237104.6
-175763.5
-131026.3
-97231.78
-72315.36
-53658.36
-39890.11
-29568.39
-22290.19
-16684.36
-12459.5
-9384.422
-6967.192
-4926.917
-3946.327
1105.521
821.1271
-2828.914
-1911.649
-2118.673
-1891.476
-1477.167
-973.4953
-874.3791
-780.882
-894.8349
1733.473
1107.429
881.9426
2.522897
-295.4457
-426.2099
-232.5009
-208.1702
-123.3256
-140.5138
-84.76526
4.077658
-2105.468
-1670.141
-1406.589
-1330.793
-625.615
-615.566
-457.8873
-222.6875
-3160.513
-2077.239
-2675.716
-2134.392
-846.0657
-944.1558
-763.6243
-620.0749
-492.231
-486.6854
-695.9268
-653.1707
-522.1261
-228.6287
-348.9658
-393.8023
-349.8667
-420.4133
-665.9094
-592.1537
-826.267
-963.1429
-754.9169
-661.0614
-604.5818
-557.0543
-715.4064
-1383.234
-1165.328
-762.1253
-329.5079
-681.5861
-760.7176
-978.1276
-655.1213
-488.9858
-243.8531
-124.3455
9.538901
45.22849
187.8806
37.05938
36.7421
-474.1869
-440.483
-388.1544
-806.6529
-2306.412
-1899.32
-1637.843
-1387.202
-1192.044
-573.7977
-970.8787
-776.7255
-702.7548
-681.1227
2326.199
1527.132
-1851.588
-1466.528
-1169.534
-320.8771
-166.6545
45.41082
-16.36274
-122.1004
-588.0942
-381.8584
-328.6669
-443.4511
-315.6989
-313.0932
-62.32413
-4.131019
-198.1001
-333.3095
-635.3062
-654.1707
-494.39
-833.129
-507.0061
-395.8236
-541.2818
-541.4066
427.225
497.4883
273.9099
1071.888
723.1822
413.0324
238.6198
268.3265
921.2486
590.568
-2265.597
-2140.06
-1730.235
-1363.642
-1249.893
-33.287
-36.3511
-133.0954
-197.794
1154.168
-32.16268
260.6318
1206.541
580.5106
1026.671
570.0514
316.6792
81.42471
-7.03056
-1994.113
-1612.801
-1307.441
-1483.465
-1467.727
-1786.584
-1595.501
-1232.519
-938.1624
-826.0383
-1307.827
-1445.65
-1340.105
-1140.99
-848.5155
-697.1685
-557.9236
-524.9719
-1743.155
-1250.405
-1097.374
-626.0512
-519.6933
-2770.008
-1999.122
-1630.165
-1274.11
-1041.718
-1001.752
-857.5689
-665.5395
-589.3866
-1064.472
-832.7771
-1021.856
-860.4721
-597.6982
-387.7035
1356.177
1274.141
1095.689
2518.669
1712.6
53.40889
36.13122
-71.74408
3242.687
2204.64
8395.243
5880.06
4332.412
3240.099
2162.639
1459.282
3184.578
1863.434
1200.107
3707.023
2967.275
2283.201
1383.138
948.2981
917.8808
215.6412
294.4023
231.7196
-81.66642
-565.8467
-500.6504
-396.7665
-65.97185
-170.5074
2150.563
1658.207
1258.468
1012.546
397.1073
234.8435
140.2427
880.5495
584.0079
452.2261
331.8973
59.44452
89.96115
5.328698
-124.4296
-145.0689
-30.70028
68.23647
86.72903
23.99537
2146.537
1560.465
2997.297
2152.873
1724.997
1108.546
1172.31
1067.993
754.5688
532.2516
289.527
521.6954
-272.4064
-4253.949
-3502.198
-2345.478
-1825.013
-1329.889
-992.0773
-637.5762
-539.9649
-693.8668
-316.7403
-151.5455
-34.37669
-64.29834
-59.96919
-84.9705
586.465
-14127.45
-10503.86
-7627.24
-5226.751
-3751.064
-2706.285
-1998.328
-1063.984
-400.7808
-149.2564
-109.4541
-87.01425
254.9998
-176.6967
-262.0595
-271.0231
-260.5182
-177.4998
-200.6092
-59.81508
-282.3993
-226.9918
-2193.415
-1858.863
-1167.119
-601.5341
-647.444
-536.7425
-337.2362
3674.865
2647.04
1990.074
1468.467
1210.293
1018.206
787.0302
727.4579
432.4256
366.5383
-201.0477
-368.6802
-204.8269
633.8562
385.8176
359.7036
484.2429
-90.40148
-481.0056
-378.0438
-131.9757
-35.11344
508.6943
354.858
517.4486
461.8939
283.0668
98.93325
62.00072
-46.72126
-154.9763
874.1807
264.8533
816.8965
652.4188
83616.38
62081.85
46150.29
34181.42
25506.91
18128.88
13649.18
10129.15
7498.185
5708.283
4108.648
3072.625
4034.21
3071.104
2304.944
934.9804
814.8706
585.8889
388.1772
-201.0349
-298.3707
-190.3746
-199.9426
-16.27532
252.6518
205.1204
45.81843
-237.3745
-187.5485
-297.4233
-299.4989
732.4414
346.8832
141.4693
248.0064
359.0061
87.85436
315.9823
387.956
234.8327
181.5989
-109.3606
-359.5907
142.0887
26.1826
172.3554
189.6114
87.37744
101.3102
104.5175
107.3067
-42.1314
184.1561
227.6236
208.2395
251.8082
58.02346
153.075
122.7911
-349.2072
-415.5259
-459.5688
6552.904
4837.959
4088.285
2738.021
2125.733
1566.876
1229.109
1502.197
1157.229
1039.563
847.036
1728.426
1371.198
467.647
264.4417
51.35035
121.3268
27.14176
-46.6098
147.4764
102.7693
156.7704
134.7488
284.9296
-2013.669
-1489.406
-580.8198
-2937.244
-2063.23
-1515.791
-1133.184
-754.4199
-476.1096
52.00204
-23.73331
7.332556
-66.2488
-103.1934
-148.7341
-74.91835
-11.86545
662.905
465.6283
325.2589
534.2313
388.1703
1882.582
1462.788
1146.123
789.2355
469.7681
507.0234
627.9525
581.1178
1234.548
1132.344
752.4671
98.87899
-190.9553
-3640.929
-2952.069
-2304.405
-1680.315
-1442.952
-940.1466
-743.5902
493.4715
239.7266
490.1962
406.7735
913.4603
1285.048
1166.798
933.8474
860.2823
830.7006
644.9584
1111.462
-263.84
580.5299
367.1841
1647.431
1215.328
959.6295
734.1027
484.877
-246.4623
-214.463
-103.4554
-63.29896
-99.90569
-125.7869
-341.3975
-310.1834
-658.956
-608.7701
-488.9208
-411.4295
-328.9115
-224.3079
-246.0612
-1537.847
-1068.495
-500.827
-253.9065
-6542.997
-4791.47
-3575.993
-2519.805
-2059.506
-1468.27
-1043.098
-871.6949
-1186.898
-614.629
-1388.337
-886.0553
754.3984
1059.364
52.98329
-1766.431
-628.3279
-459.8506
134.632
-46.70806
-63.21984
366.6065
251.2054
317.4693
485.168
349.6611
163.7017
242.6428
836.6057
574.8752
864.919
622.0346
447.5863
320.3839
141.9892
121.3502
-0.6266681
88.80638
17.13766
54.58068
438.7772
320.796
142.4438
-75.46171
-20.33447
4858.74
3604.3
2432.73
1390.541
1289.755
948.6581
762.7528
323.5274
328.5572
1343.756
942.0878
505.3772
1492.492
1229.419
992.9609
470.0033
369.8415
292.4909
47.66792
112.6077
222.1372
500.5158
454.6838
-1946.306
-2538.096
-1653.589
-944.4898
-795.0461
-325.9079
-184.1275
-162.4296
-121.993
-911.7667
-205.325
-211.2652
-1862.054
-2381.158
-1506.902
-1259.699
-944.2028
-606.1775
-512.6573
-614.0012
-424.9695
-373.8549
-440.079
-615.0715
-1129.746
-943.0701
-935.0222
-747.3121
-198.3396
-204.6321
-117.3446
-555.0784
-701.836
-568.3577
-130.8155
-305.1365
2596.563
1976.568
4672.267
3470.795
4711.091
2545.274
1657.474
1128.247
87.64897
191.2223
-109.9282
871.9188
317.1462
159.8314
-129.2922
-320.0394
-10798.27
-8034.084
-5929.332
-4464.979
-3845.367
-2860.803
-2577.204
-1872.148
-1462.584
270.7104
614.5961
323.9821
360.3805
256.7189
139.9002
174.4748
4815.16
3978.467
2610.416
3409.336
2375.707
1702.272
-7684.516
-5700.561
-4008.87
-3501.062
-2632.013
-2056.159
-1929.134
-1203.527
-855.2926
-449.9064
-389.302
-589.201
-612.2261
-7438.936
-5449.285
-4689.171
-3188.281
-2551.273
-1219.65
-1001.076
-1410.201
-1092.469
-1677.65
-1215.548
-713.0383
-621.2378
-1146.978
-822.1261
-777.8338
-666.5865
-865.3931
-750.3379
-327.2257
5.727773
248.8998
744.4635
454.7345
266.9854
-208.9528
-106.5999
-204.0788
-123.4316
118.9407
-105.5499
12.51512
-70.31228
-545.8752
-511.8667
-468.4052
-371.0179
-853.6873
-468.8055
-346.2114
-378.5284
-177.9887
-190.4396
-201.3099
-170.9196
-46.99457
-19.68942
-136.5379
-555.5511
-396.1312
-709.932
-622.6745
-587.9219
11.45594
-167.1265
-218.9225
-356.9266
-144.2115
21.11616
-133.6529
-287.2686
-196.1335
470.2686
179.7541
225.9861
398.1701
32.38391
65.98665
-745.0644
-1069.426
-870.681
-645.3203
-488.6765
-493.5757
-729.295
-1142.149
475.2934
258.7477
-257.5301
-380.4127
-234.6059
624.844
419.6785
181.3597
115.14
-96.36896
-255.7238
-54.61273
-24.62103
-140.7862
-158.8727
-133.8934
-532.1213
-1859.248
-1324.929
-1752.221
-1633.587
-1534.862
-1193.904
-959.9746
-917.3621
-6469.003
-5633.808
-3114.639
-2433.905
-1790.392
-2534.7
-2120.084
-1738.44
-1434.174
-880.9274
728.2745
75.02552
-7899.545
-5792.143
-4500.774
-3398.381
-2553.759
-1484.866
-1092.697
-1011.303
-981.0741
-1073.629
366.806
181.4611
-26.33401
-72.97854
1163.574
1557.92
971.6535
163.2711
31.04558
-244.2263
-68.39787
1258.728
435.8624
-9374.81
-6624.188
-5135.476
-3864.29
-2967.959
-2445.541
-2266.31
-1503.064
-1394.866
-1131.778
-584.5122
-276.5997
-263.0608
-108.4788
-1450.766
-1355.052
-1045.418
-974.2029
-986.228
43.17178
-135.9291
130.1234
23.15171
-147.7822
-173.0789
-555.7115
-622.0022
-881.8023
-918.0235
-795.3713
-960.7823
-639.5229
269.2939
-58.05591
-1277.351
-470.5533
-431.5619
-741.6526
-848.2642
-762.3142
-644.65
-17471.51
-12950.4
-9785.822
-7432.697
-5988.84
-4575.128
-3685.834
-2972.478
-2149.963
-1749.023
-1259.336
-1036.849
-529.5571
2626.708
1771.472
1112.735
675.6249
753.7985
184.5647
35.33667
194.8617
169.3589
-1263.657
-1003.128
-749.0837
-221.0309
-349.6879
-1043.427
-992.3053
-1002.23
-1023.148
-685.1734
-676.1448
377.2252
-398.7419
-1000.277
-875.5095
-831.1133
-775.266
-831.9411
-405.2667
-593.5305
-566.0941
-562.4243
-311.9456
16323.24
12138.52
8708.229
6052.448
4345.738
2616.548
2775.915
1931.84
1353.161
298.3118
47.0167
-145.3686
-184.5867
-462.3742
588.5048
497.9221
474.7298
135.1716
-669.1652
-459.8459
-473.5322
3961.784
2780.774
2028.34
1319.206
924.0425
1266.218
703.0892
262.664
3978.429
2773.663
1849.927
1123.081
629.5454
333.95
146.0594
59.02498
-62.21403
19.18091
432.4285
-6573.933
-4599.254
-3325.192
-2731.538
-2167.119
-1822.075
632.7624
221.9905
-1450.75
-1091.823
-713.2154
-600.533
-445.4032
-437.946
-795.8706
-129.8498
-239.9283
-271.4265
-1798.028
-1638.699
-1201.727
-1020.723
-827.8542
-633.7454
-1936.026
-2092.886
-1919.32
-1564.318
-1209.487
-966.6022
-637.2622
-789.767
-965.049
-733.0295
2036.329
1337.404
843.5259
762.0913
442.0761
130.9493
-1014.424
-865.8872
-703.1343
-703.4002
-639.301
-766.232
-816.8827
-753.1479
-505.3357
-819.4477
-800.3854
-746.6993
-740.8458
-564.4702
-520.0029
-1310.375
-1369.452
-1611.491
-1240.905
-1179.67
-1025.108
-908.2406
-2193.473
-1676.469
-1212.631
-1086.03
-960.9732
-764.4259
-404.5793
-624.0692
-643.3271
-1021.013
-661.2152
-660.9771
-497.5823
-442.6577
-553.0903
-457.9181
406.744
119.0063
-26.41662
-158.0521
123.0433
-18.75003
-756.0753
-540.9002
-534.5349
-488.4142
-331.4416
-225.209
-601.9769
-47.45263
-59.56933
-1810.079
-1397.852
-1140.387
-1042.629
-1082.734
-867.2485
-938.417
-737.1862
-532.0082
-586.546
-761.9958
-779.1524
-818.1457
-687.8012
-527.7511
-656.2692
-647.044
-711.0542
-721.4903
-885.2903
-798.8032
-637.7199
-732.4801
-519.9157
-464.5713
-525.4322
44.6315
-187.6443
-427.0552
-539.3958
-688.1194
-590.0839
-530.3635
-501.5623
-611.9138
-566.8464
-283.937
-230.0534
-182.9462
-190.9352
-502.0977
-680.4566
-871.1662
-648.8749
-2351.306
-2111.15
-1332.545
-1535.6
-1609.472
2938.072
1976.781
1483.967
66.50627
22.33469
-305.3272
1556.341
4376.341
4941.784
3625.5
2644.699
2053.54
1411.596
768.055
474.1147
445.6146
406.831
265.4938
247.6307
109.0347
-3119.932
-2440.984
-1969.716
-1616.379
-1094.344
-727.5329
-1639.106
-2181.092
-1672.232
-1392.898
-868.4375
-733.1327
-675.0989
-482.7053
-358.801
-408.3256
-1942.798
-1475.849
-1096.265
-863.9142
-1208.963
-468.3345
-1651.966
-947.1247
-877.8169
-675.2565
-563.4969
-347.9795
-562.3083
-388.1994
-437.325
-381.1708
-311.2039
-347.3583
-612.5866
-532.842
-523.8973
-147.7982
-86.99468
1762.49
-625.7405
-1755.379
-1259.766
-1545.103
-1279.634
-1148.424
-1477.393
-1314.143
-984.4196
-1086.739
-796.5847
-615.0318
6162.639
4736.246
4492.429
2690.681
2064.162
1290.101
375.9495
209.1808
339.919
401.6053
59.16839
232.7806
110.8389
87.12751
-36323.1
-25879.94
-19403.16
-14133.42
-10490.63
-8027.613
-6067.955
-4563.025
-3419.057
-2691.538
-2104.981
-1575.894
-908.382
-752.2253
-255.25
-140.7123
-52.26112
-94.91853
-541.5735
1507.668
681.2689
1044.926
680.1077
2921.54
2245.938
1440.723
1180.305
1415.766
997.7208
1325.969
938.9355
772.5995
351.9082
146.3294
-117.1861
-784.8732
-508.2211
-386.8695
108.8934
244.2893
68.78163
53.88651
-40.25225
-130.4966
-33.65126
-68.92754
-556.0228
-303.5331
2222.057
2279.066
1661.08
-5663.631
-4230.412
-3139.112
-2254.542
-1553.974
-1144.079
-793.8963
-662.6321
-671.1827
-650.945
-373.205
-569.7292
-500.4872
-653.7575
-1914.071
225.6286
168.7124
-77.95558
-134.9397
-7146.634
-5350.624
-5239.785
-4433.777
-3336.325
-2358.778
-2132.852
-1848.353
-1522.473
-632.0871
-591.8965
-507.9927
-423.3954
-500.2903
-419.1786
-184.3122
5191.912
-348.6098
-879.6469
-673.6189
-402.3385
-423.446
-397.0401
-304.8379
-45.8397
-143.3053
-306.4069
-470.2706
-436.9657
-811.7579
-609.0189
-425.8974
241.6401
176.2192
4.289266
139.1228
49.26602
970.5013
661.5237
728.1301
533.8193
222.9587
48.77109
-3409.251
-6677.057
-5007.101
-3792.312
-2922.757
-2598.296
-1152.914
-730.0785
-553.0439
1515.128
812.719
501.9378
274.517
532.5068
452.0954
269.4769
190.3517
2.512494
15.13949
-233.205
-69.54567
-182.0996
-145.3556
36.93974
72.59767
-85.69859
51.03396
38.28344
-25.53846
246.1122
203.8573
538.9303
325.6093
-234.5304
188.6119
269.2798
249.0184
93.57265
452.4767
421.4682
594.5996
-247.8955
1048.289
454.8989
443.5351
596.043
-106.5164
-641.9553
-338.3681
-298.7885
233.1117
124.2586
-29.72474
101.3225
50.33762
145.6456
-108.9832
-53.1177
-99.01062
-151.8874
-325.3827
331.0216
188.3113
-553.5875
-348.6595
83.65103
-15.10733
330.4227
-11.74196
-123.5161
-170.4808
-156.6365
-337.8934
-1318.78
-982.5013
900.6287
1085.857
714.6706
511.7974
-1308.807
24962.47
18658.05
13768.25
10267.24
7292.093
4931.716
3446.027
2458.569
1827.63
1389.187
882.6066
740.4926
620.5924
691.5458
529.688
370.2919
217.4098
-76.76447
-760.7391
-512.0367
-470.1438
-208.5926
911.0452
924.4327
742.9807
-1449.724
-1109.863
-2145.969
-1578.787
-1075.376
-851.3268
-628.1996
-1685.623
-8601.779
-6412.893
-4813.588
-3719.771
-2616.983
-2015.374
-1567.54
-1098.499
-813.2534
3958.807
2400.024
2231.823
1671.851
1199.377
492.6749
545.2439
235.2279
60.35225
-25.42466
346.2777
231.0901
-539.61
-137.6994
478.226
385.4252
510.097
-276.0818
-241.2493
-6304.467
-4311.617
-3807.132
-2984.797
-2352.88
-1693.177
-1346.775
-915.182
-1055.782
-1130.317
-844.163
-771.6569
-963.136
-430.2832
-296.5784
-2097.779
-1548.929
-1632.591
5874.081
3919.257
2721.413
1970.571
1413.48
1034.374
929.3774
691.1106
394.3726
199.4562
60.73815
200.9026
149.4073
181.1673
619.4728
435.3941
318.6521
75.11243
70.84525
-59.61598
2159.14
2234.612
1518.64
1049.561
1544.73
942.5503
1124.247
434.2228
251.6457
-9.073914
-213.7213
-17.51673
-489.312
-1176.46
-910.9018
-670.4805
-563.6489
-625.1223
89.2265
-60.58911
-177.4967
181.2082
131.5033
87.30758
888.5803
665.4505
643.1019
474.5588
48.62729
239.6703
607.3295
4063.288
2447.969
2489.871
2341.428
1611.842
680.1295
1821.598
1871.642
1260.891
877.6183
518.2873
420.3049
251.4421
164.3124
52.75602
791.0683
557.2249
356.5659
122.4872
-2407.61
-2087.518
-2085.594
-1599.081
-1158.665
-699.2297
-1858.41
-1444.92
-1237.801
-1337.713
-790.3324
-218.4499
-341.1114
-138.5123
-408.4491
-364.0251
-4865.896
-3621.122
-2641.621
-2196.23
105110.1
77653.12
57298.35
42291.48
31186.5
23022.73
16735.27
12361.73
9037.436
6581.02
5093.535
3777.491
2484.767
1522.888
975.6563
-1426.677
-1169.626
-819.1233
-327.5766
-1177.542
-692.9695
-562.6107
-550.5122
-432.7735
-2178.879
-1680.515
-1749.124
-1334.746
-1164.477
-817.6216
-914.3148
-763.8235
508.0755
332.3869
45.78676
680.5198
472.3747
557.4538
377.5794
50.2517
-343.7605
-433.3865
-122.386
-159.8828
-194.8052
-200.7008
-429.9636
-426.1396
-634.1288
-649.8034
-494.7851
-460.8256
-27576.62
-21416.53
-15525.1
-11389.72
-8516.705
-6526.051
-4917.062
-3725.502
-2961.706
-2559.945
-1713.069
-2181.426
-1585.557
-1145.299
-953.7522
-713.9573
-396.9249
-241.2482
1979.165
1438.077
876.1487
811.3368
203.7063
-7.549254
605.6711
2767.346
1911.552
-1140.917
-912.8001
-891.9905
-668.3865
-429.2134
1676.907
951.6307
441.0224
117.0545
97.0074
-436.4244
-640.1618
-444.7924
-491.1004
-182.7034
-246.1304
-398.7604
-346.0173
-7041.6
-4910.381
-5743.429
-4420.458
-3446.973
-2523.912
19716.36
13505.98
9980.584
7116.808
5265.196
3666.772
2751.05
1751.059
1987.52
1372.699
1507.552
949.4846
329.7249
253.2284
-1906.763
-1738.612
-1272.972
-642.0076
-396.2433
-471.3306
-749.2392
-849.5808
-878.603
-750.1433
-533.2689
-553.5068
-601.7658
16265.89
11425.73
8288.624
5098.105
3388.308
2787.109
740.4639
4987.869
3453.394
3460.312
2637.878
1773.355
1217.356
774.2572
304.1341
-169.3461
-238.1031
-490.6472
-570.3908
-592.2946
-553.2628
-533.6472
-1097.563
-778.5975
-349.6491
-280.4766
-809.7793
-877.9114
6969.028
4857.742
3423.298
2054.923
1205.867
610.3525
616.4294
601.0354
-118.6596
-965.7274
-735.5914
-531.3053
-709.8989
-723.3512
-1020.857
-969.5171
-2680.84
-1636.652
-1558.125
-1244.311
-1152.797
-1179.508
-1195.319
-1071.602
-1003.618
-2152.033
-2334.241
-1836.476
-1317.556
-906.8552
-1265.99
-1060.752
-1470.759
-1529.906
-1202.463
-1041.689
-953.6362
-887.856
-1101.637
-1209.408
-1035.331
-1177.553
-972.9128
-483.8441
-436.0019
-1913.093
-1647.188
-1501.369
-871.4629
-806.9677
-557.6535
-281.7589
-932.9441
-833.3033
-873.6162
-747.3561
-706.1203
-388.0649
-513.811
-496.9864
-1305.211
-1291.259
-1570.031
-1318.476
-1181.273
-2640.53
-2057.892
-1768.031
-1383.668
-1318.777
-1220.084
-1037.293
-817.4291
-1108.151
-989.2319
-877.3747
-904.2172
-873.8802
-32783.16
-24203.55
-18102.06
-13321.99
-9990.099
-7186.145
-5579.521
-4953.64
-3926.315
-3382.809
-2656.77
-2283.66
-1988.894
-1196.556
-987.7312
-716.5705
-2965.538
-3206.441
-1743.219
-1481.445
-1128.268
-860.8454
-868.0507
-843.2509
-875.1668
-630.4621
-727.5639
-684.5991
2942.557
1904.353
1098.942
493.6965
269.8594
15.33589
-92.07464
-2012.275
-1614.005
-2010.883
-1665.522
-1572.034
-1516.046
-1139.418
-1321.431
-1544.803
-1284.555
-1123.316
-1121.551
-1320.922
-1104.9
-913.0146
-800.9312
-332.0003
-493.9753
-1067.067
-1147.995
-1097.559
-280.0821
-7.36352
-165.5773
-288.8475
-365.7733
-506.765
-615.9721
-742.0335
-753.1222
-804.9284
-738.16
-772.1699
-1008.321
-980.1551
-907.8265
-904.4175
1498.87
313.2548
3538.443
2070.434
1639.084
894.2102
294.2961
265.2119
-47.86219
-328.411
-566.2153
-491.0013
-661.7052
-410.2042
-443.8372
2701.724
1885.506
1614.945
1147.538
1449.175
909.6316
61.28437
40.93592
-120.2784
-320.4658
-340.4962
-1957.669
-1592.765
-1416.567
-973.8796
-310.2278
-391.2559
-360.6945
-838.3399
-846.2165
-837.6145
-760.1168
-721.6351
-928.446
3931.673
2678.596
2033.181
597.9147
711.8723
383.6209
188.1049
-147.5289
-258.3776
-255.7526
-456.751
-548.7376
-16.37371
2418.592
1779.106
-16.93496
700.5398
430.0679
312.4339
117.5868
2341.063
1442.746
808.2436
430.436
88.83444
-198.8959
-601.2782
-641.2995
-975.3781
-566.3239
-797.6413
-1257.701
-1131.745
-1034.271
-987.645
-1012.663
-1005.504
-934.0938
-839.7699
-654.0776
-725.5673
-5482.852
-4374.368
-3141.934
-2363.679
-1974.593
-1300.464
3997.946
1191.022
828.7044
433.0754
283.2656
358.969
33.19329
-42.63533
-54.96921
-161.1596
-119.3087
-230.1739
-230.8262
-677.0225
-564.2219
-646.512
-593.8029
-559.9238
-2277.713
-1766.254
-1478.495
-1129.441
-273.6284
-405.3451
-432.6816
-394.9353
246.362
-211.2246
-226.6957
-325.358
-911.5049
-715.8338
-826.2263
109.9653
472.8494
66.55973
-464.1855
-421.1059
-467.2798
-732.0997
915.2403
2516.527
1972.792
2967.734
3034.216
1478.151
1086.522
-356.9858
-548.7207
-636.5165
-488.2755
-557.6103
-434.8776
-342.3073
-404.3344
-784.3792
-545.7525
-456.7831
-300.0525
-2442.905
-1916.664
-2120.196
-2720.363
-2193.088
-1764.439
-1264.618
-961.0752
-1072.273
-1018.469
-285.1594
-1418.356
-1599.859
-1481.553
-1225.06
-1088.683
-1710.5
-1365.101
-1250.421
-578.5829
-532.7067
-626.5599
-636.6397
-633.6641
-533.3586
-163.4712
-437.0798
-488.3936
-482.1139
-913.1367
3986.699
2659.116
1530.568
1241.69
386.9364
253.118
530.0117
87.33078
-132.1803
93.13945
395.5453
330.3906
200.447
-615.8359
-569.2965
28.23912
-294.5913
91.9814
-144.262
-139.5616
-422.8309
-3.338741
-292.9119
-454.8664
-1332.802
-1215.095
-2203.294
-1815.373
-1319.82
-918.2222
-747.0524
-695.482
-391.1327
-338.9743
-445.2355
-959.3663
-1168.069
-976.0997
-866.2849
-760.6977
-226.9198
-83.04421
-399.335
-1274.249
-923.3365
-1679.223
-1664.373
-836.0273
-776.2912
-463.1591
-409.5513
-319.5066
-436.0718
-458.8504
-530.6647
-287.4492
-682.4118
-562.5307
-646.4278
-696.6833
-621.9687
188.725
-64.49185
-430.9793
-399.3161
-174.259
-253.4535
-151.7575
-4608.705
-3611.296
-2841.921
-2065.256
-1580.886
-1124.671
-810.9166
-2084.444
-1340.88
65286.88
48903.8
35381.31
26122.46
19136.4
14664.81
10583.59
7701.826
5623.099
4169.706
3141.727
3147.711
2174.57
1396.153
1021.306
616.1299
1835.049
2410.663
2066.932
2128.189
1341.676
564.2283
424.647
125.2099
88.28931
5.620315
-191.5682
8.883835
-122.3237
-130.2789
-20.75393
-250.4765
-358.4821
-229.7815
-189.5198
-305.3216
-234.4323
-338.3747
-443.8253
-501.3564
-463.7448
-342.6896
-355.952
703.2401
968.7876
1489.606
1002.038
779.4408
381.7964
351.5921
1086.503
495.4306
571.3282
505.4896
380.6451
-350.6724
-374.5605
171.938
208.2826
-91.9056
-60.69095
-2662.622
-2128.524
-1693.451
-738.5053
-701.1031
-305.1961
-590.8681
-757.428
-854.462
-727.2601
-960.0708
-677.3733
130.1766
74.7604
112.1185
146.1716
171.1454
62.52167
-147.2966
-139.0054
-219.4754
-241.6418
-226.1073
-324.114
-155.6107
-225.8802
-293.7026
-321.5744
-459.0377
-678.4731
837.9989
283.9834
-66.07639
-153.2279
103.4296
40.65608
-130.7517
-159.2809
-290.4178
-35.17643
-728.3478
226.6039
-8.366447
-44.07057
44.45647
-480.989
-646.7803
-489.905
-682.5784
-435.8283
790.4837
-360.8657
-222.0222
-204.474
-5612.985
-4324.733
-3507.356
-1540.013
-3558.741
-2592.478
-2161.613
-1653.259
-1362.513
-1489.832
-1597.527
-1286.089
-1074.271
-773.5383
-827.4455
-822.0905
-666.4401
-263.1129
-125.5473
-280.6844
-426.0812
-439.3355
-237.7545
-167.4864
-391.3408
-264.5547
-114.0387
-266.3558
-255.8125
-435.0408
-359.243
-448.0971
-668.8266
-744.2416
-1580.609
-1300.327
-1191.035
-604.1761
916.8225
555.5629
170.5369
-3833.356
-1951.325
-1637.417
-1105.433
-1599.101
-1131.996
-780.1833
-504.0084
-659.3207
-441.2458
-210.4398
195.3107
1222.976
850.6432
-992.7378
-922.6728
-885.767
-734.5347
-733.2003
-681.3767
-443.9333
91.81215
372.4859
-386.1485
-411.4715
-267.1781
-1134.166
-929.4667
-678.9703
-746.572
-590.2533
-513.8789
-703.8275
-583.7121
-532.1575
-441.5316
-138.0327
-131.9265
-320.7295
-578.5863
-1141.581
-824.1265
-813.6004
-837.5999
-738.1051
-598.9231
-622.0723
-595.7622
-814.359
-615.0723
-523.1146
-316.4815
-357.0218
-293.8779
-273.0116
-356.1697
-241.4702
-447.6141
-855.848
-725.1557
-668.6903
-560.6675
-599.9652
-3013.78
-2371.09
-1796.412
-1399.228
-1026.88
2617.491
1815.359
2483.943
1636.974
435.8649
286.0163
103.1487
-102.9227
-139.8598
11845.29
8694.641
6441.552
4969.46
3802.731
3142.856
2289.167
1695.312
1465.247
1163.619
855.8753
542.4935
230.859
166.6609
-37.2763
-210.3818
8.831236
-626.8299
-867.5345
-642.8678
-620.1892
-208.7839
-256.7561
-3068.713
-2772.49
-2153.416
-1801.227
-1365.451
-1088.884
-1062.305
-1221.103
-1102.509
-989.6235
-142.6175
-38.06532
-204.7108
-200.3752
-200.7536
-1093.298
-971.6426
-630.229
-810.3868
