-548.6911
511.3902
-2214.023
412.0011
806.2756
853.563
1935.634
631.3409
464.3014
402.2538
1247.128
-90.60154
41.39533
237.1608
102.97
462.1635
222.2194
-184.2369
679.0588
893.0139
639.8667
308.8613
7058.014
3644.579
-350.818
432.9732
608.9359
715.8816
1062.318
9328.793
2329.361
1102.818
224.878
1281.48
526.2283
228.4414
789.2343
482.4643
-145.5762
489.6939
174.5535
325.2169
-762.2157
-3565.001
-669.8166
279.6956
-2062.31
-2322.317
637.329
628.2772
-14292.25
-3142.079
-26.42561
481.4687
3053.835
334.7849
2554.995
664.7751
764.2219
-533.9882
463.4949
523.5076
-1793.424
5620.157
1057.658
837.1107
-335.4958
-463.813
22682.97
2465.809
1196.051
1447.548
697.2435
83.42409
194.7189
722.5711
344.4837
2105.881
4337.464
1217.805
155.8363
284.8385
-2715.574
1809.4
229.063
-1458.877
5176.757
604.2733
200.4091
15323.35
1065.515
873.3424
156.924
-886.945
172.0095
258.6926
1060.901
-142.1881
63.60576
6795.575
1022.569
1307.353
-225.4249
134.8995
3167.337
891.6341
701.771
528.7384
1347.242
798.6474
-1897.549
-612.4762
-951.0605
78.93733
290.8829
-2281.888
-892.692
-58.02247
-961.878
-39.34671
562.7075
493.0502
3444.825
1348.611
668.1622
442.0526
-351.4033
343.054
-975.5621
-303.2672
8323.545
1657.222
6981.184
1370.176
4374.321
526.1896
342.5312
303.4878
268.0061
2125.907
798.6997
463.1681
486.1496
559.7071
499.4805
-190.3593
417.3419
-1091.291
147.4481
30.04845
-7070.062
-202.9899
-930.8761
-484.1841
638.952
734.5912
500.2755
557.6682
-331.7139
276.2345
655.9635
957.2357
-191.6298
-95.90012
-176.2884
7876.592
782.0128
-2251.404
-123.62
300.8971
486.128
-770.8045
1761.987
298.1213
607.7425
-455.6863
996.7118
214.6054
-57.84974
-77.38995
608.6457
-58.34368
41.06888
843.4129
638.7313
423.0521
-1139.181
371.6642
-57.06172
56.768
194.0788
286.4763
-166.1895
264.6878
-0.04396545
216.2387
942.0628
-2212.093
-91.79611
-32.88128
641.2341
-497.5208
-316.6667
909.3771
400.6342
-1543.397
559.0929
392.8243
150.115
20945.58
2784.379
620.9822
-37.44613
-2924.556
48.37672
1504.641
-844.6303
-1055.418
1089.947
-328.4164
1062.397
289.9017
68.71538
-19912.81
-1639.183
-1910.289
162.5393
-103.9681
633.4693
-48637.66
-6851.158
-35.97019
705.4464
-577.7553
762.1493
3317.433
2757.032
-946.0894
-441.0849
-93.30822
-377.7176
160.0607
1570.483
4494.099
2149.662
-1351.178
806.8995
971.0781
458.1665
83.56022
-318.6879
1314.374
-128.8166
-387.3218
280.0817
269.9476
30.62432
1733.236
-31.80759
2271.55
830.2999
336.6387
-2616.291
-414.9832
12313.63
54117.76
9564.426
1802.241
620.6097
-299.2675
191.0494
1082.6
-411.0702
2604.843
983.3187
-97.35821
-722.7591
88.63173
-136.1161
-2146.946
3701.322
1158.714
385.4821
581.9344
73.03274
47.0205
448.0941
-119.7145
184.1241
-2.075283
-365.6592
-99.38499
-94958.29
-11903.09
-1659.983
-509.2139
-827.8143
-330.271
-2590.619
-134.3759
481.4774
136.9711
626.1614
-3539.624
-6.848915
-1099.745
-1246.406
-798.1763
-299.8502
590.1606
-974.7485
17.623
-575.8937
1460.229
960.3493
535.757
-479.809
-564.9315
227.709
-508.9441
2027.168
-25.37575
-1370.222
-4679.234
-3294.63
-792.2169
-627.8277
-459.2738
-249.8632
-503.4944
-1315.129
-2452.686
-1740.736
-800.7009
1427.186
-53.25015
-92.87913
73.94887
-494.0387
72.98212
65.6929
-727.5354
-268.405
-551.9338
-743.8771
2080.815
232.2758
78.17215
-282.9609
64.47593
-2899.739
-625.1962
-961.2238
-295.5871
4682.39
-174.0694
-1967.964
-1075.97
-1442.875
-561.8497
-694.0021
-1090.843
1011.396
-454.8778
-842.1375
-2168.206
-587.3588
86.50312
-263.199
-1044.433
-383.2268
-394.6331
-1876.194
-4914.405
-1391.716
-9942.616
-1856.291
-66.09171
-389.3568
-840.8334
-265.3967
-1631.736
-720.961
3.281822
-115.2383
-87.29938
-372.6859
-402.9513
-1172.648
3917.271
373.9204
-898.0236
-390.1272
-2759.714
-1867.046
-1759.706
-2392.896
-1012.424
418.0121
-950.744
-565.8838
-1207.134
-375.9644
-228.5092
-753.2405
-406.0648
-402.161
-790.5151
-349.9015
-380.8448
-638.212
-524.0025
-2167.108
-970.3918
-583.3804
-228.9143
647.1854
-968.9198
-1401.473
1770.235
-359.791
-1118.211
-713.7384
-282.8875
-1381.371
-842.4437
133.4248
-7835.21
-2170.838
-2220.006
-1323.784
-566.0608
-428.6199
-670.6928
-2177.462
-175.9829
-42090.65
-6631.316
-2009.761
-1040.03
-1436.615
-1720.164
-1147.936
-2329.457
-1057.747
-1512.73
-766.9737
-27.05207
-485.0721
-862.2065
-2749.722
-1498.666
-1869.68
-1882.703
-173115
-9682.579
-2351.177
-2034.57
-247.4653
-956.56
-97.84412
-1113.344
-929.8633
-897.1143
-1121.011
-1834.741
1478.389
-1528.15
-756.491
257.4719
-1028.108
5634.851
-465.1975
11135.18
1040.955
-846.1234
-929.6332
-1678.192
-2777.275
-2031.477
-1826.278
-1658.452
-1180.624
-760.6589
-155.7552
-825.6328
-2705.383
-1835.564
-1669.821
-1279.272
-933.7313
-3765.32
-1642.76
-3042.604
-3442.402
-1404.625
-1076.379
145.3907
-1990.962
1548.015
-924.1082
-3128.331
-1522.361
-2221.385
-2235.753
-1630.732
-586.5097
205.5401
-1376.267
2045.851
-1055.961
-1780.019
-879.3275
-1345.124
-1540.878
-2172.726
-238.3574
-1602.892
-1588.727
-453.1148
-1243.785
-1142.729
-1432.865
-996.5696
-829.3622
-1589.502
-1335.073
-473.2175
-1350.461
410.4942
-1916.671
-3386.476
-1930.96
-763.8333
-1275.142
-1529.533
-3051.37
-1680.989
-1485.831
-1825.514
4578.883
-1006.509
-1631.989
-2377.767
-1432.939
-1730.066
-515.8019
-2643.136
-1736.784
-1712.217
-613.4237
-2592.663
-1408.584
-1543.668
-1295.263
-506.3393
-1181.147
-2016.413
-2134.597
-1535.38
-5371.32
-2692.425
-2035.293
-2188.626
-1726.433
-1752.959
-120037.2
-16921.79
-3740.988
-1713.936
-1338.506
-1759.526
-2233.172
-2051.396
-1889.533
-1669.42
-2822.1
-2011.669
-1321.98
-1325.955
-1782.016
-2417.957
-2057.71
-1605.39
-1980.095
-2029.518
-648.9342
-4864.142
-2177.998
-754.777
-2200.112
-1958.741
-2087.838
-2204.516
-1405.73
-1727.171
-28988.1
-5290.756
-3002.979
-140.8309
-1444.569
-13916.36
-3072.55
-3119.934
-1626.031
-929.3992
-1783.176
-1928.836
-1950.167
-12308.03
-4995.541
-792.7278
207.1175
-1675.751
-1319.535
-1702.465
-1887.03
-2746.684
1382.236
-1919.305
-1686.791
-1207.743
-2026.32
-5762.998
-2529.832
-1251.691
-1878.637
9882.822
-194.5709
548.5029
-2439.228
-2349.154
-6545.386
-2588.848
-2511.076
-2633.987
-1783.047
-2761.274
-1952.844
-1501.537
-1451.988
-1661.105
-1773.511
-1354.72
-2103.169
-2102.665
-489.233
-1788.124
14012.17
-1203.531
-1755.611
3473.194
-1731.121
-1795.862
-2120.528
8718.212
-533.0297
-1750.214
-1951.783
-1033.152
-1963.642
-1957.224
-1776.514
-1624.242
-1219.793
-2046.475
-2342.878
-3103.729
-1495.324
-1494.875
-1813.408
-1746.562
-2131.862
15526.06
-3279.497
-2163.883
-1692.569
-1836.406
-2512.511
-2090.294
-285.0903
-1278.696
-2429.672
-2419.728
-1908.42
-1487.495
-2108.406
-3054.501
-1752.554
-3665.804
-2012.863
-2577.755
-2031.333
-2455.826
-2180.122
-2261.411
-3185.256
-2334.592
-1861.61
-1367.008
178.6573
-536.4255
-447.4449
-1941.574
-1998.014
-2066.143
-3625.684
-2002.4
-1776.015
-2250.475
-2185.307
-737.3825
2855.396
-1129.635
-3298.578
-2651.336
-2098.033
-2459.03
-1870.873
-2175.891
-445.0016
-2050.797
-2100.214
-1884.502
-2335.487
-576.3577
-2346.219
-6373.706
-2597.177
-1215.303
-1738.832
-2211.962
9599.512
-495.4282
65576.92
8382.044
-815.6248
368.7897
-499.3974
-1698.532
-798.2107
-536.3733
-3444.346
-2587.362
-2961.896
-2662.672
-2007.094
126.0397
-1893.99
116.8986
-3182.26
-1863.644
-2344.842
-2244.48
-2788.695
-2640.07
-2181.443
-1854.14
-100284.9
-14403.55
-3517.66
-2649.867
-3556.001
-2139.015
-1828.608
-2011.567
-652.2233
-1643.894
-2317.662
-1992.986
-3319.899
-2658.287
-1911.696
3860.842
-1540.69
-1937.961
-1747.377
-2290.638
1362.542
-2844.067
-1986.189
-1413.11
-4568.81
-12570.71
-3647.344
-2931.341
-437791.5
-55935.68
-8955.663
-2678.002
-2302.523
-2147.285
-2068.282
-2023.524
-1864.11
-1600.848
-2198.263
-1994.908
-1662.305
-3953.413
-1750.94
-1906.76
-1295.621
-1340.259
-1440.174
-1152.36
-2483.481
-7340.505
-4026.443
-4015.625
-2681.822
-2014.514
-7025.361
-2628.419
-1360.781
-2481.284
-1651.052
-346.4271
-2060.906
-2648.309
-2608.568
-1843.984
-294.3939
-2546.706
-2493.954
-1876.996
-5915.5
-2009.143
-4597.858
-1818.07
-3533.835
-2420.517
-4976.204
-2164.136
-1522.449
-3735.799
-1213.404
-2050.814
-3625.662
-2363.54
-2110.969
-2184.238
-995.97
-847.5483
-1892.508
-2042.16
-2152.664
-2978.154
-2071.07
-2678.364
-2407.412
-1564.845
2785.714
-1529.531
-2160.95
-2316.619
87511.85
9446.487
-970.3131
4147.391
-1878.429
-1436.989
-65685.5
-9861.797
-2845.769
-2601.542
-1842.98
-286.2779
-1692.495
-1969.118
-1811.255
-1422.175
-8008.047
-2247.5
-1561.635
-2730.07
-976.4003
-2060.628
-2118.628
-1659.992
-1698.441
-1743.088
-2964.77
-2403.594
-2061.559
-1965.669
-1285.183
-1628.271
-1481.357
-1776.962
-1892.097
-25873.15
-4330.726
-2361.651
288.4709
-2145.412
-1722.631
-1053.837
-2098.65
-659.0115
-1238.166
-2031.677
-2188.408
-22869.44
-5046.766
-1457.442
-1252.38
334.5359
-1294.06
-5738.002
-3096.825
1608.747
-1299.705
-1253.617
-2411.339
-2161.403
-2477.324
598.3417
-2524.531
-2143.352
2158.1
-1393.252
-2229.152
-2077.358
-928.8821
-4775.616
-2518.314
-2522.795
-116.483
-1938.411
-1204.609
-1252.876
2895.303
-2739.684
-2357.6
-2233.328
-2648.7
-1962.992
-1253.329
-1825.03
-2091.339
-2201.546
-1703.141
-1974.809
-1664.903
-1620.235
-3343.947
-2124.806
-1370.79
-2335.313
-1312.373
-1993.186
-1852.811
-535.4706
-1375.937
-1314.013
-759.9116
-1982.551
-936.4449
789.9072
-1648.022
-2209.266
-1107.353
-1264.865
-1771.546
-1843.279
-1513.054
1105.359
-2008.151
-4403.603
-8998.184
-4373.616
-1349.976
2112.855
-1134.201
-2296.195
4141.743
-346.1936
257.5318
-2141.638
-2041.663
-2145.806
-810.6364
-1389.093
-1020.59
-826.6483
-3339.325
-1594.43
-3326.87
-1348.407
-1525.503
-1506.01
-1439.006
-2302.018
-2369.948
-2160.064
20797.93
1204.009
-980.9083
-1995.892
-2388.161
-783.9694
-8148.582
-1399.695
-190.8293
-3269.219
-1686.132
18553.12
-351.9094
-1631.523
-2117.46
-2798.716
-1093.55
-4654.886
-1293.392
-1351.798
-1291.027
-1626.347
-1777.8
-1457.704
-972.967
-1380.885
-630.4455
1322.911
-11684.66
-2398.355
-1564.121
-1746.412
-1447.258
-1159.841
-1889.256
-1516.008
-2453.079
-1899.551
-883.4303
689.6478
-950.329
-3382.585
-1408.984
-1687.68
-1961.722
-1505.748
-1544.531
-1650.296
-618.5365
-665.6099
-1592.111
-1543.005
-1986.316
-633.2459
-3818.718
22650.91
-1072.473
-1900.494
-3391.365
-1211.907
-2018.789
-7215.223
-1544.212
63515.44
7042.241
-1583.18
-1032.721
-1578.481
-1775.066
-31609.93
-6858.626
-2324.954
-1563.924
-1810.639
3845.045
-39.63629
-1684.471
-1191.232
-429.9853
-3345.93
-2206.237
-2974.902
-6434.237
-9534.145
-2425.999
-2118.32
-1777.948
-1912.771
-1120.407
-1683.141
-1523.252
-5515.885
-2288.714
1382.181
-700.4576
-1658.319
-2041.142
-784.9214
-1315.993
-1384.074
3655.124
-749.4959
-2326.92
-1902.674
-1724.838
4114.351
-1211.333
-130.6776
-807.002
503.1015
-1123.305
-1366.127
-1359.673
3039.959
-2284.849
-2143.258
-1845.501
-1170.45
-1579.533
-1314.869
-2389.104
-670.3489
-1557.787
-2654.55
645.0873
-1242.377
26.61127
-1437.004
1986.157
-63.33051
424.3577
-1260.355
-1851.045
-2011.894
-2504.3
-1572.26
-1701.502
-1255.371
-1201.322
-1046.608
-1405.16
-207.701
-1508.895
-2046.479
-1960.664
-2029.8
-931.5274
-1729.554
-1755.99
3737.169
324.3687
-1231.338
4485.851
-3383.02
-1649.875
-934.0414
-2086.244
-2422.732
-2207.981
-8637.777
-1074.553
-1702.705
-1391.689
-1316.283
-1698.615
-2623.006
-1726.701
-1888.058
-1511.122
-1523.249
-1630.548
-1548.037
-1620.937
-1802.429
-247.3391
-1015.364
-1205.87
1721.409
-9280.402
-2829.596
-2344.545
-1258.821
-5761.239
-1056.855
-1602.643
1757.065
-740.0489
-1762.139
-1811.874
4626.462
212.8002
-1043.24
7447.674
-748.4298
-949.4735
-2460.899
-945.9735
-4883.317
-2339.884
-2245.277
-2615.848
-2504.409
-1753.506
543.5014
-1340.527
-505.6238
-2647.451
2218.906
-2611.835
-1886.729
-1937.812
-2163.071
-1707.407
-2797.435
-2781.458
-2929.13
-1866.382
-5796.925
-2350.133
-1787.738
-1039.005
-1046.281
-1342.223
-1752.533
-2297.121
-1998.54
-1715.037
-2711.794
-2019.31
-2144.99
-1487.109
-3882.677
-3631.881
-550.5792
-993.4178
-3230.915
-2381.12
-877.5584
-1394.03
-1118.977
-1890.118
-1764.512
-1365.021
-1519.998
-1546.975
-4111.828
-3254.391
-3100.991
-3152.7
-1728.084
-1938.903
-3013.518
-2323.97
-1434.172
-1453.283
-2206.802
-1557.143
-1903.587
-1923.3
2249.301
19195.28
185.0893
-4359.397
-2667.567
-2211.557
-2420.118
-1954.253
-3183.618
-3326.236
-2178.681
-2443.268
-1842.736
-3003.098
-3857.453
-2500.856
-132.7684
-1569.162
-2363.511
-2021.643
-2405.979
-1997.174
-1931.375
-536.2861
-3346.47
-21641.25
-3345.979
-2304.025
-1781.086
730.8132
-1207.696
-2692.596
-2257.888
-2698.394
-2205.341
-5805.496
-4589.082
-2836.043
-2070.89
-1251.133
-2605.827
-2822.466
-2600.823
-2086.024
-2289.721
-2371.094
-65169.38
-10287.81
-1869.468
-2213.657
-2147.448
-2332.598
-1815.422
-2925.872
-2549.706
-2625.138
-2325.175
-1940.541
-1768.685
-2470.131
-2497.549
-2287.26
-1752.695
-2483.148
-2535.475
-2899.705
-17161.04
-4192.34
-2173.454
-1893.799
-5428.658
4789.903
-8673.859
-3042.003
-3540.532
-2849.933
-2571.219
-1857.242
-1381.479
-1989.75
-2504.462
-2819.511
-1534.604
-3569.551
-2405.61
-3416.252
-2406.76
-2609.886
-2954.99
-2006.344
-1038.01
-843.1707
-2975.747
1309.767
-2867.378
-2808.403
-15933.27
-4160.322
-2785.229
-2484.197
-511.6832
7792.511
-420.953
-2642.711
-2426.661
-3698.165
-2867.417
-3049.062
-4022.728
1391.405
-1745.262
-2988.81
404.9747
-816.6512
-2246.897
-2809.079
-2806.457
-2888.144
-1332.772
-3235.975
-2396.955
-2302.867
-2046.084
-2308.549
-4014.705
-2610.653
-2394.61
-6113.839
-4238.544
-3589.845
-5291.727
-3365.185
-2764.891
-3881.182
-3166.82
-3632.852
-1758.155
-2330.882
-2478.328
-2359.616
-2569.249
-5611.144
-5893.019
-4851.66
53.73521
-2230.196
-2827.04
-3656.799
-2647.065
-2907.615
-4188.234
1961.473
-2089.718
-3472.316
-3084.555
-2052.519
-3330.28
-3085.032
-3161.915
-3057.461
-2978.79
-2946.06
-2055.438
-3744.467
-2542.098
-2919.054
-3315.974
-3454.454
-3275.636
-3212.664
-3073.928
-3715.863
-7915.43
-3981.322
-3012.578
79615.08
20393.29
-585.4225
-2697.98
-2974.873
-2652.405
-2364.242
-2910.255
-1671.879
-2474.757
-2352.67
-3302.882
-4080.317
-3508.508
-2716.204
-3167.91
-3631.861
-3713.585
-7696.347
-3894.327
-3244.204
-24830.19
-5540.371
-4810.92
2460.867
-5611.87
-5932.306
-4371.169
-2868.488
-3681.268
-16126.3
-5066.357
-2588.731
-5127.684
-8885.509
-4048.813
-3410.443
-2622.76
-4083.482
-3453.681
-6852.183
-3199.104
-2976.145
-3570.677
-3546.162
-4599.712
-3052.858
-3446.86
-2495.98
-3336.127
-2335.529
-3198.237
-2594.038
-3558.772
-911.787
-2704.47
-3426.537
-7062.867
-5751.521
-4490.988
-3347.936
-3024.78
-3238.546
-3380.924
-3283.119
-2965.182
-3357.047
-4019.611
4764.19
-8132.416
-4450.299
-3527.199
-2607.098
-2881.46
-4594.559
46554.89
5418.245
-1845.429
-3895.232
-3072.798
-3013.414
-3336.504
-3056.314
-4191.048
467.0317
-5349.646
-4168.154
-3076
-3634.135
-3160.067
-1597.96
-3326.344
-7369.132
-3575.125
-3214.299
-4820.943
-17600.52
-5808.841
-3636.173
-3636.481
-3184.324
-3730.049
-3001.76
-3630.439
-3228.918
-3089.386
-3396.942
-3751.996
-3881.26
-3607.889
-4128.876
-4163.903
-3884.604
-4366.826
9180.858
-2117.894
-3852.801
-3578.21
-3881.673
-3042.783
-4126.45
-3791.193
-4436.398
-2631.175
-3950.564
-3587.609
-3687.398
-4227.805
-3906.921
-4002.776
-3685.932
-3704.976
-4301.681
-90776.55
-17106.11
-5242.813
-4085.214
-3243.018
1059.539
-2837.819
-3731.045
-2961.585
4936.847
-4332.134
-5180.892
-6630.147
-5668.759
-4042.342
-3301.215
-3894.078
-3944.593
-3598.634
-4078.436
-4213.432
-3869.125
-4359.49
-3897.479
-5067.617
-4203.819
-2571.087
-2657.005
-3624.123
-8084.852
-4220.707
-4447.421
-10270.6
-4284.094
-3836.671
-3983.277
-3980.864
-3839.846
-3004.323
-4060.368
-2971.59
-3576.449
-4004.831
-3418.431
-3692.646
-4101.114
-4264.25
-6429.955
-4568.659
-2924.934
-4198.176
-3718.542
-3168.726
-3266.181
-3553.308
-4170.229
-3494.67
-4256.056
-4066.922
-5579.023
-9867.262
-4111.96
-4363.483
-1607.718
-3118.973
-2783.55
-11186.68
-4576.103
-5025.388
-2446.886
-3671.905
-4159.784
-4017.905
-3559.499
-10863.53
-4812.759
-5660.376
-4129.628
-3801.378
-2021.423
-2616.011
-4069.904
-3759.212
-3593.17
-4381.646
-3870.082
-6812.073
-4541.517
-3766.565
-3862.732
58515.59
2291.765
-2846.939
-4897.423
-4782.374
-4303.726
-3642.273
-3712.581
-4013.669
-3477.818
-3771.366
-3338.754
-2485.414
-4025.618
-3908.763
-2591.64
-7793.532
-5463.263
-7863.203
-4750.689
-5521.613
-4387.639
1376.506
-2725.815
-4530.916
-13639.78
-6618.016
-30947.43
-9336.075
-4064.949
-4083.225
-4144.769
-5000.046
-2235.62
-3895.049
-3948.537
-6660.974
-5293.882
-3829.677
-2445.955
-4213.123
-4398.9
-4395.894
-4187.254
-4205.008
-3732.441
-2457.413
-6344.471
-3186.307
-3949.047
-4118.475
-3881.964
-4055.787
-3868.414
-4802.532
-4674.629
-2402.361
-5474.404
-7003.894
-4515.592
-4371.988
-3822.998
-3549.568
-4159.345
-3611.038
-3976.87
-3991.279
-2582.226
-3011.89
-2525.607
-3964.903
127.5143
-3094.869
-2869.196
-3433.968
-5134.872
-3259.015
-5237.182
-3653.955
-4299.759
-4431.672
-1245.85
-3780.559
-4325.103
-3961.99
-4998.331
-3790.813
-4705.538
-4111.809
-3233.148
-3582.785
-4144.112
-5892.6
-4150.25
-4542.934
-3067.888
-3729.374
-3618.578
-3882.41
-5613.628
-4285.124
-4180.956
-4269.892
-4271.167
-2836.466
-4014.732
-9932.621
-4488.861
-3957.076
-3642.084
-4083.013
-6925.01
-3844.984
-4855.466
-3049.983
-5126.649
-4264.111
-4213.435
2725.184
-3157.051
-4086.621
-4598.614
-3963.032
-3749.864
-3934.977
-4167.361
-4487.678
-3595.355
-1800.755
-6365.695
-5271.658
-4058.092
-4961.522
-4094.917
-3939.95
-3828.808
-3547.256
-3766.029
-4150.817
-3715.437
-3690.564
-3833.096
-3543.905
-3435.566
-511.3098
-4347.451
-4436.93
-4007.792
-12078.74
-4743.825
-4165.534
-4176.834
-3655.742
-3603.383
-3929.156
-4914.464
-4038.492
-3646.053
-4060.268
-3760.342
-3031.715
-4929.929
-4144.769
-4009.611
-3734.117
-9761.204
-4893.763
-5182.13
-4435.36
-4348.884
-3256.256
-6895.261
-4399.583
-3781.69
-3977.322
-4705.803
-4274.852
-9396.554
-4019.314
-3749.426
-3529.928
6952.418
-2661.492
-4017.558
-2520.822
-3496.753
-5114.548
-4483.115
-3242.063
-3688.974
-4144.037
-3906.218
-4023.264
-3612.791
-3479.411
-2432.555
-5749.148
-4148.286
-7915.744
-4422.743
-3919.233
-3712.219
-3982.922
-3895.514
-3868.924
-3859.999
-3560.49
-4368.752
-4263.485
-2907.758
-3365.822
-6148.046
-3760.191
46129.39
2112.047
-3495.183
-6243.858
-6446.866
-3993.568
-4051.194
-4146.327
-4964.955
-883.4974
-4435.692
-3471.296
-2581.662
-4702.559
4247.331
-4045.88
-3823.542
-1342.165
-4186.693
-4641.893
-2905.111
-3780.206
-12341.34
-5688.057
-3949.145
-4531.666
-3557.773
-3678.357
-3429.384
-3401.056
-3754.299
-3788.174
-5663.787
-4357.854
-3549.855
-4440.663
-4955.523
-3693.217
-3389.225
-3994.184
-3539.915
-1546.032
-4452.745
-2970.148
-3212.355
-3397.781
-3270.868
-3480.533
-3864.98
-3100.203
-3756.906
-4440.994
-3359.952
89.97026
-4599.209
-3870.283
-3781.745
-8747.2
-4336.665
-3678.362
-3296.417
-3727.216
-3890.938
-4470.81
-5608.764
-4343.731
-249.0441
-3764.838
-5552.582
-3303.892
-5078.183
-7343.494
-4084.211
-4491.788
-3884.166
-1423.63
-2902.57
-3568.547
-3966.687
-14958.12
-5388.127
-2389.372
-3670.286
-3525.038
-4940.901
-3605.415
-3535.759
2043.323
-2064.146
-3224.918
-3465.516
-2519.052
-61963.43
-11305.72
-4843.45
-3922.639
-2895.839
2156.735
-727.9961
-3122.736
-2828.231
-2027.876
-3541.449
-3155.647
-3378.246
-8896.621
22594.2
1946.76
-2597.766
-2540.522
-3045.999
2584.883
-5369.634
-3808.307
-3767.645
-3212.592
-3168.739
-3161.118
-12636.12
-4353.29
-3960.65
-4311.536
-4009.591
-13744.73
-4581.674
-115507.1
-18539.9
-5306.705
-3809.915
-4607.499
-3455.324
-2905.632
-3582.774
-5100.247
-3901.436
1177.987
-2898.241
-4537.986
-3749.785
-3515.301
-6929.326
-2853.131
-9959.552
-5535.394
-3836.704
-3646.955
-3439.335
-1148.472
-3123.918
-27403.51
-4338.732
-3810.353
-4035.927
-4381.166
-8954.972
-5244.099
-3912.573
-12120.16
-3998.697
-3946.731
-3054.631
-3797.04
-6617.626
-3255.452
-3726.984
-4555.148
-1704.041
-3325.301
-3194.537
-3727.361
-2981.645
-3592.495
-3297.679
-2730.311
-3392.563
-3658.558
-3298.304
-3493.215
-4654.547
-3771.522
-1679.143
-3220.699
-4395.297
-3232.72
-4199.143
-3727.229
-3568.191
-1747.108
-3279.451
-3304.315
-3422.504
-4042.827
-3348.135
-5766.487
-3910.702
-3569.427
-3035.468
2470.365
-4232.964
44083.11
2874.775
-1371.976
-2643.804
6001.151
-11086.59
-5654.218
807.5483
-3168.311
-3068.712
-3706.625
-3608.061
-2768.682
-562.6894
-3054.104
-3306.803
-3435.907
-4639.907
-3892.373
-3294.003
-3342.864
-3552.51
-3707.645
-6557.859
-4519.812
-3489.431
-3287.491
-4672.961
3967.442
-2898.794
-3287.224
-3445.157
-3575.994
-3453.086
-6389.49
-3671.71
-3068.153
-4605.155
-3719.626
-1803.193
-3715.433
-3797.476
-3638.288
-6220.838
-3309.18
-3733.007
-3095.934
-3974.315
-2432.832
-3923.41
-4865.205
-4396.486
-4588.076
-4227.157
-3813.229
-3428.89
-3411.596
-3722.192
-4205.664
-3977.166
-4721.756
-3937.827
-4869.156
-3257.757
-2493.265
-3501.575
-3119.466
-4179.716
-4419.836
-3261.62
-4446.905
-2883.184
-3556.337
-3115.774
-3502.648
-3509.877
-3860.448
2115.307
-4417.498
-3879.279
-3484.869
-3656.165
-3218.856
-7306.127
-3237.136
7238.332
-1742.534
-3312.927
-3446.847
-4036.715
-4459.229
-5185.208
-3875.745
3072.145
-848.6469
-2601.049
-3559.75
38856.46
9064.879
-2571.146
-2221.788
-2184.918
-2291.851
-4324.413
-4006.516
-5557.195
-3902.481
-3547.679
-11583.86
-4217.794
-3680.664
-6759.968
-3839.548
-11713.31
-4752.474
-3688.298
-4085.875
-3906.358
-2708.801
-3605.7
-3387.609
-4129.643
-1906.287
-3079.71
-3960.842
-4184.514
-2560.313
-3433.755
-2412.371
-13444.5
9643.06
-4878.956
-3486.934
-3788.479
-4275.474
-3509.312
-3800.154
-2835.448
-6553.822
-3823.505
-4158.91
-3621.316
-4057.002
-3995.486
-3913.663
-3746.603
-5358.588
-4342.816
-5129.033
-232.4684
-3178.169
-3807.135
-4259.585
-2732.709
-3374.517
-4128.286
-4025.269
-3190.612
-3838.315
-4936.331
-3426.744
2235.092
-3099.206
-5047.362
-3828.729
-2867.241
-3826.921
-3782.122
-4962.69
-3045.974
-5035.946
-3864.251
-4350.739
-4326.607
-3815.926
-4260.158
-3664.102
-4114.158
-5850.347
-4266.435
-5436.319
-4356.122
-5057.966
-4195.543
-3662.456
-4421.819
-7600.803
-4249.106
-2768.954
-4280.827
-3843.093
-3969.132
-4418.774
-4153.787
-4364.508
-3932.835
-3746.987
-3824.534
-4451.13
-3813.979
-4102.574
-4102.697
-3967.999
-2679.06
-3848.06
-1769.082
-13584.36
-4849.392
-2796.18
-3220.198
-1543.712
3349.202
-1804.679
-4646.405
-4251.665
-2870.426
-3614.227
-4539.66
-4346.551
-3221.791
-4537.198
-4077.704
-2738.654
-3819.377
-4622.874
-9269.603
-5062.762
117692.1
11675.6
-2457.09
-3818.105
-5436.508
-4362.861
-4499.599
-4503.207
-5216.93
-3265.729
-5918.983
-4491.53
-5618.204
-7435.31
-6856.66
-4827.818
-3906.985
-4449.92
-1324.394
-4814.826
-4665.338
-4733.803
-3498.292
-4577.12
-8816.922
-4135.57
-4837.204
-5044.454
-4244.779
-4026.887
1448.506
-3378.982
-3921.841
-4354.398
-9216.052
-9765.474
-6014.942
-4424.526
-4489.072
-8643.662
-5087.971
-5499.768
-6243.854
-4721.546
-4512.849
-3575.771
-4441.796
-350049.1
-48331.92
-7546.476
-6705.837
-4826.966
-5800.784
-5553.915
-4545.234
-6161.914
-4742.23
-4257.772
-5882.73
-4289.936
-5217.052
-5136.393
-4328.05
-4424.281
-5643.068
-3816.979
-4624.743
-5084.005
-5838.417
-4910.563
13208.14
-1946.527
-3384.643
-4583.336
-4077.843
-4813.037
-4207.851
-2111.886
-3187.838
-5998.587
-5506.027
-5489.197
-5936.976
-4476.678
-3230.139
-5357.649
-5262.629
-5369.628
-4688.688
-3142.311
-5286.584
-5262.366
-13212.84
-6909.559
-5008.772
-5259.142
-4649.556
-4332.126
-6855.686
-5195.556
-5108.847
-4727.809
-3594.874
-5115.869
-6041.977
-5340.204
-5001.226
-5957.781
-5174.77
-8430.014
-6767.887
-5528.027
-5344.068
-5554.37
-3506.971
-4304.009
-5748.877
-4790.82
-4946.026
-5787.063
-5216.379
-4863.813
-4994.131
-5574.238
-5144.635
-4424.879
-4535.161
-4232.44
-4779.843
-4897.549
-5286.804
-4012.991
-4857.885
-4756.922
-5122.469
-15088.85
-6605.143
-5298.755
-5898.736
-5003.119
-5594.184
-4424.048
-3209.075
-4515.574
-4618.193
-4870.35
-5687.554
-5310.498
-4182.525
-4710.946
-5091.647
-5121.987
-3498.904
-4910.25
-5534.886
-2804.759
-4173.896
-6457.293
-4094.79
-4333.239
-4171.345
-5354.528
-5713.938
-5782.295
-5550.797
1043.71
-1469.082
-7148.686
-6655.788
-5407.328
-5404.132
-4822.997
-6071.229
-3570.331
-5494.889
-5004.81
2839.421
-3814.652
-4942.116
-4152.194
-4858.653
-4914.523
-6033.517
-4605.311
-5307.025
-4793.881
-5531.927
-7287.892
-7095.869
-6585.732
-4542.142
-5728.118
-5241.51
-5489.407
-6223.291
-5455.173
-5183.347
-6011.216
-6088.681
-5779.335
-5272.372
-2802.044
-5653.253
-3331.497
-6285.743
-4990.655
-7253.155
-4935.213
-4876.193
-3825.576
-10081.51
-6039.733
-5760.344
-5622.54
-5918.127
-6517.532
-5370.969
-6030.111
-5879.683
-5604.69
-5497.015
-5315.734
-5333.498
-5311.024
-5723.631
-4599.29
-6075.574
-5584.855
-5965.145
-6608.568
-5749.316
-4695.733
-5439.768
-5279.79
-4723.65
-5714.107
-5574.928
-6281.478
-6912.523
-6448.297
-4658.114
-6691.017
-6499.787
-6058.037
-8468.834
-6277.948
-12141.18
-1537.206
-5239.335
-5469.703
-5787.125
-6359.228
-5612.175
-39.93951
-5436.688
-6326.286
-4751.586
-5739.068
-5902.968
-6021.299
-5140.364
-5335.69
-5554.9
-108923.4
-22839.75
-7727.998
-6090.028
-5505.186
-6133.454
-5716.009
-21816.49
-8748.858
-6967.973
-7020.262
-6088.816
-6428.929
-6062.815
-5918.942
-5994.837
-5323.553
-5573.329
-4392.691
-5692.273
-6408.829
-5816.498
-8055.93
-5695.454
-5916.876
-7593.516
-5891.845
-5548.439
-6673.95
-5882.829
-5726.21
-5939.63
-6160.078
-5926.027
-7607.493
-5871.302
-5559.898
-6222.438
-5992.148
-4931.93
-5536.817
-5649.808
-7317.901
-5840.416
-6573.203
-6004.463
-5894.162
-4172.102
-5471.611
-6066.496
174301.3
17552.26
-3244.356
-4241.353
-4135.383
-4359.158
-5944.729
-5730.264
-4321.444
-2638.373
-5615.754
-5901.706
-6871.009
-6255.945
-5734.827
-6445.37
-5808.106
-5755.643
-9148.701
-5858.632
-5815.009
-3357.564
-5835.559
-4123.899
-5116.828
-6643.07
-5455.588
-6871.27
-6461.71
-6690.212
-6870.849
-5201.178
-5892.394
-5303.347
-6660.712
-6104.464
-4360.23
-6756.714
-7327.815
-5972.818
-5677.978
-11252.71
-7006.59
-6196.561
-6482.05
-5812.567
-6372.255
-6660.692
-6224.483
-5523.474
-5943.054
-6176.762
-5351.1
-6161.435
-5657.445
-5406.911
-6042.13
-6092.812
-6818.068
-6234.059
-5614.931
-5300.339
-4711.018
-5327.168
-5568.895
-6096.065
-6878.951
-6329.395
-6483.031
-5592.908
-5982.614
-5873.94
-4368.222
-5845.434
-7137.234
-5590.872
-5644.482
-5847.587
-5885.534
-7003.044
-6203.419
-5901.481
-6379.323
-5843.682
-6444.839
-6106.284
-5471.864
-5500.808
-6608.917
-5987.417
-7513.631
-7090.162
-5634.722
-4974.287
-6131.335
-4587.687
-6149.018
-7273.443
-7539.38
-5623.671
-4486.03
-5228.894
-6089.58
-5992.526
-6196.582
-5800.915
-5953.841
-8220.873
-6712.93
-6275.156
5894.086
-4468.353
-5474.542
-6853.79
-5225.215
-6388.893
-5768.412
-6115.293
-4667.797
-5314.547
-6643.692
-7156.329
-6250.906
-6054.431
-33105.9
-9009.361
-5771.117
-6546.705
-6435.388
-6074.067
-6040.919
-5605.568
-6192.728
-5163.706
-8898.959
-6184.542
-6338.979
-2900.538
-5725.269
-5234.988
-6153.7
-6328.748
-6565.428
-5347.563
-5690.387
-6136.999
103.9341
-5992.988
-5946.295
-8054.462
-6304.616
-5255.946
-6905.544
-6956.075
-5561.571
-5086.04
-5967.821
-5221.031
-4537.792
-10574.12
-7047.493
-5635.864
-5203.691
-5806.657
-6349.378
-6655.414
-8229.324
-6080.914
-6264.818
-5123.337
-3198.487
-6119.127
-3388.849
-4197.179
-6461.395
-6264.922
-9402.613
-6292.153
-34585.01
-11078.74
-5655.344
-6164.888
-6067.545
-3296.782
-6132.551
-5236.524
-5549.093
-4884.725
-3341.161
-1912.398
-4566.319
-5935.293
-4541.2
4976.052
-4119.233
-5393.471
-6625.114
-11589.28
-6112.369
-6704.331
-8411.962
-5786.067
-5692.725
-5393.722
-6137.849
-5766.532
-5392.584
-7349.074
-6276.198
-7643.263
-5595.37
-6427.417
-2577.642
-5290.136
-5507.37
-5852.78
-5526.716
-6073.528
-6053.023
-6130.718
-5998.205
-5973.484
-6156.064
-5391.081
-4839.59
-7347.171
-9128.104
-6521.527
-10689.36
-5425.623
-5812.333
-6779.164
-5755.243
-6751.293
-5642.582
-5912.705
-3007.648
-13581.34
-6702.41
-7297.583
-5674.465
-5399.513
-9353.609
-6511.658
-5693.026
-5903.127
-11033.52
-6691.505
-5135.751
-810.6056
-5153.178
1545.135
-3753.258
-5457.246
-5544.235
-4710.793
-5388.675
-5845.717
4012.113
-4491.478
-4827.497
-6265.446
-5610.095
-5677.109
-4243.789
-6506.562
-5884.565
-5432.528
-5650.428
-6125.016
-5710.91
-7184.273
-6157.167
-6215.254
-6705.334
-1882.498
-5546.3
-5465.567
-5881.765
-5978.443
-5585.596
-5687.422
-5995.461
-4104.18
-5208.932
-5829.575
-7143.338
-5700.291
-6214.652
-5939.108
-5894.83
-4882.661
-1400.045
-15651.04
-6893.722
-7432.25
-3453.84
-5491.959
16937.54
-2372.051
-6836.293
-5763.179
-5094.801
-5619.269
-5265.699
-11724.29
-6632.932
-5008.686
-7261.6
-6977.836
-6592.563
-1885.1
-5337.685
2820.397
-4387.291
-5010.859
-6218.221
-6614.223
-5711.601
-5488.234
-5224.715
-7733.849
-7178.233
-5083.151
-4851.949
-5520.855
-3509.197
-4697.045
-4800.988
-5165.724
-5474.262
-4850.648
-5312.098
-5424.883
-6031.828
-9606.168
-6035.179
-5840.891
-5857.754
-1318.612
-5390.289
-5895.029
-5075.566
-12367.28
-6431.187
-5377.564
-5362.149
-5283.971
-5283.051
-5004.171
-4244.583
-5357.161
-5544.746
-5551.624
-6032.642
-4912.417
-4754.101
-4751.514
-5407.43
-6340.986
-4481.722
-5663.404
-5591.55
-8820.8
-6033.816
-6284.107
-7047.267
-5694.106
-8288.82
-8761.146
-7661.585
-5725.952
-5544.84
-4906.75
-5303.015
-4690.918
-5181.299
-5887.072
-4868.21
-10053.75
-6550.232
-5713.451
-5944.278
-5697.06
-5944.813
-5291.398
-6234.271
-5571.874
-7404.865
-5459.134
-5357.144
-5320.985
-4868.965
-5262.505
-5030.909
