1158.973
1605.489
3687.968
2906.376
1912.624
2510.09
1858.525
-600.7241
-211.4509
-2590.937
-3506.724
-5267.858
-3658.32
-3119.795
435.8991
754.8025
1492.813
1763.618
2718.146
1954.922
3165.901
4120.836
3015.798
2517.149
1938.826
2433.901
1248.861
4385.441
4858.424
3330.888
8371.189
6320.189
3490.536
2971.019
2702.438
1981.495
4061.139
2539.154
-14840.79
-9278.787
-6147.02
-719.3811
2707.886
2586.1
3061.564
7164.467
8931.622
6565.782
5703.363
4096.927
2560.758
1720.935
2396.428
-22832.25
-13216.55
-7792.9
-4937.884
-3045.294
-1776.231
-3020.758
610.5054
-924.6614
-492.2767
-219.9084
608.3774
1123.719
1106.329
750.8379
856.2766
3245.976
1877.407
1632.245
-24838.87
-15009.12
-9636.908
-8914.77
-5449.513
-4263.801
-3766.521
-2076.939
923.0061
1213.497
3204.019
2365.401
1089.011
-586.375
-960.2825
-352.2508
4718.67
3802.513
2814.358
1851.311
517.2203
1061.115
1361.031
441.966
839.0186
1091.714
1023.022
104.4662
750.113
-1187.951
-11306.28
-7703.725
-6879.698
-4135.658
-2819.118
425.0089
7.139975
137640.8
86835.57
54992.16
37870.22
24688.62
14958.1
8030.625
6860.356
24631.48
15822.45
9317.184
6197.863
-823.6545
117.4352
-1463.808
-972.9951
-1479.991
3156.781
663.0182
1003.032
-10680.9
-6172.631
-3957.297
-27206.83
-14682.49
-9708.359
-5649.683
-3743.263
-8743.104
-5372.758
-3577.744
-2302.967
-7890.895
10262.73
5423.934
4787.806
3118.729
1161.137
-813.9229
792.6529
2163.897
3390.056
1769.915
-796.4918
-767.1905
-67.70754
293.6441
1146.505
395.6982
434.3923
473.3973
354.0806
-172.4564
-490.3248
165.7148
-381.0435
-206.9046
-48.96292
175.4458
741.0398
295.9115
344.9704
1206.862
-16940.7
-4526.971
-34617.54
-24403.26
-16073.1
-13020.6
-6762.227
-3106.346
-1267.001
-4019.821
203.7366
-333.393
-1609.695
357.5586
529.6585
340.1601
1268.232
1469.11
1229.242
-737.3195
-737.6876
-180.1481
64.61627
46.28575
402.7139
778.5629
30.90534
278.8237
219.592
114.2049
5785.139
4392.77
4175.038
-589.2424
-2235.814
-1373.125
-786.8357
-853.6162
-593.8751
-1294.595
481.823
9241.639
7447.425
3623.301
722.4487
-67.98957
-1207.668
-200.0615
321.3453
-1658.051
-892.9905
34273.48
22457.91
14682.22
9154.567
5454.743
3622.14
2294.94
933.8172
438.0072
-1118.779
-8734.507
-5701.058
-2135.767
-693.4269
-607.4866
-1638.77
-813.7767
-1057.272
-2337.092
-940.2848
-235.6302
-170.2099
-97.20856
-971.7885
155.6855
-375.8881
-234.6716
503.1456
571.3764
1740.942
233.5924
-365.8028
-971.9774
197.4848
-287.8142
-97.36398
-99.7035
-950.9549
664.123
388.2691
3719.737
3636.119
2796.87
2205.181
374.4902
-333.6293
140.1419
-675.7463
223.465
95.50522
-937.1958
-217.5462
-600.5794
-666.0758
-154.8558
3121.779
3032.816
4473.514
2286.988
1371.554
7416.657
430.2549
1694.934
448.2861
3090.969
2501.532
1395.373
1318.556
636.8715
-1770.071
-2070.911
2340.701
2674.557
1872.928
-1409.967
-818.9532
1844.968
3347.135
2991.919
2183.269
-1374.698
545.8324
1352.852
909.827
373.1659
1146.46
-290.5179
-28.16962
2721.643
5627.945
3995.265
887.5222
410.013
782.8904
-240.3121
910.5617
466.3354
5341.098
2249.396
1735.553
2437.804
-2496.624
-1698.253
-1027.367
18.06473
681.603
3773.096
2495.486
2032.566
1831.468
1651.176
1422.34
-853.1562
-575.7918
-458.9071
-710.0153
-1939.9
-1199.228
390.6903
-351.7121
2181.187
578.6397
384.1835
-84.72726
-4.52571
-329.2232
901.2048
186.061
750.6169
1221.738
-988.1181
-1077.757
191.9253
8843.779
8024.643
6950.045
5082.148
2109.793
-375.2447
-716.6491
422.3665
-865.0847
-582.502
2792.731
4001.746
5012.857
3456.266
276.327
1531.597
14.69601
-139.512
405.9362
521.8234
-1439.415
-584.3462
-892.6446
333.6244
-390.848
-129.8836
318.0948
-8309.294
-4449.177
-2546.241
-1269.408
-1075.192
-1924.404
-1992.717
-1311.082
-395.6762
-745.7151
-565.9499
641.721
2926.447
18172.04
-20440.43
-9757.571
-5977.653
-15512.94
-15227.42
-5245.278
-2053.893
-273.8581
-1268.246
-482.9979
-4671.395
-2572.362
-2135.457
1191.969
941.6709
2033.896
1422.16
265.4353
110.8021
5057.525
8489.476
7288.387
5204.196
2564.244
1468.927
-865.8009
-1124.522
-1430.623
-12409.12
-4591.163
-1709.143
-895.0331
397.6297
1498.884
1432.83
1499.602
2335.31
2240.557
3467.254
6119.152
2812.346
2309.469
1212.028
-4592.516
-5382.625
-2535.245
998.2338
-769.8961
58216.87
13651.8
9443.55
5854.985
4637.52
2568.002
2640.053
3700.389
2267.172
222.071
2490.001
1329.891
1765.524
1914.714
994.2884
-994.526
-15636.82
-10458.11
-6862.616
-2904.533
1142.988
3960.092
1975.559
2404.886
1198.084
1424.463
20.43618
1142.728
488.4689
-256.504
-1741.495
518.9648
687.6201
1132.189
1445.955
11296.64
7575.673
7065.104
4249.318
1387.612
817.8741
452.3776
2480.469
2276.635
3858.52
4808.702
3371.834
2197.812
4488.17
4841.451
5787.621
3238.427
2343.09
-7246.054
-7930.021
-4504.406
-1835.912
-1409.507
-189.0634
-10312.6
-4269.943
-1904.124
2818.654
2585.742
1570.559
12790.5
10089.08
5135.293
9243.13
5926.337
4018.81
2715.618
1644.977
3315.89
2142.501
2389.141
2814.613
4352.691
2703.047
2483.075
2532.379
2365.687
1813.94
4274.471
3418.178
2908.164
2361.437
2421.34
808.0418
1798.011
1011.626
2841.941
800.6083
5895.359
4906.482
980.3645
1532.53
858.7168
1601.867
1169.549
1078.777
3653.025
3105.654
6348.28
4072.965
3719.867
3742.511
1675.38
-1144.394
-791.4331
-262.9721
1139.911
-641.7158
-2522.828
28.59066
-958.2219
-4668.396
-1793.713
-6221.435
-4452.983
-2270.519
-1383.538
61119.13
38784.51
26324.16
21235.68
14407.1
20801.37
14078.57
8632.058
9828.056
6982.455
7647.531
4438.76
2674.31
11549.55
7642.718
5794.784
5103.428
993.4245
-132.8065
666.0835
1362.919
984.4187
492.4874
3377.44
6106.812
4189.634
3600.907
-1597.745
-616.7685
304.6179
714.4624
2064.881
1380.843
1732.744
-3707.473
-3803.142
-11857.4
-7415.142
-5305.127
1616.294
-3653.302
-2735.565
-733.6539
-1166.74
517.7435
836.7197
531.8797
70.28744
614.1788
2272.175
852.2587
977.665
-6357.01
3961.946
1695.327
2072.526
783.7109
1221.647
4601.549
2283.798
-71.96783
52.73788
588.6367
518.2078
-1991.734
216.0206
884.9217
6851.942
2149.818
1459.379
1924.514
913.1496
282.9418
3169.289
2567.21
1984.686
1285.492
1278.568
517.62
195.431
-247.0223
-9646.893
-6317.73
-16451.56
-10703.61
-6903.251
-3869.828
-1958.442
-743.6789
9989.234
7947.083
5201.148
379.1936
657.9819
6491.146
4820.902
2754.295
2228.196
2265.868
3017.422
-181.9489
-1642.93
-1129.24
-1148.384
-80574.92
-56424.16
-35810.52
-26006.52
-25734.58
-16052.42
-8943.321
-7099.689
-2980.01
-1417.671
2171.907
-14027.03
-7931.105
-5275.106
-5582.096
-1124.562
-1085.542
-788.4216
1684.714
-448.3997
400.6933
43.231
504.8956
558.5449
22.19477
-8035.008
-4056.635
-5107.581
-4388.808
-6677.625
-3309.177
-2757.572
3958.574
1828.602
655.1593
1698.486
28177.65
17001.7
9765.827
4778.04
3715.45
1807.387
1481.103
1214.073
-56750.38
-37129.11
-22078.87
-15263.39
-9811.014
-6040.651
-3686.634
-2946.249
-1464.253
-2524.509
-670.9459
-1627.352
41484.73
24923.08
15615.33
14657.38
10719.62
6691.218
3362.14
2730.585
51.90908
-186.2681
2892.798
2878.203
3315.993
845.778
-866.4153
-2652.853
6455.289
6307.644
-2181.435
-875.3706
6165.495
3595.901
2224.091
1813.35
1138.392
404.178
-956.4906
-1175.526
-6418.764
-4905.594
-2436.198
-1176.133
-1832.163
7839.566
133819.9
84966.03
55649.43
36424.34
24262.2
14776.51
10091.19
4434.624
3510.07
2065.313
2305.69
1514.97
2040.314
364.3026
1999.788
-272.5285
-4350.015
2282.544
2673.56
526.413
-534.9347
11428.93
6401.991
4124.001
3868.369
-1595.586
-675.5976
2125.958
1469.508
1806.606
-225.1628
328.5351
-677.5461
-154.6049
-371.1803
-97.48396
-898.7735
-356.3874
-2223.467
-1443.352
-1644.695
-1105.146
1493.515
-2295.313
-18262.09
-19556.16
-52524.49
-32591.45
-19325.65
-10475.25
-6012.609
-1486.512
-141.1411
593.9034
9004.343
7111.343
-676.4687
-508.6502
-9245.42
-7288.19
-2817.618
-1267.771
-537.9714
-5451.419
-3803.397
-2587.795
848.3419
-3615.877
-2381.924
-428.7834
-191.4612
-1372.352
4269.009
-2464.223
-1197.183
-438.5504
-976.1944
-1392.176
-4269.136
-2356.824
-4313.522
-1325.139
-14.85497
-214.1771
281.7501
272.4314
689.6205
2307.747
1192.522
488.7777
1082.446
2590.383
-5296.313
3376.77
9920.547
8490.631
1814.931
2869.36
1773.62
2341.051
2506.455
5158.421
6211.05
7907.142
4780.039
-5484.448
-3982.148
-6546.721
-3405.794
-3271.934
-2911.882
-656.374
1365.727
912.6467
1330.491
1869.425
2558.416
2827.381
2222.866
2172.453
2548.823
978.206
1401.547
2455.53
3891.328
3549.831
682.4776
2228.427
-6447.89
-1823.323
-937.7872
-736.3406
812.9164
15773.73
9860.173
6574.731
6194.74
5253.151
6072.961
4341.851
4194.156
3005.087
2826.195
-2112.113
634.5681
828.9555
-236.3492
1029.026
607.8206
3544.759
3248.125
9487.799
2669.842
2254.682
1487.446
-7201.298
-1047.326
-764.5785
74.38724
-1927.516
-707.4194
-1150.503
-34.12595
-109.8538
1197.291
1133.121
-53.42816
1904.346
1979.381
1896.074
6463.174
1961.574
1596.487
2185.878
-2977.447
7813.757
5801.218
4241.59
6770.478
5170.522
4233.82
3985.443
5276.374
3908.246
5100.627
7719.639
7263.473
5963.923
5919.541
4445.128
3475.027
2845.097
3077.605
950.2734
1260.193
8475.36
6896.222
5956.421
4300.468
2864.894
1703.682
454.1238
2538.001
2200.549
2802.421
2119.503
1877.758
1431.866
1628.221
-1981.25
-785.3907
896.433
375.2573
535.0426
1703.587
829.7901
1573.487
4613.202
3088.787
2623.442
3013.664
1598.516
575.7651
1137.159
2015.513
2439.569
4765.624
5161.661
3703.048
33657.01
23536.41
9363.874
6954.111
5092.164
3834.128
2929.508
3169.438
3890.839
5584.019
3853.054
3145.649
2739.65
2795.902
2625.059
2642.845
2385.875
1834.129
3426.618
3623.812
3581.075
112.9056
1210.492
123.3104
-608.1911
452.9839
3098.401
3249.902
2176.159
4754.584
7743.808
6206.235
5021.359
3314.78
2675.159
-6324.264
-1373.859
-912.2317
1191.619
383.7028
1073.921
1379.364
6234.746
4656.081
3703.647
-365.1146
516.8271
611.4979
1141.475
1570.708
1482.042
2157.842
2018.624
2404.306
2844.846
1482.452
1911.207
1669.56
12341.75
8818.478
6848.669
5461.658
2192.447
3841.167
3375.211
3893.368
5764.227
4281.769
215.2521
79.51331
-367.7097
482.6285
336.653
488.9886
340.6853
-1213.09
-385.1477
-127.7203
300.8854
1062.602
1279.462
1270.087
2895.221
4229.826
3465.19
14796.06
10278.88
7189.002
4641.471
1385.481
1454.142
1800.351
1051.953
5644.478
856.9279
359.1251
2880.996
-2563.245
-853.193
159.3214
359.0989
575.5985
-688.6297
-190.9577
1842.666
1575.908
2495.111
1803.968
1868.93
2638.912
557.9341
912.4541
13474.46
9730.125
7494.592
6878.715
5920.341
3078.908
594.8415
1514.734
1381.887
983.1024
725.4892
3583.867
3533.752
3122.635
2640.033
3997.502
2870.872
2034.034
2116.118
286.0484
1637.602
1107.376
1949.457
5379.99
4047.772
2315.566
2314.006
2108.825
1078.785
913.2835
-2373.168
-2135.643
2168.515
1650.952
1272.474
-2104.532
-1768.661
592.6611
383.3416
1332.491
219.9882
497.738
857.5853
2055.34
167884.7
105923.3
65879.33
38111.54
28902.59
19017.57
10238.76
8794.085
-69365.93
-42800.02
-25035.23
-15009.28
-8677.35
-3984.428
3026.337
2439.794
2636.828
2618.114
2174.634
1863.559
1710.059
1988.605
-844.5126
2590.473
1502.722
1602.597
2096.603
399.8415
21155.9
14740.71
14751.32
10462.04
6876.872
5011.038
4029.405
2098.684
1781.886
2375.345
621.1755
-111.4162
3365.536
-16829.71
-9607.026
-999.6431
387.5776
948.561
455.3088
1373.255
1581.621
1941.195
-535.1655
-2047.371
2422.827
8707.402
987.1442
1331.118
961.188
3306.826
2556.028
-116727.2
-71982.27
-47379.13
-29436.67
-21933.32
-13694.69
-11101.96
-4630.723
3218.293
1099.386
17062.07
11133.63
7171.534
4911.589
5160.754
3825.579
3082.379
3620.661
943.5624
2248.023
-843.1093
7511.635
8468.899
4957.085
3924.454
835.9179
195.6039
-1206.824
-8.441084
825.8712
1155.648
-1831.863
-483.3204
-6677.834
-6386.966
-4775.706
-2508.969
4231.315
3502.303
3048.837
114949.1
70292.89
41151.93
29052.48
21012.6
12609.72
6102.076
4956.631
4080.036
2623.838
484.2787
1129.33
1983.082
-151.9624
-6887.557
2210.94
2756.047
12122.71
9144.013
6365.008
4834.288
3602.857
-5028.483
-2259.212
-601.277
4283.847
2272.463
2254.872
981.9331
1316.523
1262.125
1252.26
3019.302
2502.671
1491.809
1629.86
3622.425
9629.883
6433.184
5705.008
419.3587
1784.438
-31527.33
-19008.95
-11388.43
-7489.989
-2307.668
67.58565
-293.1742
1092.396
1178.134
-37069.14
-25342.37
-12739.76
-7097.137
-2713.751
-138884.4
-76698.5
-57306.79
-39433.74
-24476.41
-15520.93
-8282.41
-4167.92
-3021.853
-854.6036
548.1467
668.137
1338.861
2437.102
2452.635
2682.591
1908069
1197385
757453.9
471159.2
294992.6
187370.7
117461.8
74862.66
47404.31
31612.42
21285.47
13980.87
9662.14
6934.179
5341.441
8742.897
6396.341
3917.816
4674.842
7190.899
7557.539
4894.755
5437.758
2825.168
4167.55
3387.181
2285.067
2154.301
-190.3888
181.4636
3430.444
6256.429
4741.347
3724.76
1644.391
-706.1585
988.6063
1593.553
2916.188
2955.541
3233.435
1532.229
1599.168
1496.519
1407.073
1689.659
2617.489
2067.253
1086.656
-2007.251
-1555.927
-116.5346
769.2807
1745.589
1872.172
5220.862
5122.755
-1454.195
-14293.42
-4375.236
-1605.602
798.8283
545.1035
1328.021
964.0878
-1539.209
768.1648
1603.668
2079.277
2881.73
2796.288
13054.33
10365.22
6884.66
4301.978
5284.949
5304.577
2475.782
2397.783
2585.057
2028.68
1597.376
3051.599
2366.315
2006.331
4367.801
-3090.936
6612.629
4788.037
2675.044
2194.822
2739.549
2419.729
1903.802
2336.135
2958
2671.879
2412.539
5023.138
4761.078
4272.338
3877.802
2865.125
2777.067
3459.281
1146.786
6654.846
7353.746
5948.415
4676.845
5601.706
3886.359
2960.855
2508.741
4334.88
2946.334
3990.891
3945.862
4014.521
-210.6954
602.9357
1793.043
2918.653
2479.619
3165.332
13426.77
8889.904
7401.686
231.5546
3072.389
3731.39
3654.493
6499.525
6597.784
4217.026
-1757.218
-491.2856
-113.1201
-4.708571
1150.151
1422.818
6079.451
4469.913
4705.232
4476.349
3618.5
4683.974
8002.13
5158.182
3618.14
4544.703
7241.804
6155.481
5098.681
4495.858
2461.777
2167.515
3137.544
-1916.324
11882.22
8340.185
4682.258
4661.312
4401.848
6918.15
5676.954
3725.212
4691.39
3718.223
3483.893
4129.771
19025.33
13289.61
9251.046
5788.08
4460.273
2218.911
3130.223
2925.845
160.2012
-611.2749
952.7859
604.0704
2384.539
2321.429
2201.233
2466.629
3816.162
3812.198
3789.434
3174.563
2502.481
226.2554
330.4151
2433.443
20115.18
13146.3
8022.087
12102.8
12854.08
8510.924
6282.631
2731.004
2379.785
1849.51
3613.58
4351.021
4162.648
7544.805
5530.686
3041.231
1649.245
1706.437
6655.971
3532.548
941.1327
1745.138
2161.394
707.462
152.8405
2123.151
3997.104
3374.65
2349.402
3460.581
2782.891
8160.614
6818.9
3910.175
2944.872
2072.166
1520.665
3203.909
4151.188
-643.7714
-2799.236
-1878.325
-714.9558
-1007.975
-13194.56
-8472.054
-5886.02
-3503.008
-1797.261
-2567.106
-1564.038
615.4162
1582.744
1370.452
-1411.738
1121.39
1389.359
1962.007
2339.235
23427.05
17241.46
11617.64
24863.83
15541.03
10290.5
5954.341
3962.024
2467.987
3002.422
1245.797
2125.437
1376.901
1638.383
3289.699
2925.239
-2617.27
-1051.056
1176.242
1129.666
2418.532
2687.809
-762.8186
518.7914
448.3061
802.3803
1263.444
1378.307
3219.147
1939.987
2535.237
1859.848
-1473.702
1809.947
2428.082
4193.085
380.0819
233.8035
-496.4479
393.2534
-317.2784
612.8947
1423.736
1337.99
1501.469
1337.153
696.6037
5309.469
3302.812
-1040.65
-2552.65
1147.867
3105.571
-3199.777
-3663.941
-1050.13
-696.5334
394.0788
1649.956
3300.231
2356.401
1921.748
4315.972
3328.818
2938.551
1918.265
1518.637
1352.336
2042.95
3650.991
3573.189
3120.362
2202.314
1942.853
1370.685
-769.7157
462.2481
1844.357
1610.274
768.0617
735.9527
1366.429
1045.085
1812.317
160.6544
2380.344
-8158.954
-4691.722
-1991.888
38.1554
2546.597
7126.737
4087.004
-239.2316
1774.71
-536.3685
-1852.143
-687.9499
6705.305
2804.349
779.6187
1327.585
-508.2957
569.3656
3801.438
2226.694
1994.875
-2325.225
-784.0043
2213.936
-413.4079
-276.1098
3055.099
1975.245
-965.1121
52.74307
2039.999
6243.662
6647.821
6733.384
6169.231
5989.384
5000.489
4918.87
4407.035
-1334.959
1190.907
3049.11
2443.19
-12148.8
-90497.82
-55926.18
-32958.08
-17424.72
-5120.466
-3599.284
-1505.594
666.0826
866.1562
-51024.81
-31062.91
-18435.59
-11557.62
-4878.77
-1642.592
517.2876
678.4486
571.3487
1174.301
-258.0505
1207.494
1293.181
2002.533
-777.6518
1262.074
-11710.94
-6688.458
1428.51
2626.505
1526.048
3006.637
-901.7179
409.8697
-616.2181
-959.5412
775.2486
-3978.202
-1804.503
-1832.311
1013.924
1415.422
-703.168
-655.707
2486.695
3044.335
-3910.916
-1449.564
1954.24
4584.269
3538.078
2303.882
1466.427
1903.469
2288.58
709.4166
5050.109
4459.373
7441.183
1778.697
79931.59
48153.02
31539.07
19933.39
13470.42
9750.613
8450.807
4904.815
3588.786
-7212.025
31229.71
24994.22
19917.2
11112.88
9173.213
6884.923
5492.602
3751.12
2608.356
3543.692
3816.221
3903.227
-59.97821
905.0855
-2049.417
-1229.693
-248.7833
1850.193
1776.363
1868.801
1664.464
3454.502
-31165.28
-18901.12
-10730.4
-4861.987
-1987.494
805.3229
1542.556
2268.327
2169.627
2365.222
13503.67
9808.282
8000.711
4744.811
4383.038
4055.752
1590.935
-6284.539
594.1774
1688.802
4555.66
-2079.22
-1097.303
-13632.25
-3755.554
-1379.752
63.37384
2051.214
2074.262
-9044.837
-5220.527
-2674.725
-714.6251
5463.676
5667.859
4773.894
3544.535
-763.3677
1174.32
2582.04
2699.131
4264.625
4171.162
4765.081
5986.265
-64064.03
-37113.72
-21119.25
-12316.53
756.6846
2476.643
2868.193
-39572.56
-29263.86
-15035.83
17912.81
12972.45
6601.73
4967.958
4023.264
3482.164
3556.778
1463.073
2382.76
2930.003
3201.933
-38936.57
-23692.44
-11536.49
-7240.489
-4125.775
1787.223
1413.257
4030.951
5205.452
4758.651
2624.528
3565.134
4662.674
1249.338
1454.945
3207.821
3172.99
2906.75
4677.674
5450.161
6082.32
9280.048
7209.897
5679.57
6053.62
4546.405
-33459.51
-19536.94
-11080.91
-7582.521
-3563.864
-1153.802
507.5664
5526.111
4333.914
4713.375
2619.524
4530.464
3505.176
2396.493
2492.519
2777.479
1536.887
787.075
2100.524
3729.685
2899.791
3837.661
-482147
-296830.4
-184714.3
-114415.4
-67737.62
-41008.17
-24199.09
-14078.94
-33889.23
-22761.83
-13193.87
-8388.471
-4502.615
-2946.891
-582.3788
-272.8305
-734.8561
2835.351
3890.824
4371.533
6958.027
10512.39
7824.89
6063.414
3421.906
3215.854
4009.946
3501.41
6363.314
6062.575
5579.356
3589.238
148070.4
94280.15
60464.68
43814.16
27644.32
17378.42
12163.4
8865.774
6259.499
4505.049
3667.873
4285.265
-1220.89
2455.515
2043.953
3699.794
6576.043
4499.875
1731.299
1224.801
124.1733
-3463.453
-1948.182
963.2478
1993.855
517.0376
33.43336
2016.356
3110.729
3554.742
4986.896
7766.233
5746.478
4822.258
8515.998
5988.329
24373.2
16601.02
11588.56
8167.768
4874.46
2964.767
3263.713
906.6736
2181.132
3377.367
3967.483
27519.93
19414.39
15023.49
9488.918
13283.43
6890.552
17987.38
12727.45
8340.16
5293.185
5749.738
9243.47
6570.379
5502.255
3196.213
3443.642
3767.789
1723.06
2010.578
1501.803
2591.987
2354.36
2538.027
1640.399
-666.4727
3452.169
2831.861
1512.267
1045.321
-234.2304
1170.019
641.768
-2687.69
-673.2635
-7717.888
-3796.59
-1933.943
-543.2202
675.2431
-3611.473
-1556.218
980.3136
-31102.6
-19312.95
-9948.611
-5294.867
-1580.502
-428.8628
-872.1475
1439.895
2711.397
2812.705
1096.749
1616.062
3975.063
4109.288
3401.817
5481.536
2644.95
3055.213
4535.364
-2773.108
-442.3885
397.6564
9710.983
9026.146
6826.886
-802.5679
-1222.481
195.0057
-662.4093
-7643.285
-3822.773
-1139.513
-516.6389
762.0322
1629.94
1569.653
3370.836
1984.745
2495.476
2691.915
2548.364
4811.771
4188.053
957.8032
564.7721
-74.08517
-1321.913
-5566.282
-1021.507
-742.0223
-12611.78
-7221.456
-4237.473
-2356.999
-1457.948
-4665.275
-7837.123
-3274.428
2334.738
2794.745
2642.276
3519.616
3570.215
2261.093
1965.587
-5258.876
-1908.397
-2898.676
-2096.113
4125.305
4095.022
4172.248
8270.087
5602.297
7442.787
3676.128
3864.002
3089.293
2477.452
2249.626
2295.138
1088.432
-293.9006
1550.399
1181.341
5044.52
502.6093
2369.566
-4318.959
-1068.884
28598
19850.76
12627.87
10011.36
-9570.508
-6109.396
-2832.011
-13886.84
-9362.864
-5142.166
-1241.312
516.4489
1870.789
2128.551
4553.515
443.8966
3559.066
-1196.538
611.4104
13.31299
-493.7397
-399.3189
690.5947
1791.302
-282.6505
7130292
4468398
2802845
1759126
1100625
690390.9
433500.1
271880.7
170617
104776.3
65343.64
42750.84
27660.24
15076.58
5733.238
4816.406
-9045.976
-8216.743
-3268.332
-1027.313
746.9921
1258.406
2017.515
1699.043
4520.663
3758.277
3052.22
5822.483
4752.551
11796.96
8651.692
7710.265
7852.519
13231.19
10831.4
7637.739
5836.063
3827.898
4562.21
5765.54
3118.701
2837.287
3440.481
4207.053
3458.81
3489.927
3578.139
2867.704
3133.881
5711.105
5235.855
4162.862
4257.57
3804.345
4798.84
4140.945
8794.304
7946.549
7704.342
5397.792
8754.664
4171.9
-10273.88
-4387.573
2213.042
2088.427
2109.423
3196.734
3377.304
5194.817
1573.093
2556.478
2268.76
-927.891
552.5584
1668.294
926.0811
2001.504
1273.014
1144.331
1955.3
2983.653
2423.793
10584.75
5664.908
4625.252
3416.006
8139.414
3441.746
4557.296
4508.165
4700.341
7048.45
5666.274
4891.137
-11440.53
-7174.653
-4875.332
-1629.702
-2377.844
-1009.454
73.57799
38.3471
-1650.905
586.5637
449.5174
1422.16
2914.033
2733.34
2514.934
4063.096
3233.679
3846.145
5716.978
4047.211
-260.8275
1308.187
416.5604
2054.836
2639.989
2533.878
11568.63
21246.31
16256.11
9809.574
2948.575
3238.806
2280.726
2336.867
-1128.432
6996.343
6304.003
4997.653
5945.472
3476.564
4377.499
4061.578
2052.969
3088.819
4562.818
4010.759
12846.4
10140.11
10044.32
7138.259
4293.467
6731.547
6741.945
4129.333
1915.844
32887.2
22070.78
15903.4
10911
9760.171
8533.271
5702.547
5895.822
5732.505
6978.11
6819.754
6217.058
5526.256
4379.926
2199.173
2693.779
-1133401
-711814.2
-445364.9
-279713.7
-173735.4
-107037.9
-64924.14
-43994.87
-27241.08
-17075.37
-9978.766
405.7799
2931.194
5309.828
3865.005
1532.698
2487.396
5203.998
11367.6
23261.65
15345.24
11275.91
7236.27
6631.022
5194.896
4987.578
4743.113
4210.752
4037.569
5972.014
5341.932
4526.197
4204.104
5258.352
99087.03
65144.87
43089.15
27837.24
18787.1
13715.38
9185.721
8503.105
7224.074
5337.876
5812.052
5254.343
-915.2535
718.5485
1511.164
1215.063
1873.338
7720.239
6086.18
5336.401
5253.367
4810.928
4154.38
4003.51
3610.947
3960.223
3854.061
5284.088
4878.767
5748.476
2702.211
3292.802
4695.371
4526.629
4735.632
4558.253
280.7502
242.5688
1615.35
2286.476
2540.547
3370.747
4026.688
12600.42
-90589.65
-55094.11
-33658.49
-19749.28
-7061.664
-3667.185
-1012.882
1656.094
3575.708
3016.597
3059.953
2696.156
4002.855
4120.632
4770.074
2552.741
5250.954
1865.457
3095.861
2929.126
-45998.85
-27175.84
-15514.51
-8581.255
884.2607
2056.03
91756.11
59040.67
36457.96
23395.66
114556.8
72522.86
46544.2
24800.25
16098.06
11265.97
8232.782
6809.846
-86214.86
-52042.03
-30515.69
-7850.383
-2805.472
10626.06
7127.421
7172.442
4816.864
4068.721
1680.21
1437.507
1385.775
1535.644
1641.148
-10533.67
-5610.927
-1099.122
248.045
997.059
1929.702
3273.06
-824.1735
788.025
2151.004
106.7618
1334.638
1593.718
1848.909
3457.906
3751.024
8298.841
7021.296
241.0515
1662.184
1946.28
-957.7186
-113.2136
1046.31
16735.78
15047.74
10470.74
7567.7
6687.493
3267.98
1683.6
2143.309
2509.724
38912.55
25698.71
16750.55
10837.1
7956.559
5152.682
4127.453
2872.889
2372.792
1628.499
2788.861
2576.435
4419.474
3837.317
4900.027
3281.824
2785.339
5141.358
4596.791
4027.343
4590.59
1088.956
2109.376
1956.147
5243.329
3415.69
3294.724
3618.403
4122.865
-1992.782
660.4287
1955.413
-1752.908
-128.7511
1757.916
11062.36
7474.867
6208.848
5291.329
5003.524
3107.896
4754.406
4417.79
-1000.971
-71.30747
1186.031
2691.017
2885.8
-3471.488
-1845.545
920.0718
54680.74
34981.27
25071.03
8750.342
8556.033
7656.709
5686.65
5123.312
4209.952
865.699
-2546.699
-366.9884
-3.805114
235.2164
2531.067
3406.663
3951.819
5044.038
4303.594
4332.546
3644.294
2357.768
861.0086
3141.575
3007.341
1692.843
2416.38
-18053.48
-10067.54
-5912.583
4233.312
6344.636
4286.33
4880.945
4307.034
4140.729
3638.513
4731.166
-84.85755
1196.229
7677.083
5195.466
4158.548
6955.514
6247.039
4320.857
4554.499
3156.429
4558.334
4939.658
332.2791
730.2161
3842.817
6501.317
6030.233
5848.692
3833.463
2771.186
2562.316
4971.309
2880.114
2520.644
1939.808
2962.414
1212.37
1389.558
-2313.193
-1119.755
152.4164
377.7508
1990.261
3573.743
-737.4355
-325.2457
19445.47
-4588.241
-2183.105
-1334.495
-583.6158
-952.6771
1112.273
1176.414
1899.533
1655.975
2330.363
-987.1484
1888.944
5290.477
4861.528
-3508.366
-1129.87
1166.313
2142.388
5797.463
4425.398
2439.105
3584.075
32494.47
24860.41
19406.18
12953.84
8242.556
6349.44
5979.041
5959.045
3566.136
5828.576
5241.936
5147.121
4487.72
4154.679
3855.448
5114.092
4872.836
4421.212
6835.263
4544.909
4490.425
4238.032
-17218.26
-9260.006
-4121.594
-998.6392
3455.869
2884.555
3858.407
38980.01
25924.75
19261.16
12918.19
9556.683
8980.186
5948.995
5587.981
4540.512
3978.402
4008.701
3166.486
3867.092
3025.437
3972.29
3901.903
2487.986
4650.312
3848.453
4182.488
4523.28
4275.616
1966.242
3062.466
2399.997
2545.681
3167.887
2585.531
3569.057
2484.992
2847.844
1171.625
1094.58
-10126.57
-4607.52
-1803.517
689.0265
2320.565
-77348.13
-50713.07
-30670.19
-17657.1
-12601.01
-6412.767
-2972.994
-515.0715
1270.595
4086.456
4648.834
5384.524
6633.803
3194.587
4057.599
5351.984
5895.143
5152.353
6905.026
6211.189
5180.182
7038.252
6462.715
5996.417
122331.6
79031.65
56017.82
37026.59
24385.79
18746.15
16932.7
12588.34
9441.111
5380.003
5790.149
3506.926
4918.295
4356.211
-3802.815
-2020.125
-1730.725
680.9455
-3427.743
-3369.829
-1397.604
2116.801
1662.077
1648.273
302661.8
174004.9
112196.8
69586.18
48146.46
33378.33
22129.95
17031.4
10955.98
7561.063
5751.759
5072.915
4142.393
2475.324
4383.342
4430.441
4144.337
1071.663
2263.903
1999.95
2913.544
3338.333
4053.548
5124.486
4071.975
3829.948
10686.03
10986.18
8307.717
6805.092
6106.998
6108.965
6058.533
5025.861
3974.574
2321.204
2830.16
5373.536
5545.62
4783.811
4436.655
7452.457
6158.267
8281.291
5678.763
5596.516
4470.572
7276.183
3625.365
2088.076
3181.374
1983.437
4459.555
5979.364
1592.178
4949.523
3091.613
4566.288
3822.384
4388.228
5270.642
4847.768
4176.867
5039.101
2443.793
2983.02
3742.038
4024.822
4828.806
-45807.88
-17089.33
-10652.57
-5102.7
-911.8949
-622.158
1572.577
2329.391
3016.247
4152.865
3332.188
3148.221
1281.611
39.70028
-261.9174
1942.036
2220.191
3678.566
4301.327
4759.992
3592.199
3313.287
3401.983
3395.665
1125.911
2430.115
5674.885
6465.231
6853.227
6298.481
10750.79
8566.848
8197.255
6117.226
5249.477
3321.878
3019.646
3432.717
3526.842
4182.071
-98565.68
-59871.46
-39586.4
-23833.85
-8307.893
-4682.446
-1838.362
2627.423
2517.951
3686.295
4349.384
4094.104
4711.697
4133.444
2033.781
2779.989
2969.975
3418.057
2767.444
4233.343
3568.552
5220.57
3143.789
3754.128
2487.235
2901.272
2091.935
1317.601
4681.608
5512.688
4980.609
4767.326
3145.137
3127.951
2961.545
3165.984
3739.618
5709.064
-4119.032
-14500.23
-7773.891
-2332.061
676.2307
1960.727
2209.32
3722.235
4808.473
9687.557
7731.777
6689.344
5084.551
3826.971
3902.374
3212.403
2186.216
-1950.869
404.0688
1816.875
790.1963
967.4273
3951.583
1937.25
2468.258
2897.744
3587.43
-2190.159
138.7242
-572.128
39.62251
952.4696
1340.535
930.0487
1181.164
-6255.552
-8035.976
-3198.187
-974.1344
4102.839
3201.203
3113.428
2724.519
442.6769
464.7567
2587.701
2484.043
3293.105
2716.282
-54062.75
-31809.3
-18904.29
-10887.68
-5987.468
-5342.581
-13632.19
-5574.399
-795.8296
2004.183
2136.746
3819.129
2783.178
2676.294
2700.21
3727.632
5819.214
4261.595
3136.896
-17836.57
-10051.1
-8771.378
-3754.448
-9795.682
-12373.9
-7388.865
-2065.716
-34.15481
1677.75
2842.551
4573.072
4273.26
5571.29
5718.773
-3925.903
-1375.278
517.2137
1099.251
800.7146
2871.73
1409.411
1837.53
762.7796
1794.82
2782.82
3492.032
-5000.479
-715.3326
2276.096
3120.14
2472.05
2910.107
2217.165
3440.161
2656.312
1602.471
1764.36
2843.617
2441.443
6865.435
428.583
2715.528
1638.914
2233.131
2386.637
2153.559
3243.921
3005.255
2616.193
