283.3735
262.115
-186.8663
40.3446
71.44198
-145.486
996.4712
909.3507
961.966
740.7804
540.9317
458.6242
219.4585
-153.2259
-692.0237
2061.346
1471.297
839.568
602.9186
327.46
-1568.916
532.2666
2861.169
1915.097
1422.392
863.9052
568.4656
369.855
-28.79231
-66.24055
62.68077
19231.29
12901.32
8436.631
5659.913
3872.111
2730.835
1848.968
2149.779
1214.803
910.7362
785.0093
606.6409
810.0076
1792.084
1431.361
1211.33
820.112
579.9118
404.1622
131.1457
-10.31359
-248.8439
41.96643
-153.192
47.09724
383.8724
766.2045
-1970.324
-1364.494
-1046.897
-674.9582
-339.5548
-67.1032
1076.611
820.275
-644.6873
-0.365081
243.3618
178.2034
674.5067
811.5103
553.2398
469.8691
393.377
302.5579
171.2636
-205.2078
-225.3487
131.5559
-251.633
-150.4476
-294.4288
-181.9633
661.2663
447.9948
488.4731
257.0925
-493.0036
-296.0832
-39.12567
1065.369
626.2718
452.0096
328.6533
264.5199
560.2693
562.8141
531.7094
1884.53
1479.228
-3820.826
-2489.526
-2294.329
-1283.507
-737.6189
-408.009
-207.7131
-103.5495
-1805.807
-615.6333
-454.9479
-323.5284
-125.1382
-265.8808
-143.395
-4.44692
184.8796
-1502.786
-1019.065
-339.589
-62.20068
-133.9784
-41.69024
24.41915
456.3658
414.6651
660.327
281.2311
395.5758
616.3773
624.5976
386.5232
232.5306
-383.3426
9180.561
6332.549
4896.564
3298.325
2980.361
1913.354
1080.649
774.0228
-1141.531
1182.098
811.3475
343.2191
-3541.788
-1614.398
-4364.682
-2821.724
-1811.298
-1400.675
-1003.014
-499.5706
-109.9056
2239.645
1251.396
789.0175
67.48214
-1928.308
-1160.21
-810.0735
-410.2399
-193.1904
-11.97667
-80.90853
-41.49744
100.0194
68.34864
-856.8277
-531.9345
-102.3957
-32.90038
-44.02239
1.823042
205.4005
335.2759
341.5998
301.8297
624.2666
520.0972
396.5145
556.703
543.6792
508.1822
203.622
181.9575
210.4152
200.1291
716.8432
529.6633
573.5175
361.9616
267.5886
257.5935
112.1648
180.2356
50.01899
82.02932
675.5301
572.1695
473.5803
720.5948
514.7142
332.7359
715.7899
576.0394
-125.7606
27.76205
71.9388
-193.4965
-7161.696
-4889.173
-3240.729
-2108.131
-1001.955
-505.1501
-508.278
-401.1687
-254.5238
-112.3544
-49.76465
-51.91111
-155.3455
-503.0232
-93.30035
-34.90792
104.6189
-728.828
-266.2938
-408.4357
-599.2176
-337.8412
-399.3794
147.1135
-91.20576
-296.6056
-133.3364
604.5477
485.4778
165.6681
111.4552
94.88071
170.5823
-45.4676
78.38931
382.6243
204.5616
120.0912
217.9001
139.3003
272.8042
181.5857
284.9138
-13599.34
-9197.998
-6978.566
-5298.503
-3436.884
-2423.821
-1986.231
-1450.363
-1061.895
-561.6437
-369.4398
-374.3559
-630.0829
-5624.237
-3851.974
-2624.076
-1802.905
-1249.35
-1951.549
-1455.972
-1859.464
-127.1168
19.46587
-775.8344
-2869.143
-2137.893
-1675.008
-1137.685
-699.002
-388.8345
-3168.795
-2032.855
-1744.018
-1324.47
-909.0829
-545.1768
-368.1626
-203.7118
-99.69428
-253.0016
-201.3254
-742.1073
-147.1347
-518.2865
-154.5916
-137.9786
-182.4203
-564.9608
-331.0813
-253.3173
-45.78026
-10.57407
26.59707
68.46879
8.001875
894.6947
26.91139
-407.0746
26.10797
-10.63891
389.4296
335.5901
713.4191
435.2264
281.1116
-13.467
-324.7262
-1038.189
-649.3274
-543.7016
-733.9958
-522.3618
-468.6526
-113.8153
-91.61489
-68.82128
-68.46823
-81.24285
-211.5021
-316.1124
-260.0981
-1565.673
-1229.477
-910.9229
3807.436
2562.633
1755.61
1355.132
2363.089
1676.806
1246.054
-1472.38
-1063.809
-2476.284
-1333.011
-923.7899
-748.4589
-901.9511
-596.0725
-592.6476
43338.45
29518.56
19947.63
13912.78
9344.908
6476.299
4307.173
722.2841
360.7549
348.6622
123.9058
769.3061
551.7018
503.5112
162.7995
328.5796
146.5697
-496.7317
102.2164
-339.8078
-134.3869
-248.3487
-337.3794
-316.534
-10.25575
26.41438
-25.54411
-79.22216
339.9252
-153.7366
10.80975
-86.58311
-61.22597
-267.8603
-379.775
-661.5733
-397.1236
-199.6217
-179.6554
-585.068
-430.0777
-444.3943
897.1752
501.3283
483.1475
215.8682
-9.646682
-128.787
-207.3583
-18.72047
-564.3768
-819.3542
-805.4464
-1002.192
-870.7838
-887.2868
-602.0252
-660.381
-558.6699
-354.6852
-317.7376
-270.0966
-216.8934
-175.9448
-40.34476
-119.0344
-115.3421
-624.7245
-31.75481
-5.391985
-167.3777
-704.3443
-508.7419
-352.1713
-371.4851
-396.0317
-91.96308
-244.5861
-283.7847
-613.5281
-703.9415
-757.2072
-913.3558
-732.1342
-377.7938
-284.5823
-418.7129
19210.54
12715.97
8093.027
5519.299
-19498.49
-13258.25
-9098.881
-3007.784
-2405.957
-1845.384
-1493.116
-3562.528
-2455.095
-1760.907
-1285.002
-937.8479
-635.9272
-295.8313
-345.2202
-101.236
-3899.898
-5047.468
-3718.137
-2827.034
-1628.635
-1276.555
-1196.871
-1122.568
-974.9343
-1026.375
1606.124
825.2707
-319.9144
-419.0326
-910.3737
-820.1854
-822.5448
-769.7545
-623.7715
-604.4196
-525.3763
-488.732
-415.2779
-263.3553
-358.487
-953.9449
-699.2217
-667.5586
-718.2137
-710.5908
-691.9054
-653.8191
-635.7556
-497.8881
-197.2936
-230.0467
-312.1251
-273.7197
-94.15692
-350.9379
-508.8944
-388.5506
-781.1096
-708.5272
-611.0313
-623.1447
-931.8826
-974.4758
-866.1296
128.3406
-151.6499
764.0904
761.1177
-287.53
-383.2197
-504.1112
-564.5571
-891.1695
-691.0502
-521.0267
-575.1205
-111.4262
-172.0204
2880.537
1631.866
614.448
403.4546
82.1031
1326.04
625.4939
142.9942
-387.4888
-488.1311
-1841.725
-1442.347
-1096.808
-865.5147
-716.268
-867.0199
-629.4169
10560.93
7098.082
4907.815
3796.022
2279.224
1445.909
796.9985
-625.0255
-596.4598
-673.2748
-922.1457
-1202.857
-1107.676
-901.0682
-506.0475
-682.455
-686.351
15703.42
10461.63
6921.823
4433.39
2959.585
1679.794
759.1849
361.3895
250.0052
5.057966
-242.1452
-639.1646
-632.8942
-213.5797
-290.0379
-556.5292
-573.2341
-694.4452
-496.6975
-526.51
-304.5369
-442.0204
457.7979
-136.1531
-281.2459
-391.3254
-630.4556
-698.8754
-470.121
-635.5248
-703.0652
-1021.369
-9634.237
-7070.38
-4990.254
-3598.289
-2495.738
-1937.652
-1727.315
-1757.53
-889.4511
-741.7752
-678.7645
-574.4055
-588.7836
-363.4238
-263.4835
-20.48613
-200.3136
-344.3368
-1800.357
-1299.755
-1217.078
-1117.317
-547.1704
-840.677
11.96067
108.3675
-182.1875
-293.0181
-512.5773
-365.6018
-3617.496
-2867.772
-1475.388
-179.8474
-384.1896
-320.7093
-426.2828
-644.0597
-588.8155
-652.729
-577.5654
-521.6248
-459.1526
-416.2936
-63.33081
-352.8118
-1460.572
-1176.424
-552.8123
-647.4571
-651.2592
-700.1211
-633.4652
-57.29025
101.7094
-39.89051
-282.6013
-347.6727
-468.9098
-603.0841
-517.5749
3876.436
3197.239
1846.31
1044.919
548.6679
-21.37145
-10899.76
-7598.12
-5303.744
-4510.674
-3261.526
-2356.755
-1758.179
-262.4495
-483.3291
-466.7761
-732.4658
-647.7725
-439.5867
-527.5531
-821.4057
-972.8727
-867.5323
-1116.686
-1516.07
-919.9745
-606.2501
-590.6445
-327.3828
-307.1671
-465.82
-403.3037
-541.3119
-463.4361
-267.686
-214.3008
-305.548
-328.3674
-103.4197
-599.0208
-836.0006
-648.337
-677.6269
-952.368
-1104.965
-926.9573
-449.1143
-569.0915
-551.4735
-123.4024
1134.603
834.6536
376.6071
175.1806
53.61101
311.8809
95.18702
-185.4421
-189.5256
-108.7999
-254.051
-660.4626
114.9301
-216.0475
348.6933
-1461.786
-1178.066
-626.823
-366.6726
-288.9197
15.13579
-103.6114
-306.385
142.4412
-91.8644
-100.3589
125.3641
1132.224
427.0941
236.0826
94.76985
41.29553
14.3898
61.20375
227.3392
-290.8963
-639.2647
-595.1718
-551.8044
-700.0254
-316.8189
-230.15
-323.7591
-383.2691
-3111.227
-2363.785
-1884.123
-210.2664
-136.4275
-338.8678
-426.469
-932.4488
-309.656
779.2416
699.2962
453.2571
145.911
260.1745
88.1037
-65.08255
-244.4247
-299.507
-178.4589
-198.5957
-355.3139
-414.8426
-333.6672
-345.0457
-287.847
-152.6039
-241.2049
-288.0755
-141.8899
-108.1711
-411.5909
-114.1337
52.92415
-137.376
-389.8454
-435.2097
-492.8763
-534.3144
145.4896
125.2878
-79.60872
41.03541
252.7024
-505.4456
-534.585
-566.5776
-575.9759
-391.5906
-332.7371
-350.0333
-317.0777
-202.058
-2217.388
-1399.373
-605.8257
-574.7479
-495.6266
-434.3467
-599.0565
-435.3363
-482.1916
-430.0299
-538.8674
-382.2535
-315.8423
44.60528
161.7027
-105.3923
-174.4738
-827.2438
-501.7908
-456.9891
-442.7438
-1065.423
-771.6109
-673.6544
-1289.792
-1095.038
-3432.197
-2495.993
-1732.031
-1785.68
-1353.237
-1164.97
-879.8934
-33.62589
-5312.611
-3661.248
-2495.798
-1728.329
-1317.11
-1148.038
-696.826
-518.1116
-411.6079
470.5256
311.9561
199.061
1357.645
872.2043
625.6279
-250.348
440.6213
341.3897
61.40501
-80.79339
-252.0135
-189.9478
-302.7612
-331.7328
-1904.02
337.5223
259.6101
268.1403
358.746
72.59951
-90.07508
-43.96065
175.3151
-128.6722
-73.14255
-79.56074
-153.199
-950.2769
-731.009
-372.4258
1517.586
1210.826
705.1024
493.2898
185.2443
109.3714
174.1061
535.8895
-177.2412
-1861.754
-1729.895
-1289.268
287.4049
77.31766
70.47901
110.0216
547.4967
288.157
201.6051
19.81432
-227.5426
-448.6376
-360.3745
-376.2608
-305.6729
-272.8285
-231.2778
-204.859
-209.1288
-83.83723
-134.894
-1703.124
-1609.857
-1177.572
-568.998
-935.6396
-846.4282
-623.9909
-3347.137
-2364.147
-1649.793
-885.9776
-518.0819
-504.5918
464.7432
197.7476
452.513
812.623
508.5962
411.7014
118.197
-52.04034
192.6109
-6.962968
-576.064
-485.7922
-245.9071
-444.1103
-156.2957
-64.04465
-80.62877
35.02095
-103.7054
-41.56452
-57.2176
-42.35789
-140.0737
42.11499
-118.8419
-1.233433
304.588
84.76931
-41.99188
703.7445
1011.439
521.7372
113.039
-213.5894
-210.5904
-466.3412
-341.9751
-655.5301
-658.1698
103.4496
244.2246
501.2001
-1119.346
-1049.962
-3164.321
-2135.975
-1658.212
-213.5912
117.2445
-375.1131
-245.6166
-273.9155
-272.6276
-341.1069
-312.8492
-170.4074
-170.6586
-392.9459
-577.1845
-579.9554
-575.4226
-462.2372
-286.6932
-487.8078
-36.01297
-335.6386
-499.0936
-257.9462
-144.9005
-75.00495
-46.83146
-69.46752
-82.1369
1178.33
729.9686
-26.19202
-124.5169
93.2736
3481.998
2347.748
1667.264
1111.662
630.9278
476.3786
1012.876
4589.696
4721.065
3059.712
1260.415
-2199.655
-1714.135
-1261.83
-1274.337
-8191.628
-5693.271
-4007.847
-2809.466
-2078.741
-1357.79
-1120.2
116.7888
-13.73002
417.7514
1234.167
727.0537
480.7241
197.0942
-180.5197
-338.868
-330.9393
-956.5632
-580.3138
-577.3919
-384.1422
-429.6772
-1368.182
-1030.71
-770.2775
-717.6452
-495.0358
-18.71303
-136.6245
-302.6913
-135.9845
-51.09131
-170.3804
-100.4457
390.064
811.2519
21.8877
-682.8413
-676.807
-644.243
-295.6638
-265.2012
-198.2539
-1165.333
-939.2184
-900.8059
-912.2106
-846.8504
-1116.539
-941.3965
-601.4532
-525.3877
-653.0425
-679.5628
-746.1869
-687.1939
390.5131
9896.073
6385.753
3728.652
2140.36
1195.942
380.5743
-486.8526
-882.9799
-1051.892
-939.5591
-926.927
-467.6785
-506.3356
-485.8373
-490.6731
-616.0563
-698.3887
-650.1589
-620.1843
-360.1024
-533.079
-411.4898
-365.4303
-440.3425
-549.2312
-572.0971
-383.1506
-396.2396
-286.7151
-620.3385
-580.5396
-495.987
-510.926
-643.7114
-575.2148
-377.2334
-766.5149
-646.498
-909.5672
-776.7605
-523.789
-562.6616
-656.766
-239.2015
-247.852
464.3439
16.18967
2873.682
3100.683
-1321.843
-995.2184
-946.8948
-764.6107
-1292.213
-1196.995
-878.5986
-748.2558
-650.5183
-16734.42
-11706.89
-8077.072
-5642.775
-4338.499
-3169.146
-2481.487
-1783.101
-1510.83
-616.5714
-649.9484
-571.3759
-531.8393
-985.8317
-2450.548
-1605.93
-1553.492
-2906.33
-2335.562
-1863.375
-522.6543
-539.7327
-446.421
-930.0548
-584.7309
-757.0742
-577.3078
-583.0272
-685.483
-684.18
-710.7991
-679.6517
-638.1007
-405.4175
-962.6642
-826.8046
-886.4375
-667.4629
-669.7593
-2158.922
-1515.686
-1432.956
-1201.741
-2135.43
-2272.614
-1585.635
-1190.908
-1059.611
-940.4847
-1713.032
-1117.412
-1041.13
-947.9575
-813.4732
-750.2932
-814.8698
-890.4696
-741.6182
-897.2877
-673.5771
-856.6281
-806.807
-1076.015
-929.8447
1206.974
352.3559
-21.37819
-323.7707
-325.5211
-563.9963
-660.3553
-328.5674
-471.2998
-756.9259
-1236.396
-1183.349
-880.1217
-588.9533
-585.5661
-574.5223
-685.3401
-764.9462
-487.5081
-755.9948
-1098.604
-1330.213
-1212.434
-1227.24
-314.3077
-1644.6
-1502.063
-1207.31
-1245.374
-619.384
-691.9689
-891.5925
-958.0194
-831.2213
-704.7181
-1098.678
-1063.961
-1142.688
-1370.33
-1273.292
-1155.539
-260.4571
-1060.051
-987.1491
-999.8284
-1015.484
-984.5475
-967.7655
-1050.913
-984.0998
-685.2903
-869.7235
-69.81708
-997.9249
-617.3383
-464.4342
-688.1405
-65.05726
-141.0726
-658.7115
-779.8145
-858.3459
-789.1888
-840.1275
-907.7633
-1247.23
-1208.987
-1060.85
5498.514
3029.56
2190.038
1217.172
625.9078
225.2349
-878.6947
-1334.538
-2084.161
-1772.342
-1474.936
-1423.986
-1342.173
-1125.552
-1470.845
-1450.442
-2153.209
-1657.738
-1819.785
-1314.741
-1055.044
-1351.286
-849.0307
-951.0818
-973.6227
-1078.553
-175.1324
-337.7939
-427.2508
-239.0661
-586.1248
-686.1476
-779.109
-724.1046
-703.5108
-902.0825
-611.317
681.541
481.7547
41.51118
-1042.97
4727.343
2891.449
1656.812
950.9833
417.7729
737.4698
246.7965
-171.7941
-574.9853
-642.2446
-786.4763
535.7394
-91.57463
-200.2114
-549.6261
-1612.029
-1138.984
-1037.846
-1020.296
-1309.9
-1320.526
-1148.007
-1218.24
-1208.493
920.4663
309.6061
-97.29522
-519.9862
-108.9751
-1515.461
-1412.471
-828.1234
-761.8995
-731.7502
-1060.523
-1074.323
-1050.413
-1413.858
-2193.468
-2293.655
-1552.401
-1269.44
-1239.398
-1209.132
-1465.854
-1470.743
-1261.486
-1381.87
-1243.033
-1028.248
-995.9462
-747.5772
-764.9921
-889.9278
-1028.152
-876.9467
-894.6049
-896.3077
-893.6302
-264.405
-484.8333
-667.1595
-1844.355
-1366.334
-1179.198
-1007.841
-1042.414
-1018.356
-1077.763
-840.6203
-704.6064
-990.7164
-1083.304
-1067.97
-1060.606
-1267.417
-1066.794
-1115.758
-1126.46
-1263.278
-1248.328
-1187.679
-1225.358
-1316.48
-1054.875
-741.3931
-654.1989
-844.3447
-925.9037
-1045.024
-1007.186
-594.4135
-1029.958
-710.6199
-633.1723
119.9043
-788.1283
-875.704
-841.7639
13956.1
9297.243
6627.576
4308.725
2564.321
1298.826
-3115.687
-2387.026
-1952.38
-1590.94
-1305.8
-1296.013
-1029.816
-908.1738
-1200.712
-1067.145
-1052.463
-770.3477
-716.7285
-651.0858
-880.9779
-1054.606
-1180.79
-1338.807
-1328.989
-1157.537
-1011.082
-1028.945
-790.3523
-2667.941
-2302.003
-1741.726
-1492.867
-1415.837
-748.0337
-873.1242
-1391.326
-1316.781
-1154.419
-2152.766
-2086.202
-1834.127
-1584.466
-1259.688
-1202.53
-1098.968
-1426.529
-1418.575
-1316.102
-1104.01
-973.6178
-929.6651
-747.7678
-1053.173
-1144.926
-1635.863
-1429.34
-1261.622
-1067.813
-1085.087
-362.0773
-420.7443
-604.882
-664.0537
-683.3262
-776.4674
13483.18
8857.961
5751.85
3717.416
1005.005
259.7895
-79.99365
-1915.436
-1599.565
-1398.445
-1398.137
-1080.405
-1088.519
-938.0382
-481.9171
-493.1205
-482.3235
-66.40472
-302.2721
-3328.047
-2413.363
-1942.031
-1729.451
-1622.821
-1501.023
-1195.665
-945.4921
-866.9547
-468.3717
-220.9961
-457.1059
-676.7654
-538.3207
-473.0514
-133.7007
-13.86706
-251.3612
85.22923
-246.4668
-252.5729
1060.002
500.244
159.6862
-610.4142
-878.2492
-1136.479
-1055.173
-982.97
-985.6181
-691.4567
-545.8229
-604.7376
-809.3855
-954.0937
-891.5794
-1230.785
502.7562
-18.24193
-249.3272
-449.0942
-349.7277
-326.851
-478.6247
-577.3956
-761.8142
-711.8289
-616.7393
-754.2191
-672.6121
66316.05
48139.1
32380.04
21765.53
14622.18
9886.25
6006.628
3802.083
840.1316
247.4985
105.3926
-116.5747
-231.676
-469.6407
-506.0717
-2083.713
-1488.816
-1241.212
-838.1345
-818.1797
-814.6124
-713.4849
4822.999
-141.8091
-525.5749
-672.3562
-577.8571
-404.8804
-538.0352
1755.418
1099.501
438.6086
156.2708
-107.4846
-336.5106
-333.2531
-346.4103
-127.817
-3940.165
-4315.791
-3046.406
-2139.587
-1495.62
-1316.242
-1077.647
-787.9535
-619.3926
-1051.71
-1519.942
-551.6444
-632.0494
-542.5374
-624.4999
-506.2108
-792.7624
-1027.342
-965.3056
-674.9191
-638.3356
-1125.173
-890.4052
-593.7642
-567.1659
-354.3226
-495.3503
-519.0838
-253.3815
-476.2621
-735.0525
-820.9557
-813.7211
-527.8525
-512.3353
-711.9147
-818.872
-782.1409
-770.6297
-720.4119
-643.4107
-5329.732
-3816.894
-2976.757
-5277.635
-3669.153
-2806.633
-1997.848
-1825.569
-1561.391
-1239.191
-1366.625
-1256.68
-1253.107
-955.4036
-738.5876
-584.3272
-775.3924
-718.5882
193.2575
61.79331
-133.59
-546.3238
-675.9404
-769.7483
538.9503
290.6668
51.00891
62.61602
80.06897
-342.631
-493.042
-628.3156
-706.2118
-831.7372
-4231.471
-2948.992
-3229.318
-2256.026
-1889.153
-1471.378
-1458.901
-1198.627
-1055.438
-728.605
-747.2662
-1575.33
-1366.796
-1553.711
-1333.389
-1120.251
-982.6844
-1095.253
-1043.056
-940.637
-993.2931
-842.301
-866.806
-526.2875
-654.2504
-12.89545
-229.9113
-692.9533
572.3113
247.5347
96.72716
109.3362
-66.05515
-212.359
-2875.234
-2224.207
-1655.907
-1132.325
-761.112
-1158.238
435.5212
186.9597
-274.1888
-497.584
-632.4564
-1167.52
54.3052
-194.2275
-581.573
-717.6296
-668.4103
-663.0429
-273.9098
-490.4344
-77.30014
-176.8691
-444.0113
-33.14909
-429.5917
-541.9045
-45.87219
-1964.836
-1968.511
-1414.209
-1045.745
-986.7613
747.2117
287.6957
72.5323
-310.9387
-407.9589
-626.54
-558.4768
-1430.513
-1198.242
-1212.531
-1075.926
-762.851
-536.2425
-492.179
-476.9221
535.402
84.26388
-2690.232
-2011.337
-1630.681
-1392.86
-1182.995
-971.8607
-906.4725
-910.4724
-1105.267
-11977.51
-8336.242
-5917.059
-4227.601
-3256.856
-3198.166
-2070.699
-1680.604
-1193.298
-608.8154
519.3376
102.881
-179.8314
-343.9111
-487.6687
190.0954
-226.2472
-750.019
-709.0747
-587.7658
-939.5459
-961.2349
-863.1756
-1021.855
-931.7478
-771.4021
-855.0295
-823.1486
-730.9535
-641.3396
-722.1058
295.4222
-183.7164
-360.3212
-292.8004
-476.5409
-750.941
-790.8474
-624.0329
-922.7988
-1070.798
-949.9469
-1266.621
-1254.227
-1667.871
-1514.867
-1581.444
-1757.635
-1423.339
-188.9968
-420.9389
-616.2636
-687.4094
-748.6908
-801.3197
-971.3016
-1083.137
-1049.518
1610.711
771.8355
177.4098
-49.25706
-389.6977
-481.955
-527.0277
-603.1507
-804.4753
-761.5372
-739.4427
-1282.281
-1260.486
-1215.456
-1230.006
-1205.041
-922.7694
-342.1642
-370.5426
-558.3056
-761.1996
-261.3386
-1528.905
-445.7586
-649.1661
-676.0433
-875.5606
-1346.249
-1507.978
-918.8938
3141.026
1834.864
1078.882
494.0488
19.34526
-441.7388
-290.1144
-695.9035
-977.8521
-895.9842
-823.3748
-886.3615
-704.3281
-773.9645
-867.3759
-174.6171
-340.0587
-478.7544
-1968.604
-1772.942
-2660.371
-2166.669
-1982.122
-1960.66
-1619.235
-1091.653
-916.584
-1406.461
-1363.478
-1252.322
-1941.683
-1652.607
-1967.384
-1624.452
-1468.129
-1520.515
-1637.905
-1547.457
-1603.284
-1049.034
-907.879
-4479.188
-3341.45
-2484.512
-1315.241
-1282.273
-985.0651
-1622.62
-1399.839
-1183.864
-1204.844
-1170.463
-1184.562
-1269.469
-1199.225
-1364.993
-1711.862
-1464.618
-1431.503
-1483.611
-1361.685
-1303.185
-1252.076
-1118.624
-971.0839
-1027.706
-1021.956
-1148.174
-1290.361
-1077.581
-1326.048
-1169.321
-1227.536
-1545.942
-1396.92
-1283.558
-791.065
-131.1898
1986.909
662.858
71.20196
-512.9072
-682.3999
-981.9866
-1089.436
-1134.897
-1179.098
-1042.762
-1260.118
-1050.06
-1198.414
-1204.351
-1213.947
-1288.445
-1105.323
-1237.974
-1110.161
-1275.865
-1405.349
-1159.178
-2156.941
-2171.401
-1767.844
-1726.741
-1501.552
-1448.068
-1505.506
3623.898
1536.229
728.6863
-89.00976
-1287.338
-1370.76
-1265.035
-1069.502
-1088.067
-1159.026
-1234.788
-1138.184
-2149.056
-1762.083
-1566.366
-4327.463
-3416.452
-2343.392
-2047.329
-1757.935
-1395.75
-2099.634
-1786.413
-1889.568
-1859.267
-1657.329
-1592.277
-1532.259
-1410.304
-1436.294
-1527.704
-1460.931
-1409.711
-1374.696
-204.0331
-567.5714
-817.1444
-847.1898
-910.6127
-378.492
-625.2702
450.4953
-224.2515
-1161.76
-881.6102
-979.2756
743.9816
135.8619
-366.8365
-966.6862
-177.6971
-348.4128
-477.4949
-869.3603
-1121.178
-1664.196
-1800.433
-1534.002
-1944.697
-1600.766
-1315.099
-1235.652
-1133.455
-1003.516
-1737.399
-1613.413
-1278.363
-1338.463
-1301.694
-611.1858
56.32608
-175.0394
-606.0115
-811.6854
-1203.836
-1298.724
-1058.974
-1088.737
-1118.305
-1212.625
-1212.518
-1194.149
-8983.45
-6183.606
-4485.316
-4016.333
-2198.775
-2389.547
-1953.63
-1824.783
-1701.122
-1636.317
-1583.839
-1485.622
-1267.37
-1533.542
-1529.735
-1332.854
-1386.039
-1288.826
-1385.795
-1406.635
-1298.757
-1627.598
-1310.831
-1178.08
-1722.068
-1678.26
-1459.463
-1453.822
-1417.385
-1265.86
-1323.772
-1165.163
-1296.347
-1198.983
-1242.484
-1313.338
-1332.267
-1190.036
67.91686
-777.487
-927.4922
-902.6472
-1076.13
-1176.852
-1047.817
-1143.585
-1239.609
-677.8696
-996.8475
-986.0393
-906.2945
-956.0597
-536.5452
-681.777
-1014.846
-1002.535
-1477.173
-1126.525
-1250.721
-946.0449
-1116.396
-1325.554
261.8485
-103.1026
-644.6982
770.4477
218.5763
-532.5746
-582.1628
-535.2308
-920.73
-917.9793
-1027.459
-1218.193
-1400.928
-1622.998
-1798.769
-1710.106
-1977.98
-1962.78
-1768.647
-1677.533
-1917.996
-1792.577
-1783.611
-1119.314
-1235.724
-1712.198
-6990.481
-5466.477
-4101.857
-3124.283
-2773.562
-2338.071
-2277.785
-1922.149
-1927.18
-1664.657
-1573.435
-1259.039
-23789.43
-16494.99
-11402.79
-8060.673
-6055.175
-4598.928
-3702.884
-2974.245
-2208.232
-2022.141
-3701.884
-3185.078
-2757.448
-2006.988
-1967.101
-1647.587
-2042.965
-1727.618
-2172.681
-10100.24
-7960.465
-5832.388
-4292.593
-3962.11
-2901.958
-2066.406
-1341.706
-377.3821
-695.9172
-1145.202
-1577.239
-1459.917
-1890.335
-1776.08
-1689.8
-1514.041
-1477.882
-1267.494
-1419.351
-1358.557
-951.6621
-1246.488
-1234.67
-13632.8
-9540.988
-7217.807
3648.173
1958.777
854.8649
-228.5703
-532.1283
-3174.687
-2706.766
-2410.981
-805.8027
-855.1076
-1011.025
-1082.824
-1147.333
-1021.187
-978.1633
-1205.804
-1298.689
-1396.449
-1383.166
-1317.551
-1295.431
-1257.141
-1120.108
-975.0171
-1165.719
-1083.903
439.2413
305.8269
-59.53985
-76.32572
-446.0522
-693.2367
-747.5693
-738.7513
-895.8439
-1012.865
-1098.134
-1128.724
-1189.482
-1278.202
-721.2286
-924.844
-1017.705
-766.8433
-984.0895
-1678.821
-1460.525
-1210.324
-1214.835
-1201.971
-1123.833
-139.188
-1185.757
-1100.21
-1195.677
-1242.766
-1193.415
-987.1812
-1034.926
-1131.858
-952.0217
-984.5432
-1119.591
-2336.433
-2099.114
-1789.421
-1592.726
-218.5782
-519.1977
-795.1044
-809.4488
-976.2968
-952.8282
-937.2791
-1068.189
-1249.535
2178.465
1314.313
654.617
45.98585
-260.554
-579.5427
-637.0283
-398.3303
-312.1123
-1576.48
-1248.874
-939.7105
-4645.237
-3470.962
-3615.293
-2892.424
-2117.318
-2381.794
-1834.301
-1622.6
9688.372
6448.054
3907.844
2429.949
1375.903
599.5471
134.096
785.7358
244.9332
-295.5981
33524.97
21921.44
14296.8
9511.596
6170.474
4014.996
2266.576
1159.541
278.5932
-350.109
-389.9171
-993.4621
-971.1892
-1451.302
-1364.864
-1219.298
-1162.734
-1707.408
-1606.571
-1496.644
-1308.688
17525.53
11448.88
7388.36
4576.738
2863.318
1655.742
761.3522
435.2007
-90.72769
-290.483
-565.2327
-1004.977
-1007.247
-1195.594
-1173.354
-990.0063
-985.5936
-1331.93
-1770.871
-1632.108
-1515.456
-1425.048
-1370.847
-1093.243
-1184.663
-1170.153
-1079.891
-1110.343
-553.5763
-647.2031
-1131.247
-1202.92
-735.496
-899.4347
-1292.194
-1196.35
-1225.703
285.8258
-35.5671
-295.9037
-509.7641
-708.0809
-759.3771
-978.103
-997.2176
-934.2448
-1032.197
-962.6073
-1619.996
-1404.198
-2121.272
-1692.063
-1458.691
-1273.702
-1191.152
-646.576
5106.212
3253.611
-29.98987
-277.0162
-177.6199
-915.9536
-854.7169
-931.5151
-947.9851
-945.3108
900.3642
104.4763
-493.6588
-761.3425
-915.2462
-988.9307
-856.502
-544.0928
-395.8783
-231.4213
645.8439
122.5756
-311.2595
-479.2722
-627.4704
-751.7412
-858.9666
-463.2602
-501.8785
-835.9443
-875.1256
-636.2122
-2186.322
-1924.511
-3393.083
-2545.455
-2511.106
-2070.321
-1805.362
-1588.9
-1522.385
-1869.483
-2039.807
-1507.171
-1534.261
-346.0559
-668.9682
-611.4847
-475.0629
-228.9934
-339.1147
-12.50174
-330.0669
-504.9304
-831.0311
-795.0777
-862.4141
-620.9955
-891.3956
-820.2551
-914.3303
-1067.895
-1094.467
-1115.83
-268.7667
-679.9018
-750.9668
-768.1559
-2053.311
-1089.107
-1669.211
-2166.334
-1625.572
-1408.246
-1240.129
-1313.538
-1186.156
-1196.016
-734.1725
-923.7268
-1040.386
-1744.61
-2986.28
-2452.241
-2192.04
-2035.842
-1990.373
-2781.162
-1892.15
-1762.84
762.1002
-13.4204
-145.5543
-440.0635
-380.2849
-766.33
-1042.006
-1050.239
-1275.13
-1169.722
-1114.345
-1136.795
-896.9961
-961.0184
-855.6476
-1138.034
-1072.245
-1226.441
-1049.28
-830.9331
-962.118
-894.5496
-1181.693
-966.3565
-1029.255
-952.3439
-781.6368
-963.5029
-1249.092
-1359.209
-1219.914
-941.6686
-1302.068
-1259.937
-1230.631
-1121.89
-1127.925
-9647.743
-6980.588
-4965.939
-4019.819
-3715.703
-2924.187
-1947.107
-1601.914
-1604.717
-1509.341
-1351.428
-2176.626
-1814.418
-1773.787
-1423.09
-1609.672
-1686.538
-1532.149
-978.268
-1032.518
-1056.039
-987.3649
-1175.251
-926.5659
-1448.621
-1445.666
-1509.2
-1430.512
-6290.825
-4446.106
-3303.86
-2461.759
656.947
222.2871
-398.596
-1183.821
-1218.096
-1096.066
-1095.677
-1078.208
-1155.343
-1524.309
-1384.142
-683.5018
258.1554
-323.4421
-264.4899
-5051.86
-3764.434
-2866.047
-2377.739
-1957.93
-1855.531
-1674.202
-1759.486
-1561.031
-1365.147
-1165.824
-1633.34
-1564.831
-1272.426
-1113.665
-1105.068
-881.8499
-947.4532
-1047.752
-1191.161
-1270.412
-1328.86
-1452.707
-1388.654
-1470.795
-1334.625
-1270.026
-1196.248
-1322.605
-1562.542
-1574.032
-1649.422
-1370.152
10205.34
9009.379
6264.783
3728.28
82.66629
-384.6359
-802.4883
-11469.65
-8237.765
-5374.35
48799.44
32538.82
21461.84
14053.46
9038.473
5651.399
3361.126
1900.753
372.5962
-42.23246
-868.2517
-1030.285
-1071.59
-1474.732
-1135.502
-1221.302
-1275.334
-1214.004
-1318.401
-760.6831
-1030.394
-1273.156
-1691.327
-771.8197
-973.1284
-1152.552
-1205.405
-1811.783
-1661.447
-1413.707
-1377.272
-763.7257
-954.1191
-1025.706
-1063.253
-1224.629
-1459.084
-1450.352
-816.5629
-6812.842
-6695.957
-4748.517
-2655.078
-2202.145
-1851.869
-2695.345
-2321.777
-2417.273
-2153.781
-1970.084
-1729.606
-1318.209
-662.179
-766.9187
-870.2352
-1085.377
-1328.803
-1488.823
-1226.84
-1267.104
-1249.849
-1591.276
-1518.146
-1420.924
-1610.222
-1629.717
-1600.532
-1544.831
-1453.741
-1581.94
-1671.717
-1696.795
-1515.846
-1475.894
-1504.447
-1615.492
-1318.757
6.083159
-591.6184
-1130.489
-1046.302
-1104.689
-1425.267
-1757.16
-1584.617
-1625.592
-1463.571
-1440.802
-1599.575
-1711.073
-1804.733
634.7499
139.5851
-15404.59
-10847.54
-7795.09
-4700.699
-3735.45
-3078.246
-2607.182
-1664.096
-1345.906
4853.564
2795.448
-102.3252
-330.0889
-777.4456
-1090.809
-1199.477
-1204.365
-1043.573
-1162.059
-1411.249
-2897.975
-2535.255
-2541.687
-3290.587
-4953.852
-3934.022
-3300.774
-2774.731
-2569.075
-2200.296
-2036.376
-1682.964
-2482.587
-2145.161
-2659.981
-2372.292
-2193.342
-1985.495
-1937.116
-2396.337
-2158.096
-2526.216
-2316.113
-2095.3
-2053.056
-4835.058
-3692.439
-3118.729
-2646.737
-2522.065
-1220.214
-1399.36
-1129.064
-1336.948
-1404.074
-1406.75
-1565.586
-1620.673
-1642.186
-1586.956
-1411.62
-1478.066
-1651.691
-996.5017
-1399.223
-1418.105
3202.618
1622.141
552.3118
-229.5306
-980.4641
-1289.354
-1964.928
-1924.998
-1763.197
-1850.213
690.8745
-135.9627
-789.6656
-1794.269
-1785.11
-1748.449
-1798.413
-1860.477
-2087.956
-1826.321
-1861.073
-1910.318
-1062.545
-2758.877
-1658.583
-3501.938
-2970.596
-2719.183
-2335.727
-2196.643
-2001.137
-1738.319
-1081.026
-1125.044
-1407.883
-1440.453
-1591.16
-1677.029
-1614.165
-1471.861
-1603.218
-1866.623
-1981.822
-2053.21
-1835.863
-1961.572
-3733.245
-2993.12
-2566.493
-2201.552
-2181.317
-1815.644
-1785.03
-1622.107
-1378.74
-1631.424
-1762.957
-1866.104
-1967.237
-1947.277
-2006.387
-1831.504
-1873.957
-1754.405
-2223.713
-2318.142
-2100.688
-2301.598
-1961.597
-1302.805
-1544.71
-1618.53
-1707.977
-546.7158
-887.2224
-902.7338
-1291.399
-1408.156
-1583.459
-616.747
-978.191
-1312.926
-1451.097
-1579.568
-1727.212
-1684.337
-1722.606
-1843.627
-1730.176
-1474.07
-1650.751
-1344.062
-1422.416
-1801.655
-1757.269
-1614.452
-1783.263
-99.53971
-737.5875
-1113.04
-1427.846
-1632.339
-1719.171
-1800.956
-2209.256
-2164.689
-2092.594
6434.455
3978.984
2143.936
833.6917
-422.5638
-976.1087
-1059.331
-1374.019
-1468.935
-1043.716
-1096.551
-1451.766
-1207.404
-1522.221
-1917.323
-1815.312
-1701.309
-1664.615
-1784.232
-2003.515
-2312.103
-1906.748
-1908.079
-1728.954
-838.8795
-1206.652
-1380.032
-1584.267
-1684.303
-565.9962
-1714.46
-1546.499
-1591.057
-1548.332
-1592.557
-1585.702
-1492.695
-1686.524
-1504.132
-1577.14
-1801.305
-1862.485
-1860.658
-1841.643
-1788.028
-1750.969
-1883.304
-1818.263
-1806.091
-1905.961
-1664.915
-1759.379
-1680.799
-1049.536
-1560.188
-1316.752
-1163.431
-1332.745
-1006.955
-847.4896
-1110.326
-1478.885
-1426.299
-1342.208
-1515.678
-1844.733
-1797.348
5667.257
3237.516
1773.554
-15232.54
-10889.98
-7725.523
-5789.851
-4203.657
-3397.61
-2780.462
-2516.448
-2112.855
-8541.995
-6093.542
-5546.225
-4252.534
-3615.201
-3145.818
-3269.456
-2827.982
-2495.989
-1778.36
-2217.82
-1967.992
-1974.711
-1971.137
-2034.992
-1964.365
-1896.502
-2513.706
-2366.424
-2279.157
-1925.518
-1867.626
-2321.191
-1971.236
-1973.93
-2083.002
-33309.72
-22948.6
-15870.15
-11141.58
-8043.218
-5321.504
-4307.279
-3209.933
-2749.391
-2261.073
-1981.844
-1696.702
-1389.558
-1155.843
-1373.188
-1333.735
-1384.981
-1567.306
-1799.261
-2031.869
-1873.324
-1650.231
-1643.922
-1759.365
-2685.964
-1723.861
-223.7092
-621.8488
-1524.82
-1471.866
-1571.283
-1716.878
-1698.004
-1644.784
-1286.453
-1307.828
-1916.473
-2219.807
-1727.821
-1823.929
-15965.26
-11211.21
-8013.836
-6905.695
-4447.45
-3455.864
-2952.6
-2540.616
-2499.291
-2223.552
-1067.95
-1248.638
-1104.98
-1235.672
-1276.897
-1353.734
-1676.472
-1547.189
-1750.47
-992.4807
-1164.79
-1283.353
-1318.797
-1453.812
-1446.647
-1548.401
-2340.245
-2521.857
-2000.158
-1409.249
