-100.3283
117.7134
504.4645
684.0998
-247.939
-468.5888
512.3346
572.0868
2721.732
1286.144
3043.242
1203.937
3021.227
1851.576
706.3717
352.3158
-27.97647
82.46714
247.2809
-47.07534
-765.5482
-630.8456
202.7718
-663.8701
-810.2076
-621.0772
-408.8287
-236.3891
-40.37794
-383.4234
-1050.808
-747.5547
-143.1204
-874.1183
-1980.471
-766.6334
-530.6874
-163.7519
-163.7367
-284.255
-1307.875
733174.1
439263
262689
156974.2
96160.3
61491.55
37357.96
28616.53
16643.14
9633.661
5150.845
3080.392
1755.357
387.2329
-13058.72
-7498.122
-4628.119
-2734.673
-1439.032
-2496.82
-2455.517
-2070.293
-233.8866
-425.516
-526.6344
-18.04547
-471.9812
-1007.517
-1255.699
-794.7289
-729.3863
-817.0503
-433.6965
479.6351
-262.0032
-103.7542
-1944.759
-5167.815
-3283.481
-2130.801
-1377.193
826.3173
-1305.215
-1559.389
-990.0267
505.2235
563.9576
-108.8411
-825.2625
-423.6065
-181.1425
-390.2667
1490.798
470.149
229.9385
78.57635
95.3874
408.927
-66.30365
116.516
305.9385
-22.83934
44.24075
5781.522
3553.152
2020.514
1158.226
866.3022
205.6623
-447.7974
-611.4267
-1620.635
-657.0426
284.4826
374.6293
358.5444
18.40953
4454.003
2963.07
1462.037
608.839
291.7927
559.7185
1803.745
5780.644
3294.385
-3842.511
-2684.228
1283.385
-557.5078
-812.817
-915.0368
-1017.557
-1150.312
1758.848
1427.315
-870.1785
-581.215
-1096.663
-952.8732
-1023.95
-673.794
-812.5623
-5094.657
-4150.575
-2592.725
-963.3419
-78.98059
-5417.764
-3629.008
-2771.061
-2259.968
-748.5577
-910.5764
4338.833
2332.296
1062.096
1037.834
827.7586
625.2177
6215.071
3552.92
1381.574
238.2828
520.8221
306.3215
-534.9013
-214.1952
214.5385
-91.07838
-562.5465
-879.0448
-2788.001
-1794.142
-1487.611
-979.1303
-531.821
-603.0539
-756.4627
13082.69
7408.614
4879.007
3050.668
2000.173
1106.638
1028.572
471.0324
671.4759
-3581.298
-1883.471
-2315.123
3694.497
88.36267
372.7317
-2453.447
-2007.002
-1149.269
-9033.737
-5442.127
-3991.939
-4232.105
-2827.789
-1485.746
-163.2737
-156.6075
880.1272
898.2092
3060.388
7434.046
4473.974
2305.299
1071.733
-736.0611
-460.7346
-487.2074
-159.4748
-281.3728
-235.696
-407.8912
-243.8344
851.0089
-252.833
381.4641
2009.935
1787.072
-334.0576
93.30447
-470.1404
-481.1894
10569.46
6119.029
5060.211
1583.173
246.8813
-136.6164
664.6584
573.2179
340.9373
-40.34449
-476.4469
-372.7505
-297.1033
-11459.31
-6070.569
-3734.027
-1970.942
-622.3558
-714.8776
-5294.834
-3470.382
-1901.877
-2297.515
-1750.422
-768.7549
-626.3051
684.0348
-2509.705
-1231.28
-1284.766
-830.1204
-552.1863
-1504.198
-609.9789
172.9246
-306.0953
205.0525
75.86515
-354.7055
-378.0192
-108.5962
437.5524
-378.5789
-1530.507
5873.068
14315.51
8389.389
4833.714
6466.908
3243.405
2213.153
482.3754
-492.2376
22.72832
-729.7512
-746.5714
-434.6245
-827.2629
-537.9312
-264.5901
-339.8386
306.4112
-379.4355
1023.494
-2293.979
-904.8039
-1005.048
-765.9881
-205.2646
-309.8365
-692.9026
-562.8564
-654.72
-618.9147
-421.9231
-203.745
1256.011
451.6848
588.2646
-827.0425
-161.6221
-312.8476
-769.3383
-2582.623
-1509.318
-551.8659
-1034.724
-856.2431
711.9133
615.93
-1530.199
-873.219
-580.4141
-1593.352
-1104.322
-367.6667
-172.0132
-31.58752
-15.99261
3283.787
1071.893
581.3109
-318.7251
-380.7522
-5062.441
-3993.391
-2478.163
-1590.399
-696.3776
-386.8266
330.369
211.83
753.6641
516.7347
31.99884
612.6177
591.4663
-3715.363
-2548.676
-1670.628
-2228.17
-1492.324
-1359.43
-1601.576
-1211.132
-589.1343
-637.4352
-768.0623
-631.3877
518.7762
323.9842
265.8896
276.0916
-5553.487
-3742.042
-2052.4
-949.4676
-503.4712
-604.002
-555.8548
-523.6454
-55.87645
-3225.932
-1750.259
-1952.029
-1302.183
-862.8087
8175.837
2452.813
1397.044
-192.0237
3079.482
4063.074
2546.774
1751.592
-390.5158
15.24769
-14.18493
-260.9282
-2408.632
-1740.598
-1247.608
-1191.188
-985.3192
-725.9305
-821.839
-961.1963
-1209.713
-1326.432
-588.9621
-595.6599
-349.1794
144.8862
-1993.19
-1253.22
-781.2059
-466.6136
-235.3044
-396.8869
96.83957
-418.2793
-424.2377
-358.5726
-1197.179
-1506.023
-1072.724
-997.1899
-1002.601
-695.3634
-349.5074
-227.6495
90.8747
808.1357
747.7538
476.3246
1300.537
372.6328
117.8299
-193.2199
-1176.137
-1126.118
-1937.419
-575.79
-1146.96
-1069.504
495.2453
369.2074
260.3085
-1227.681
319.6789
-2647.147
7.468163
-283.7065
-617.2073
47.67817
-285.1726
68.33336
-78.83912
-360.9981
-382.2583
-340.0268
-1448.809
-4322.091
-2545.293
-642.4437
-969.9177
-1132.806
-737.231
-382.7322
-1261.162
-1848.324
-1104.589
-835.1814
-448.1921
-276.9956
-481.5132
-32.74756
92.6221
-137.3985
-727.8932
-741.1036
-793.3207
1125.868
81.263
210.0821
-366.9023
-537.9558
-621.2777
-429.2142
696.3892
492.7955
527.9938
-1123.947
5156.561
2863.455
768.059
879.2741
1090.669
210.4646
-127.8258
-385.3719
-355.017
-603.2811
-1095.722
-698.1055
3384.901
1871.077
1052.87
103.4054
-223.7669
-428.746
-48.46064
220.121
609.7595
1348.637
966.8147
327.3761
-52.71887
2821.487
1303.252
431.3294
406.6036
607.3014
1543.392
474.2996
-480.7365
-715.371
-567.8199
-745.2008
-529.4037
-215.8335
-127.9154
24.41539
214.3022
-37.73172
-464.6793
-519.3624
-318.8983
-1484.357
-1843.057
-540.543
-343.6068
-779.3668
-958.0868
-883.0943
-1078.947
2388.736
3505.315
7475.064
5502.014
3214.704
1915.403
627.5057
559.745
562.2417
120.1103
-102.0573
-476.9824
11.28075
-332.119
-1322.038
-1112.738
2037.535
21503.51
13059.47
7145.698
4541.034
2701.471
2939.228
1072.177
343.4421
122.1861
257.2152
-184.6763
-60.63457
-204.3443
-182.2124
-516.8615
-1479.387
-1616.981
-2003.676
-2897.825
-2099.002
-1487.104
-2512.086
-2118.175
-567.7401
-2176.062
-824.6582
-2895.211
-1835.848
-275.2602
-89.8157
2149.649
1401.217
798.9627
486.7959
-1138.26
-1453.483
-1544.358
-1028.615
-1420.691
-1177.684
-965.3392
-1127.686
5359.932
3208.712
1746.069
1.29538
71.4634
-372.2606
-19.96609
1298.241
7615.181
5105.763
1449.226
1029.631
212.8335
-470.4971
-11.75013
14.40288
-495.7118
-547.6457
-442.9818
-594.5146
-619.0822
-696.5612
-882.8977
-2593.112
-2920.99
-1600.864
-1783.605
-16900.76
-10432.29
-6265.896
-3856.256
4423.846
3195.505
-201.6104
-423.5722
-206.3221
18.23309
-715.0112
-1014.382
-1318.239
-1469.029
-1156.332
-585.5967
-2279.341
-410.7497
-12231.21
-8793.51
-2961.374
-1615.892
-1158.221
-637.9146
-510.563
3051.903
-2207.607
-1867.076
-1354.374
-969.0666
-1061.548
-1492.054
-657.7337
-1046.078
-162.5534
683.7469
271.2805
875.5278
9963.963
5303.034
3318.534
1912.225
841.6039
667.436
252.8934
-787.9623
-762.7511
-733.9447
-1745.197
-1463.793
-1117.535
-1400.674
-1211.718
11495.82
6412.452
3778.31
671.6335
154.1668
161.0131
152.0634
-4147.238
-10467.2
-6365.525
-4235.046
-2616.817
-1548.463
-1065.284
-590.5568
-550.108
-758.3221
-1039.898
-777.709
-1009.444
-816.4532
601.1525
1200.147
874.3843
543.2036
273.9515
187.0247
635.8906
-5875.451
-3529.185
-2196.528
-1804.846
-1190.909
-1559.285
-950.9684
-1119.7
-2191.224
-1505.348
-1167.235
-1329.055
-1040.602
-1489.184
-7196.215
-4508.386
-7256.075
-4559.28
-2360.378
-1439.002
6398.229
-3141.918
-1810.626
-1126.43
182.2927
-728.8564
-848.0268
162.3523
-349.3219
-736.7141
-555.1343
-2296.318
-2064.255
-20491.73
-12294.99
-9144.929
-5820.688
-3282.654
-2602.3
-1627.487
-601.3266
55.57079
83.93146
-705.943
-562.0742
309.9836
-421.4163
-959.9051
434.4086
915.5514
-12534.02
-8164.704
-6299.433
-5313.27
-3915.899
-2385.505
1487.45
370.9983
533.8201
519.4334
2109.441
1073.687
1203.397
-242.1156
-160.2015
168.3051
-159.9877
1218.401
267.1246
-955.5217
-2283.418
-1888.707
-1876.316
-807.6233
-622.6356
-510.0435
642.1301
-24.25168
37.45182
-397.1775
-3170.956
-2207.565
-2734.859
-1913.532
-934.1443
-887.3737
-606.4592
1087.635
302.6663
-23.86932
-94.00767
328.5337
381.1791
-1463.943
-1388.248
-1142.083
-967.9741
-2296.75
-543.4699
-1217.816
-522.8686
-514.7946
-1931.092
-1706.944
-1572.435
134.1594
-491.3358
2143.405
1453.728
398.5883
-1167.098
-910.4218
-906.5151
-1083.204
11.51192
264.1237
-687.2756
-235.4785
408.9497
86.76661
-2844.09
1745.22
1317.51
489.1225
-167.369
450.8637
28.87385
-823.7575
-2636.152
-1983.463
-1764.129
-1131.012
-788.2145
-762.562
-686.2347
-917.7656
-556.2191
-570.0116
-300.755
-107.3104
-644.1097
-314.5747
-3858.551
-2130.239
-782.7842
-1610.852
-223.3063
-190.4034
85.77247
-472.0877
3582.884
1336.374
922.8242
5.058487
5360.371
2339.667
1113.913
910.0503
219.3859
277.5524
-288.7927
-104.9206
-7359.629
-4373.193
-2846.333
-2040.397
218.9676
-107.7213
-1209.687
-1675.659
-2389.652
-1751.287
-1313.669
2368.134
1379.549
1269.961
-425.8911
-396.2934
-3192.139
-2422.073
-2299.857
-1961.598
-1224.848
-1238.245
-166.1008
-1004.928
-1103.996
75.78886
-201.1854
-2500.538
-2156.247
-2053.042
-1809.598
-1346.373
-1437.515
-576.6046
462.5411
524.5547
844.537
2030.98
1325.133
672.5621
389.1574
39.39649
-988.7082
804.3124
-406.8293
-557.2943
-645.3891
-552.4129
-192.0171
-1269.891
-1383.15
-1918.384
-1071.31
-239.785
-654.9114
-1011.164
-1594.452
-2111.668
-1020.955
-1020.927
-720.3545
-573.2571
-54.80692
-252.1812
1487.013
673.258
-77049.8
-46898.81
-28169.29
-17036.43
-10805.54
-7075.969
-4381.711
-3423.013
-2073.238
-117646.3
-71129.05
-42689.95
-25830.7
-15367.48
-9729.812
-7093.789
-4591.967
-3223.638
-2097.313
-1739.554
-1428.021
-746.0804
51897.71
29371.61
16663.5
9615.854
5399.18
3314.991
941.557
724.8454
141.7881
509.5269
-100.2861
673.2948
269.2006
-2752.57
-1989.527
-2707.834
3540.73
6672.907
2158.971
640.3265
153.4473
90.54497
-274.1263
-524.092
-1408.411
-1202.254
-865.9759
-600.4176
-545.7339
-449.6077
2029.326
4322.584
2511.662
1421.134
2164.787
1226.913
244.6603
733.8208
-554.3691
-1336.967
-1078.924
-1538.588
-1692.561
-1704.134
387.2831
863.1214
-128.0639
-1507.24
-1092.231
435.1363
240.2183
-388.8756
-321.5817
-585.316
-661.5264
3793.027
2043.07
1076.792
511.186
-102.0422
-394.8859
-876.6395
-786.0338
-602.0206
-463.6206
-465.0166
-366.6518
-1451.385
-1419.857
-721.5849
-597.3903
2041.677
3946.263
1649.265
972.9728
673.8039
-77.80065
-365.9365
-706.6726
-739.1761
-1083.844
-908.2016
-1104.63
-1725.681
-3051.167
4421.099
2510.782
1218.241
202.9102
262.1608
-183.1611
-735.9861
-968.6625
-2924.213
114.8989
-532.8931
3002.11
791.0388
751.2517
-237.9123
-789.2598
-1527.625
-1775.888
-465.4512
-369.132
-343.2964
1046.553
87.64377
69186.32
41710.14
22814.42
13819.03
8284.109
4383.118
2745.143
720.5217
231.3125
-768.5799
-634.3013
-1643.769
-1471.915
-1560.638
-1133.842
-1334.899
3828.844
1942.966
953.6212
642.3512
267.6063
-523.2143
-1967.144
-5926.369
-3369.086
-4250.623
-2360.594
-8851.465
-7026.477
-4567.887
-3530.878
-4861.622
-3006.275
-2279.496
629.2065
6852.835
2821.408
1539.492
226.2714
564.011
1190.799
949.133
290.3499
-286.9895
1052.168
-897.4396
-1240.115
-3151.489
-3473.732
-2497.878
-1419.899
-1507.219
-2247.526
-1845.011
-1560.444
-960.8494
-5861.166
-4168.782
-3148.729
-2511.693
-781.1579
-1306.947
-808.8922
-866.8655
-221.6569
-231.5706
3101.426
1784.196
-3609.248
-2024.642
-1738.694
-353.6623
-908.696
-1100.839
-826.3682
-853.2024
-1202.708
-92.44333
-762.29
-419.2413
-1900.668
-1881.237
-698.2648
-1026.657
-1054.374
-756.9045
-187.3622
194.6659
-338.7348
-1353.027
-1282.943
-1612.083
-1407.794
-1714.672
-1734.181
-1250.59
-1752.567
-1084.209
-1217.218
-1274.098
-1587.732
-24.50308
932.231
531.3834
660.069
-459.4211
-756.2067
16.11822
-5202.557
-3598.958
-2574.505
-2264.557
134.5162
-59.61407
-999.5774
-1005.513
-732.4352
-1001.008
-1962.475
-3831.158
-2417.985
-2624.475
596.491
1363.227
423.4204
-413.045
5360.995
3080.643
1330.429
584.0589
-239.7336
-668.1318
-1258.079
-1294.863
-971.6977
-985.0662
-6517.109
-4298.15
-1943.311
-997.2971
-1007.172
618.1337
106.3198
-12643.13
-7936.52
-4845.007
-367.3062
-3075.196
-2892.668
-50.83781
-2650.095
-1959.265
-1577.037
-977.163
-1202.976
-971.8132
-3395.009
-1956.943
-2538.206
-1813.138
-1358.358
-465.9213
-517.1818
-1467.319
-1634.29
-2823.868
-538.9683
2639.837
1612.122
1177.227
-159.5155
-902.2078
-1081.889
10738.71
6137.042
3544.501
882.863
588.9733
-7924.321
-5088.122
-2704.714
-761.666
-1137.147
-1537.766
-801.1689
-1012.52
-1030.12
-636.9266
-1104.682
-2027.086
-1490.552
689.2692
-393.656
-1426.581
-2246.09
-1120.54
-930.8034
-471.8717
-1214.028
-795.2271
-1207.687
-1056.843
-3005.959
-2443.393
-1654.558
-756.0202
-8412.595
-5232.007
38086.86
21796.5
11822.43
6398.532
3003.421
1037.572
60.35713
-247.5556
1092.802
917.3102
-6154.875
-3396.301
-1747.609
-2111.106
-1617.525
-1569.362
-2921.61
-2242.081
-1990.52
-2074.136
-1413.151
-6960.763
-4657.11
-1913.653
-3140.09
-1468.723
-1979.679
-1760.013
-5089.399
-3733.862
-1539.378
-1273.927
-1468.129
-1026.277
-2141.443
-1675.2
-1667.166
-1309.843
-1084.358
1644.862
483.8345
-299.8462
-672.5642
-1620.45
-3243.136
-2224.471
-1821.075
-2029.305
-472.7462
51.43396
-1063.908
-928.5084
-813.322
-1213.401
-2749.313
-10350.71
-6881.846
1163.279
474.1351
-122.2055
5.724744
4516.54
1424.494
-125.3265
2483.573
747.5651
287.2408
-824.1381
-1027.217
-333.5753
-812.607
-892.6894
-666.0013
-767.9672
-727.128
-373.1695
-530.3616
-429.0312
-970.9207
-1229.211
393.7278
-701.2775
-1020.732
-4741.15
-87.76308
-1152.012
-4747.657
-3096.603
-2372.998
-1530.926
-634.582
-761.3821
-473.9568
-642.1432
-653.8488
-1133.827
-910.0884
-572.2186
-857.4728
-951.635
-1343.845
-908.3967
-1730.453
-1534.166
-1968.716
-275.053
-526.8748
2514.219
893.1672
674.8054
-868.4979
-1437.725
-28484.57
-16532.92
-11271.33
-8492.659
-5320.178
-3403.088
-2259.04
-1593.584
-1826.727
-1758.204
-1896.683
-1733.087
-1979.098
-2175.053
-1726.813
-1944.385
-1615.544
513.3947
791.9926
-66.68303
-132.2143
-2869.383
-2230.509
-2021.109
-1470.662
-1388.431
-651.2607
-1330.928
-599.7072
-4732.78
-5545.279
-4802.291
-2927.756
-1311.458
-2042.325
-1781.121
-2182.904
-877.3092
-884.5393
-1378.648
1315.608
-28.4596
-35.39064
-443.3632
1803.749
2228.395
1559.495
1473.587
-1077.741
-1323.954
-1862.684
-1440.659
-1059.213
329.6388
110.6237
-326.5508
-733.0636
752.6717
-502.6402
-93.66779
-1826.924
-1169.013
-1069.056
-1047.03
4423.524
2790.401
1145.501
-6.70615
28.09549
-827.1947
-1408.264
-1617.154
-1558.544
-1230.96
-1142.227
-4063.774
-2663.511
-2299.352
-2026.25
-1480.354
-595.5109
-396.2691
-1371.373
-1816.617
-1387.354
-1044.937
221.0903
-189.8539
-2230.277
-2371.28
-1788.005
-1614.325
-1344.786
-2285.571
-2367.549
-1173.806
-1716.171
-564.8374
-373.4841
-728.266
-1018.582
-1206.471
-2648.643
-2025.867
-1724.273
-102.0672
-656.0325
-762.2765
2659.155
-1611.259
-1430.267
-709.2634
-14289.71
-9385.432
-5891.019
4130.206
1855.695
530.8343
573.955
-39277.39
-21690.16
-14551.85
-21439.59
-13250.15
-8377.141
-6236.466
-3846.697
-3652.829
-2687.575
-3196.211
-3391.049
-2646.805
-2284.585
-1872.529
-2210.427
-1926.033
-1640.688
-3835.549
470.1102
416.5429
-103.9339
-148.8012
-359.3019
-632.1383
-1153.9
-978.2485
-879.2164
-935.4732
2491.112
1179.089
-462.7015
-1543.062
-1841.741
-3128.844
-2776.642
-1974.595
-1465.675
-9326.368
-5934.024
-4222.26
-3511.826
-2660.59
-1920.524
-1743.674
-881.1047
-1485.509
-2241.936
-588.2768
-671.7387
-1068.384
4476.728
2288.296
139.1923
-337.6075
-725.3429
-921.4354
-538.3459
-752.6693
-1103.784
-1045.457
-111.6577
-941.739
-797.5992
3963.791
2081.088
620.554
-585.9621
-763.7522
-1624.48
-5754.407
-3883.735
-3007.968
-3405
-3301.309
-2579.451
-3677.58
-2699.972
-10023.93
-6429.592
-2023.865
-2259.18
-1837.997
-1583.047
381.0718
-29.88538
178.1128
-255.1914
-50.17527
-8096.269
-4880.131
-3163.4
6885.294
2474.968
346.4896
-3870.218
-2741.077
-2183.036
-1694.414
-7495.978
-21990.2
-13648.08
-8265.333
-4680.367
-3277.61
-2012.326
-1447.857
-2340.435
-1586.498
-1539.348
4434.505
2050.002
551.7296
1755.587
-356.7023
94.78637
-2412.553
-1384.236
-1470.559
-1112.641
-1394.851
-1012.106
-890.0765
-1395.859
-1259.606
3993.149
2338.47
1982.222
-2821.721
-2498.282
-2039.962
-2766.079
-1568.368
-2007.783
-2397.85
-2637.827
-1719.283
-2234.854
-2006.995
-1687.096
-1297.59
-728.3748
41304.69
25056.65
14657.42
9781.489
4216.596
2216.523
273.7915
-2648.633
-2152.118
-1881.048
-426.6634
-654.4028
-1376.051
-1859.227
-1721.266
-1493.561
-1691.726
13062.5
7412.278
6294.476
2503.048
1565.144
21968.35
13193.2
7271.912
3531.541
484.9657
181.1666
-874.1636
-1352.055
-1680.77
-1934.099
-719.1669
-949.5718
-3746.383
-3640.399
-2247.603
-4985.503
-3849.25
-2207.858
-1647.317
-1555.855
933.0223
-1575.774
-1285.497
-1271.699
-3106.197
-2763.35
-2303.106
-2682.082
-201.1019
-1339.466
-1303.888
-1669.698
-1615.037
-56.41048
138.4232
5.178022
-90.25135
-390.8186
-40923.42
-25073.28
-15871.46
-10050.39
-6419.583
-5282.133
-4023.97
-2525.565
-2781.761
56.91004
-737.5433
-1648.53
-2110.902
-1891.02
-1234.323
-3037.284
-2672.344
-2104.436
-1053.398
-831.1459
-1148.353
-1996.607
-1560.886
-1207.277
-3821.417
-16.77211
-11977.68
-7982.429
-5562.787
-3989.492
-2440.492
-1776.015
-2107.177
-1434.549
-1557.073
-1839.411
-2556.754
-1991.673
725.943
-283.8431
-712.0063
-1271.555
-878.0807
-561.6768
-639.6836
-382.9874
507.2854
-325.1438
-1192.669
-2893.854
-2159.468
-706.8738
-2242.345
-2189.951
1134.625
609.9828
4666.629
3678.983
1652.759
-28.80563
239.111
-737.2807
-1323.413
8797.013
5017.598
2789.278
-325.4515
-1253.747
-2362.257
-2176.341
2910.886
2205.211
350.8063
-482.445
-762.5145
-14383.69
-9451.483
-6039.358
-4184.379
-238.1889
-905.476
907.9748
-127.0008
677.9677
246.0121
-1195.521
-1707.106
-454.5384
-1101.083
-1617.531
-3168.421
-5139.68
-3652.146
-3072.912
-2351.582
-1852.01
-414.7179
-376.0554
675.5422
6295.424
3396.358
1240.81
-707.1806
-886.3983
-13712.47
-8747.486
-4452.326
-3041.483
-402.2951
-655.4149
-1154.575
-1439.23
-1676.592
5739.694
3411.4
2653.551
-2785.247
-2518.264
-2678.007
-2614.591
-1784.331
-381.4079
-758.3886
-7464.528
-4954.556
-3471.352
-2555.941
-1814.867
-1689.201
-1461.963
-2830.17
63.12982
-4138.288
-3446.212
-2486.967
-2205.221
-2417.368
-2068.1
-1841.492
-177.8908
-632.3317
-1039.041
-869.3621
-1072.041
-1101.113
-832.6767
-1217.716
-1216.16
-4125.666
-3537.902
-2830.195
-2226.828
-2410.065
-1518.808
-59.0192
415.9917
-169.2884
433.1495
13.45389
-1250.883
-274.6028
-1785.335
-2522.561
-2049.732
301.9362
-184.116
-807.0815
-1747.989
-2501.505
-1864.976
-2626.466
-6465.571
-4432.27
-1971.478
-261.2228
69.51087
-313.8075
-7447.969
-5065.21
-3468.669
-2661.019
-2145.409
-7799.301
-4846.038
-4533.143
-5397.869
-3820.87
-2639.803
-2007.188
-1976.254
-2044.327
1783.041
-93.89265
-1179.961
-1519.84
-1692.405
-2640.467
-917.1481
1760.649
266.6003
-381.1607
-59320.36
-36070.47
-21950.53
-9870.813
-6087.932
-3809.365
-5619.492
-4502.367
-5670.345
-3578.047
-2830.271
-2309.565
-1238.926
-2129.58
1017.925
-454.6619
-1018.391
355.6375
-8.501468
-477.8603
-1583.61
-1339.956
-4386.718
-3279.089
-2917.007
-1903.986
-2080.564
-1953.76
-1887.693
569.5195
891.122
-429.3999
-1043.682
-354.6543
-811.1666
6107.637
2559.96
-2205.508
-1780.519
-2169.016
-2161.474
-2506.803
-1650.103
-2286.898
-2283.466
3130.332
1676.622
-310.6317
-1103.555
-1430.443
-1831.107
-1677.624
-1531.682
-1637.147
-6755.724
-4829.271
-3658.489
-2532.169
-2171.689
-1403.552
-965.0279
-1480.864
-3334.968
-2207.827
-2437.369
-2292.18
-1950.78
-2282.782
-2699.207
-3879.624
-3411.702
-3410.54
-2835.168
-2624.85
-1906.54
-1835.878
-2058.112
1089.456
468.9486
-2515.178
-876.7261
-973.8423
88564.42
52494.1
30554.34
17427.59
9812.034
6989.463
3943.624
1583.478
123.7839
-9090.971
-6199.14
-4452.443
-938.2378
-970.879
-3862.909
-3421.064
-2137.65
-1887.89
-1822.485
-1527.156
1883.132
-3697.005
-2298.339
-2151.184
-1781.875
-2085.742
-1651.353
-1989.901
-2086.605
12675.06
7009.297
3475.488
1686.278
-1075.865
-1593.066
-2272.854
-3141.95
-4805.808
-3263.574
-2504.931
-2437.496
-3459.221
-2375.179
-2163.854
-2058.914
-1579.746
-2035.201
-2303.534
-2068.088
-12195.98
-10338.06
-6750.08
2938.297
24868.37
13496.11
6727.28
3012.475
1029.959
176.3009
-517.3997
5576.475
2745.121
984.4933
47.60315
-348.3727
-1111.169
-1075.817
-1784.697
-1232.68
-928.1872
-2396.025
-2535.47
-2537.954
-2265.305
-414.1878
-7222.932
-4876.589
25497.88
12899.88
6773.092
3225.42
849.4395
335.5072
-160.5806
-1114.376
-1624.542
-1039.413
-1561.005
-1706.844
-1422.346
-1537.264
-1525.888
-1645.59
-1553.738
-1686.331
-1034.241
-1091.383
-1380.594
-2884.969
-2243.701
-763.2941
-18.92272
-1029.363
-569.1383
-2672.217
-3275.572
-2579.049
-3274.276
-2978.868
-6214.262
-4733.606
-3486.725
-2590.944
-1959.724
-2951.813
-2176.333
-1959.306
3644.38
3708.253
863.5667
-244.8603
-344.8056
-466.4213
118.4639
-1457.577
-1762.836
-1365.235
-1832.347
-359.1855
-2774.362
-2331.458
-2541.141
13417.11
7558.854
4202.748
1671.98
-312.6974
-719.8122
-1955.726
-1516.855
-988.2459
-3890.95
-4164.513
-3950.97
-2367.993
1001.829
-123.9628
-1159.155
-1240.564
-1544.477
-1881.907
-1733.8
-1805.506
-1438.662
1956.884
701.2228
-468.792
-1010.467
-2237.366
-484.1168
-4052.134
-2933.879
-2526.602
-2464.756
-2599.849
-2676.513
-3173.358
-2862.055
-3225.486
-2596.568
-2497.583
-2376.42
-1687.149
-1569.54
-3118.572
-2084.443
-654.9556
-520.0637
-781.8022
345.4992
-278.4789
-972.1068
-3128.595
-3064.149
-3498.414
-2815.255
-96183.41
-58184.35
-34941.68
-22284.96
-14057.84
-9255.259
-3874.939
-3038.599
-2286.903
-2175.788
-1834.563
-2429.135
-2325.906
-2437.747
-2737.712
-2392.448
-1657
-1753.525
-2025.087
-1739.43
-1552.657
-3592.546
-2869.875
-2248.513
-2030.673
-2145.059
-2069.904
-2655.87
-4201.928
-17152.8
-10907.95
-7350.29
-4439.741
-3109.938
-1583.448
-1883.629
-1767.384
-2341.796
-1554.912
-2115.228
-1974.339
-3501.68
-2876.401
-2296.514
-2872.717
-2266.471
-3056.017
-2436.123
-1812.402
-1876.719
-1741.647
-2323.917
-2307.963
-1589.113
-1480.492
-1930.589
-1954.993
-852.2098
-741.244
-1093.028
-1600.037
-815.9686
-2461.759
-2177.911
-6401.249
-4387.722
-3270.105
-2600.9
-3279.838
-3307.118
-2445.552
-1704.419
269.7666
8335.994
4169.018
1476.691
194.3366
614.9803
-1408.421
-1858.875
-2485.391
-7400.679
-7887.03
-5790.079
-4164.429
-3689.504
-2338.323
-2468.88
-2211.762
1141.229
53.73853
-838.1358
-1162.165
112.6267
-572.7316
-3812.18
-3167.578
-1827.236
-1459.066
-2629.628
-1944.513
-1703.406
-1893.728
-2297.933
-1687.941
-1978.987
-678.0866
-2842.13
-2417.326
-1312.75
-1180.693
-1428.772
-1824.082
-1692.432
-463.1195
-886.8798
-1245.187
-1650.468
-1760.922
-1944.644
-2446.012
-4013.587
-2901.255
-2932.478
-3285.537
-808.8251
-2012.414
-1109.08
1224.423
-188.6897
-1031.261
341.813
-2219.998
-2613.861
-3947.53
-3155.794
-2138.251
-2806.478
-2454.466
12125.96
5613.937
2555.926
864.3076
-483.7868
-1168.787
-1376.904
-1958.273
-1914.774
-3448.976
-2628.18
-1687.138
-1817.014
-1670.301
5.985853
-382.5
-579.8997
-15.08693
-1166.933
-1620.839
-1925.237
-1971.522
-5119.164
-3983.551
-2167.98
-2354.165
-522.8934
-1295.888
-1244.317
-1834.618
-1399.148
-987.2808
4923.182
2081.15
837.8697
-706.0973
-1432.482
-2078.72
-2587.285
-2220.169
-2340.137
-2395.448
-960.7439
-2555.014
-2346.348
-1970.806
-2315.293
-2277.231
-2180.874
-2240.938
-2173.678
-2824.926
-3878.756
-2983.914
-3253.461
9401.863
4882.564
1996.979
3.211112
-1403.768
-1327.794
-173995.2
-103422.1
-61998.44
-37524.55
-20028.48
-12643.02
-8115.386
-6065.152
-4706.84
-1816.669
-1288.608
-1344.344
-1718.159
-465.6768
-990.5531
-1335.549
-2912.721
-6304.51
-4399.007
-2454.578
-2110.789
-2052.212
-2585.868
-2566.942
-2701.462
-2445.367
-2916.171
-2211.211
-2007.93
-1712.798
-1624.606
-746.8071
-814.2501
-2434.474
-2301.55
-2582.525
-2300.343
-2013.598
-2248.22
-2111.696
-2649.392
-1988.645
-1738.029
-1961.717
-2248.152
-2420.578
-2592.165
-2360.018
-2448.786
-2333.93
-1754.958
-3430.659
-3221.634
-3102.792
-2297.348
-2225.048
2535.831
502.988
-141.4032
-1362.48
-1776.014
-1287.457
-1851.568
-2025.035
-1753.731
-2954.107
-2572.234
-3675.342
-2638.375
-1803.146
-2639.589
-6726.133
-4248.494
-2967.289
-2555.799
-2029.339
-2086.702
-1709.609
-2469.231
-3176.984
-2892.143
-3567.079
5302.554
1934.071
774.4224
1198.699
250.0788
-2098.625
-1745.945
-1895.428
1602.047
223.296
477.9238
-648.602
-1356.687
-2739.184
-2580.063
-2242.52
-3719.003
-3215.743
-2397.45
-2512.195
-3288.934
-2340.518
-2329.19
-2222.48
-1878.294
-5004.367
-4384.635
-4008.639
-3261.596
-2233.905
-2211.528
-2091.303
-1824.635
-1556.173
-1224.705
1200.813
-280.7259
-754.3899
-941.1333
-1440.176
-3744.064
-4453.99
-3785.02
-3019.916
-3426.326
-2735.911
-4154.304
-3473.398
-2369.919
-1494.065
-2156.706
-9070.508
-7055.58
-4915.909
-2970.018
-4039.728
-2993.913
-1369.888
-1569.603
-2085.331
27930.41
15744.47
5728.256
2471.258
1061.036
598.1456
-422.6529
-1649.164
1713.989
2753.422
599.6714
-315.6328
-807.3218
-1087.78
-1507.75
-2435.995
-2988.772
-2462.204
-3026.767
-4513.135
-3989.219
-3180.907
-2516.613
-2297.531
-2346.968
-2604.014
-2272.897
-1751.518
3849.213
1096.891
334.3174
-649.4753
-838.724
-2020.727
-3225.572
-2132.544
-2526.048
-725.5795
-1928.906
-2507.507
-2755.163
12865.87
7666.476
3611.224
2338.936
388.2159
-1042.701
-1929.16
9044.779
4729.518
2686.44
677.3728
-266.4132
682.445
-1024.251
-1224.006
-1429.867
-2150.656
-3538.083
-3355.904
-3704.787
-2974.482
-3134.391
-1454.598
-1600.835
-3739.031
-2687.933
-417.013
-2377.824
-2465.073
-2091.798
1038.452
463.62
-1863.348
-2585.256
-2705.906
-2814.899
-408.1955
-985.3922
-2254.505
-2390.846
-2741.322
-2641.846
-2929.713
-3076.021
-4758.701
-4901.488
-37477.02
-40791.01
-24575.44
-16655.3
-11264.98
-4979.83
-2648.685
-2883.422
2546.443
3817.514
1466.213
329.6067
816.0028
-2796.471
-2735.796
-2598.453
-1805.279
-2202.313
-2110.464
-4050.138
-2928.136
-1422.113
-1238.043
-1342.286
-1542.748
-1198.9
-2035.869
-3810.046
-1507.764
-2004.961
1192.943
243.2121
-863.4909
-1824.093
-1775.303
-1711.35
-2172.004
-1928.693
-2035.326
-1270.824
-1573.834
-2154.701
-963.2447
-1622.609
-34623.29
-21171.86
-13333.06
-9337.462
-5791.902
-4322.859
-3077.601
-4322.668
-3359.762
-3119.429
-3424.705
-3907.053
-4691.829
702.2684
-463.166
-967.7498
-1375.933
-2267.591
-2842.22
-2525.929
-1970.418
-1868.257
-1361.915
-6051.42
-4225.186
-3048.204
-914.3487
-1290.343
-1661.68
-1613.333
-1819.041
-1714.196
-412.4393
-2179.364
-2756.407
-6906.258
-4806.147
-3413.827
-2593.529
-2840.63
-2836.494
-2422.224
-2562.769
-4656.546
-3872.812
-2757.296
-2949.473
-2657.217
-2485.688
-2636.265
-2579.395
-1154.495
-2940.011
-2735.781
-2646.65
-2044.276
-3980.544
-3043.01
-2957.467
-3060.6
-2689.665
-2345.652
-3053.924
-2852.968
-2069.29
-132.0256
-1251.036
-2573.603
-2405.513
-2413.971
-2366.124
-5866.123
-4422.129
-4624.898
-2269.372
-2158.761
-2269.355
-1995.01
-4146.728
-7656.735
-4938.177
-3854.451
-2895.656
-2488.214
-6386.44
-3132.551
-2943.036
-3168.949
-2764.997
-3605.753
-2843.637
-3825.45
-3782.9
-2904.377
-2975.825
-15792.05
-10875.88
-7435.056
-5933.177
-3584.858
-3011.742
-2638.393
11043.19
5767.98
2500.123
267.9854
5.89105
-2051.739
-5034.546
-3891.025
-2840.128
-3031.981
-2629.061
-2288.069
-2079.199
-2378.816
-1956.27
-1772.088
-1913.901
-2450.484
-1684.587
-1356.169
17.24018
-971.882
-1187.085
-5580.822
-4077.714
-3519.36
-3733.966
-3508.363
-3243.646
-3920.781
-3143.119
-2508.659
-1711.59
-1674.867
-1862.553
-2209.811
-11732.18
-7373.619
-3724.929
-3254.672
4.453284
-74.61371
-1081.686
-1593.611
-3242.846
-3874.849
-3341.616
-2917.248
-2736.875
2266.665
-3.072071
-1069.976
-1807.703
-1330.381
-1528.126
-1698.222
5082.495
2289.019
3.037719
-1260.411
-4674.76
-3498.792
-3493.942
-3829.068
-3316.45
-3004.028
-2586.69
-1806.958
-1905.743
-2393.163
-1745.152
-2885.837
-1962.44
-1922.037
-2506.967
-2277.8
-2863.935
13809.93
7803.406
3658.98
1343.11
-421.6141
-204.2028
-372.5245
-1098.63
-2514.85
-2342.891
-2296.518
-2719.806
-2651.534
-2519.32
-1563.162
-815.7115
-1139.656
-3618.223
-2635.654
-1847.214
-1744.507
837.9765
2817.687
658.3158
-38.89771
-1055.884
-1293.654
-1404.073
-2397.908
-2637.204
-3935.064
-3334.373
-17003.92
-11379.72
-8252.903
-5633.354
-3570.029
-13836.12
-8571.83
-5611.657
7213.612
7113.903
3483.949
624.7158
-433.7615
-1538.713
-1926.189
-2211.358
-2209.315
-2612.738
-2513.197
-4032.989
-2586.663
13308.44
7171.628
3661.127
1711.476
847.193
-719.5408
-1695.95
-4067.849
-3203.338
-2636.283
-3315.14
-3038.768
-4219.48
-10287.66
-8461.372
-6254.543
-5072.549
-4884.266
-3593.043
-3134.693
-2891.435
-2785.607
-4503.847
-3680.277
-3562.802
-2549.735
-2244.264
-335.0561
-904.6166
-2357.878
-2387.336
-1823.79
-1903.764
-2022.609
-7263.273
-5346.396
-4278.009
-3610.443
-3734.887
-1591.101
-1675.275
-2275.681
2128.776
3083.926
1398.707
69.59129
-1146.266
-9309.729
-6527.256
5559.194
1948.887
229.6865
-363.8214
-1437.217
-2182.461
-2853.946
-3066.2
-2745.395
-3066.884
-3914.783
-4458.848
-779.2656
-960.7386
334.8312
-861.936
1499.902
385.1588
-1067.622
-2648.484
-2525.443
-3279.303
-3032.201
-571.1347
-1504.228
-2079.312
-2961.979
-2881.308
-2538.147
-1756.453
-2369.73
-6418.744
-4412.354
-3430.918
-1146.296
5870.846
2320.862
-1133.13
-2467.36
-2201.22
-2478.197
-3277.851
-3789.494
-3499.799
-2813.158
-2893.345
-3686.274
-4268.054
-3519.463
-3572.591
-3451.778
-2546.098
-1432.385
-1586.437
-1826.216
-4022.849
-818.7698
-1207.053
-1559.503
-1292.067
-1577.344
-3127.072
-2721.149
-2624.597
-2950.825
-3004.976
113636
65684.37
37819.38
21585.12
11589.13
5954.641
3027.208
546.0363
-681.989
