-112.6214
155.4995
-3543.221
79.3853
138.7791
155.3982
160.436
241.0126
256.1908
115.4562
213.6037
113.5281
13.27797
134.1731
147.4958
542.9092
-1111.97
177.0986
702.7079
-180.1888
230.187
405.961
178.4778
159.047
166.3217
103.5177
107.1455
190.1818
127.9709
566.7413
403.7071
14405.98
383.1032
125.5553
984.8801
329.7846
334.172
-50.44755
758.8822
302.3975
-139.4408
102.427
160.1722
272.4489
366.1276
243.4788
316.6217
18.69478
255.7471
337.5377
151.1944
287.7648
1065.406
40.69423
200.11
515.4412
-1166.115
312.6021
278.7521
977.0473
278.2693
-891.1565
504.1736
305.2656
146.9039
427.083
979.7723
289.2515
304.9286
519.2203
220.0466
90.8174
266.5801
376.2909
274.2128
-218.5784
103.3651
308.3322
311.9411
271.4111
228.531
595.1236
215.6349
19.27258
-1409.146
255.8432
361.6162
-5426.239
14.70754
453.0375
-250.1093
129.4998
634.2895
243.5506
18.67084
454.7609
-135.4432
1530.916
489.6704
347.6998
232.6433
512.1976
461.0544
579.8187
337.6919
298.8464
335.6226
-207.6563
355.1443
523.1383
489.7731
388.182
361.3953
453.6812
482.8733
3223.682
362.573
-1.04275
1241.761
183.5785
362.0629
421.1364
-586.042
309.5864
323.9478
327.4274
293.6316
38.38755
345.0113
274.8136
411.3132
348.8088
353.4456
378.4428
378.3693
358.1197
442.2328
182.3562
19790.53
1042.228
361.3819
1216.379
547.8847
-6150.945
289.732
302.0393
375.2169
-614.8462
-258.9656
226.508
426.6054
325.6373
343.4261
433.8384
429.1334
329.3036
397.095
338.3963
-693.9844
310.8854
112.7285
-3053.948
367.324
272.8779
318.2228
-313.8025
358.0102
615.7474
396.4511
220.4096
751.5649
381.5921
362.9495
416.0324
527.0329
295.5332
666.6891
368.7538
389.5799
490.6473
397.2798
229.8477
368.928
658.6838
-444.8537
164.8685
409.3939
145.0445
-101.8631
316.789
244.0953
271.2015
529.1017
1607.272
733.5278
251.1021
493.1535
74.0027
-2044.475
403.1091
440.7498
312.812
26.6771
443.1802
344.0597
591.4968
211.6388
405.7088
310.7443
442.2062
374.0557
878.4026
294.7938
675.3124
-647.3667
210.0299
490.6574
-3451.044
335.3587
253.5483
312.557
220.1188
1003.49
271.9592
140.4039
-15595.45
178.143
274.1834
139.4695
-35.23824
348.9444
373.5691
629.5872
-51.82174
287.5896
1565.443
223.1926
-173.8685
159.7553
321.2106
331.8197
323.6038
-14.74986
236.9441
354.2108
133.3961
364.0534
157.5348
224.4081
523.259
283.4198
253.0797
-425.9614
222.6407
310.6812
241.0514
281.0283
239.0986
-329.6137
-124.7568
334.3127
202.195
136.5863
269.549
342.8465
182.9676
2244.13
313.9549
333.6094
327.3754
-12.52704
196.1151
111.6423
321.3581
155.5094
518.2735
-273.3158
186.1514
157.3818
299.4311
200.3312
212.1532
295.305
154.1972
-807.5447
197.4537
343.454
-57.23506
338.8982
207.3053
95.85377
148.5274
-233.9618
9.024559
167.0538
37.13555
161.7083
231.6164
622.5399
248.6095
290.8944
70.85967
176.7906
-344.5362
174.077
130.7766
-289.2406
192.207
4.17221
291.0819
3355.937
295.955
41.19577
191.7484
179.9294
28.15576
328.999
233.4152
114.8462
-750.8123
158.1196
179.1085
-60.40823
20.18844
254.6464
156.8745
226.5068
83.4298
94.96379
108.4028
-292.9756
185.1906
55.24423
225.0975
913.3476
0.3554108
1212.163
-83.7414
51.76171
157.0064
-34.40167
217.126
-88.93404
243.3357
161.3433
230.599
102.3381
-114.3193
-8255.016
-154.8506
5.54642
71.81255
-87.74531
23.14737
62.63562
71.9179
107.0484
-143.3747
-565.4677
117.8048
-114.0829
-1.517532
136.9824
-26.01113
144.8879
101.4424
-1783.039
70.39271
1788.611
128.3948
103.7346
245.4068
65.44698
310.189
60.79485
-55.07379
160.6096
678.9539
350.5439
484.9686
894.7975
151.1546
224.4644
-95.50454
95.47254
51.67448
-181.826
426.2677
1.407385
-397.3845
69.64213
415.789
-69.017
101.9713
-41.48674
250.7456
-482.8423
-353.3793
-78.02836
111.7992
-103.4444
283.9071
135.6125
-570.099
-6.822856
78.78269
3.384477
72.97799
-99.32012
-237.7829
21.99567
2.489679
-66.93858
36.69606
-175.935
-78.65029
546.9225
138.8495
-6.415819
-49.67882
-29.37134
-197.1298
20.7555
630.8676
-109.3227
-181.8408
-103.7226
-18.7312
-125.74
-586.2421
2751.642
-3656.582
-221.6456
-116.2899
-184.1442
-127.7739
-42.97373
116.0502
-73.55756
-11.56981
-666.6152
171.9018
-102.2427
-257.2681
-561.9941
213.0928
35.66917
-108.4112
-70.59225
42.08819
32.40787
9.627666
-179.3857
43.58748
-134.4016
-165.7966
-177.2729
-325.0777
-23.57429
-82.05339
-167.7593
-169.4099
945.7006
-96.09926
103.9449
-217.725
-2993.364
-285.2834
-207.0333
-145.9574
23.29164
-54.39904
-228.931
-2228.608
-66.72696
-180.7689
-148.0329
-131.2572
-112.0336
-939.5875
-206.5838
-241.1243
-230.0514
2527.766
-98.88234
-201.6385
-188.9797
-632.5678
-526.7885
-233.4467
-188.4558
-199.0869
-217.5956
-161.7986
1823.99
-277.0712
-192.114
-202.9775
-518.7531
-233.2951
-113.2986
-113.4299
453.8818
-215.9585
37.11315
-515.4783
-115.4083
-240.2561
-248.2841
-470.9543
-537.772
-139.0903
109.1273
-234.1749
-168.4911
-240.3421
249.6119
247.5727
30.13561
-200.7972
-284.7891
-261.4509
-221.1487
-98.74836
-643.0216
-277.7081
-669.111
-519.9039
-151.9514
-276.7935
181.3787
-299.202
-264.0804
-444.2477
-212.718
-149.6969
-580.3757
-120.2159
-326.9712
30.36761
-147.2649
-241.7799
-297.976
-728.5045
-503.0037
-659.5335
-328.7889
-416.2395
429.827
-213.0437
-343.3228
-104744
-2176.948
-236.3129
-507.7375
-472.177
-160.9257
-284.9793
-226.3776
-379.6842
78.36425
-852.4608
-317.2628
-17.88444
-318.9942
-137.7912
-264.7353
-371.5292
-311.3037
-493.0769
-255.9904
47.09456
1008.682
-1257.934
-213.6548
-603.1771
-149.711
-1097.56
-17.98439
25.17617
-62.33891
-531.1413
-329.5683
-299.9836
1582.164
965.1654
-198.2728
-195.9441
-382.0746
-73.76381
-283.8307
677.9448
-327.8243
-281.8645
-435.1182
-2903.221
-571.888
-1597.336
-438.7711
-375.9463
-300.1508
-233.0266
-277.0363
-546.4247
439.6451
-394.9906
-308.4427
-371.8365
-385.0553
-298.7274
-236.7446
-215.1823
-178.5772
-216.2528
-582.8392
12469.71
-61.75934
795.8559
27039.52
292.9586
-386.4605
-368.0395
-552.4786
-353.0338
-842.1654
-306.2339
-400.0579
-295.393
-133.0018
-835.9383
21.98502
-326.4995
-202.7946
-935.5713
-200.0569
-344.0313
-184.582
203.8033
-378.6764
-2785.595
-269.2712
-373.1941
-404.7507
-1868.997
-349.3077
-314.9462
-41.16638
-327.9294
-1129.002
-656.0432
-228.0728
-187.3931
-251.524
-480.8094
-362.4092
-287.3952
-203.2767
-207.555
-292.2144
-401.0813
-673.8681
1588.255
-247.7272
-356.6126
-261.8928
-245.4606
-387.5117
-436.353
-158.9939
-499.184
-140.7651
-321.4945
-729.9998
-342.4492
-265.7549
-478.4175
-236.6755
-346.3213
-368.2545
-358.741
-303.3238
-313.099
-312.0142
-313.1511
-367.8416
-189.285
-121.1235
-72.86158
-183.4995
1315.932
-63.77496
-291.4562
-107.4304
-43114.35
-1052.488
-261.9694
-317.9173
12.97568
-622.4745
-351.2473
-295.682
-245.2488
-116.1306
-687.0539
-108.8792
-363.4169
-379.1828
-233.191
-9973.139
-1033.868
-216.2451
-191.6683
-379.0525
-237.9896
-384.6925
151.4067
-1677.345
-250.3698
-1662.831
-336.6953
10046.25
384.0513
-258.8944
-314.6193
-40.18
-227.1569
-132.4646
2263.14
-212.1998
-457.4502
-323.5451
-804.1577
-151.5707
-861.9386
-215.2986
-195.5492
-53.69068
-165.3036
-228.0699
-966.305
-372.5891
-52.58138
-355.787
270.3476
-241.6918
-585.2295
-248.6604
-128.6574
-247.754
-205.1765
-128.3352
-333.5081
-105.8195
-57.61186
27682.38
91.92762
-121.8583
-119.2137
-103.1948
-33.54501
255.8239
-32.42141
-151.321
66.98641
-62.86794
-207.3833
-100.492
-370.1064
25.86337
579.7664
-188.1993
-83.05085
61.94723
-186.4185
196.0239
-150.968
1081.369
-52.57023
19.61415
450.1592
-106.6782
-173.7549
-62.98364
-33.6548
-2.553997
-202.7041
-215.6791
-15263.66
-294.132
-192.538
-232.7035
-163.3923
-53.58278
-156.059
27.72404
1571.236
-117.6811
-28.44541
1159.025
-99.79971
-71.77908
434.577
-469.0524
100.0082
14.8986
43.45226
-615.7023
72.43501
-24.45161
-787.153
-177.1622
-170.063
4602.568
178.6933
73.45682
287.2677
-27.27873
-180.6108
404.6085
124.317
-28.5532
-31.24933
217.0417
20.01955
-44.34017
-46.56314
-78.86386
-130.408
423.3778
-27.37617
-21.4851
-106.9425
321.8163
201.9965
-203.3285
-44.90353
-41.81575
-18.55244
57.69406
111.3797
62.45764
-1820.134
461.9113
-177.9532
-123.4275
-56.14063
112.8487
-147.8552
85.07447
19.60553
48.00367
-15.82975
333.9463
136.9114
443.9792
172.2841
78.81301
19.00429
132.9696
418.9832
210.0798
123.1613
93.54382
68.53705
74.17404
28.11581
-87.73572
297.666
82.11763
146.3343
-24.09823
-17.55525
94.25068
312.3828
513.8507
165.7422
83.96387
65.02097
-1641.816
338.6561
391.4914
190.5552
1105.381
202.0549
212.6685
36.49842
-115.8395
103.9795
317.8085
-111.5285
1548.467
163.947
148.4929
78.59768
148.4759
306.4763
204.8316
281.5258
539.6544
3.223097
424.9523
127.578
129.509
1596.635
666.055
-563.5075
116.2088
102.9946
279.3078
210.2196
243.1445
186.5131
162.824
153.1203
339.0093
176.142
174.9138
392.7664
-51777.54
-645.6169
261.5321
333.5972
314.3616
458.1041
31.42794
294.0409
57.54057
225.5692
-1467.255
179.5382
273.4496
295.4896
366.2405
366.8228
-427.1746
-20.26688
328.3838
523.8164
142.529
508.8435
455.9819
349.7369
-3.444425
192.1925
312.1295
206.3791
251.8207
865.5986
390.0234
371.1132
343.851
146.839
-84.0003
994.9513
1300.836
867.1092
294.5044
192.7405
335.6564
602.4163
212.7085
138.5319
313.1865
-48.88122
236.2064
100.6476
610.9888
302.0172
1309.084
575.2761
354.801
393.7491
267.0534
254.8463
244.2525
377.6933
409.3815
507.455
297.722
322.3872
-455.6319
48.99397
352.5273
426.158
326.1742
328.462
383.6227
262.7409
-811.1405
349.8832
308.4347
385.5053
397.7599
18.69431
311.6316
12.00148
226.8954
566.5998
63.9122
852.4599
1129.014
208.1487
459.1818
243.7338
-1429.874
581.3451
421.7007
433.3926
285.2754
403.2004
375.3545
-652.1022
-2784.953
368.8483
586.1864
199.4069
390.4933
362.6369
653.8485
448.65
420.1478
364.2063
187.5864
438.0906
89.85306
29.63762
3132.036
2506.932
355.1222
667.5587
421.1108
234.5304
-112.4028
455.7362
479.934
426.4323
600.3968
291.8926
468.6093
310.8846
274.1511
464.323
-256.7995
250.9593
379.6149
396.9473
320.7258
443.2384
573.5654
385.4417
385.4134
632.4361
455.1795
177.366
401.8843
-450.9923
423.8276
236.7091
2326.397
1072.727
-0.3467259
703.7126
991.4605
328.8545
437.528
472.677
561.0006
438.2004
384.7164
894.0353
103.533
478.6579
500.8593
-36.03449
456.951
735.2114
483.3193
172.6599
356.9855
-6260.615
386.2038
525.2091
165.1591
376.8466
354.7711
419.3465
526.594
751.5254
20.24902
-131.9432
388.6437
589.2275
631.2041
427.8168
436.0396
344.0272
245.3747
461.6749
751.3347
9647.952
602.8373
538.0247
404.9538
363.7921
423.0571
88.21847
251.4976
12.55038
322.4153
383.1274
374.5357
351.3308
959.6291
137.5884
861.0649
285.2903
306.3911
271.0935
644.7394
384.4142
348.2267
361.0942
140.5456
363.7591
297.003
416.3154
323.951
273.4357
378.9434
354.6121
279.9582
395.3224
400.9626
-73.29442
369.3343
319.4081
333.179
358.6631
405.5212
363.9551
658.8091
-2885.769
-11.05577
256.1157
275.4373
-585.7029
-175.2623
429.4607
-1628.03
1443.544
389.3311
302.8702
379.1907
548.5113
326.7828
1227.179
412.6062
911.1653
-3843.2
347.0158
135.6269
445.5305
389.8099
318.2714
375.4768
40.03213
333.8385
90.53595
38.43116
484.0119
101.0408
396.5433
735.0297
437.5664
257.5143
111.4165
344.6402
319.0895
484.2464
407.6104
272.1493
677.1585
-111.3984
-246.3064
314.3731
2394.586
475.4797
196.2067
385.2058
153.3725
235.5526
-229.5152
-8.644665
251.8435
214.8712
234.417
533.8553
-310.7408
-15.96843
293.9858
309.992
388.6875
220.9705
519.1545
306.1261
298.6443
-36.70954
233.9728
368.2931
296.8561
789.8616
-205.0802
712.4201
249.8146
464.773
161.0247
2661.082
511.3838
-515.4585
455.9242
12095.59
534.9511
1209.093
1981.808
-273.0312
156.8094
-169.0987
258.2443
641.1069
43.00807
-437.6572
301.0171
232.4506
428.8852
272.6725
5.848439
275.4812
207.9921
233.1458
686.5472
231.9203
146.8212
169.0819
150.9774
232.9204
63.4734
97.08167
-44.51744
-87.7307
480.6042
1337.28
239.4396
254.1626
171.8049
747.0572
528.4555
658.2014
-3.212881
144.697
200.7998
241.3044
150.6816
355.8581
137.4624
217.4417
131.3648
208.6606
-489.0609
204.2914
117.2695
142.3114
886.2862
394.2267
99.76773
217.4193
78.1644
-35.35393
93.34261
213.7736
589.8562
160.3896
128.7201
70.03887
3477.902
27.92147
6.97508
86.74499
-201.5226
9.292982
-2.400544
71.46032
-628.8228
-69077.39
-1187.042
-235.8193
-46.37445
274.3377
150.8563
19.91664
121.3411
21.94146
2060.04
513.3515
60.35661
-34.42766
51.79387
831.328
203.6313
64.29821
992.4476
748.7785
-36.4948
352.7959
168.1848
-186.5922
959.8397
184.9419
375.474
43.72822
53.98455
143.5398
-25.27559
-7307.012
-207.9921
-259.7242
477.689
52.61249
-11341.05
372.7701
139.0083
-31.69111
29.62369
27.39033
-154.8686
114.4503
-50.51391
-144.9275
-167.3915
-393.6824
-147.1543
-75.67008
-1596.211
502.0229
-159.6388
-275.8295
77.59891
-191.2926
-38.16521
154.8554
-68.71254
-20.69247
-125.7312
-202.985
581.4762
19.35748
-153.9137
-522.7677
-81.9397
-20.93603
-64.02083
-90.08777
508.2923
-55.02408
185.0988
8.267044
-62.34899
-774.8907
-125.4566
-133.2526
-655.2188
98.50393
63.65258
475.1096
1375.828
-287.9393
797.2317
-137.7772
437.4916
179.7934
731.553
-71.6643
-1270.61
-71.43408
-286.944
927.6579
-123.2421
470.411
-165.4677
-347.7054
83.33869
-146.5592
-256.9534
3.050751
121.972
-123.7345
316.6053
125.2481
-254.8235
-220.4036
2120.231
-910.6655
-279.553
-1792.131
-536.9369
-257.4528
-158.7111
-525.3262
-173.4704
-105.8694
-164.2333
-69.20058
128.2166
-180.6576
-40.41751
-437.7825
-635.0877
-300.008
56.65732
-158.3934
-234.7644
-465.0454
-507.2299
-499.26
-192.853
-164.4869
-135.2541
-3747.568
-214.326
-74.01551
-412.241
-288.1199
-373.5178
-643.0591
-747.7639
515.5785
-185.2548
-206.6174
-179.2577
-1009.011
-498.5396
-96.20056
-42.27364
-134.64
-155.1
-200.1481
-576.0581
-1125.969
26.28976
-1475.843
-345.7712
-250.0582
1393.169
-271.9728
-201.4537
-283.4591
-149.6369
325.6402
-167.1293
-313.5067
-137.7909
-232.4359
-398.6676
1689.454
-171.2564
-572.2481
-113.0202
-323.3775
-453.7633
-234.3366
6205.41
464.8949
-145.8149
-408.6067
-343.9698
-283.8747
-346.0655
432.4481
-583.9313
-423.8745
273.435
-539.6918
-52.05644
-225.5804
-195.9871
-1189.531
-206.9104
-155.5888
-146.5776
-286.2499
-294.612
-155.7137
-55.65449
-83.95175
-68.12701
-267.6717
-1986.327
1218.557
-518.2214
-62.81721
-111.7542
-558.9621
-165.4945
1592.038
-125.5627
-1821.638
-654.5881
-328.0169
-283.2475
-280.6609
624.3443
-325.6453
-289.6995
-195.2585
-20.37638
-2127.392
-291.345
595.8014
-83.2831
593.6464
-160.8641
-390.4222
664.0744
-609.205
-291.3584
268.1061
-1526.732
-249.8838
0.5278259
-327.4844
266.532
-323.7983
1326.94
-497.628
-233.1527
431.2933
-124.127
-224.4148
-263.6685
-334.3792
753.497
742.2207
-177.2612
-297.2648
-261.795
-54.79569
-159.8061
-57.8689
-280.2471
-293.1126
-495.1145
-1429.224
2431.437
-143.7569
-95.52763
-886.095
-229.3221
-212.4796
-289.4105
-296.5622
-791.779
2439.262
-208.3773
-298.2088
-64.1963
-70.84171
-168.0304
-11299.04
-16863.34
-536.6782
-171.6854
-205.4706
-245.6253
6568.361
-165.4968
-299.8005
-154.358
-527.6142
-178.0958
-212.237
-195.9353
-164.4019
-216.4052
-230.436
-17.98203
-71.67322
-155.8552
-71.75965
-155.0248
390.4737
-222.7518
-202.658
-212.5976
-59.81877
-157.0362
-65.5855
-135.7523
-213.9883
54.01067
-177.0068
-508.6306
2.089226
-400.8427
-253.1566
-168.6868
-16.76916
403.4906
241.755
-268.2087
-303.8762
-115.4343
259.7425
-151.5434
-97.07366
-436.7959
-151.138
-107.8006
-206.697
-213.1664
-143.4196
966.1937
-80.31245
-971.8069
-432.3157
-377.3346
-268.767
193.3193
-247.4751
-20.78853
-109.4424
-27.53064
-136.1478
33.60626
288.6787
-159.1626
-111.3448
-129.7029
-112.3609
-302.1458
394.0599
-104.2753
359.7742
-110.814
-136.7332
92.64935
26.7423
-60.94617
44.99339
-1098.489
8.037152
-517.0911
-47.81121
-277.7233
-11.21129
-207.1696
-70.71299
97.41662
-178.8151
-294.899
-119.8255
-142.2485
-3766.718
-241.3654
-181.4458
-13.07476
424.5814
-356.5381
136.9785
-85.56417
-276.0946
-41.65828
-232.1422
82.24013
-163.817
-174.2021
285.5724
-18.44994
-10545.97
862.4463
-78.62071
-730.2163
-119.279
-226.8571
-97.49838
-8.985996
-260.9856
-150.0806
-37.79049
-71.30703
-59.15577
142.5914
-71.40057
-409.6541
61.53163
-22.95163
-483.635
-96.55951
-330.0118
-149.8828
-111.4087
197.5766
-432.6184
-4.344014
51.19588
167.2103
-564.6767
69.11695
-3009.066
-6.14085
22.89059
-20.06235
19264.42
370.9602
6506.205
-160.165
-335.5453
-53.36022
409.609
22.82363
67.03975
70.35795
-209.0986
-6.035199
196.9867
-460.74
-767.6469
146.7013
39.13211
-233.9167
141.4853
193.3684
44.66882
94.74963
-33.15149
-82.39112
128.437
-362.3583
597.0372
-18.53801
63.18312
397.7631
392.1243
-5.543388
66.32117
4.056843
128.3553
171.4885
-1195.59
21.48638
232.2421
1770.88
51.393
-57.91851
134.5592
235.0846
-94.76986
-2.775314
86.44915
15532.96
723.4759
102.8852
-250.5988
159.7552
-428.1466
-488.8207
303.7048
62.01487
171.4854
155.9484
239.8842
157.3091
360.824
150.7027
27.21394
1190.936
274.9451
-112.8294
-146.3015
226.6626
-231.2499
0.0880279
112.1572
381.8085
191.384
16.37426
785.428
-374.1883
18.44589
49.23318
265.3978
197.3975
231.609
120.2017
761.3832
4404.93
178.547
120.7757
-59.30596
343.2635
-79.11678
290.8548
28.77641
274.2971
18.40364
187.72
333.9264
1358.119
249.3979
336.499
122.1982
176.1169
226.7085
211.5106
308.8822
201.1778
228.127
548.1582
256.1122
126.7582
597.1458
237.9515
232.084
301.2772
269.316
120.5816
343.9701
-136.148
354.2069
184.6109
80.43791
280.582
-80.68435
296.5208
481.4956
16.7785
272.4142
348.033
2050.116
390.9482
-17217.25
621.7705
914.7286
1088.27
186.4588
-215.8299
287.0785
437.6908
173.5476
364.8889
401.4273
357.9414
1307.813
280.5881
304.0975
87.5302
359.5221
-313.322
608.6231
358.5398
251.7154
176.4213
1584.946
-341.1222
542.0012
2186.223
352.5442
638.9252
351.3802
291.5403
357.3839
-745.9154
286.478
346.184
354.4984
385.9985
852.8424
419.41
279.5663
489.5586
371.7566
263.1774
371.7618
243.895
285.148
352.3561
352.3407
399.6923
262.921
420.0261
273.974
377.5522
290.1565
480.8013
478.1969
819.8619
-4808.603
324.115
-104.3704
533.6271
351.0518
234.0994
426.9905
379.9504
349.9497
293.5939
152.821
388.4254
501.9168
-1125.964
361.4054
521.4516
457.8569
304.9466
-222.6064
-2026.289
336.6999
421.2914
583.0125
740.4023
-22.63158
569.558
-1549.301
288.1704
171.6012
401.4619
161.0042
370.4371
293.0836
-1470.266
-889.5208
1014.786
75.46062
467.1573
420.3949
504.6373
375.3883
-24.58737
585.4662
390.4597
-724.3102
459.2352
402.3677
424.4753
196.8638
415.7213
467.8292
352.5223
434.6848
-578.1431
414.977
430.2209
551.6539
55.56649
439.9558
552.4927
277.4284
3933.05
522.9344
396.9033
564.5627
610.6525
581.3029
1071.815
1060.22
559.4197
929.9528
194.9524
430.6329
281.8422
582.3625
1643.455
648.7346
644.4082
724.7969
340.818
446.233
-1602.176
363.9892
15299.2
776.6069
495.6663
634.9626
429.282
340.7576
332.5258
546.3922
-5121.295
410.4724
354.5207
2488.295
252.446
407.8139
787.1804
475.5518
-227.7216
507.6614
-509.978
246.2585
481.997
177.4751
254.0031
855.7714
469.498
477.6775
329.1447
355.9576
354.2985
850.6462
1422.382
293.4248
254.1719
154.1619
514.0703
1194.568
377.7127
505.9936
422.0637
1084.627
435.206
-28.61613
935.9167
571.2385
2080.757
508.4928
498.2104
413.6826
618.7538
448.5674
379.676
365.2188
310.3797
449.5796
678.3234
499.7733
603.688
523.029
5938.824
536.841
49.78407
537.7482
248.8772
599.3531
53.92615
533.2996
486.8183
117.228
-8981.839
309.0682
2570711
49219.05
1406.984
501.1262
349.4279
472.4281
425.2603
217.2854
560.42
961.4341
6068.987
592.8785
336.2356
314.3992
346.852
484.5224
756.1408
87.60593
478.2788
865.1487
578.9107
203.5395
425.8626
65.77631
439.6267
267.7556
531.4521
598.3563
683.634
476.8323
-2249.543
217.2605
489.0024
491.3942
331.2419
1331.435
449.775
1651.123
534.5444
483.9333
429.1476
1074.867
335.8351
347.0791
319.325
328.6932
233.9244
418.6928
246.6469
-35.43438
470.055
9.061751
384.8018
720.0939
519.6526
311.1769
344.8162
259.4691
1386.088
413.2581
410.8594
461.1439
482.4455
1515.728
455.3907
337.6101
265.8061
332.2214
514.1034
332.69
327.7879
376.433
3569.253
-38.38369
-225.564
580.1652
-3247.332
400.6656
255.163
138.7012
479.383
494.231
859.69
481.4904
2989.769
298.4548
-117.7375
144.7707
246.7077
255.7492
291.6547
88.3789
213.7595
290.7553
360.7553
-2600.65
189.5683
548.2233
617.2086
277.966
264.4755
435.4281
636.1991
268.7612
188.0079
169.8502
343.0716
488.6819
828.6847
141.0666
242.9886
293.147
482.9269
193.0083
106.7339
-2406.798
134.1734
46.83343
-89.45233
240.2484
228.9581
799.3559
-195.5135
662.6629
275.3152
284.4299
154.0703
-32.09292
138.3732
304.795
176.8758
265.5086
-660.0833
-29.8756
399.9804
446.3337
-9705.226
-36.26849
1791.837
-210220.1
-3806.814
-878.8506
73.80379
262.7634
1929.068
137.3197
89.25769
196.5778
131.109
135.2648
67.442
47.35668
352.7922
159.9165
797.8047
219.9865
298.2657
1346.035
-30.85364
-234.4687
133.5606
448.6995
687.2794
-119.1693
149.5884
142.2249
14.64271
5.521927
-71.34139
81.02942
49.68288
116.1889
119.2491
11.37018
-177.7483
208.4837
369.8612
-1765.637
-10.29838
76.70596
303.0809
54.62693
124.3827
52.3549
126.9489
238.816
243.6835
40.27359
-26.72639
149.0795
865.3348
43.13683
215.5555
596.8218
116.2849
-2365.481
60.83436
-391.7006
-95.07046
66.33801
-2.859578
126.1586
36.40539
45.12366
279.1004
49.93809
99.98571
-7.069653
257.5919
-333.5355
211.8169
58.43699
-1803.3
1450.525
204.8737
-48.01753
6032.332
107.9853
127.9215
-756.1825
-4934.312
-146.6496
17.45311
155.6861
-25.72446
-0.8191157
53.74104
-87.61667
276.6665
-150.1691
1018.579
1071.771
-114.4818
-0.4106448
-44.27464
-41.51922
261.2484
875.4632
-373.217
-1486.258
-26.3163
-122.2533
-96.64249
22.63705
-274.5292
-94.35454
177.6931
-27.99712
-432.6552
-42.28908
-30.84742
-20.83674
401.0476
-101.8718
-179.7956
46.71457
-217.1745
-349.2714
-48.71102
1102.321
-228.8235
-299.6511
-133.5097
-120.2601
148.4467
-50.10633
-66.87127
-24.09769
6.90011
-12147.69
-453.9043
96.36943
141.4946
-391.0692
-49.41749
-69.10856
581.8863
44.14495
-417.6325
-69.79278
-105.2146
-24.0033
-239.7774
-2206.271
-105.4716
-1463.42
-128.9548
267.4726
-147.0971
-218.4672
-209.5969
-141.4075
-375.5183
-46.16728
-213.9448
-190.1475
-133.8938
-97.75282
-156.8917
-216.4849
-200.1084
-57.8475
-89.75657
-366.3262
-112.0836
-142.4663
212.0918
142.1865
-124.7217
2.857547
176.1078
-308.5766
-63.68486
-311.1624
318.7425
-254.5768
-195.7369
-94.67818
593.1299
-579.3131
178.039
1679.322
-41.62779
-254.5183
-225.4018
-3683.83
17.69598
-94.49794
128.7495
-188.4239
-256.2095
-140.9418
-169.7688
-39.00207
-165.4296
315.6709
-440.4436
-158.7847
-52.13599
-3106.3
-41.36521
157.4809
-2202.101
-1980.574
-129.0936
-123.4459
-498.1785
-39.02145
-368.514
16.56541
-269.6646
-272.153
-159.741
-342.8716
-240.2292
98.2331
145
-225.6759
-193.9183
358.6997
-136.2391
-832.9936
-213.7819
-402.2964
-313.5339
-275.8503
-137.4374
199.0042
-250.5726
-1678.533
-245.4711
-242.4069
-231.0178
-156.9906
85.56217
-164.4754
-184.9558
1202.497
46.09191
604.8865
-297.8932
272.9048
-247.146
-179.9715
-95.9261
687.7779
4305.959
-245.033
-75.80711
-432.2874
-305.85
-220.5353
-270.8076
-147.5856
-220.2361
-131.9881
-1029.187
-254.0803
-1105.009
-1872.094
196.6819
-379.6029
-76.3142
-39.28491
-134.9546
-115.4259
-253.7905
-150.8715
-209.344
-129.4205
-55.00695
-261.0948
-910.6097
-3503.19
96.97277
-189.622
-63.88038
-326.5362
-87.49705
-332.6971
-126.4013
-284.5434
-114.971
-1418.398
-4.342977
-6730.149
-144.1096
-204.4622
-267.8157
-158.6196
-364.877
-246.7168
-242.6849
-157.3233
-164.8719
-182.3033
-59.63642
-1090.004
-275.6045
-854.8184
604.2795
110.0137
-153.2204
-408.1416
-245.6106
-213.647
-83.31311
-374.6411
-535.4195
-196.6118
-92.71732
-173.5366
-156.8926
-231.0823
-6650.291
-34.06127
-145.81
624.0061
-242.804
-97.95865
-210.1894
-91.97268
-49.5042
64.57603
-99.6118
-52.1543
-245.4969
606.2856
-175.6215
-223.6991
-41.21258
43.2012
1561.236
-120.4995
-90.05004
-9.329623
477.8946
113.6361
-105.5093
-169.4641
-40.77838
-57.48039
1757.2
-132.8145
-130.9775
-5353.667
-220.1057
-67.08802
-159.8566
-21.23829
-69.28818
-280.0332
-322.4895
-98.35455
-140.168
-256.6016
292.2637
-67.04087
-18.89074
0.8462258
-290.3815
-57.58271
-100.9011
856.607
-989.6542
-64.6295
-354.3279
-63.9019
64.872
-6506.638
-327.8042
-618.1473
-5.901251
-48.1332
72.28345
-132.7773
-126.3936
553.2665
64.28075
141.1832
-24.97398
-47.15436
-50.39924
-246.7455
104.9414
112.3597
-216.6393
154.6403
162.1673
-271.3691
-73.54822
-376.6957
-45.84615
140.3206
134.6395
-107.2933
1173.303
194.6755
-116.4691
-56.8421
-652.0076
-119.2355
63.04967
-65.3062
47.38175
-100.7671
-126.0608
116.778
178.8618
189.9121
39.77667
52.88234
15.8916
-105.5491
39.8147
-293.167
-29.19371
-3.066003
-1151.965
-84.52296
-28.26191
175.5516
-44.69525
-475.5733
46.62134
-22926.15
498.149
44.29226
-213.2455
16.71055
-64.95446
1.379919
20.52349
129.8907
114.6619
-165.3925
105.5029
106.0836
133.8499
94.42388
-90.78228
11961.28
296.1018
134.476
263.6425
243.7557
-55.11441
-12.88444
42.89902
172.3619
-91.21833
1279.513
113.7646
241.5183
175.5794
-53.61247
-127.3287
-37.39254
1044.446
10873.79
256.8683
25.6251
206.3767
-22.10752
207.114
-50.3925
33.50635
-515.5736
98.50999
254.8602
-30.6415
212.4804
35.25584
326.9027
-567.899
79.79809
152.0163
-9.885122
171.9778
-66.09734
157.7248
129.1665
-2606.052
-273.1506
240.1163
214.9583
317.144
-1323.438
44.52926
-356.0939
173.0532
-592.4846
168.9702
246.7339
320.0698
689.0984
80.78499
228.0206
278.7855
177.0509
-428.0855
316.9262
-1011.89
-183.9189
292.702
223.2956
565.9261
178.247
128.9486
-68.8517
-165.8874
131.7118
782.5741
-2663.704
79.48398
266.6168
289.8517
243.7885
472.4219
346.0448
132.3884
-5073.607
316.2267
275.3861
280.2424
3285.162
344.4868
255.0337
282.7565
544.7282
452.915
116.2276
176.7953
34.42401
121.0444
-986.0011
-1928.102
637.271
313.3674
222.1062
307.3406
325.9932
935.6169
-37.81379
128.4057
433.6001
-300.4542
282.1951
1826.422
215.0237
300.8676
234.8522
54.54014
363.6842
570.7171
367.5367
470.3745
290.4897
-572.7775
257.3501
500.9571
633.692
119.4265
257.1226
288.8346
3113.325
427.9022
1889.041
366.7964
64.89995
294.0464
949.4901
391.3539
-643.5505
5259.306
282.8117
332.0116
376.4746
-1590.419
104.2833
533.41
498.9101
396.9536
401.4425
446.2264
510.355
359.734
356.2488
440.776
463.6768
647.7755
377.5256
416.7661
355.3312
1793.396
452.3469
1039.505
199.011
400.4612
573.338
400.758
433.0346
367.4561
264.9908
2400.888
602.5697
313.9604
368.0658
319.6147
440.5109
221.9769
748.6676
406.7311
390.2114
180.2584
569.0725
752.2583
298.5667
130.3695
566.1945
178.354
329.1318
491.3983
623.1439
456.1178
-161.035
558.2157
1431.719
-344.3258
409.3879
749.2272
540.4209
278.6227
151.1537
447.7152
278.5939
955.0142
465.1247
456.8269
452.1493
346.243
1177.044
-157.8002
579.0905
187.7113
1494.611
555.5296
579.95
403.167
5467.823
866.1542
190.4502
429.7436
917.7969
451.122
437.5909
541.9732
420.6144
500.1549
560.0005
447.4299
1614.728
463.2404
582.738
674.289
417.9777
665.8515
642.7604
429.3392
404.2182
623.6899
206.3678
461.8371
-722.7749
12.15452
559.1658
97.61509
86.96454
1519.523
669.5132
592.3104
837.6546
519.1496
335.2527
626.8559
765.749
581.2479
-415.615
471.3609
192.776
455.7038
558.2655
406.855
257.2594
448.1618
401.4033
453.1255
275.6022
-9403.574
312.492
614.0058
548.4529
318.9377
402.3052
-86.99005
1062.709
684.6848
365.7343
102.1652
593.8962
679.8337
427.1998
2547.249
1279.09
423.8647
589.3415
469.7108
448.5296
672.4087
559.8067
-411.6171
448.409
917.4236
469.391
455.6674
548.7973
372.8397
80.45328
438.0672
381.4201
356.4857
753.0407
639.4225
555.8395
493.0122
739.8543
411.6341
321.1614
322.404
369.838
-151.0754
1051.321
765.9783
-501.5418
3184.633
597.4852
98.29342
509.5138
537.2518
511.5645
586.7142
608.745
2171.797
490.5534
92.44072
374.2818
5478.363
666.6519
290.9981
288.7329
426.744
281.5881
240.791
1054.585
-2596.729
241.4578
376.1998
244.7686
337.2552
490.4588
543.0931
546.7584
444.6458
622.0458
-25.23927
-796.2594
746.6498
407.9149
695.6709
528.1203
723.0341
414.2675
677.2844
-1051.571
401.3295
251.8383
575.8609
551.1404
448.9835
157.1204
875.9036
479.3467
463.1389
471.7794
424.5459
809.8912
636.1818
316.743
462.9352
494.3008
416.4308
484.1264
391.5024
468.3052
598.8907
567.5658
1146.589
362.7511
404.855
-235.2831
252.2677
266.087
525.2108
