177.2804
117.9834
-473.9204
459.4371
57.13415
387.9317
588.9546
686.5277
-354.7144
-108.8622
-359.6159
120.6111
-133.8689
1294.079
203.2404
136.1975
631.4085
445.4237
389.5083
2025.247
927.1328
113.9341
-76.10137
6955.376
2011.926
1295.752
481.3282
308.4411
383.5462
3636.213
1203.164
569.575
4892.305
1259.754
66.35626
280.0281
-279.5737
-14.54013
-613.9389
-136.8295
129.3539
482.9146
396.5808
896.3128
257.5727
-4181.239
-1110.825
-583.335
-458.0685
-459.8957
-57.43166
743.0704
502.7701
559.9702
864.3815
1033.098
489.5204
504.0228
-474.3154
81.56957
-504.0854
-582.4647
-57.12538
331.6507
-12969.36
-3602.062
-774.1983
231.8464
-44.33481
-205.1588
-1236.162
-577.1614
-324.3038
-267.4477
-254.5791
-348.0936
948.869
-195.0981
346.1487
306.4445
-92.52272
31184.74
8995.52
2443.435
133.341
-412.6998
-87.23434
-379.2998
-1964.223
-402.1305
983.717
561.296
-919.3548
-349.1283
-107.5586
-1236.975
-531.4018
-51.3844
39.00826
14.51391
167.4388
-612.8991
-284.9395
-165.6099
360.5767
545.7703
242.0389
-6435.084
-3366.62
-992.3844
400.04
-372.4387
231.4752
479.4032
395.7766
509.6718
-719.897
-298.2625
89.64056
-131.0858
-508.5735
-461.7175
50.06424
-212.5238
-167.454
-360.3941
277.1748
601.0911
323.3567
343.0446
348.4156
-361.8881
-3.034366
-80.19733
-1372.347
-358.176
675.2401
657.4507
-448.5254
302.0226
670.4711
170.3627
-123.6125
-427.6678
-530.9427
-2835.032
-17.2689
840.9533
626.4974
459.6053
385.67
400.9348
69.00577
-60.16171
-100.9062
-214.0985
-114.1408
-112.1458
1116.344
281.8266
391.5914
845.9142
1815.789
1200.164
550.0877
218.7368
1522.059
1993.991
652.3022
-8828.738
-2077.43
982.305
-526.4145
45.40046
827.4395
2848.957
2517.543
612.2813
0.02206117
-347.3947
-1189.184
-166.9033
215.8549
-27.84395
459.9481
604.4804
764.7834
797.7277
569.5998
382.0413
-642.2685
153.5016
19.05492
-133.3167
273.0853
522.552
364.3779
-220.3649
-257.1913
-106.1165
-208.0643
-350.1497
10.91312
-116.7382
-410.5084
-256.3687
-43.99345
10.2723
737.1883
784.6833
224.2676
161.0786
117.3219
436.0536
699.8319
2435.628
516.8002
109.554
4434.197
2272.84
-156.6718
645.2851
266.4552
45.16106
255.3601
665.9853
-16491.59
-5989.586
-1898.067
-572.6315
-150.2412
-133.3318
1022.293
2781.342
1387.33
1243.314
688.893
587.3032
92.70858
-174.2731
-127.9638
-591.3089
27.47659
122.0908
468.1237
1108.235
367.0874
1563.6
852.6654
-336.0493
354.0413
-113.7767
-326.588
918.4507
371.6503
5236.85
2555.117
806.5441
698.9561
506.4951
391.5455
-279.2461
-196.2237
-7.446571
-163.6612
427.0774
-663.9204
922.6565
923.903
1723.026
1185.23
13283.58
4305.498
1548.895
529.9134
545.5912
435.1579
198.6846
-544.7477
749.0654
1183.956
1544.088
1009.531
731.139
710.5787
231.0297
179.9598
45.77852
-625.3266
153.1086
-237.7219
102.7747
-3640.143
-1800.919
-308.4921
4793.301
2289.682
1841.274
659.8194
556.1865
557.1264
-39.56084
-785.5235
344.791
485.7248
1818.931
-59855.31
-19349.24
-6124.021
-1764.804
-804.2394
-565.5253
72.6604
-119877.6
-38571.43
-12134.5
-3371.578
-863.5992
3062.717
2361.061
-1946.614
-403.8534
-264.7776
-741.8759
-566.4368
-250.0899
588.9073
78.80092
1579.653
4139.116
2628.527
1214.361
740.7152
864.2311
269.308
-27.7512
253.2617
-24.42445
-1003.698
-52.40961
1158.252
1081.056
1395.388
800.636
956.974
1766.812
1286.277
612.8271
-816.9433
-648.0431
276.0671
-86.5532
952.4233
993.6201
-914.9754
348.8903
618.4076
655.6892
756.2549
-242.4622
254.2595
80.05215
368.1713
455.9616
601.1163
585.1722
788.0929
2611.58
619.6717
464.2881
802.6629
445.9652
391.434
428.7452
188.1306
316.5692
1231.455
1453.304
1254.736
1680.201
2509.037
1033.148
101.468
317.5683
395.1953
179.9598
448.543
532.6447
233.5981
779.0101
15725.62
5905.726
-5126.903
-1137.007
341.8807
347.1316
-3242.445
36605.69
23817.72
8324.461
3435.601
1172.023
1170.162
347.339
633.4858
676.8782
31438.74
10322.16
3577.313
1283.847
327.0648
591.1771
408.0201
785.736
987.6323
993.0168
823.9695
635.3874
215.4233
52.90597
763.9315
-84.65309
242.5629
134.5698
998.1098
596.1225
157.3688
809.1806
925.5218
934.8629
762.7383
7851.314
2861.431
5164.832
2574.075
2014.3
-150.1864
762.9222
1048.946
1273.81
969.9562
198.9206
797.5456
794.4605
-942.7857
423.412
357.6916
1002.19
932.753
775.2727
-777.9923
629.4767
1830.014
1721.76
514.8757
372.0338
-162.0774
849.5164
246.2342
413.6633
1026.328
1505.687
419.5617
924.726
1865.87
1070.212
455.1519
558.5545
-7439.989
-2010.05
-451.2059
825.0859
351.1357
1173.506
730.71
127.418
844.1425
928.7543
660.6297
673.3975
237.1193
356.6136
981.8965
514.9594
412.317
1100.876
725.6977
736.9851
381.8913
611.8417
648.0607
1380.427
831.1759
964.7669
1044.346
864.8448
719.2176
1562.316
1560.865
2069.601
1506.023
1167.482
373.3735
464.2138
131.9711
662.6784
856.3084
955.1708
1784.074
-2987.967
-294.366
352.5197
568.0785
810.0399
-1516.916
-719.0635
-28.23575
-192.5438
852.6098
990.0165
849.4437
1128.734
1067.532
959.481
730.4163
898.0077
462.7922
231.2233
924.7116
-251.7897
-66.18704
451.6253
921.9905
4483.509
3196
1503.328
865.2362
802.0935
699.8595
244.0294
574.1978
742.534
351.9922
-2836.93
296.2647
317.9989
978.8013
674.396
1187.618
1632.023
970.4902
653.0487
1702.946
478.916
714.4392
958.7875
1270.228
-1440.871
-406.1365
824.0044
1052.916
1000.669
794.8517
6104.533
2295.007
1117.956
1292.65
1011.788
1157.052
2517.036
1773.294
1489.232
3345.127
1426.202
3195.014
1725.684
517.2542
313.8188
781.7836
-1695.706
434.0003
1260.433
1734.573
1188.369
1697.37
548.9838
3402.377
1427.973
695.9997
452.19
1538.24
1569.42
1807.849
1443.893
1184.822
988.22
1554.322
3332.712
1055.074
689.8715
282.933
-562.278
707.5826
817.5825
1185.737
1330.609
1265.443
1537.518
1237.349
964.6962
753.3783
894.8724
1013.923
634.8485
668.3933
1618.757
1567.676
1580.372
1518.968
1513.577
2119.151
1991.276
1265.359
850.1905
997.0635
727.2052
2250.493
766.4746
1221.885
1513.871
438.5816
781.4941
1007.419
1705.748
1089.528
1014.129
1384.509
1318.889
2683.387
1875.243
1650.747
1301.425
2233.278
1606.911
1920.837
732.3573
1008.555
-137.6096
88.14441
904.2226
1358.911
1226.359
1411.113
1258.406
1269.205
2485.025
1442.415
5563.202
7156.686
2683.851
-5528.313
-1710.027
438.9953
-205.586
1491.572
1823.767
1789.28
-68.19782
1217.513
1138.385
632.4915
900.1753
198.1244
514.4466
756.1547
-19091.84
-5268.071
-696.4812
1174.624
930.0166
2162.018
1457.969
1269.001
1000.618
1549.489
996.121
934.5086
2600.031
1818.376
926.4939
-379.8804
-187.8627
500.539
294.1717
895.7434
470.5136
886.152
894.1562
1336.424
5439.019
3049.612
1965.713
2330.57
1641.943
591.5461
1082.613
1728.889
872.7238
461.2454
888.4214
832.1955
1154.898
1541.684
1229.977
2295.424
1434.76
1472.338
1252.174
1073.416
2208.651
1273.749
1230.454
630.8811
3781.095
2695.741
2419.192
1739.06
673.6273
1220.643
1372.058
951.1387
1120.989
742.0239
713.364
525.6049
1298.318
685.5372
1221.168
1185.852
1601.798
1943.09
1408.756
1618.921
-648.6922
-6.568761
1302.621
1172.717
-553.0061
116.4676
719.9709
1350.097
1967.644
1691.263
2187.346
1443.65
-1930.822
-187.1701
1084.392
1154.39
1498.717
1898.234
3055.047
2544.407
2131.603
2049.33
1496.966
958.529
799.3458
799.551
1464.789
550.7909
372.5496
2118.905
1844.187
2707.446
2170.956
1725.924
9998.166
3899.64
1836.004
1286.528
424.1937
816.8658
1002.847
2183.542
1514.68
1881.478
1590.869
1355.505
1274.127
1254.121
1045.46
764.3519
747.9956
267.811
959.0654
1375.494
1910.692
1978.85
267.524
934.8176
965.8321
913.1911
794.5304
3085.488
1773.344
1581.084
1137.804
2057.509
48400.48
16132.17
6569.75
2849.346
2039.734
1480.134
1600.948
1373.716
1497.278
438.8852
1029.098
250.4939
1181.524
1831.037
1632.819
-26.70979
1755.397
1369.774
1378.764
690.1839
983.5947
607.8022
1545.69
1695.314
1795.143
1922.626
2256.101
1868.882
1436.366
1166.262
842.7421
1179.557
989.7016
2467.385
1817.695
1980.803
2873.169
2192.651
1852.918
1104.575
1533.458
2282.84
1659.705
1212.343
1069.44
-336.5762
-223.5168
788.6996
1510.46
2141.281
2166.121
7698.241
3107.102
2096.393
1638.682
1241.095
2099.238
200.2261
935.0191
716.8997
2029.826
1962.436
2085.932
1662.269
8066.073
1087.559
1059.799
1075.82
901.4311
-91451.09
-28756.95
-7808.601
-1391.957
1782.423
1594.787
2758.908
1835.227
1268.529
1144.912
2221.749
2294.7
1585.269
1595.245
1999.778
1993.689
2934.21
2190.957
1761.733
1471.351
1573.44
1113.002
994.2619
-115.534
894.9258
1633.201
2165.881
5635.806
3039.959
2300.471
5411.319
2626.848
1758.621
1249.382
-1553.708
-22.26436
923.8964
1392.271
342.9541
1232.416
1228.625
2097.604
1644.124
1395.712
-1883.875
277.2488
1158.811
1322.633
1257.638
1614.386
3197.532
2327.097
2356.335
2209.851
1848.537
1535.86
2194.125
218.8613
488.1912
1179.502
2082.534
1271.728
1666.382
1658.532
2068.088
1408.415
1339.504
1488.558
32.01074
233.8833
1157.952
1006.493
725.1276
1132.149
-316.5293
51656.79
18280.31
7422.821
3610.759
2160.871
988.8297
2400.511
1631.599
1189.185
1354.836
1889.138
1791.547
2606.233
2560.778
2005.998
1803.281
1261.717
1211.801
1484.189
1300.107
959.7949
1455.073
2785.136
2600.136
2182.646
1878.351
-253.5124
1785.702
1643.166
1042.07
1691.924
1350.104
1072.352
1411.183
1420.852
1387.373
2087.012
1552.63
410.8457
1594.75
1436.167
1101.925
893.2315
1184.863
-1868.408
946.017
-1398.651
388.9315
1533.214
1942.694
1763.058
2140.578
1839.52
1340.755
465.1009
1625.489
1745.63
1607.488
1942.945
1707.395
1439.225
2835.604
2050.838
1561.873
1190.5
1619.005
2428.383
1299.946
-111.3155
1203.862
1539.532
2883.525
2498.573
1459.267
1589.555
2098.024
1725.415
1274.445
1204.055
1179.324
1393.34
1705.687
1569.041
1773.776
1327.263
1311.075
-3408.289
274.1346
1309.746
1211
1086.522
1351.116
1506.361
1459.223
-13553.03
-2363.145
720.5756
1433.875
1687.66
1529.74
1205.691
3988.56
2071.791
1828.926
3466.28
3412.497
2369.19
3311.746
2546.057
1672.481
1709.742
1810.35
1667.345
2552.035
1155.64
504.4424
1465.751
1668.496
1782.083
2100.322
2288.345
2383.645
2120.539
3166.011
3175.149
17351.87
6424.876
4165.37
2378.817
2402.121
2111.679
2513.739
2229.896
925.8076
1509.67
1115.018
2106.106
3687.803
2552.674
1966.104
1942.405
1327.39
1573.743
2086.404
1945.529
2255.004
2335.077
2070.136
1395.545
1347.674
1125.8
1435.996
148.2474
1211.613
1637.913
1923.437
1898.375
2115.256
106.9728
1610.557
1764.43
1729.114
1433.762
1118.487
648.1354
-228.0727
1238.272
1452.128
1996.908
1900.189
1667.69
2197.481
1946.597
-33.76916
2653.488
1424.108
1470.335
1658.568
1929.43
2274.514
2309.13
2405.222
2349.183
3203.157
2163.264
966.3987
835.4739
658.5294
1682.358
1707.425
2014.561
2167.79
1857.626
2273.285
2361.666
-2125.031
666.0926
1732.271
1439.69
1461.428
1624.495
1134.862
1531.996
1815.751
1964.197
1237.576
1703.534
899.0499
1857.844
1057.871
1421.552
1332.098
-715.5723
1183.066
1168.516
1356.426
2296.194
-15.19009
1410.231
2682.595
2857.563
1918.63
1420.48
1665.513
1355.976
1547.627
1898.441
2019.65
2460.803
2146.584
4026.217
1047.743
2048.219
1834.233
1206.688
-13160.68
-2623.78
490.5516
1049.798
2125.49
1912.445
2324.915
2274.317
2323.32
1518.781
3283.305
3839.916
4516.277
2205.865
2198.074
2020.231
2040.832
2306.457
13519.97
5549.303
2466.837
1889.295
7031.527
3407.574
2028.502
1958.966
1566.269
1738.208
2733.275
2367.923
2403.966
2192.54
1825.194
1925.724
1243.198
1333.132
1742.042
2014.463
2375.029
2161.262
2697.231
2649.574
48.66201
1416.434
1915.229
1558.715
1661.704
1377.093
1732.194
1418.073
2843.915
2191.228
191.6435
1612.952
2455.29
2249.596
2045.005
2039.646
1826.946
1998.376
2032.042
1844.703
1573.862
2171.448
1036.392
2622.993
2831.218
2893.597
1724.049
3404.003
-1617.538
-516.6734
176.6293
1065.821
1600.049
1710.184
2055.977
2629.964
3950.547
2230.346
2345.457
2038.299
747.8942
1917.235
1641.88
1168.365
681.9354
1726.07
11249
10243.53
4995.315
2794.86
1935.338
1635.222
2206.62
1993.013
2024.899
1346.174
1716.468
-1825.8
1118.258
2140.845
2845.964
1916.814
2134.509
1991.097
2179.648
870.7028
1243.237
2026.676
1861.582
2509.591
1937.598
292.9072
2465.017
2367.977
2815.538
3995.156
2501.554
1988.082
1863.099
1856.45
306.786
1150.787
1440.026
2380.263
2729.577
2890.645
2291.121
16709.54
7222.051
3162.818
2340.048
1987.065
2256.665
2233.976
2568.686
2527.302
2890.882
3025.938
2060.593
2620.462
2249.562
2451.229
1360.902
1537.185
1109.45
1978.696
2318.458
2647.962
2837.905
2641.614
2199.491
1890.085
2330.003
3355.584
2587.503
2599.528
2062.393
2701.704
2604.07
2753.66
2797.546
2784.54
4177.47
2696.305
2250.899
1798.069
-872.031
1023.504
6903.421
5586.065
3554.972
3209.941
3160.428
2625.588
2373.794
2917.166
2089.344
1645.502
1505.476
1872.456
2022.465
3916.045
5268.016
3596.079
2889.025
2174.159
2022.03
320.077
1588.267
1648.869
1716.56
1510.815
1665.471
-6248.68
-207.0529
1616.028
2936.734
161943.5
53933.48
18842.76
7398.519
3371.856
2364.001
2057.553
826.1684
1900.951
2434.68
2510.166
2861.537
2371.388
2567.744
2292.995
1322.172
2012.089
1585.315
2986.085
2342.59
2774.683
2751.866
2728.137
1980.093
6625.958
2982.464
3626.311
2265.515
3253.807
2684.947
2632.932
2041.014
2104.397
3255.182
13043.61
6066.346
4128.4
3454.318
2268.535
2335.855
1905.227
2063.204
990.5374
1977.491
2302.085
1614.756
2525.567
2927.581
2964.082
1910.272
2605.681
2066.503
2287.601
1839.831
951.4721
1655.03
1505.866
2292.851
3108.088
1799.576
2008.995
1800.787
1097.4
2117.919
1846.623
1414.179
2117.411
2200
2147.687
3446.337
3040.503
-4039.758
-1025.026
1656.483
1544.549
1947.481
3437.235
274.5904
1224.928
2880.68
2968.517
2916.746
3025.683
2477.623
2323.935
2437.927
2694.267
-533.113
894.1822
1654.195
2221.983
2397.842
2537.113
3656.119
3472.597
3629.626
2767.384
2512.445
2662.872
2078.544
1920.114
1701.783
2114.64
2104.175
2382.585
2494.335
2513.547
2558.566
-12498.82
-2170.675
934.3521
1431.328
1790.953
2305.523
2000.032
2235.322
1959.788
2833.533
2883.387
3177.364
2762.576
2810.819
-544955.5
-176517
-55325.79
-16533.11
-4787.775
-72.38943
15672.34
6958.341
3821.539
3450.752
2902.374
2133.721
2515.373
2454.695
2643.917
9214.877
5186.314
3219.634
3023.329
3410.354
3025.4
4349.774
3114.492
2548.378
3317.788
-6293.149
-591.7903
999.9003
1383.646
1814.772
2273.121
2497.106
2765.469
1678.979
2051.706
2363.966
-2289.161
605.2664
1186.128
875.3702
2058.036
2255.549
2717.048
2576.778
1160.329
2342.484
2473.034
2732.597
2593.468
2041.067
3064.977
2408.711
2400.727
1303.696
2213.721
2520.9
2908.923
28496.87
12637.34
5748.444
3885.52
2863.705
2184.443
2296.337
1181.689
2002.591
2559.4
2434.647
3775.025
2074.052
2259.377
1858.21
2306.089
1451.739
1799.263
2181.308
2237.265
2148.277
2377.618
1600.028
2211.388
2740.497
2771.212
2546.519
2185.673
2467.761
2562.762
1668.821
1053.972
917.3888
2475.705
2733.988
3643.49
3141.838
3051.508
3137.879
3329.095
3672.317
2568.853
2396.945
1715.392
2265.653
2353.193
2935.913
3202.707
3516.011
3047.586
3371.06
1393.433
2171.029
3010.86
3028.418
2693.883
2183.804
2528.164
2839.547
2969.629
2986.603
2820.258
2887.766
2642.762
-248.9611
600.0561
1998.322
1940.755
2436.441
1618.4
3546.337
3252.23
3028.221
3609.658
3188.998
3113.739
2685.117
2516.158
1726.295
3209.797
3005.197
918.0563
1254.578
-3437.033
705.3064
2864.724
2709.943
2853.814
2521.147
2268.625
2312.459
4332.706
4670.444
3461.662
3254.667
4255.864
2604.22
2941.203
2430.63
1706.032
2502.53
2941.057
2651.292
2491.836
2993.797
3155.499
3030.443
2338.095
2977
-8476.204
-275.0052
-358.3851
976.5096
1917.666
2759.461
2540.129
2545.526
2826.679
3481.32
3599.308
3647.253
2936.488
2315.039
2442.354
3299.045
2188.794
2855.477
2637.641
2716.79
-46.73433
1699.82
3248.417
1953.289
2357.517
1657.558
2430.727
1582.199
1600.123
2166.432
2353.541
3840.586
3351.698
3164.087
3134.835
2422.181
3335.181
2665.564
2851.116
3241.445
2248.24
1392.791
2079.472
2504.201
2838.837
3144.067
7713.006
4444.195
-2000.112
1547.295
2323.934
2016.133
6718.966
3462.197
2168.7
1799.86
2198.672
2744.466
2985.878
2854.943
3028.433
2550.375
2847.654
2527.959
2334.986
2487.434
15725.31
3884.075
11092.92
6050.065
4501.284
3677.183
3576.861
3376.599
3699.157
2954.055
3049.483
1663.25
3060.894
3195.545
-5776.26
5209.185
3719.188
-486.7504
2721.631
2258.233
3272.921
1365.265
1669.611
-1333.989
1395.275
2224.961
3026.675
3138.716
3611.078
3231.168
2874.143
2945.463
-1664.204
1747.563
2120.894
1953.801
2434.371
2542.297
3464.739
5389.965
3743.47
3690.911
3551.084
1757.421
2795.38
1785.798
1899.31
2594.723
2600.758
2132.141
1271.216
2972.369
3077.28
3086.2
2936.101
2910.102
2158.391
2021.423
2668.846
2768.865
1549.45
2625.804
2455.67
2500.887
3212.152
3564.605
3408.374
4797.394
-784.9203
1507.728
2403.516
2042.005
1669.828
1858.1
2813.665
3335.53
5104.64
3927.108
3791.056
3217.712
2964.909
660.882
3224.219
2725.277
4536.235
3616.285
5706.285
4078.187
3529.135
3668.804
1587.261
2996.967
2507.329
2312.057
2873.984
2502.245
2758.821
-545.6339
570.375
737.5749
2618.061
2877.019
3270.668
2852.661
2177.148
1659.041
2330.786
2206.236
2595.986
2527.104
2883.514
3313.693
4087.263
3691.363
4586.153
3448.579
3323.615
2573.704
1960.68
2450.961
4536.199
3313.138
3766.979
6280.663
4222.305
3692.527
4777.754
4044.755
2380.717
2611.942
2694.782
3013.652
2816.106
2786.232
3427.839
3566.76
3454.536
1534.561
2696.591
2182.84
1148.567
2643.606
2270.109
5625.018
3591.654
3222.207
3721.359
3516.075
3306.391
3314.404
3330.925
4696.741
3305.304
1776.248
2243.747
2130.763
2536.77
2744.689
2445.467
3036.05
3244.687
3277.468
3229.139
2816.998
2899.426
2345.312
2363.492
2838.646
2889.338
2468.625
4676.213
3994.37
3752.424
166.8326
2014.62
2700.755
2954.328
3151.817
2218.607
2481.831
2801.338
2894.812
3231.474
3164.025
3404.912
3581.476
4040.709
3715.301
3900.301
3611.092
-13189.27
-2637.492
1079.855
905.8098
2306.48
3281.886
3434.512
3892.366
2867.592
2747.492
2949.208
2970.348
3248.391
10488.65
5307.169
4004.818
2706.397
3793.971
4087.881
4338.895
3780.639
4028.897
3478.303
2965.47
2966.868
3961.086
2971.487
2676.759
3250.387
3406.223
4083.564
4125.748
3758.693
3970.321
3425.745
1035.226
1995.29
2634.214
2777.289
2663.671
3069.257
3266.009
3221.043
3548.842
3418.44
3260.99
1628.988
2394.853
2732.361
2894.377
3577.169
1405.374
2648.585
3255.497
3438.445
4065.648
5139.857
3671.901
2795.767
2821.189
2727.081
2586.77
5007.165
3910.355
3846.345
4076.368
3751.411
4140.111
3664.36
3730.803
3438.966
2939.331
4526.482
3148.441
2953.646
3142.316
2822.147
3175.487
2976.106
3947.898
4006.572
3182.178
4980.953
1865.901
1024.982
2335.08
2719.542
3156.971
3225.637
3212.628
3477.985
3861.526
3966.707
3499.081
3395.561
3186.22
2932.249
2978.202
3340.859
3378.432
2966.288
3158.237
3269.952
3703.344
3803.629
3927.406
3841.606
3423.946
3399.791
3204.237
3246.126
2435.666
2922.433
3247.507
3192.454
3340.148
3754.86
3923.746
3524.181
3336.321
1514.784
2858.791
2477.664
3331.834
2190.603
3205.001
3426.544
3111.34
3062.444
3333.843
3234.649
4207.741
4552.036
3258.429
3143.054
2846.255
3485.484
3571.992
3761.438
3424.836
3362.522
719.3028
2695.424
3367.56
3004.622
2826.803
3063.957
3325.135
3516.897
4015.138
4546.355
4173.176
3889.303
5280.282
4173.214
3623.456
3237.859
3150.907
2562.205
4483.782
3784.795
3705.172
3458.388
3881.785
4289.064
5436.464
3845.104
3087.661
3418.302
3231.099
2775.216
3568.462
3690.832
5125.065
3791.21
3753.955
3744.325
3406.855
5575.343
4750.937
3628.555
3253.105
3504.498
3457.313
3637.72
3710.38
3735.173
3609.286
4375.353
3094.68
3353.49
3166.683
3041.378
1282.846
2576.41
6559.317
4556.316
4280.412
3954.936
5118.001
4105.799
3374.626
4104.033
3336.1
3004.645
2971.552
-250084
-78332.89
-22913.1
-4716.222
1092.292
3127.698
3891.013
2838.782
3178.472
6018.458
4163.104
3381.501
3531.04
3526.376
3941.17
4083.149
4204.83
-131.1548
2608.684
3128.077
3140.91
3202.678
3111.411
2292.602
2896.226
6648.27
4520.403
3786.619
3993.211
2923.574
3772.471
4614.074
3939.474
1411.164
2898.138
2766.25
2942.537
4082.217
3878.918
3943.652
3975.162
15421.51
7447.113
5288.458
4106.71
3605.973
5375.424
3827.262
3574.919
4150.656
3758.105
4430.178
4888.793
5502.663
4430.504
3962.928
3079.03
3772.677
3446.208
3067.82
3208.581
3104.355
2189.912
2609.098
4617.636
4143.587
4393.78
4095.607
3632.7
3414.281
3229.01
3461.392
3325.841
3779.734
3511.737
3944.603
3445.092
6926.009
4849.677
3209.614
3850.958
3638.509
3141.859
3245.526
3403.62
3518.102
3915.463
3822.39
3425.987
5702.291
4185.726
4350.85
172.4361
1111.851
5006.034
3978.43
3241.677
3316.482
10492.84
5916.461
4887.856
4499.833
3878.661
3856.854
-4111.855
891.1227
2207.254
3188.474
3655.015
-1361.729
1995.569
3318.04
2671.451
4068.797
4239.263
4017.45
3829.356
3728.912
3980.182
8198.307
7691.934
4428.91
3599.052
3965.718
4199.977
2751.85
5642.521
4539.117
2834.862
2985.594
2914.686
2174.988
3832.958
3713.813
3718.926
3769.704
6276.314
4953.613
4816.03
4452.124
3749.091
3994.21
3363.356
3698.85
3540.821
3545.193
2403.157
3470.52
3975.146
3884.699
24893.56
10370.24
5246.141
3475.268
3239.37
7110.734
4676.091
3955.426
3838.234
4059.588
3748.225
3949.748
3832.245
3330.997
3879.78
3391.068
3066.735
3344.395
3459.987
3278.714
3495.294
4195.674
4443.74
4213.179
5699.897
4594.548
3924.21
3756.692
3143.331
10760.19
6240.276
4525.402
4015.308
4173.307
4180.026
4697.912
2228.76
4094.755
3741.953
3564.944
4110.029
4158.203
3892.049
3624.62
3589.976
3950.078
4123.275
4139.795
3821.119
5612.324
4125.208
70642.98
25428.94
10619.5
5863.482
4480.381
5761.583
4534.21
-8365.777
252.4783
3381.715
3122.996
3767.127
4036.19
3773.291
3534.946
3617.522
3675.076
4054.022
3703.86
4626.839
3323.309
3309.326
906.565
3200.221
3271.428
4181.874
2802.169
2651.063
5151.724
3851.794
4000.592
3791.835
4999.798
1052.006
2924.043
3596.648
4351.069
3793.951
5164.947
4055.027
4653.405
4300.854
4418.373
4232.711
4243.363
4519.186
-1507.265
1969.963
1595.982
2879.062
3486.421
2763.044
2817.928
3229.525
2881.368
3918.074
4280.014
2613.524
3212.008
3063.589
3735.039
2863.472
2961.929
3471.5
3868.739
4155.615
4173.543
4264.993
1949.176
3016.477
3680.555
3649.281
3724.235
3557.489
17998.89
8510.815
4900.595
4475.405
3924.51
4308.095
4250.36
4396.623
4001.853
8075.699
3667.323
3185.363
18642.34
8416.387
7356.181
727.195
3483.632
4056.687
3563.979
4127.097
4036.056
2867.839
2924.854
2047.863
3217.561
3058.194
3721.718
4027.944
4062.077
3779.81
3814.48
2242.101
3754.357
3103.621
3194.168
3132.228
3640.473
3372.119
8313.087
5515.979
3735.051
3492.254
4319.165
4665.462
4021.101
4000.058
3994.65
3758.377
3774.721
3730.707
3941.946
-513.7647
2581.688
6781.7
5054.333
8732.627
8457.159
5206.601
4512.275
5067.739
4239.013
3858.651
3700.218
3761.263
4117.02
4313.816
4354.941
22859.38
9762.002
5969.176
3245.361
3360.237
2583.965
3543.93
2813.893
3781.633
2834.368
4083.926
4144.073
4189.45
4502.554
2871.22
3321.706
3969.625
3650.26
3687.642
3843.414
3911.523
45107.69
16872.77
8247.548
6472.555
4114.253
4169.801
3682.211
2273.78
4281.06
4242.206
3884.828
3691.992
3218.993
-839.7681
2657.048
3860.43
4007.53
4060.044
3460.909
3445.357
3124.287
3620.475
3245.976
3441.776
3928.149
4257.431
4441.141
4380.168
4512.658
3868.415
4001.103
3862.602
4114.733
3867.113
3787.956
4111.19
4460.495
4595.583
4572.895
4468.596
-1055.202
2294.163
4359.015
3988.539
3753.19
3624.721
3895.115
3411.198
4225.116
-13507.28
-1171.348
2581.583
3537.897
4907.932
4336.911
3851.971
4765.849
2338.77
2685.798
3810.721
5137.521
4803.48
4788.175
5710.513
4129.516
4964.873
3021.207
3674.583
3837.343
3528.253
4235.117
4255.314
4873.192
4806.089
4679.842
-6758.233
611.8145
3033.545
3752.079
3615.439
3315.276
3658.659
3628.579
7823.254
6305.503
4816.084
4883.747
4785.699
4615.459
3387.053
3885.753
3722.008
3809.467
4023.533
4048.699
4304.504
4928.456
8081.221
5579.77
4795.01
4579.088
4649.491
4083.459
3593.437
3701.993
2158.598
1636
1723.601
4928.314
4571.688
2225.529
3347.333
3812.801
3988.113
4042.866
4223.469
3527.759
4151.37
3859.121
4440.675
3859.231
4942.414
4809.389
3977.047
5031.085
654.5313
1630.134
3680.281
3513.263
2330.279
3440.497
4806.31
4904.912
-795.6261
3593.276
3915.85
3831.394
4069.788
4155.595
4072.795
3165.245
3658.724
4065.346
4294.744
4836.022
4572.602
5651.381
1753.765
3447.325
4346.911
4899.157
4052.61
4024.643
4206.664
4112.957
4345.711
4411.369
5778.691
3937.173
5151.621
3579.12
4355.859
3870.405
3916.918
4726.563
4556.313
10281.79
6861.523
5536.628
4989.791
8613.996
5500.684
4900.347
6812.123
4571.448
4090.081
3935.535
3858.296
3957.164
4499.21
5219.35
5295.514
4755.819
4796.143
4142.389
4139.328
1210.512
3470.152
3901.082
4217.623
4354.351
4372.879
4849.403
4672.06
4672.215
5248.204
4549.601
-40928.5
-10422.66
-661.8221
3344.834
3704.946
4167.272
4226.367
4846.276
5290.803
4549.506
3971.614
4007.613
5854.399
4921.321
4609.438
3349.946
4158.891
4068.216
4490.254
4220.591
3525.809
4969.215
5093.431
2796.379
3273.425
4254.456
4075.459
3102.192
2466.463
3905.278
-6223.006
1219.943
3529.767
4689.894
4274.887
4350.526
4364.131
-1681.149
2399.799
2712.593
2903.053
3286.452
4180.687
4950.827
4847.314
5059.576
5143.434
4650.037
3952.542
3687
4039.781
3854.498
3990.126
4265.651
-797.6849
3589.215
4290.954
4357.563
4422.728
8945.952
4600.211
4312.793
4115.067
4167.164
3835.026
3703.202
4290.524
4996.632
6086.259
5143.799
5161.527
3536.274
4146.418
4371.4
3641.992
4308.654
4323.195
3405.614
5842.349
5324.662
5082.143
5279.68
5191.873
5245.372
5324.085
4979.793
4418.707
4047.172
4300.07
4196.267
4685.541
4933.88
4910.305
5082.738
4902.728
4651.444
4818.456
4466.963
3410.926
2964.025
4501.426
4267.184
3982.393
4240.06
4508.214
4873.97
4471.903
5016.517
4058.042
4801.348
5099.585
4261.938
4080.906
4617.61
4578.627
4328.355
5395.61
5855.747
5451.31
4861.573
4397.095
2124.857
4394.229
4505.831
1722.916
3109.247
4263.328
4408.686
5328.404
4593.282
5676.806
4858.357
4364.624
4417.738
4212.745
4295.715
4124.812
4635.199
4784.432
4781.806
10141.51
7015.051
5574.98
5083.851
4942.895
4261.58
4232.861
4344.544
4439.465
4518.749
5595.603
5203.964
7985.879
5958.956
4901.977
5847.446
4894.243
4613.661
4290.92
3272.092
3720.003
4431.903
5114.615
4860.704
5212.923
5330.566
5562.507
4750.269
4726.36
4622.518
4285.041
3825.147
4529.567
4601.874
4772.237
5115.613
7400.272
5846.762
5842.069
5038.328
4591.682
4741.138
4673.808
3732.275
4255.045
4481.778
2792.505
4248.648
4329.449
4141.68
4660.446
5059.74
4860.062
4465.82
3905.19
2055.726
3075.471
4250.409
4506.174
5084.945
5274.274
6036.276
5505.837
5188.464
5460.769
4791.155
4496.007
4106.22
5120.36
4441.043
4677.197
-1252.205
3601.975
4981.012
4726.881
4704.656
5038.118
1703.277
3448.114
3985.517
5193.366
4878.089
4737.875
5507.366
7785.917
6195.517
4489.741
4174.025
4317.076
4442.344
3445.591
4213.967
4225.298
4549.071
4884.58
3805.878
5012.08
5068.804
5200.008
4077.494
4493.649
4207.456
4559.852
4442.01
4367.274
4675.626
6257.746
2347.352
3933.064
5353.465
5408.466
5009.119
-1798.954
-1287.124
3042.054
3799.511
4344.371
4696.736
6323.458
5306.381
5529.693
5179.374
5467.766
4960.019
-4063.076
1829.4
3458.4
4421.765
5033.114
4818.754
5065.557
5279.34
5054.584
5269.742
5472.051
5232.938
5445.12
3695.999
4109.708
4483.527
3902.026
4510.938
5816.364
5652.399
6140.165
6101.75
5202.584
5196.599
4889.316
3945.167
4414.095
4012.539
4238.233
4867.162
4898.283
5514.68
5298.227
5498.214
4641.342
4593.618
3744.877
4353.411
4302.627
