411.829
1108.38
561.3448
207.4716
1456.917
-3447.479
-352.7777
16.87254
154.6348
514.7652
41.58959
200.6191
233.0252
2352.515
2238.128
-376.6156
262.7863
355.0528
484.1587
519.1227
580.4876
-101.9973
548.865
-22248.33
-506.1641
409.6172
-17.15964
584.4691
-2561.986
388.6475
224.868
681.0054
683.7226
326.8971
542.9074
-2534.305
337.937
264.7229
511.1735
30.13075
442.5174
573.2957
597.9458
622.4717
508.3393
451.0044
579.8776
2384.206
772.4551
6231.572
676.0456
-280.2035
726.4297
138.9874
1101.277
309.1329
592.2545
565.7605
634.3872
256.207
655.3909
279.0722
83.50888
532.6293
950.8915
1504.936
669.1147
694.8592
493.1582
462.9051
516.885
1553.153
500.2622
415.1788
1176.533
604.0366
518.5996
115.1709
-279.0728
557.3316
750.3264
260.7312
35.69833
873.6377
369.2153
-1458.506
80.39622
704.3329
620.4494
728.8971
742.8832
-23508.78
-751.2661
379.2427
1205.944
823.5597
752.5284
630.4342
484.2259
919.6694
617.9359
547.4774
-1218.695
-143.9279
358.4821
696.2633
1211.22
5355.832
977.3614
543.8959
426.5282
791.9222
1514.34
487.423
1411.544
816.034
2740.468
696.8522
659.9316
-432.6734
-2949.212
535.9962
328.3755
88103.79
320976.9
23225.14
2681.853
962.8239
878.2301
2560.899
1875.217
50.37201
-15.66054
679.5125
270.1233
10392.23
1554.503
1398.833
-55793.12
-2665.994
-628.4055
1856.158
1061.049
913.771
768.2533
809.8385
565.9175
764.8512
904.0663
1998.324
945.2368
806.1363
1027.592
1455.504
766.5425
87.35503
499.4993
374.607
-641.3383
756.5364
368.2365
1921.179
25620.03
1287.304
181.3521
821.0194
732.4901
564.5668
999.7552
875.8797
789.1997
554.1831
814.2492
773.6371
890.608
938.446
160.6262
812.001
704.6577
982.608
735.1078
774.4023
248.3885
295.5207
1633.332
816.3512
858.4216
904.3213
977.5598
1066.073
569.0325
762.3081
864.9545
-2052.587
411.1021
98.76857
666.0231
2166.835
986.8645
576.6386
732.6345
706.126
678.8368
728.7584
281.1235
-220.0241
-408.6164
772.9657
607.9524
1796.176
-1132.127
717.3843
137.895
594.1786
2292.333
1134.39
1195.112
-2735.963
381.9179
5676.3
1620.36
809.5351
550.3854
121.2405
1128.277
6439.796
890.6402
961.412
845.1147
1361.952
2095.355
678.4162
-59370.94
-3241.96
196.1252
601.5182
738.8906
1032.553
738.0021
1083.573
1296.733
563.3442
747.8768
733.1344
584.2828
659.1735
3189.581
930.2651
680.7633
731.2914
210.7137
-583.2869
698.4962
789.7621
659.8741
5510.596
890.1859
155.9297
806.4526
834.2115
897.1368
1106.003
712.9924
706.3685
489.8625
-1318.577
905.5375
1233.737
668.6631
821.0527
807.7712
1267.333
577.2043
880.4376
443.6891
1314.888
498.0669
354.8171
-7786.734
-57.55619
2088.675
1549.513
-2557.136
439.3879
1999.008
933.0999
83.39789
-1050.503
709.8848
441.4615
11498.66
1572.353
735.5513
1085.869
493.3984
877.7987
798.7043
761.4888
276.4559
416.479
-1213.48
-12.63885
-464.6991
607.2032
401.4163
1048.082
4804.199
866.9975
1049.376
-37.12396
5202.441
204.1644
918.6193
-510.8491
449.493
758.9955
-91.00943
507.3004
477.8067
537.4437
-1440.87
208.2797
518.6738
569.4555
436.2829
340.0256
551.3948
961.6955
763.0245
569.2138
541.1578
454.6258
464.3403
-4665.969
225.5169
377.6246
805.7419
394.4899
741.7058
298.8807
-741.4634
1358.61
456.3673
-268.1468
148.915
258.0442
2976.027
2299.858
-511.422
284.6408
150.1169
-2495.91
-148.088
741.7865
716.0309
-928.0363
561.6538
400.1449
1029.224
476.5965
21.42265
-80.86713
-129.9808
988.8464
290.8325
649.4741
1306.753
474.646
435.2818
211.0525
307.1114
568.9539
-1311.738
73.79878
256.4025
93.81234
709.0297
236.4298
21422.24
3655.422
-287.0939
203.3901
462.7878
192.7932
52.94575
-30.16568
-17.98706
132.1601
518.4186
291.5873
1409.242
140.4655
280.8159
-81.02877
112.4882
106.7254
156.7934
266.2963
68.58446
145.535
134.5276
258.7603
-14728.33
-5571.643
-1.342308
-226.4128
314.7205
-1176.946
-192.9428
166.0197
4.143099
3.79504
150.2155
174.2185
211.6897
213.9076
143.1926
89.40924
496.7531
-118.8215
66.87259
-159.6551
-371.9805
415.7964
544.6989
140.5048
-160.1571
824.2555
207.0692
-587.5464
-2595.084
-48.67118
258.6835
2878.077
-416.9504
243.6966
530.0531
450.792
-461.2891
18.38902
303.4516
2313.377
-1587.712
-86.25151
883.8707
48.90136
-1091.278
-175.2515
-162.1965
344.7424
-163.7198
-234.3564
418.0663
410.9797
59.89635
2870.556
589.7838
70.18221
-866.74
1228.01
151.1549
702.8521
-859.6526
-42.09955
2024.178
-3180.041
1490.335
150.4613
652.2076
-313.4221
200.8253
215.4014
-108.6181
-331.1989
109.4954
-104.6246
-1614.394
-99.29479
-179.6987
-263.9752
-75.52933
727.8893
726.2682
-390.6934
-351.0369
-218.2294
523.6921
34.44133
301.0098
72.78454
406.9965
-376.2802
-189.8776
-82.64313
-135.6559
-1348.588
456.6098
-995.0196
-148.0361
-439.5444
922.3385
-394.2442
302.3967
-26.61594
127.5878
-102.0683
-84.70226
-130.0148
-181.2384
-93.31815
637.7332
276.2554
419.0724
58.86095
112.5141
-221.0706
556.6654
380.5084
-128.3861
433.6034
36.38443
960.095
1829.613
-270.9254
-10217.27
-753.8185
-242.7348
30.74327
374.1536
-554.4544
-225.0176
-499.3731
1757.52
-10.3472
60.17892
51.0779
-289.9188
-96.08661
11.9681
-54.47709
242.4804
375.5134
-473.7731
30.82154
-84.75126
394.5251
5.742066
233.3054
684.8449
73.15995
-96.85914
-19.56803
-138.5576
377.0105
319.0241
-23.92198
19.81437
-7.274347
-643.2124
-47976.25
-1677.05
-168.9581
-730.0106
87.7949
-602.2391
-175.0668
-143.8867
158.1841
-367.7988
354.1348
188.806
19.66862
219.7271
162.8634
388.3958
-208.9616
-6.734091
1091.709
421.6349
347.7832
-90.86466
-198.5788
758.9439
801.1727
279.6509
-143.6441
-1159.349
-181.1293
-358934.8
-22047.05
-1565.594
205.8807
-1166.636
-4114.087
-261.2133
361.7404
-300.1633
-122.822
-2006.364
-3499.584
-252.9853
178.317
699.1398
-0.9808259
136.144
46.19382
95.53848
279.0027
220.9143
-148.6931
158.2837
67.32427
-545.4151
174.4688
-93.74701
-6932.233
-213.6113
297.266
357.198
-78.79554
165.5744
412.0695
-44.5638
86.20468
-334.4143
159.2407
236.2869
454.149
-265.7456
447.7805
1348.676
103.3196
296.8175
-2009.878
956.9353
963.8147
5226.604
356.3233
378.4627
112.2909
-190.5416
472.6898
317.0056
192.4794
287.3348
349.9379
843.5814
323.0742
-1974.823
-164.7471
231.6347
565.902
364.2525
235.2207
234.1975
484.3792
327.1053
108.342
145.2042
680.3073
181.6961
276.4725
154.7537
2637.062
-4269.435
-89.10897
488.1251
678.1786
851.3804
-838.1945
3307.891
753.3842
917.406
1620.411
1619.569
240.9369
714.5063
25.41627
355.4773
395.7888
513.8993
839.1876
272.1323
657.7042
719.8123
-1294.96
655.1109
-4773.814
806.3808
217.5326
442.956
10.26621
538.0259
810.7288
426.0877
762.3457
510.3868
1025.265
2523.766
-41679.5
-1898.17
572.5807
318.2475
681.7697
856.111
503.3683
662.5765
742.8894
-388.4962
413.3645
515.9563
231.0466
430.6263
397.166
596.811
157.4641
-169.519
2146.868
1092.827
-18450
-970.2884
140.36
1080.026
726.2179
823.0827
3670.536
207.5504
-35.9018
7731.262
-129.9225
17.40452
514.1151
1081.855
-891.348
814.0967
2389.51
917.1041
981.6833
1646.683
626.5977
739.4644
1068.678
827.6274
802.7997
962.5229
-731.6989
799.4633
811.6171
630.7312
647.3487
1129.402
1687.988
1372.949
458.8306
859.1688
858.033
618.5213
733.934
881.1737
493.6631
1114.519
1050.919
819.6471
1276.332
1643.393
-121.7647
1054.514
-636.0847
1065.279
1069.871
930.0675
967.2405
1165.087
1169.415
1051.897
1374.658
944.2699
955.0897
1096.417
938.1935
1217.234
1622.205
994.4773
852.4296
3040.569
1240.991
1230.302
1111.201
730.2752
828.0687
1116.955
1088.141
1251.585
384.9804
550.6217
1359.341
1299.727
1531.662
761.2453
510.8508
970.3272
29.95103
1163.691
1141.361
1198.751
2018.763
1297.373
1409.317
831.0619
1442.939
1254.286
1122.164
944.9363
-5634.32
1243.707
1051.956
1337.449
1531.733
1285.169
1254.392
1295.161
1330.18
-3044.858
-602.5685
1282.652
1234.085
1050.532
-786.3228
1077.061
1203.707
-1.064718
872.5126
1430.409
1440.713
1130.643
912.7192
-315.9818
2617.177
1522.698
1829.241
1312.386
1604.794
1291.245
1478.549
-187.6975
1014.222
804.9752
1442.689
1112.797
3087.833
1501.581
1218.306
-137.542
2121.931
1417.601
1652.458
885.1845
1590.933
2133.979
1585.768
2035.668
3121.751
-133.3651
1506.249
1980.549
1590.311
1253.242
1367.323
1532.802
2256.562
1955.08
251.4277
354.4991
1250.391
1255.232
623.2408
1542.428
801.1056
1350.885
2029.791
1963.725
1544.213
1426.297
1728.739
1585.694
1616.65
1621.367
1371.107
1171.866
2140.343
1942.95
1610.771
3466.715
1553.555
8683.015
3494.166
1661.072
1409.246
1579.552
1175.067
1495.205
1763.453
1835.325
1486.856
1774.707
1697.272
1140.011
503.3862
1610.835
2052.543
1348.394
1942.604
417.5548
1805.155
1717.013
-1490.244
1390.565
1669.551
1545.039
1360.775
1510.592
2139.819
160689.6
11323.01
2410.961
1771.05
1539.894
3249.722
1681.898
1685.383
-1513.06
1433.092
1666.597
1771.597
2088.249
1924.741
1640.111
1742.394
1306.217
1716.255
1606.086
1645.689
1582.13
1496.608
1688.69
1823.082
1695.214
1537.26
1346.773
-249045
-13409.92
1340.941
1873.757
912.7382
1771.044
1642.938
1661.871
914.3576
1441.936
3164.37
1636.731
1816.967
1229.568
1322.439
1593.991
1651.698
1742.682
1867.844
3227.534
1538.118
2080.569
503.3757
1577.592
-14927.75
603.4618
1843.031
2060.782
1856.185
2574.281
1634.345
1555.295
-2765.217
1377.939
1792.589
1741.207
1383.514
2193.093
3366.604
1857.299
1203.383
1752.971
1946.723
1768.053
1064.361
1615.108
1681.977
1428.164
1480.888
4157.852
1269.578
782.5039
-182.0739
1368.679
-113.0182
1260.355
1469.675
1651.678
1420.118
887.0336
1584.607
1665.01
2239.724
892.1229
1430.45
1807.63
1585.259
1222.213
1490.807
1207.139
1565.935
1870.139
2046.002
959.2898
1447.75
1785.523
1632.39
1567.348
1603.668
1632.226
1939.52
1580.992
1338.361
2144.111
2958.226
1589.311
1354.347
794.1189
1025.847
81.98224
1569.416
-169.0877
-3856.039
772.5727
1496.261
1518.332
1663.319
1347.49
1470.373
1525.195
1537.251
1636.82
1685.532
1366.04
1402.549
1041.482
1521.343
1463.121
1472.594
835.2565
1910.568
1591.563
1583.592
1401.872
643.435
1257.673
1422.209
-646.4073
695.6402
1169.606
1290.572
725.7559
1260.954
1444.382
1600.712
1385.631
2067.017
1901.246
-521.3052
1251.648
884.8433
1320.113
1081.987
1664.82
1455.386
1353.09
2357.147
1217.503
1066.598
4081.053
1219.204
1571.47
1510.396
1493.751
1425.078
1407.373
843.3585
1405.711
1320.635
1452.132
5772.327
370.2634
1477.71
1562.292
1060.443
1461.555
1410.965
1742.45
1269.589
1303.369
2482.063
1161.185
289.602
-1022.383
2843.831
893.9478
1298.87
-436.7463
1077.105
879.5785
-10.82444
1157.634
1596.6
1343.321
1133.454
935.9652
1100.161
1223.138
1176.26
-8013.689
647.2254
1324.111
913.472
936.9615
846.1559
696.9804
1177.77
1318.358
1132.988
1566.605
641.9779
964.7383
1178.971
1335.609
1506.068
912.7891
1332.025
1021.245
1048.056
1649.303
-1113.014
745.3241
1012.789
1192.4
6491.585
1685.478
1398.288
764.589
1313.165
252.5063
1375.283
1243.27
-1561.05
-4310.699
547.8924
793.8525
1090.454
977.301
733.4268
1180.738
1350.21
861.6044
623.3176
919.2584
-1575.906
666.3846
770.0964
1330.477
1165.001
872.9784
-517.5123
1207.335
270.0319
563.5502
1221.964
827.4882
847.6964
968.0611
1037.251
815.8048
1644.948
794.4981
1017.708
625.9714
1276.287
574.5459
472.8357
641.9232
-2449.925
-2676.455
427.4882
-1689.279
807.3449
731.2159
1656.485
631.932
1117.067
874.9783
936.8519
989.4375
-4286.038
551.5842
573.9399
1255.984
1106.666
-48.30643
717.1116
922.5978
677.2
2546.433
1156.619
1043.508
1312.514
765.6239
1004.798
750.5867
768.9709
218.4137
613.9477
-415.9737
552.4241
787.2977
921.9421
1359.362
692.7998
726.0651
1205.307
830.5331
920.3533
740.2899
694.3131
-673.1904
1007.367
482.5518
658.2332
896.7417
977.5981
-666.9318
923.4977
908.9179
119.0137
726.5671
727.0951
780.2495
-1551.783
410.5452
1599.808
743.4001
522.2371
969.3232
777.7708
685.9149
777.0255
965.3183
899.2007
992.4949
659.1917
1744.265
-5845.453
1378.166
567.7564
825.2538
346.413
711.402
669.93
-258.2471
823.1601
453.042
-4549.079
660.8923
719.6805
823.3546
612.7743
1173.786
743.0905
2076.924
775.5552
3230.707
945.0032
867.9693
-9178.521
186.0917
750.3277
769.2768
203.177
120.8781
497.9412
595.0093
937.2915
923.7849
932.0298
1069.061
886.138
824.1526
1210.669
537.2782
3116.958
599.7181
136.0712
872.6194
326.1613
672.6588
-378.4316
720.5857
1701.964
552.96
679.1135
4123.349
982.699
-7962.158
331.4252
811.6552
1252.57
1007.628
788.1883
1605.162
698.8398
2704.097
1043.499
1311.171
614.8748
637.198
757.6034
609.7142
798.2484
820.1808
40.43816
846.6361
-92.68439
846.725
805.4474
1182.968
1037.683
-52.09426
475.4994
1038.454
764.4378
1578.097
519.0089
800.0931
989.8312
764.7859
1557.617
1030.618
688.6076
957.9336
849.514
864.1335
762.6822
2173.65
1135.114
915.2299
835.5682
1844.46
1100.869
-677.0806
597.0293
433.4774
711.1608
1378.721
539.6217
-2862.644
281.4833
684.3592
-37398.95
-1148.5
731.5142
575.081
-4413.772
726.6081
574.9968
1927.746
-559.8234
938.8493
142.4282
1069.759
328.6463
736.2448
1305.036
883.8391
1080.073
908.3831
881.877
-115.4651
-1215.302
1295.442
900.2951
965.286
930.6412
842.2225
758.348
1024.799
721.737
906.8833
1443.411
490.2701
1142.036
711.6448
1398.44
1297.728
1206.271
1608.398
1000.229
879.4438
5541.953
639.5847
945.395
1128.41
980.1703
1111.168
-819.2521
1296.995
1357.185
307.4982
115.6605
880.4157
1343.56
942.3428
1061.065
6983.805
13624.28
1949.885
845.3282
1196.569
1820.73
1114.537
952.2885
2354.583
1316.715
2115.145
1235.396
-3637.91
1645.539
-1519.525
771.0064
1328.726
1027.567
1232.743
1635.101
1328.133
1405.575
1326.593
1523.865
1266.312
3725.247
1317.952
2648.028
4281.66
1589.705
951.4194
1069.704
-13546.02
563.9821
1564.139
1579.053
1376.077
1182.543
-2857.483
1282.295
2458.451
1745.301
2042.765
1509.312
1421.25
1310.518
865.9239
1563.084
1620.817
1346.863
1559.36
1705.903
1423.045
1423.858
1411.193
1410.875
1438.723
1819.54
1418.847
911.516
-1785.987
1336.119
1458.008
1730.11
1724.089
1435.824
1949.747
992.8496
826.0254
2727.12
822.5827
1775.514
1620.375
1297.729
913.0669
1451.157
1516.406
1531.884
1407.669
1386.574
-1030.224
1293.426
2579.789
3398.412
-1203.167
-1411.399
955.6684
1497.372
2079.415
1469.342
-212.6102
1946.083
1332.288
-1441.015
1300.275
1932.4
1752.117
1895.365
1569.131
-6380.963
847.0964
1468.367
2043.811
1743.543
1805.54
989.6628
1410.636
2025.007
2234.211
640.5461
4838.111
-1014.421
-2000.617
1913.936
3437.648
786.6317
1962.592
1864.551
1722.107
977.4907
-38693.44
-773.5439
1467.007
1732.113
1860.186
1688.395
1808.394
1514.502
2148.66
1394.783
1776.278
4868.229
2433.242
1861.69
2525.637
1849.18
2427.949
1791.487
1760.113
2171.097
1744.261
1748.952
1888.092
1428.747
1939.047
1483.809
2297.739
1701.643
391.0866
1949.911
136.4971
4072.294
1859.015
2268.77
-25526.92
2734.242
1125.841
2033.132
2331.964
1181.315
2026.479
1584.588
1972.791
2075.912
2151.534
2069.079
413.1318
1729.576
2023.88
1797.676
862.8025
-166.2642
1340.666
1461.624
2181.99
2156.333
2492.634
2003.337
1991.808
1635.644
2298.655
1108.86
2810.366
2943.042
1698.494
29666.13
4240.928
2117.003
12281.4
2740.086
1115.007
10440.43
2607.076
1849.961
2512.737
2272.15
2009.986
1912.942
4256.532
2406.27
2317.526
1597.176
3170.702
1953.904
5033.147
1865.944
1806.605
2486.376
2673.868
2146.534
3110.05
2182.301
945.336
1986.091
2238.072
2232.738
599.0592
1428.857
2644.712
1935.953
2416.668
2332.597
2795.411
2315.662
3105.108
1465.912
2582.478
2166.565
2933.726
3022.593
2676.158
2309.278
2158.287
2529.862
2751.895
2117.588
1737.158
2361.592
2257.806
2332.719
2410.378
17238.63
3115.398
2453.384
2565.848
3319.433
2487.785
-10497.32
-10961.03
2950.124
2430.428
2375.991
2595.548
2227.061
2429.124
1923.036
-3050.917
-264.5475
2037.785
4269
2491.082
2655.767
2476.336
2370.006
2278.623
2310.471
2516.217
3224.452
2846.214
2282.074
2275.092
2195.165
2318.19
2321.052
2712.679
1535.652
2459.398
2426.643
2617.103
2713.662
1839.787
2307.555
2744.156
2630.807
2082.328
2623.269
2285.382
2212.232
2454.439
2666.283
2297.133
1594.346
1427.466
1400.446
-2849.622
2064.95
2475.101
2005.572
1072.424
2442.873
2126.745
2112.099
2854.169
2622.107
2525.658
2537.636
2559.203
2530.45
2189.281
2593.957
2553
2011.565
2259.312
2698.112
2945.242
2411.929
2906.999
2118.623
2615.797
2615.567
2306.937
2262.745
3522.306
2859.924
2177.455
2399.288
2663.192
2516.977
1934.954
2786.195
2600.222
2454.337
2462.002
2675.602
2539.679
22145.01
2919.958
2495.334
2811.472
2521.072
6102.373
2718.723
2400.322
3100.549
2944.775
2619.011
1389.681
2786.419
2720.478
2321.779
2233.299
2205.959
2425.327
3623.69
-6881.528
1850.273
1988.053
2728.655
2384.977
2533.039
2436.426
1169.157
1611.997
2183.555
2324.482
2349.62
2951.505
2497.328
2289.987
2193.152
2194.317
2296.596
2482.996
3432.142
2495.519
2504.297
2856.729
2513.997
2685.232
2341.696
1402.487
2197.268
4192.388
2908.23
2259.21
1879.805
2621.362
2309.956
2532.514
2305.969
2660.683
2375.596
1997.491
2236.914
2692.41
2590.884
1443.9
2488.843
2331.572
1677.839
2165.429
2219.305
2571.905
2298.94
2145.096
3343.915
2339.005
689.3805
2192.463
4347.475
2310.505
2384.23
1346.023
1881.419
2611.548
1547.427
2247.843
2391.435
2586.005
2482.536
2295.752
2543.273
2300.245
1880.713
2454.892
2045.798
-34279.15
409.6013
2133.492
2662.16
2288.061
2336.869
2330.878
-755.2692
1456.043
2265.988
2129.726
2277.987
1811.12
1914.513
2025.482
2332.78
2472.857
7086.011
432.768
1823.644
1463.03
2330.718
2156.738
2167.704
640.1417
2093.385
2228.042
3422.489
2196.459
2267.118
2105.895
2408.441
2602.994
2069.764
2424.753
1915.248
2458.541
2035.557
3279.639
2273.271
1969.345
3871.67
2009.534
2170.355
2201.345
2947.211
1430.49
1900.134
1848.013
1915.704
1991.193
1995.379
1894.89
1715.224
2001.42
-516.7595
1778.134
2063.568
2127.972
1003.95
2024.236
2231.891
2143.713
5239.955
2120.672
1791.359
1944.491
1981.124
2031.212
1776.682
2013.779
1807.363
-1965.223
2657.715
2395.336
1900.136
7190.282
2248.97
2150.877
2216.245
1561.225
1938.379
3075.245
2105.314
2003.717
-3483.668
1650.91
2214.762
1547.829
1094.093
3401.916
2339.678
2211.563
1067.274
1572.583
2183.519
3130.611
4942.281
3679.671
2365.604
2255.604
1861.982
1892.533
1910.101
2661.683
2021.806
1659.948
3341.206
14927.38
3464.644
1651.374
1451.188
1603.374
2033.991
1814.458
2102.103
2256.678
1696.132
871.5543
1755.824
1900.88
3257.001
1413.544
1616.782
2550.3
1891.629
2045.17
4556.989
1748.353
1921.493
1842.578
1808.686
1733.079
1581.499
1922.684
1558.677
1882.173
1865.098
695.8843
1724.511
69.52905
1897.194
1650.343
1993.01
2232.35
3620.691
2121.503
4041.534
1921.731
1636.869
191.1661
1550.239
2580.173
1477.467
2201.136
-384.7701
1596.607
1422.8
1291.674
1608.531
1701.056
1771.14
1530.993
1398.819
1925.682
2714.602
2544.713
1773.71
1902.504
1727.941
1949.181
1535.092
1367.154
1679.766
1874.128
1737.922
1586.617
2660.726
1356.898
1697.343
2518.664
4041.071
1748.721
1384.568
1414.045
1885.132
917.785
1863.049
339.7634
-468.2535
1414.638
1747.399
2190.237
1585.252
1751.572
1532.791
1213.944
1365.79
1920.168
1471.484
784.1126
1384.713
1502.476
2325.831
1784.026
1826.065
1390.087
1689.694
1473.723
1633.466
6215.162
1853.155
-5147.694
1271.702
1334.282
1241.954
4875.11
1788.065
1560.849
1172.345
895.5531
-152.8528
1506.094
1501.168
1153.896
1263.701
2422.703
-981.9862
1355.415
1419.049
1328.744
1650.147
1648.572
1778.365
3496.543
821.1521
1448.048
1295.105
1408.062
1091.332
1854.483
-35.4777
-2028.042
1242.202
1691.597
1289.346
1795.947
1314.527
986.2181
1510.708
1816.966
1178.252
997.3294
2180.453
1984.496
1596.249
1416.282
2084.348
1501.235
1607.25
3184.611
2033.846
1072.493
1250.435
1616.996
1489.131
2223.969
8142.351
4203.329
1589.547
1123.965
1543.262
1530.649
2429.43
-2538.964
1445.43
1768.499
1468.405
1613.074
1625.557
1695.48
87.04229
692.7064
1709.861
1739.06
1599.611
2229.313
1651.132
1775.275
1770.374
1093.047
1720.506
4684.663
1873.365
2186.221
1673.668
1306.433
1077.765
1737.347
-6940.205
1109.295
-612.3249
1350.42
1541.057
1074.463
1957.308
1398.341
3657.675
1840.451
1435.892
1448.166
2616.915
1939.9
1595.866
1390.699
1709.232
1757.317
2143.893
13726.41
2495.615
2194.571
2379.793
1480.543
1816.475
1672.509
2076.568
1769.399
4675.823
2215.582
1698.679
1433.61
1765.855
1711.132
2052.34
1808.268
2024.086
1489.989
3778.455
1674.212
1852.811
2484.303
1626.045
1373.062
3574.561
1115.201
1787.062
2019.238
-8908.923
1316.015
1330.284
5246.642
1435.348
2383.909
2463.35
1960.568
1700.299
3363.177
1868.911
1851.663
1694.415
2327.533
1821.143
1790.305
2109.318
2431.255
4659.358
2023.573
1049.893
1440.484
1828.954
-10.66414
1620.739
4499.78
2030.583
2281.734
1598.311
1857.101
2220.428
1959.624
291.9402
-2042.279
1640.348
1874.329
1051.052
1863.211
4021.314
2019.571
2321.762
279.712
2019.015
2353.464
2094.594
1913.478
2481.776
-13910.28
938.6976
1486.66
1428.753
1996.732
2201.241
2183.358
3072
11795.33
7363.317
2571.611
2308.691
2120.563
2415.865
4643.563
2731.788
2185.403
2295.265
1755.852
2127.327
2132.191
2171.809
2318.342
2722.985
2111.733
2180.282
2305.875
2329.635
3449.954
2592.055
2863.028
2437.839
2201.879
2486.698
2133.179
1994.497
1248.125
5335.079
2409.664
2482.929
2198.308
14544.57
2961.256
2370.83
3171.91
1798.547
1992.712
2925.51
2165.611
2445.184
2185.624
2412.094
2020.506
2364.214
1710.019
2343.052
2552.747
2281.077
-9109.494
1873.951
2644.246
2821.719
2824.988
112745.9
-3437.875
2182.257
2604.024
2521.944
2499.874
2387.102
2513.02
2454.741
2635.924
2803.326
2388.428
2618.551
2428.068
8329.04
2176.588
2432.734
2569.32
1915.518
2705.481
2718.891
5085.715
2050.351
2327.332
2134.243
2536.249
2446.401
3066.279
2838.664
1728.715
3025.398
2887.534
2048.252
2345.957
2581.429
2449.686
2420.28
2700.156
2798.193
2442.11
227.7537
2273.849
2656.846
5065.465
3708.36
2959.613
3382.392
2775.909
2836.204
2804.828
2723.393
2530.823
2415.603
2796.465
3993.971
2743.912
2597.998
2280.323
2518.952
2760.244
9061.692
2952.252
2855.585
2963.105
2877.236
2690.433
2437.331
2763.087
1715.893
2980.182
2488.392
3110.694
2886.773
2978.424
3140.176
3594.373
6744.003
3210.716
2431.054
1034.958
2790.307
2686.95
2428.451
3010.202
3503.684
2336.533
2837.217
2740.686
2552.19
6151.248
3901.847
3140.601
3042.723
4427.363
3065.166
2841.97
2895.919
3119.777
2182.527
2431.284
2901.325
3526.37
3016.273
2859.225
1888.702
2951.339
3163.1
1748.153
2835.058
2359.296
6098.748
3162.742
3065.138
3316.417
128.9254
2976.668
3119.725
3253.444
2154.642
3177.54
3283.994
3034.955
2888.227
3245.815
3344.491
4999.369
3191.693
3065.945
3491
4207.62
68529.2
7350.99
3369.317
2981.318
3300.621
3194.434
3304.285
1741.875
4001.84
3157.202
3305.501
3124.121
2621.681
3515.192
3035.452
3259.759
3000.984
3011.626
3455.076
3414.699
4656.084
3674.334
3147.754
2922.392
3361.346
3456.155
2630.785
3393.687
4342.762
2606.431
2900.88
3249.193
4851.51
3541.836
3202.731
3295.358
2954.818
3092.373
3872.528
3134.816
3053.21
3325.081
3289.14
3228.306
3276.292
3800.131
3553.61
3112.352
3060.981
3441.185
3873.779
4000.339
3115.874
3167.654
3444.974
3440.766
3400.877
3275.349
3240.557
3307.548
3174.52
2465.487
3176.809
3099.988
4029.309
3308.016
3235.144
3203.903
3451.097
3066.843
3203.155
3312.262
3806.589
3285.9
3634.66
3329.642
1943.903
3718.693
3395.981
4039.957
3332.517
2084.927
3693.895
2073.202
3627.422
1880.656
3039.253
3137.537
3758.954
21416.68
4350.737
3091.238
7087.177
3168.147
3319.496
4371.027
2933.057
3297.808
3337.349
3202.681
3380.804
3447.848
3205.883
2948.669
3251.515
3330.53
1504.738
3327.419
3216.99
2909.432
4427.044
3362.428
3511.213
3531.213
3236.552
3523.605
3280.814
3792.407
2705.549
7431.732
3444.407
3491.809
3728.155
3392.188
3814.695
3756.477
3751.519
2937.756
2985.844
2949.486
3153.796
3291.852
2899.444
3063.245
3523.473
3046.138
2901.118
2775.723
3229.434
3321.987
3215.358
3475.913
1904.012
3223.645
4810.287
3549.324
3177.465
2302.144
3825.985
2864.889
3223.783
4170.24
3370.425
3227.472
3324.092
2526.251
3124.983
3127.453
3300.061
3310.114
3146.031
3185.686
3292.558
3245.546
3045.803
3080.271
3273.255
5676.222
4246.151
3259.539
3130.071
3306.265
3218.603
2429.036
3443.637
2990.037
3016.013
3279.955
3136.29
3232.823
2099.609
3066.278
3009.263
3321.474
3228.275
3211.395
2009.947
2324.684
2777.565
2996.315
3115.587
3231.695
2906.433
2338.612
2895.82
3150.81
3962.202
3224.685
3193.534
2828.065
2604.3
2844.035
3032.593
3432.814
2916.348
2721.874
2997.264
2566.197
3771.807
3264.81
5640.394
3269.577
3065.241
1517.645
2360.169
3026.815
3221.266
3244.766
4210.074
3458.36
3368.868
3274.457
2967.963
3030.881
1791.246
2996.282
2367.132
2539.171
2983.655
3216.92
3074.192
2959.702
3156.135
2721.32
3033.952
2243.514
3422.84
-107083.4
-3740.274
2458.145
2707.991
2907.229
2806.114
2377.903
2963.966
9342.935
3055.2
3128.332
3005.657
2151.618
2893.254
2770.208
2943.037
3131.588
2602.788
2293.807
2325.319
2114.615
2787.604
2400.239
3979.007
3065.772
-21196.95
1178.357
3078.673
6892.366
3290.319
5252.691
8263.958
2879.045
2747.976
2923.181
2412.211
2816.208
1799.429
2152.909
2375.739
2693.674
2376.229
2857.708
2868.389
2954.621
2887.506
2678.98
2744.385
2734.164
2669.791
3540.698
2811.171
2883.573
3301.394
2887.997
2807.166
2643.137
2704.749
1778.604
2494.352
2803.205
3239.54
2754.55
4462.66
3056.055
2887.406
2557.966
2719.528
2774.351
1888.146
2601.794
13085.97
3609.041
2452.618
2493.441
2571.501
2731.613
2753.348
2451.772
2730.287
-669.2465
1920.548
2657.839
2398.958
2730.211
1732.49
2240.691
2705.78
2464.553
2290.973
2535.636
2444.621
8344.957
2738.699
2586.751
2959.229
2620.937
2472.307
2835.203
2695.103
3257.557
2438.249
2619.439
2896.425
3049.952
2555.345
2370.19
2646.356
3344.377
2131.486
2584.822
2441.22
3999.709
2631.307
2583.051
2427.619
1691.999
2198.332
80205.74
7415.23
4289.483
3199.206
2486.464
2566.749
250.5718
2602.507
2540.001
2501.024
912.5229
3582.717
2581.984
2797.257
3227.486
2340.896
2024.979
2521.181
3377.105
2508.771
2017.188
2219.862
2198.556
2923.375
2146.898
2321.684
2617.838
2380.884
2486.299
2599.133
2318.203
2699.252
2535.923
1247.954
2325.247
2585.813
2239.47
2550.817
2618.29
2775.151
2628.491
2373.347
5828.05
2625.154
2524.026
2583.014
2431.995
1733.803
2421.547
4707.455
2463.287
2477.961
2304.743
2677.263
1986.446
2792.751
979.0906
-14385.17
1126.447
2578.378
2359.054
1260.606
2162.995
2100.83
2319.376
2590.083
2799.974
2139.819
2440.932
3058.285
2655.625
2103.806
3419.818
2369.951
2932.63
2572.139
1411.626
3070.459
2496.29
2494.895
1861.01
2612.008
3241.355
2513.161
2676.817
4456.192
2348.11
2732.507
3423.978
2440.653
2540.247
3222.037
-23715.63
942.4013
1832.589
2371.676
3411.215
2394.628
2884.186
2696.785
3245.571
2467.558
3453.688
2647.402
2495.742
1830.684
1785.924
2799.489
2228.238
2428.719
2893.784
2434.068
2717.01
1928.12
2264.342
2412.273
2944.749
1833.077
1967.02
2854.146
2713.264
2434.07
2186.995
2239.274
2508.877
2018.103
2854.341
2294.706
1646.483
1808.388
2566.456
2439.314
2699.213
2361.835
2011.976
2152.186
2426.732
3003.216
2426.549
2643.186
2640.059
2854.224
428.8926
2449.347
3176.448
2593.763
1221.507
2594.124
3607.787
3412.153
2642.187
-2515.026
2206.716
2366.281
2739.832
2399.166
2449.736
4522.016
2792.281
2150.651
2519.568
2642.751
2607.713
2458.231
1164.873
2854.27
2715.679
2744.803
1371.863
2994.389
2619.736
2842.974
2552.402
2771.465
2626.475
1264.428
2661.406
2944.397
2617.762
3080.765
2571.798
2740.514
2685.075
2380.918
2266.404
2711.697
2564.616
2658.469
5478.216
2885.949
2638.923
2694.499
2387.628
2677.464
2884.626
2791.753
2754.805
2327.713
2314.503
2520.039
3208.287
2793.162
799.1391
7858.599
