-1269.657
688.1358
213.7043
-903.2785
447.3472
-326.8157
-95.53321
-403.3513
524.4726
245.1523
672.5375
640.6772
191.0626
11.49382
550.7214
359.0092
367.6645
424.8079
-38.92693
300.3285
-671.3809
115.4436
224.2858
925.5341
313.106
873.6041
575.6681
25.52352
501.5466
541.1717
698.8915
276.1212
399.178
302.9571
384.3716
41.69397
-280.6927
271.6332
-3801.046
195.1944
297.5664
393.818
405.8481
1606.924
1217.732
391.6075
-63.35653
259.399
357.7528
111.3007
182.5238
414.2231
415.462
1018.501
452.0452
544.6469
-354.5972
388.22
589.1758
-225.5927
379.0985
867.9306
687.3994
429.9468
291.2937
919.434
471.3399
676.738
171.249
3864.008
698.6591
1708.799
519.5466
1015.074
502.2472
976.448
323.1369
443.3726
-168.7831
-1876.92
-99305.23
-3920.953
372.033
382.0766
174.8671
394.5706
271.8679
-1116.482
781.0613
517.2578
436.8693
538.2058
418.2671
958.889
572.8755
-6999.854
-486.3184
501.1016
416.8963
146.0983
10829.9
963.599
445.8637
205.9075
1402.863
334.4947
323.7018
511.8345
442.1409
10.03966
493.7109
538.1975
414.9948
10750.64
318.6016
938.9268
532.2527
444.8013
578.9915
539.0512
371.226
397.4635
546.9426
-452.1493
549.8443
1112.112
229.3703
1071.078
428.5892
1224.037
797.2964
919.2682
664.5489
-3170.285
105.1103
256.1467
366.0422
295.7876
394.462
466.1098
549.5318
-52.13164
547.2358
2155.586
76.03396
305.059
376.3945
159.1692
350.093
1108.677
297.4411
313.3192
-85.00752
21.00309
14636.25
1113.225
2861.656
1738.828
551.7035
1298.352
179.7
467.3212
412.5441
280.4379
436.1219
37.29914
1724.44
489.9481
81.54446
540.562
550.8279
182.7985
287.726
-1498.909
878.6155
54.75552
455.4067
901.8842
541.2797
-421.0177
227.5021
63.02766
1975.578
114.3987
2039.454
462.0399
-407.3342
118.1973
223.6181
742.0607
752.5151
5.230281
-18917.22
-860.5889
446.7446
-54.0233
127.2876
14.98145
344.7898
359
357.7997
425.2469
-79.23582
-7389.671
-338.2757
245.6784
-20.64915
332.2307
-198.849
-357.0948
747.8379
48.00034
-373.0823
-107.518
-114.0402
-1308.58
171.6987
-448.9772
-128.9389
229.6052
251.0144
230.7421
269.4436
96.98396
20.67133
5.685308
71.71788
46.08137
237.4489
-297.3375
-68.60261
-534.0379
3686.177
422.3431
-1118.334
-752.9166
-240.6926
-696.6187
-1082.354
11.57254
107.018
137.8966
-280.2804
-82.71929
-136.1183
-98.46268
-95.41325
-170.6853
-185.2796
-422.4774
-666.9852
102.1563
-27.68976
354.4145
-104.5156
775.3835
-843.3673
-258.9232
-381.4392
1567.658
-24.16719
345.596
-318.3072
-230.9886
-546.1202
-12.3636
-173.0208
203.6693
-390.5617
-205.8596
83.13977
-3539.793
-543.3352
149.8111
-182.7408
37.36078
67.84206
-403.285
3457.929
709.9667
-391.1951
-552.7853
4658.578
6223.168
-1768.636
-3609.386
-606.2121
150.0707
37.63911
1358.688
-239.8562
4359.415
286.1293
-258.0459
-1381.059
429.5856
-6174.837
-1044.977
0.3238746
14.34656
714.3198
-172.8512
-515.0617
-198.4925
-922.3154
-297.8602
592.1242
106.2881
-300.4898
-32.8215
-684.6428
-102.3862
465.016
-845.5886
-334.9587
-119.2035
-339.9445
186.1124
-116.4706
66.69228
-109.4575
-306.0474
-409.9228
-267.2729
-288.4168
-1882.959
2190.309
-252.6894
-268.6986
-162.9179
-243.6044
-376.8908
1391.531
360.3246
-195.1108
-341.9641
-372.1429
-296.8675
-326.4914
4.512947
-221.7144
-225.113
-190.4106
-222.5739
37.47337
-102.3971
-774.2941
-179.6342
-1094.467
1368.324
-251.0675
-174.0061
-294.4579
-193.4116
-969.3769
-269.2173
-832.0418
2301.834
-260.73
816.0422
-600.3261
-424.8864
-282.0958
-47.24149
-469.3156
-656.3555
386.1265
-185.7323
-862.0716
-347.0769
-410.6794
-203.9796
-597.4339
166.6711
-859.5806
-861.7191
-329.6506
-105.7825
-306.0229
-523.1724
-333.7152
-198.419
147.7862
46.85946
-288.3715
-2365.586
218.0193
-243.6836
141.9526
-554.3595
-489.5343
-560.5482
-234.2159
-164.0857
53.97706
-306.7955
-329.5209
2168.652
12.12957
-378.3955
-281.8843
-285.1077
-266.9382
-344.5277
-644.6791
-707.5993
32.34811
-755.505
-333.9478
-626.6146
-1263.366
-238.5714
-473.4628
-232.9323
-1063.917
121.9
-175.0326
-237.2932
-62.02097
266.1721
-859.2626
-3541.255
-397.5795
-847.2872
474.6064
-401.8208
-630.3022
5.18364
618.0507
-142.2054
-11.46187
-232.9321
-667.2216
495.5888
-4.648669
-30.69528
1161.688
-329.9364
91.34345
-163.4174
251.5635
-917.3744
220.1924
-320.8976
-33.68925
141.7026
-190.6583
-73.03393
-91.90939
-11.03202
530.6762
-104.3119
41.53356
-478.2522
-107.8463
34.56254
-26755.09
-1257.39
-24.63728
-2.367665
-1240.449
-345.4532
-28.12026
-889.51
2.148612
-267.3257
-303.1709
215.2843
9278.155
139.1732
-288.4043
-359.8738
292.0229
450.7258
430.3141
-3805.203
29.08772
126.5346
-277.3712
-1228.458
-572.4931
-147.7773
51.61726
4639.058
193.234
92.67346
-405.7792
-391.6031
78.18246
2095.775
180.6512
1059.966
648.9359
-39.32816
319.5526
235.8635
-28.7591
343.2631
538.5084
115.8673
-1485.787
443.5876
229.22
156.0638
227.4232
359.6163
338.4442
174.1214
-264.2617
354.3499
265.5688
352.8713
65.02073
215.1865
357.6428
299.9719
485.5162
982.4853
347.7156
448.8577
-391.1194
157.5964
4013.013
702.4692
346.8206
362.1819
177.379
526.1459
4371.303
2614.65
13291.74
915.991
2193.186
192.205
284.7668
295.4876
267.887
579.1203
380.7093
249.6607
465.4629
286.438
-434.8868
916.8566
455.9916
422.4004
252.6127
560.7564
226.075
348.1872
-645.7962
627.4167
113.4072
1029.928
1375.709
427.3497
667.9759
511.9607
221.8455
371.3548
627.8486
474.9414
-48.70107
637.5504
440.4085
588.4709
292.4973
-456.5175
498.1458
1469.308
214.6588
1962.943
7069.312
944.2394
167.0614
3376.509
659.7436
799.2386
605.2987
524.2229
232.0325
424.6312
540.4842
1111.948
568.9093
-3927.788
-585.1993
552.4861
630.4341
361.689
769.6464
-20847.24
-550.724
685.4116
2955.945
563.4922
714.575
386.8644
338.8135
589.7243
656.841
5655.067
24272.14
1692.608
956.4863
640.5858
765.1702
104.1567
-5536.914
39.20442
-711.873
555.0289
712.6707
623.7282
510.4918
639.0698
780.7244
957.3931
517.1722
975.9332
381.9014
534.8314
367.5259
187.4837
388.6144
726.4205
-895.9159
341.1831
-254.2224
-1066.307
-2270.228
532.1925
697.0012
16.83324
966.2229
1086.673
750.0558
1341.638
595.2367
625.4729
403.3447
724.7324
652.3677
681.7258
658.4461
603.1059
648.0591
827.4594
548.0828
773.5779
857.8873
292.7468
625.6453
637.348
909.8241
-14.44973
6656.098
-1231.141
635.2958
1616.086
836.4973
577.1071
875.3013
951.6098
-30.57531
14819.29
723.1502
723.1516
484.667
6130.576
867.9103
598.5854
673.0963
503.1492
468.8322
579.4234
595.7332
191.184
138.5582
-491.2146
793.5113
595.8521
1005.731
480.2395
634.3267
454.4158
434.0542
323.6751
-15222.78
398.2958
287.6148
8999.765
976.7774
644.158
115.7196
736.8379
553.3927
1155.181
453.2304
524.9533
621.5997
544.146
587.9797
301.9973
-334.6697
586.185
208.0262
447.2767
427.7194
-41.95708
287.5255
477.1793
1285.448
606.6222
231.9254
523.7526
270.2784
387.4342
933.4194
183.268
754.376
482.8312
9995.597
917.589
233.3905
380.3423
-11.71752
496.0038
-9518.216
2431.046
557.5889
-757.0466
1143.595
427.9694
575.9755
215.997
8350.172
105121.3
5139.773
616.6224
655.2769
170.5652
11449.17
-3401.47
98.88817
173.8597
509.5778
202.6377
199.5398
1507.907
-276.4751
188.8844
301.5372
240.7324
403.2305
771.7913
347.9512
164.085
561.6906
-20.55734
-696.599
3353.838
-236.4675
2828.158
361.0858
503.9185
3495.303
-1648.229
-673.3773
2338.298
424.4099
169.6445
-2855.224
-33.54745
139.6413
313.4466
161.1682
112.2543
106.6817
89.13707
319.1036
246.7472
65.40668
217.2676
101.2706
1808.181
534.2243
833.8343
-480.9995
251.8355
136.8477
-142.3321
-5.162244
-22.90365
91.6761
158.7014
602.1045
99.19666
-89.49512
700.5791
257.0622
139.6027
178.83
90.88968
257.0056
5.9793
-103.231
734.9098
-45.98733
-1393.677
-1113.852
434.3616
-556.358
-247.3342
231.4243
-369.2782
423.1676
184.3324
276.9124
-8.697357
-299.5683
182.0173
205.0914
106.1774
-54.47342
-773.5972
-1898.273
-30.84632
-70.73171
-281.1843
-2418.377
-418.8476
6.503385
509.7377
301.7154
126.966
-105.48
-106.0476
-91.16146
262.0322
-39.62181
821.0229
-484.1329
555.4039
-774.5986
-126.537
-161.1362
164.698
113.1141
130.5721
-87.80734
-274.881
178.9928
634.4143
-83.01756
-189.2126
-81.22583
137.5461
3693.194
129.8827
-262.8054
1078.613
-35.40162
-61.50278
102.6829
83.6255
237.0277
-585.7985
-3.229487
65.53345
85.51998
-37.35373
-121.0582
-387.7756
-119.6898
-18.77607
-173.3282
-396.2644
-178.1426
-1283.698
-443.8602
-85.42527
-228.7086
-92.64707
-4.057398
-190.6403
-70.47633
-204.0031
-56.44264
115.2189
-65.92014
144.0888
1150.618
38.10561
10.71166
-892.8026
-171.9057
-578.9344
92.84282
17411.08
633.1784
-4.696649
248.5108
-164.7972
205.9147
-250.0269
-124.7092
799.1732
8427.133
107.317
75.00038
51.80288
-159.8126
-182.086
360.751
-55.24326
-527.8861
140.8085
-224.9905
-418.3554
-166.4005
-646.1238
-491.9676
-141.6945
-176.6864
-47.66743
8.094771
120.8376
-4810.671
-457.1524
-15.85483
4963.274
503.1611
-718.2044
135.8432
-162.4146
-215.4233
3626.592
164.3187
-65.458
330.4191
-219.8777
-134.8352
296.453
309.6696
41.70395
-204.9833
-2418.057
29.14408
395.3279
181.7721
-256.2554
-63.07939
-282.6341
-780.1566
742.8694
-779.8674
1156.662
177.3426
188.6642
-787.7493
-51.28673
-4.463074
345.5021
-2107.769
-248.4679
4406.286
740.3651
762.3384
63.57528
81.463
144.0038
614.2341
-241.6095
147.6153
331.183
554.4414
79.02687
794.8811
165.0601
-6131.729
172.2405
-104.59
1740.209
51.70554
157.3121
88.51998
-3435.995
-30.15204
62.81145
267.2481
451.2887
-137.448
-1460.145
-978.0147
379.3364
109.6085
119.9767
50.51738
68.39677
-28.96129
248.0365
832.393
-187.6956
-108.0905
2187.092
192.1636
217.2647
291.7512
411.4643
482.8791
756.7526
204.9271
185.2766
357.3586
664.4584
539.3522
485.0419
378.2556
3706.185
515.7348
528.478
732.2568
5215.032
16078.72
1261.939
366.5157
469.89
24.49021
2290.602
528.6259
200.9353
528.989
797.6823
520.3663
339.3348
309.9284
408.9491
-158.8909
367.9665
-695.5215
394.1213
1614.947
-2130.12
2510.85
1932.553
470.0541
103.7569
390.3082
363.6062
240.9215
-659.4329
-4268.371
55.4739
384.0585
-138632.8
-6722.069
1874.823
885.0197
737.4012
427.1657
275.8033
407.7751
-1879.586
320.5334
501.0939
-985.4067
381.8743
252.4649
-209.8673
456.3277
703.5685
637.1919
872.2836
455.1994
487.2456
-2788.306
2403.802
-146.963
521.3809
727.3571
-260.7119
1028.305
7503.674
833.1874
536.6111
713.1506
672.2267
953.7279
964.5468
632.3645
781.9262
649.0094
717.8796
961.4625
586.1029
435.1114
518.8165
577.2836
949.4856
899.6048
490.0889
710.7964
487.2145
831.8187
715.6902
571.518
476.3386
346.9564
726.1866
1108.074
801.6066
550.1336
705.747
740.9648
604.967
-850.3663
267.7896
909.0385
389.6789
263.2488
584.5385
685.7747
398.0421
923.7241
1017.524
3292.286
1131.17
213.7331
813.3692
3197.145
4586.769
807.7619
909.4703
932.5129
551.858
-428.1979
851.2602
999.8133
885.1388
1089.068
7281.471
1602.289
804.9543
623.2352
15992.2
1835.241
1013.231
253.1835
-307.2334
387.1428
809.7021
923.6658
1159.242
1388.325
284.3802
1063.849
330.8734
631.0131
946.7349
15050.66
5597.126
819.5003
1565.755
869.2817
770.7712
1061.978
1035.735
766.8035
633.474
33.88543
-579.8747
1096.385
1214.1
1791.097
1782.81
1412.038
629.3371
506.4755
614.5498
750.0793
717.835
631.6046
-166.95
760.7003
305.3366
349.6789
464.9836
888.9045
1558.447
831.1089
4354.231
363.3944
874.8836
692.4265
1031.339
1248.477
1441.52
859.1509
1071.615
711.1154
1289.888
1059.47
1113.745
728.7094
261.1914
677.5189
568.6417
618.348
977.9805
835.0379
1631.257
165.1284
605.5292
980.7952
1082.53
996.6724
497.5031
997.1279
908.318
710.902
1031.885
588.509
251.2853
534.3281
603.3311
811.4766
764.866
1156.582
836.2908
688.4686
1135.039
567.677
-457.142
884.7058
1009.259
518.1631
-796.0042
567.0588
405.2393
445.3292
750.1463
626.7155
682.9203
509.8324
519.1093
3456.111
797.0015
804.2522
-819.7947
2551.446
1392.506
555.2397
775.2349
1087.859
619.5737
825.0267
818.0219
685.6063
-620.0816
539.7893
524.2266
580.435
509.979
1136.487
385.7329
493.7379
428.374
1741.629
714.2269
113.0636
646.404
457.876
-4890.767
-75.94933
4059.183
111.2695
-834.6346
792.0142
300.8148
43.01519
459.8786
581.3453
-2147.637
215.9664
614.401
955.2997
755.8386
53.27187
1162.912
-214.2714
418.148
652.5086
617.9657
776.1466
590.5082
464.9083
824.355
534.6268
431.4957
482.2863
469.6854
675.1763
677.495
-171.0451
1447.877
716.8332
555.2365
-209.4048
288.9122
463.6635
5238.823
-3651.759
630.2164
889.3022
697.7962
285.7768
272.5292
155.0145
569.1351
677.5509
358.7694
224.1645
143.6774
291.7572
561.557
973.2786
19.35823
244.3988
701.4389
-91.85689
250.8784
422.5367
400.6286
532.9963
422.7783
153.2718
368.713
291.4442
265.5286
225.9051
76.63655
358.9551
164.614
386.8752
257.4511
98.3663
57.96426
165.7346
330.384
-163.0514
161.5212
239.6227
315.5073
841.4055
-150.7642
247.4943
-162.2765
5572.673
325.1396
13.11832
331.3657
365.0659
135.276
352.763
35.70058
30.012
137.3194
153.1668
-77.26101
-592.8919
23.80571
46.5577
308.1951
917.5103
367.1369
568.0539
253.6118
-535.754
487.9731
3048.212
382.9998
32.71722
347.923
121.2971
167.2578
147.6102
1106.179
636.548
653.55
210.0653
-123.0918
46.73955
-69.1926
549.3277
229.4656
-225.0803
-145.5047
-89.78713
-233.7559
1110.037
219.1363
247.0618
-198.2034
219.8536
-256.2833
342.8832
-952.5546
-3096.368
123.6795
-440.3907
-37.41193
-1071.295
1601.31
745.318
709.5022
-349.6047
249.212
35.75737
196.4605
-47.53197
4.985171
1301.758
443.8204
-247.2124
463.208
473.7325
-199.296
27.49566
119.805
-386.659
77.93558
137.9138
125.6534
1149.327
-19.51329
231.6378
284.3397
4.488689
232.0249
83.20667
0.3134568
116.0856
-166.4776
67.91415
-53.48323
-1042.619
-43.96879
222.1456
95.01734
303.1532
63.67389
645.3475
271.1865
133.2553
119.6844
427.7871
-368.3378
-49.42663
21.33134
382.7068
186.7155
3821.573
335.4364
294.9747
-712.2289
127.8176
538.8092
420.5642
429.9489
-560.8136
1.417035
118.3577
1242.036
142.9011
614.3661
89.73727
135.5076
185.0583
235.748
711.2678
1139.133
241.9145
304.5536
147.1529
226.3703
-2259.155
180.6757
151.9624
215.7663
1323.136
3548.712
700.5432
-156.6521
381.4024
133.0439
303.277
564.4438
237.2741
627.1172
318.6531
741.412
1565.271
174.8165
-301.7197
-713.6567
-1780.059
439.3192
-229.105
222.9037
212.9377
1656.414
226.0511
916.4527
1073.544
369.6266
492.4761
166.2383
298.9246
-152.5041
1032.773
176.2694
442.8392
-3.717325
324.5342
763.4927
259.195
386.9968
-376.3397
276.904
196.2354
336.2779
192.5538
579.6295
564.3664
228.2258
-217.8848
2608.902
474.8062
361.5835
594.6953
82.69331
493.5497
544.7255
410.7167
277.1513
-23.40251
362.4633
491.1501
221.3373
-86.45839
1005.879
569.8641
799.2785
-750.313
560.0133
366.3397
1064.273
434.6744
236.2416
585.2546
811.571
444.6494
80.15921
795.1481
420.3541
495.1438
600.0924
585.5002
614.262
-1982.483
1247.41
1946.303
601.7386
624.2543
803.1572
33.05157
426.9362
395.8073
541.4392
462.8638
579.7758
972.7354
394.3621
622.9054
529.6075
561.6646
-99.23269
480.7841
698.1547
639.6242
986.2287
732.2155
737.5975
618.7202
794.975
10978.06
1101.962
3351.166
998.4078
802.9852
619.1413
604.4158
808.7882
305.9126
-44.29886
462.3926
870.6585
-116.9532
-574.7057
733.096
348.4802
874.4687
2623.936
439.5854
780.873
3052.214
1139.137
706.619
720.343
1327.894
859.4352
697.8525
657.5711
891.8484
-527.3778
709.8448
1262.777
893.7468
819.7296
725.3974
1615.294
806.0671
1448.365
861.7928
798.4024
832.103
827.6999
1930.038
816.7175
1104.602
1048.582
835.1562
1086.247
881.4703
700.2311
917.7434
993.1822
987.7906
1474.958
545.9017
917.36
2492.216
1109.427
823.4593
723.8432
913.0829
1051.651
1595.684
874.191
998.4534
843.7404
1009.1
992.9012
1172.3
1094.743
886.9166
945.9364
1150.463
1077.128
1115.794
1102.053
865.3172
1582.191
1175.674
1251.569
5867.669
1149.875
913.8826
903.7817
1024.279
869.8086
653.6379
939.2738
1308.817
1240.83
3528.114
1548.85
1136.781
1292.04
816.5777
764.9818
1499.698
1078.574
-2705.37
738.5435
1260.637
468.7542
1160.718
-1152.787
1069.995
1273.258
911.0379
724.8227
203.0181
-534.7578
-36.48922
784.0404
706.347
1615.622
732.9919
1196.227
-452.3344
-296.8784
969.1004
910.4856
955.7208
1080.489
1038.234
1104.354
1853.821
857.6537
921.8447
729.8363
841.0397
499.2028
1647.163
1459.833
1010.096
1034.01
735.3098
430.9379
961.6685
883.0175
1186.571
945.277
1330.565
287.8184
1151.251
1160.45
697.149
1011.408
799.6996
295.4833
1095.145
64.54413
673.5463
871.063
844.2678
760.9025
711.5667
-2643.998
1088.834
1366.686
1432.762
890.926
699.697
1229.853
1111.409
857.5675
1138.719
887.4907
1015.198
1136.446
1019.099
1283.682
633.2245
824.0344
359.2177
1014.596
2047.955
1153.42
828.2045
888.5589
805.0625
919.5986
254.8305
852.0262
1009.878
4628.726
4252.989
1011.977
690.5719
1055.561
839.9115
657.5767
1531.803
1066.085
967.4224
708.0328
1119.922
665.2608
3058.606
1122.064
1190.893
1044.451
849.3304
990.5363
1540.355
592.0213
542.9325
1100.779
1324.063
1586.847
749.9166
931.0925
884.4722
-717.2315
402.4828
765.5029
757.0791
822.0154
606.4372
1062.805
970.7082
876.7252
652.5981
997.7164
-2984.703
243.8813
650.8929
1842.491
953.623
919.8407
696.224
-6146.854
418.4483
8405.209
1287.783
843.6548
1185.97
810.6307
608.4938
371.2973
279.9263
638.8108
318.2014
-1013.509
-461.4324
2223.025
630.1223
845.5296
589.5623
251.8613
701.0516
1004.967
617.4661
704.7191
297.588
784.6768
576.3485
28749.52
2611.837
1156.451
725.1118
1026.285
471.485
544.2535
929.6183
664.2232
374.9105
2284.079
-139.8105
-359.049
183.673
510.1663
628.5147
562.5267
-192.4205
703.3189
634.7888
320.3725
-679.6789
736.804
615.0656
558.9997
309.5368
-475.7891
886.1781
2207.046
112.0245
86.15358
-258.9107
235.526
795.2039
408.1054
1534.847
119.0613
438.3964
545.5913
-3.973337
-82.65099
353.7398
523.2211
652.5197
906.6894
864.0285
745.4813
362.4071
470.939
482.9671
356.1096
388.3927
640.9893
-1623.229
-1647.962
71.40422
231.2719
814.7174
87.58642
873.845
361.3505
515.1537
377.7185
-964.8172
186.1772
382.8004
683.6908
302.7276
1341.564
671.6947
-120.9574
866.4482
616.3413
382.41
545.4465
1265.939
491.9627
565.3978
-261.8108
1374.013
403.8474
125.6983
348.931
165.129
73.13881
539.368
-1843.784
464.3275
-138.6519
1192.397
706.511
-1191.627
84.0109
29501.16
2386.163
439.0322
137.6607
169.9973
130.6575
374.1573
1536.447
388.8463
572.9818
906.712
844.3445
289.6964
414.5904
181.0085
-2535.988
348.2292
273.3362
-91.38619
522.789
-67.51915
673.7894
93.30847
489.6515
351.2701
326.2171
59.65251
100.8169
175.2921
179.4078
109.9394
734.4719
-352.583
255.8159
-592.3571
304.4902
404.4502
146.5722
529.6414
153.0942
-15.50917
165.1096
-270.0715
-201.909
103.1564
212.6045
-471.981
207.2738
204.0978
248.224
-230.8771
37.87119
-10477.32
-425.8808
360.3457
-2036.342
-79.73807
1134.634
302.4168
358.6156
1106.901
280.1816
108.1874
582.1976
152.9976
260.544
-1490.822
67.18873
336.8879
697.2708
872.8801
380.4622
453.6641
435.0588
-119.5505
213.8182
402.9777
233.5814
661.7215
1189.353
701.6965
4.300888
275.3115
451.7275
497.267
1583.857
162.6225
445.5617
604.2703
591.2371
-393.8699
2344.515
2255.139
497.5843
99.42826
-272.638
1371.603
310.4645
228.1083
404.0024
-2.09642
15.85722
455.0457
564.2575
809.6137
485.939
620.6916
570.9676
527.9355
401.6464
608.9773
1033.341
412.7596
1256.431
1545.392
626.1384
545.6423
187.1724
496.0799
1623.208
140.1258
172.7784
1304.808
711.0333
299.5908
449.715
502.8643
1747.323
365.3748
192.4358
12.19071
819.6939
663.0457
592.7613
117.3289
460.6021
533.8244
472.9074
690.8227
556.9761
-206.1852
645.5436
665.166
830.6553
678.7814
436.167
608.722
780.0427
735.6651
-180.183
-894.1086
618.9414
680.417
720.4204
218.9328
876.0168
816.5941
-3435.68
540.1085
1049.446
784.7245
734.8426
865.3413
756.2025
810.08
738.7695
769.9265
1013.391
8.780718
853.5507
-1570.85
928.198
679.9942
835.1294
964.9637
15.31642
333.0307
526.5158
1438.594
1139.054
856.4001
800.3898
1472.47
1100.132
769.8118
1799.787
678.6633
740.699
926.1981
786.3722
852.2858
1002.734
1095.446
926.6816
2933.931
910.346
1279.105
570.8644
1050.61
1123.896
801.4463
1137.166
1220.573
823.2549
1394.736
771.2319
3135.613
1014.569
1197.85
-10655.54
3615.979
903.0189
1304.229
1309.378
1145.444
1746.393
772.0386
1002.244
949.7886
1156.811
1065.196
1434.392
664.3611
820.4649
975.6472
1071.684
1062.771
995.2091
1094.855
911.5423
1383.305
1290.166
1096.504
465.887
1306.668
973.5757
217.1474
1132.03
784.6037
723.0112
1300.799
2266.879
25522.95
2466.024
131.3716
1222.448
1149.675
1471.971
1056.991
2448.239
487.7266
1185.685
1122.65
1426.415
1962.495
1264.814
1325.707
1168.215
1057.574
1294.577
937.8447
1528.069
932.4241
2554.128
1312.5
2118.825
1250.193
1076.447
2361.735
1098.533
1234.39
1375.625
936.7672
1603.672
1379.378
1068.544
1131.386
1358.895
3191.289
1283.158
2463.454
1212.574
-4035.176
1044.342
1155.615
1206.609
794.1352
910.8653
1110.531
1008.283
1063.286
1359.904
1134.189
1404.689
1030.911
1753.294
1122.23
1354.119
1238.048
1024.11
1262.738
1139.309
1055.122
998.2342
1911.465
4513.617
981.9731
1300.696
587.7833
578.0528
1279.638
367.8458
710.9067
-519.997
999.545
1400.894
607.4475
717.3147
1481.298
2061.711
1081.291
1489.997
1145.061
1234.666
1384.345
-1305.821
1302.74
948.169
5691.575
1945.627
1045.097
1240.394
917.1728
1197.685
1018.538
1399.476
1388.186
1165.899
1194.023
1435.651
1026.393
205.4064
1014.177
1218.596
1127.253
1273.104
1506.849
978.8127
1136.246
678.6763
174.2678
1255.226
2437.232
933.4159
1169.019
1257.938
1247.36
-5287.058
623.1703
840.7488
915.6145
2798.138
1192.306
1216.732
1280.602
1179.329
820.6697
1504.515
553.0361
1429.529
2225.126
-11515.36
14722.41
3412.361
1173.135
637.677
1513.329
1135.213
1058.649
1199.129
1193.028
835.1303
815.7327
1052.385
1591.468
166.419
959.3436
671.5778
1243.175
116.3097
831.578
589.2079
223.6241
1226.41
305.2028
1202.881
587.6168
1260.251
687.759
575.3106
12.54038
1508.037
1235.401
3475.405
1523.107
-826.0296
892.8653
2204.954
1030.845
-675.4812
1002.147
916.4934
13610.61
1810.987
906.4741
1656.42
578.8165
762.353
664.8777
403.9879
1003.758
820.6101
993.6218
1088.313
1029.363
561.6253
1104.01
806.4979
794.3731
861.9246
2080.742
811.7188
874.8758
813.1514
841.7784
416.112
823.5001
1075.205
2019.806
1060.468
943.7614
711.4952
594.9637
995.6516
757.4709
630.353
766.8416
119.4672
802.1437
469.9847
957.3108
883.8476
5523.565
744.481
654.2407
1413.889
1034.55
667.6618
1711.84
181.429
-10002.24
836.911
629.1198
881.6811
815.7955
742.8253
834.9933
497.6008
534.7737
566.9352
968.5453
522.3323
956.3053
239.6093
1125.119
1577.147
637.3808
727.476
730.1971
1022.04
1041.822
494.7668
574.4564
584.3656
-752.7687
998.7714
714.5078
157.3745
644.9962
662.2547
674.3771
698.1519
252.6262
456.3982
994.958
643.3853
1173.442
717.9985
168.4874
861.6082
-75.97716
637.8718
-63.99127
323.3069
514.1299
602.3714
1462.095
-1938.073
289.4407
645.0627
637.6355
601.2889
755.8576
492.0721
676.4408
637.4101
452.0078
-693.4656
4574.955
826.8415
457.7737
1067.159
20.75343
434.7016
605.957
436.4199
343.094
99.47815
337.1785
-634.8435
209.4319
476.2317
-420.1359
-105.5495
567.4094
690.7504
307.9352
530.9935
-2842.994
239.3471
846.5369
-238.6243
1593.404
389.6349
444.593
384.0182
64.02054
4304.552
207.7937
1150.491
-18.13937
281.0797
1647.566
388.7379
426.7528
500.5982
454.9452
203.9529
434.7228
319.2896
325.5322
32.11492
-1599.221
377.1848
173.7058
444.2226
1683.874
612.2239
-1120.671
-2243.261
230.2401
187.1832
264.2746
591.0025
473.8194
412.8881
423.2026
615.8862
-1587.359
-1427.216
374.788
-328.3444
106.9724
10306.27
899.5127
316.6541
493.9026
473.3884
436.4742
711.6004
611.7534
432.8465
186.0629
466.5874
612.0766
415.9138
971.8726
451.6668
529.0562
728.1267
-246.4675
-745.2422
2206.169
1310.475
833.9837
395.3384
482.1223
-2292.524
537.5598
327.9063
747.625
572.0928
324.4919
607.6388
-53.3908
784.4273
-20.04664
-231.5812
567.0825
629.747
415.754
512.8195
-1693.059
487.4167
567.2777
374.1801
647.3215
467.4289
-1600.012
-246.1632
-3980.072
372.4822
-13091.08
-547.7132
614.2168
703.8163
446.9909
319.4832
504.8155
686.0209
578.1385
785.3717
815.1737
1101.476
572.8178
474.9228
506.9676
1671.363
1022.274
675.6509
1183.718
1147.991
1091.907
54.16749
150.0772
612.8036
1312.667
897.4076
519.1794
539.2734
1335.566
954.5485
4471.785
921.6833
672.2629
1220.689
918.3904
3006.488
857.3222
-809.7909
631.1132
797.5977
662.5544
462.8232
705.3894
585.7197
733.3549
1137.293
32926.58
1835.927
753.1802
847.1375
759.9023
2146.286
2671.489
1179.981
1202.626
1073.519
1269.131
3570.123
1231.488
972.7043
294.9153
906.0185
869.4402
1046.688
805.9654
864.4802
797.2009
1234.327
580.9729
1281.607
1001.297
1361.603
1125.403
8651.791
1280.875
949.0913
-1894.821
757.0372
1085.173
979.3377
1053.721
1222.791
1096.377
861.5593
1351.045
918.4038
1082.453
537.4069
1388.299
1268.609
1357.535
135.3418
-527.1227
1080.162
673.0346
69.21531
1248.434
925.2903
543.9914
937.3655
1416.061
-247.6049
1089.747
1138.357
2165.072
1034.695
1279.909
1369.35
554.4922
666.7698
1269.337
975.6358
1460.086
1275.988
215.6936
1186.744
893.9736
1154.345
1051.616
938.0056
1165.812
5059.575
1280.174
1100.775
3526.069
1160.279
1911.361
765.3657
1250.172
1304.811
1704.695
1708.671
2314.152
611.7461
1255.177
1035.787
1304.574
1195.077
876.0198
1100.568
313.6183
2866.451
1815.767
1232.477
23.74017
1306.267
1574.885
371.6473
-636.2658
1195.309
1515.222
1450.287
1026.532
1270.148
2064.346
1687.385
1133.351
554.5083
991.6412
1824.819
-12747.64
720.4862
1293.103
1206.448
1210.758
1078.976
1425.268
1391.867
1890.879
976.1227
1292.987
68.88006
1390.453
1129.249
2154.876
1237.311
1020.214
3845.897
1562.581
1172.751
1383.262
1516.96
796.1054
1315.751
941.9872
684.9241
2071.575
1170.083
1354.852
1475.416
69.542
1052.601
1355.559
2196.84
1785.423
1120.705
1679.952
1050.456
4201.638
1435.117
1208.68
1290.397
1529.049
1598.392
1439.833
1417.546
-13825.8
141.613
1446.567
1214
2145.831
943.7153
8998.25
1898.371
1515.938
644.7792
1689.171
2092.555
701.2164
1469.038
1277.402
842.3247
1458.268
1487.089
1127.142
484.8823
1440.305
1471.447
1202.242
1578.369
1406.053
1199.571
1435.582
1323.982
1259.062
1415.343
1403.908
1645.679
1067.645
1101.003
1425.804
1276.111
4149.644
960.2179
1163.996
1390.75
1843.431
1609.508
1247.139
1533.994
1368.107
1213.354
1120.164
1448.785
1986.993
1365.575
1470.415
821.4267
1492.778
1315.99
2956.143
1422.872
1343.003
1186.166
2557.129
1137.789
1204.472
1251.577
-9840.228
1349.102
732.6824
1163.805
1067.642
1653.309
1444.858
-1525.35
1220.058
1031.41
-54462.41
-996.3049
1223.879
1392.096
1331.229
1054.984
1412.192
-2716.131
1319.584
1418.177
1128.538
1379.056
1558.34
1162.64
1489.752
1149.033
911.5119
-3483.807
1249.273
731.8791
1148.875
665.5127
903.3619
1169.577
5240.743
45636.96
3302.851
667.8408
1238.594
1303.901
-119.4566
723.7311
1802.582
1390.683
950.4416
792.3895
1012.266
-382.5676
1200.162
701.9086
1310.52
1201.86
1033.309
1476.95
1063.399
1120.31
1262.013
859.9293
899.4749
1126.261
1006.726
1041.838
953.8257
1312.736
1114.104
638.6533
2006.759
750.0734
1140.964
972.091
1666.584
604.1595
754.2309
-907.5947
1164.737
733.2216
838.842
1224.969
861.4248
1374.216
297.0944
1034.885
1258.707
960.2859
1270.794
1345.237
690.3066
950.3439
771.6964
2108.472
1115.979
1101.985
1211.925
1126.269
1069.673
965.4797
880.615
988.9984
518.1614
4339.109
1051.896
2017.837
1066.193
954.5688
500.1396
878.0283
1020.513
24.97642
566.4157
919.4076
765.9494
-175632.6
-7443.071
780.2988
737.1406
873.2669
1229.89
878.5856
785.316
745.714
812.2841
957.7216
933.2072
989.6804
732.6355
961.1672
697.133
944.7357
693.9705
863.8703
-199.9278
494.2403
887.5639
929.4191
-2570.178
143.735
-2215.308
959.3048
2492.477
-138.0915
919.1559
604.6916
797.5104
-419.2036
792.0224
824.6778
1112.179
499.3352
867.2849
1301.723
848.0732
627.0651
702.8914
535.6705
554.8171
1224.782
