743.1898
1037.023
582.2661
704.5957
697.6566
320.6573
-1500.194
127.0055
-3199.987
-659.7728
278.8081
-1282.17
630.5354
571.9466
2009.264
960.8175
-14248.24
-3141.121
-290.3243
211.3955
707.4874
783.4017
472.2551
619.336
823.9421
889.3861
801.9792
1308.131
1908.136
-1356.765
830.6051
924.3867
-441.1591
643.4739
728.3797
816.0721
779.4641
770.5729
763.5974
849.8309
724.409
636.951
859.3412
541.8557
904.6329
769.4265
821.0195
843.728
-6498.388
-1030.159
-524.4109
-742.0947
131.4368
2114.499
1171.817
-7321.65
-1479.387
-259.5953
650.5558
515.1825
1179.559
-83.21285
965.433
724.2316
261.7317
-142.27
327.7417
1287.79
582.8437
1987.857
1309.429
-829.96
251.8557
342.3019
567.297
774.6865
790.6949
825.744
964.8977
868.4757
625.896
611.0757
746.251
1109.447
1102.711
960.2243
1071.567
-1031.66
1421.681
1319.83
781.941
753.5493
193.232
712.1014
889.6357
528.4166
627.9075
443.1732
661.4589
603.8703
1079.456
76.66705
394.5308
514.8461
-5046.974
-656.1735
702.514
1063.767
345.5405
-314.248
290.204
1213.329
1113.889
861.6156
467.5165
-133.7498
513.1084
929.9793
30.49233
377.9941
201.5238
-1438.572
478.7964
874.3225
1194.908
1155.006
1792.218
1277.235
2467.161
1170.814
1136.881
1219.592
921.4777
120.0441
899.0474
1137.383
908.5494
1009.411
670.4439
2341.239
1585.425
1093.135
-41.57647
189.4138
7196.837
2866.414
1559.045
1277.613
2034.403
2952.437
-1509.354
864.3814
1852.83
-403.6767
378.7881
620.738
209.1786
-186.7218
664.2509
441.2074
502.6224
763.5871
704.9282
577.2059
695.2235
1019.339
1830.996
1063.054
782.0422
682.0368
157.7096
13.39755
893.3369
-626.4491
369.2624
1109.319
-703.2534
514.8918
-137298
-38964.1
-11207.65
-3141.865
-214.4301
589.1959
2059.985
1941.987
5195.947
2239.696
1460.034
1042.319
951.0919
1105.68
1408.022
1080.568
40.0666
630.9762
780.8528
743.4952
551.1655
901.231
-72963.6
-20767.46
-5701.792
-1075.961
-45.01758
706.265
781.4883
316.1008
-395.4257
770.5271
847.6837
163.9812
565.5851
951.3188
745.1809
-1061.212
483.0031
717.5316
1585.276
1279.994
825.0945
471.6591
-3381.087
-394.3133
321.081
847.2896
443.0647
1535.855
2124.131
2512.204
1447.304
1147.245
3266.07
3498.012
1715.355
1279.182
-123.4416
4408.742
1391.783
1262.006
-2831.137
-618.7585
-87.70168
297.947
-322.2982
1002.37
267.0189
851.5058
-59.50872
2890.23
5082.564
1510.137
952.1893
436.1108
436.8806
469.0314
733.4736
749.9065
1046.959
558.7487
-2312.659
-3269.496
43.65361
1292.98
570.1849
39.67634
598.1848
632.4112
-12.11528
342.7647
529.2927
983.7024
651.0963
-79.60022
399.8252
334.3113
356.3042
229.9921
-148.5982
-102.5992
316.2556
160.4033
231.364
166.9506
564.575
458.2873
531.4705
390.8486
295.0881
544.3673
397.7388
178.0722
323.4457
205.1694
-894.099
92.13244
1211.991
761.0615
1029.536
628.7899
691.6771
357.8194
264.1222
-136.4774
352.956
2022.247
202.8646
169.9222
193.0455
325.4312
1773.373
197.2489
930.2177
1244.472
374.4625
-720.7277
3780.696
-5345.751
-1684.154
-119.598
169.6063
-532.1703
-201.3857
-74.71303
856.0669
-339.853
-25087.47
-7656.98
-2162.858
-3229.313
-1470.974
-792.7373
-129.7949
-200.954
-203.2964
-548.3695
-2879.059
-788.76
535.2047
-173.1871
-5.180092
2313.142
701.8848
-269.67
-137.139
-437.6459
144.1338
143.0528
114.2491
51.04952
197.9693
1120.224
552.97
201.6953
306.9916
224.3151
-932.5801
4.073765
757.7
338.0731
-207.0346
-154.3096
-385.9545
1255.339
902.6266
1647.95
-1310.11
213.3594
75.80358
151.8497
69.59812
372.3261
699.6668
-174.4154
-314.8682
-386.2987
18.60411
-36.04038
-98.52156
-1640.579
-1158.945
-142.3959
616.861
-40.47975
-720.9378
-946.1419
-128.2788
91.38186
-158.7353
-76.26029
391.4226
127.4978
963.4721
246.3772
245.5954
-540.4026
328.2465
223.6127
-99.96666
-937.4163
-283.8915
-1193.58
142.2782
102.5171
43.82465
-205.2452
228.0112
-2704.495
-2426.904
4859.469
610.1161
-275.528
103.9034
-522.0097
140.602
-723.8672
-765.9149
-14779.96
-20225.73
-6033.344
-1968.384
-1273.813
-502.0513
-378.5933
-396.119
-741.0056
-891.0883
-732.8713
-746.6458
-588.2591
-1695.851
-916.684
-467.0092
-421.0335
-936.1807
-2831.155
-3320.673
-918.1335
-386.4078
-338.1202
483.8141
-211.0612
-2536.506
-852.6743
-432.4283
-268.3944
886.5562
-215.1019
503.736
-253.5892
1362.128
-160.7228
-418.1527
-116.8929
-434.7329
147.4856
-263.8475
-3428.986
-1618.357
-649.1865
-373.1734
-479.2202
5.865546
-387.883
-482.0832
-174.022
-1166.61
-15694.62
-4956.613
-1560.629
-631.8134
-1004.255
-1392.835
-1074.448
-701.7626
84.56428
-325.017
-794.1612
-692.8846
232.6397
-515.9384
-167.0172
-1271.129
-494.5494
-350.7719
-2463.104
-242.2073
487.1396
36.68727
-270.3826
193.3697
75.77351
-535.1659
-635.7065
-807.6337
-223.5948
-581.7867
-338.9886
-2338.075
-318.1107
268.9699
-548.597
-380.1447
-603.888
-1612.599
-677.1096
-134.5423
-227.9849
1144.888
-8518.462
-2577.944
-1222.221
381.2786
2186.536
-6181.517
-1475.226
-688.3376
-641.6933
-510.2846
-512.2457
-1122.142
-443.8833
-2184.988
-995.7399
-299.5795
184.6564
931.3149
189.7304
1069.32
480.1781
-204.975
-253.594
-197.5182
-2.148327
-1850.959
-1402.179
-23.93682
444.2699
599.6727
181.8197
2414.696
208.1677
-111.0753
185.0135
302.4172
-133.2892
-1174.103
-497.5991
11.16452
-193.7535
-466.6644
-664.039
-994.8223
-150.7369
-37.72623
-660.4442
-401.6555
636.2838
143.7449
262.5728
430.0716
-467.8278
-886.7128
-602.8958
-141.0795
-316.3608
-198.8498
-288.36
-538.5646
-305.229
-1121.917
-30.70463
-15427.08
-4393.949
-1265.538
-293.8117
-500.1738
-878.0869
1170.46
5.906196
-320.1791
-562.2059
-446.7709
-316.6201
157.7963
33.56975
-52.3664
39171.26
10924.65
2995.385
597.6522
1727.189
446.4346
-376.3831
-781.1933
-290.5338
320.3002
819.471
608.9955
739.6294
349.1804
142.7538
2093.109
691.2253
-2610.072
-753.1017
-3674.964
-3095.843
-742.2613
-40.26612
-563.7876
-198.1932
-197.0964
12.81818
-407.346
17.10072
-296.6529
583.8292
-7.5062
-729.4687
-1227.99
-334.509
122.1437
3868.872
1032.502
338.5496
-268.9942
-247.1636
741.8943
-575.217
-218.5438
-213.9064
81.49434
37.35709
1009.239
511.5765
477.3683
244.8341
-764.7651
-1222.507
-6733.305
-1730.52
-406.3077
-677.0301
1202.629
76.81709
189.8401
260.8391
549.6169
514.9334
367.9637
1468.004
1210.725
3997.342
1090.996
1037.817
1134.005
-278.2135
511.4811
-575.299
-90.24806
-263.9819
139.5636
1147.873
-97.75946
704.4585
454.7328
1119.334
207.803
234.3549
1668.47
894.3788
913.7826
657.852
561.3455
280.915
2863.849
1307.99
1191.33
1405.254
532.0104
357.4705
305.9179
465.8836
-66.38717
550.8137
880.6168
1998.241
796.3205
593.1771
379.5825
1887.333
871.4211
600.913
378.8475
10611.04
4710.568
2014.083
983.3029
660.6375
949.9629
545.3522
-34.03071
-1138.042
-15.86688
581.727
770.9633
763.174
-1753.418
123.0174
715.4137
473.3952
588.3964
1700.641
599.4866
747.3456
73.89586
662.9887
4790.606
2304.912
1679.541
1210.35
616.8741
249.0195
845.7504
1001.885
1086.381
622.1059
-618.8676
913.0861
1539.024
906.0367
1124.748
506.0257
405.6004
656.3961
527.1173
795.9899
1589.042
-527.346
612.6098
430.0381
1551.718
-21.28569
2832.485
-246.1463
825.2752
-910.1364
-152.262
1307.442
1035.093
988.6877
251.8368
1181.617
1259.704
1257.374
1221.224
1034.852
944.5471
1556.261
2765.8
1484.597
1186.64
870.3541
1363.337
1040.803
3546.614
2058.807
1418.546
695.848
1128.555
1708.039
1170.113
562.9832
1096.239
1384.519
905.3376
1156.288
1130.518
1343.378
3475.527
233.7028
869.5917
1359.461
1292.605
1069.593
6505.476
3200.185
1940.014
1169.209
1467.611
1210.061
1319.738
1053.127
864.6714
1791.394
1517.639
1336.51
1102.409
1319.452
1073.497
-2140.253
1070.933
1322.267
1137.196
-2915.161
248.0498
711.7235
521.5462
1170.787
890.6536
972.7039
1869.849
1612.486
2824.269
1379.645
1194.408
71.69062
780.6597
1431.747
1221.304
256.9583
1683.836
1712.105
-9339.975
-1470.599
546.8863
2104.821
4739.883
2002.195
1861.903
1413.823
1221.431
1523.2
628.1358
1370.997
1656.377
1550.589
1327.127
1584.664
1483.879
585.2662
934.8144
1556.59
-7535.477
-28582
-7113.026
-721.2102
917.2063
1036.79
1444.132
-6471.121
-848.9574
1208.506
983.192
1067.171
-1290.359
849.7938
1409.773
1800.667
2051.203
1599.769
1828.567
1784.759
-2083.064
441.9751
-1918.688
-1815.039
600.0178
1255.525
-679.4428
773.3756
1066.321
2087.166
1688.792
1290.201
1593.847
1379.617
1244.388
1555.69
1551.848
1445.6
1819.696
1317.447
1187.372
2158.488
1950.904
2021.601
1831.868
-8705.641
-1697.575
623.5574
521.8428
1162.007
3327.296
2162.666
746.7913
1570.048
1034.868
1185.797
2684.764
1798.551
2160.297
1895.223
1795.615
1991.842
2000.406
1851.436
2027.464
1889.683
-688.3041
442.7842
2044.556
1674.224
650.042
1865.332
974.1145
1198.784
1557.62
1839.465
2800.098
2033.372
2698.721
1725.104
1510.979
1460.193
816.2876
1578.767
1353.28
28690.99
9483.582
4056.976
4211.069
2334.062
1757.614
1754.724
1819.436
1948.35
1728.012
1643.438
1096.324
1190.281
1293.949
1382.377
2048.201
1571.852
1286.666
1550.246
1491.397
2497.051
737.505
1258.484
1437.383
1555.106
1823.702
-39233.93
-9633.899
-1582.561
543.6714
1019.816
1544.945
2608.438
1838.623
1561.359
1317.683
5273.88
4027.527
2380.703
1720.391
1687.885
1650.158
1626.832
1767.698
1781.153
3929.447
2184.128
1695.734
1771.385
5924.001
5808.474
1224.853
942.5621
1427.842
1535.277
787.9832
737.9969
1715.95
2772.331
1609.079
1755.292
1679.578
1660.227
1741.044
982.6783
1508.328
834.2166
932.5212
1536.224
1767.258
1670.224
1639.404
1713.034
1499.962
1370.748
1055.599
1515.697
1703.996
1685.984
2220.458
1723.142
1823.085
1619.765
1390.23
1914.059
1985.301
1589.979
3995.526
-6325.588
-111.695
1201.427
1910.875
1057.702
3524.538
2268.33
2275.876
1899.186
1789.636
1728.643
2021.97
1454.911
746.8522
1333.816
1328.792
1235.795
1425.414
942.3432
1189.182
4137.779
1683.753
-3227.616
172.167
2157.649
3396.792
1100.895
1238.858
2176.898
1165.012
1344.823
1555.289
1540
1612.089
767.1829
926.3758
1356.684
108.9466
2043.656
1355.552
2403.965
1292.518
1595.454
756.707
451.9477
1513.113
1278.861
1126.806
1381.952
1394.979
1173.451
1174.361
1448.554
1505.857
1030.477
894.2349
1215.281
-138.7032
491.4887
1361.385
931.1455
1160.809
269.9496
695.3967
1156.16
1478.923
1668.051
845.1911
385.464
-12.50135
829.9975
1485.345
2038.933
-1840.52
-931.1777
90.94742
1426.115
1125.568
-1828.885
-1832.712
86.26608
404.7593
-3901.233
-238.1863
752.0002
1441.317
1220.808
121.4718
379.2547
69.07347
653.1644
1382.985
815.9177
1481.892
-867.2843
414.6228
877.7452
1565.041
1449.526
920.9367
891.8579
572.3975
712.2861
1144.746
1041.983
1145.045
-2679.705
57.11022
769.1678
1515.057
-811.7801
783.5307
937.4165
984.5703
5369.773
2032.63
1219.874
1176.513
-2108.078
286.7452
810.0103
839.8807
902.9553
1171.494
2469.874
1402.782
1291.438
561.2116
409.7074
336.5844
928.819
-1236.392
317.2017
-1787.242
339.9938
927.6371
1022.692
667.0505
694.776
836.9378
787.3738
23968.69
7992.331
3178.665
999.7798
1392.226
936.1062
719.3383
770.3269
934.7897
1011.543
665.4335
597.3839
784.0426
856.2764
2015.585
1087.584
38.59679
1163.495
680.9038
399.1534
672.9961
622.9938
629.8744
580.9643
854.4097
114.8374
520.3421
880.3659
622.6327
-1503.017
-2580.84
-291.3353
-217.595
518.3223
986.6093
1485.067
760.4402
1400.76
1494.136
526.7919
504.2524
545.1759
640.4331
780.2671
895.4197
2537.473
809.0213
1355.892
-1475.429
-51.55497
1834.017
430.0628
421.5199
1272.33
1327.047
822.9384
559.9366
-430.9007
2709.403
1035.015
814.5342
888.4592
276.9086
284.1617
420.2282
159.2895
190.9452
334.7655
10.60635
369.0557
292.4647
952.5857
864.3222
739.3651
726.6597
585.881
-3435.127
-557.6498
-919.2943
197.8378
-300.9534
907.2955
583.978
874.8433
312.1506
5177.097
2094.496
2745.931
1155.156
639.179
741.0586
912.1512
600.2347
-2161.073
-294.4663
510.4376
1886.559
801.8052
-566.8089
134.4632
493.4082
910.1058
648.5035
671.2422
649.2951
611.725
282.2655
-1356.115
-39.91213
285.1417
318.9677
1151.941
697.654
310.8112
452.6464
336.6659
614.9164
387.5236
790.9098
677.5992
338.7493
188.9627
-1810.118
-327.4661
-65.82295
302.4402
369.8254
194.0472
294.5188
738.3437
350.1307
566.0912
395.2201
829.5977
762.8639
359.237
233.4801
545.096
-634.6306
-360.7381
-652.7317
180.1233
815.5947
1069.966
266.0302
18628.38
5467.265
2321.807
1084.634
1044.153
749.6816
512.6177
368.2598
976.7705
500.3523
376.2266
619.0668
902.6435
285.2382
1253.42
727.0519
-694.0946
878.0308
676.9201
639.1475
451.84
307.0503
278.6455
179.5583
80.50452
268.7391
1020.947
696.4335
623.1472
446.3553
201.2745
813.9074
740.9566
648.969
806.4018
617.3294
49.53708
416.8873
308.8671
364.2782
5243.577
1844.375
1245.232
405.0099
147.3448
579.0107
1114.31
583.1018
1051.646
662.6035
612.2162
812.0662
336.5721
641.7548
776.5999
671.0619
-2140.316
-85.34633
379.238
341.8091
447.5216
1769.824
-539.3971
640.8273
741.6603
377.7075
4980.673
2969.164
-265.4469
-902.8721
1496.024
840.4942
-6986.733
281.5119
610.9635
1131.456
915.119
160.0227
524.5043
1130.69
629.2528
1298.263
1441.526
1046.244
835.0751
-899.1657
628.3227
318.627
300.0443
344.5796
767.3407
913.0487
910.4728
792.0025
710.5871
794.2235
818.3862
544.8106
764.9161
855.7945
971.9552
733.2464
915.5507
2174.563
1236.811
514.1014
883.6438
865.0726
385.2809
-12.7436
604.2382
400.4236
444.0314
899.7184
1013.508
2344.666
1430.777
1329.02
1297.91
917.8318
862.6087
770.5143
832.6368
1362.911
912.6042
1005.808
-872.0273
-20.19311
476.6486
1218.631
1568.718
-1458.62
283.0891
1330.389
138.777
460.1815
1147.334
1183.2
-4654.012
-1158.553
-41.84163
1169.646
2140.622
1440.161
1557.928
1206.914
1212.398
2953.541
4104.468
4583.934
1920.203
2309.67
1650.34
1145.002
1730.387
997.5817
990.6065
-1042.237
261.3496
1182.626
1262.035
1278.943
2953.58
1509.352
1623.65
607.6444
1527.133
1032.979
1250.155
1176.541
812.2927
1342.554
1288.014
972.5913
976.7917
1219.243
1172.293
-326.7355
630.4467
496.2353
901.4749
1378.704
1661.38
1514.045
1603.814
1439.441
1333.81
1179.715
1280.206
2087.748
2979.896
2512.849
1481.638
1531.898
1439.341
1125.047
1084.814
1155.871
-10671.53
-1955.084
684.6871
1283.322
1465.452
1775.096
1357.528
1189.419
1465.186
1707.462
783.3694
1182.927
1292.965
2373.303
1376.895
1381.705
994.7628
1220.572
1236.47
1635.182
1636.233
1455.776
2003.099
1558.289
1303.816
1332.238
-6361.392
-859.3489
1617.159
-6403.461
-709.1699
889.2843
1278.068
1412.827
1777.824
1803.849
1948.481
2229.175
2045.66
1577.835
1696.472
1780.349
1591.69
1587.159
1156.925
1312.916
1157.607
1643.797
2072.329
1738.574
1577.514
1587.251
1819.992
1852.546
1981.958
1478.246
1377.089
1929.147
1626.917
1527.44
2241.375
2496.696
655.5583
1551.839
1949.759
2463.911
2192.415
2581.089
2009.483
1901.332
1562.999
2204.481
1818.374
1984.739
1969.686
-4466.007
356.344
2259.37
1992.824
2006.885
2632.998
894.0805
1569.051
1898.69
2391.526
2240.341
1845.877
3057.232
2279.884
2002.045
1990.434
-1545.921
890.1892
1852.51
1779.52
1921.631
2721.513
1911.973
16019.16
6299.647
2343.886
1932.585
1889.403
5394.696
2797.883
2622.335
2655.825
2129.712
2206.59
2190.929
-1811.05
1041.019
2081.877
2010.465
3079.285
2433.315
1722.583
1752.818
-878.6273
3417.999
3347.973
3111.785
2312.138
2503.075
2797.729
2380.743
2269.396
2467.865
2966.396
2403.934
2298.306
2114.573
2338.156
2585.477
2227.908
2609.004
3063.118
3367.021
2366.787
2729.563
2490.072
1371.848
1693.873
2726.921
2445.961
2323.147
2457.237
2369.206
2932.851
2703.407
2909.914
4063.656
2920.324
1976.674
44165.68
14344.91
6136.144
2938.734
-7915.15
-1318.912
-653.799
1063.055
1762.015
2101.94
2374.03
3517.209
3202.533
2444.85
3802.984
3069.944
-4988.719
879.6844
2182.082
3277.523
2229.067
2948.41
2359.444
2217.299
2078.587
1810.468
2420.78
2380.411
2859.041
2403.813
1920.729
2566.017
2232.81
2234.933
2243.598
2412.876
3201.629
2708.6
2478.851
2392.861
2386.568
4876.156
3123.367
2380.405
2342.786
-654.8041
1647.992
2272.034
2345.838
2285.614
2959.191
3349.495
2989.45
2295.184
1673.616
1165.056
1555.088
1963.222
1893.238
2340.654
2646.766
2505.39
2287.415
-6096.366
-6771.967
-466.0554
1355.768
2389.979
2623.573
4021.354
2767.827
2884.13
3044.223
1919.523
2447.627
2706.528
2414.636
3439.177
2784.578
2569.43
3235.607
2182.316
2302.714
2553.722
2205.924
1945.924
2638.692
2384.926
2651.659
2479.115
3258.025
2594.614
13626.2
1481.072
5822.958
3356.253
2292.81
3987.81
2942.022
2579.938
2476.238
2056.415
2380.871
2475.518
1691.795
1659.808
1868.851
2012.249
3573.231
1757.705
2911.236
2500.117
2117.844
1779.772
3130.223
2462.479
2343.659
2323.836
1751.944
2106.098
3168.863
2819.656
3221.173
2546.291
2496.706
2425.162
2462.143
2367.313
2055.401
2175.522
2311.134
2311.201
1984.649
2110.233
2309.092
210.6405
1618.841
2008.371
2421.713
2866.08
6019.61
2984.984
2917.605
1882.829
6925.527
3052.09
3004.587
2598.777
1707.101
1975.826
2081.446
2730.688
2606.541
2545.346
2019.587
2065.957
2039.376
1302.46
-743.4237
999.9428
1788.97
1841.095
2175.632
2318.989
2086.003
2492.211
2600.236
2326.273
2853.674
2430.599
2586.235
1765.779
1998.558
-17315.55
-5406.958
355.2509
384.4788
1652.966
2066.695
1955.623
2509.303
2199.112
1645.525
-1201.369
564.6452
4223.228
2723.771
2959.943
1806.309
1951.536
1945.944
2206.959
2920.546
1441.878
1972.502
2186.134
1811.014
2024.837
1949.284
1909.791
1679.175
1991.661
1237.07
1402.045
-37929.17
-7972.552
-401.5494
903.5893
1826.741
1887.504
1696.973
1847.659
-4231.827
420.91
1501.534
1676.023
2029.722
2317.687
2074.208
1984.113
3834.071
1484.086
2300.152
-2030.534
-4451.901
-202.4549
1519.24
1588.641
2314.384
2171.874
2200.528
4494.792
2501.034
1892.407
1127.198
4571.179
2323.547
2039.141
-1130.884
903.8095
1642.015
1886.514
1770.873
1918.915
1840.341
1266.593
1724.275
1353.693
1860.307
4501.707
2421.171
2319.174
-5634.24
-424.4399
1201.986
1854.521
1963.649
1956.796
-779.9333
-859.4036
1067.023
3005.966
2187.176
1890.706
1220.986
1666.827
5520.177
2851.439
2020.596
1518.467
531.629
995.2566
1492.94
1313.196
-1532.217
788.9056
1461.447
1840.037
1892.311
1618.667
2497.257
1641.406
-2303.515
300.531
1215.191
458.8262
1335.79
1572.318
1304.066
1858.182
1375.932
1740.645
1372.822
1848.813
1290.509
1063.775
1409.911
1970.661
1258.922
1436.85
1700.53
1314.065
426.7234
-395.3539
1087.354
17133.66
5580.612
2734.019
1770.483
-1173.975
846.3573
1375.54
1691.109
1604.157
1087.038
1610.535
1843.82
-5033.54
-667.6147
1275.082
1549.025
501.0079
1240.882
1346.942
951.9769
1215.543
741.9702
283.9373
1497.293
1455.701
1705.913
1237.584
1075.05
1133.712
1754.842
1355.29
1492.672
1414.675
-2575.106
509.9635
766.9197
-3975.39
82.75031
2608.47
3089.813
1829.73
1668.996
2226.41
-837.6274
917.1288
2829.722
1828.765
679.0105
1226.537
-225.727
1555.04
1662.814
1189.524
1204.335
-111.2718
2051.57
695.01
1311.799
1908.774
-40225.2
-10950.79
-2393.916
351.39
994.3386
1431.388
670.5454
1832.518
1613.184
1419.205
1384.861
1621.63
1189.228
1086.677
2445.709
1028.03
1056.407
-29430.69
-6829.61
-992.1039
428.9594
1949.316
1321.66
2882.666
1702.871
1292.699
1085.78
325.9462
1319.891
6750.182
2420.982
1424.847
1377.377
1020.348
1506.14
1010.691
1274.339
579.0682
890.9833
1659.41
1114.005
1410.823
1302.077
56055.57
17784.28
6025.029
458.4337
756.6626
83.57955
752.7466
934.3787
3330.682
2111.938
1658.438
1362.977
1662.966
-1059.88
1452.313
1292.648
1319.311
917.356
2631.588
1447.708
1556.997
1400.8
547.2103
816.4047
1764.797
1457.882
-4303.695
244.6199
1385.552
222.3091
11251.18
3527.21
1749.341
1272.33
716.9238
1020.124
1073.605
1272.104
1936.879
2393.292
1698.275
391.1597
1086.93
1176.096
1286.188
1240.863
1134.894
1710.262
2004.91
2127.801
1666.422
2312.933
1785.781
1411.193
1037.338
1008.6
531.0418
1934.967
1671.3
679.2666
862.9327
-412.3388
1200.3
3492.469
1579.288
1048.618
2393.892
2076.515
2027.203
-5111.096
-338.3523
1631.187
1151.554
221.2442
-64.34496
895.4351
1147.437
-109602.3
-32275.74
-8426.136
-1683.413
257.7007
2922.665
2575.186
1174.254
529.8541
1344.723
1211.843
1429.978
896.7922
1253.684
1859.956
1395.815
808.9079
923.0131
1119.87
3179.444
1873.518
1348.946
1460.614
1078.368
1290.399
1367.377
-1105.789
1509.699
1067.037
1334.821
1432.877
1595.15
1476.564
3119.9
2464.791
1707.963
1550.971
739.1609
1205.316
1324.295
1727.467
1488.186
1046.258
2848.511
1751.223
1482.804
2406.333
2947.414
1631.162
1821.871
1361.641
-1534.409
1441.105
1476.949
1725.119
1718.738
1997.194
1772.245
1876.559
1739.349
399.6934
1313.369
2202.01
2059.786
1845.277
1531.158
1439.283
2078.21
1635
-2249.447
857.6959
-154.6843
1258.317
1691.419
1382.637
1939.181
586.323
1474.158
1831.891
1545.549
1663.417
1796.565
1963.958
1668.586
1684.742
-24311.81
-6972.661
-764.4169
844.3931
1197.198
794.1551
1124.87
2821.234
1721.106
1773.051
1451.724
1651.723
1521.973
1810.692
1410.391
-166.7236
-6487.453
-959.9823
494.9775
980.1215
1366.768
5326.234
1202.818
1501.352
1253.022
1377.411
1594.628
1436.539
2064.611
1666.028
1775.017
1586.085
1879.373
3087.04
2300.821
1423.28
1578.503
1100.171
4909.368
-5433.852
-103.8303
1139.997
1672.097
2210.333
1959.821
1695.414
2014.673
2110.836
-1077.873
-25.12516
3075.939
2334.946
4813.216
730.4046
2278.082
2117.349
2058.121
1736.334
2335.611
2308.499
1828.846
1944.49
1212.246
978.0471
2075.195
4481.816
2663.803
2151.605
1930.134
2664.246
3248.775
3846.288
2610.336
2002.594
1824.962
-139.0787
1114.888
1562.188
2041.013
3399.381
2767.202
1399.714
2040.51
2592.71
2085.629
2316.171
2107.803
1981.413
2897.556
2434.296
8193.395
3987.871
2519.142
2541.226
3814.727
2693.889
1550.782
1899.546
2256.013
2496.222
2267.767
2439.568
11207.97
4868.3
2989.751
2562.942
1674.393
1325.702
2223.336
2741.675
1102.98
375.9755
1667.754
407.4343
2441.523
2162.235
1338.649
2328.285
2253.683
-7611.846
-7153.015
317.8248
1808.845
7540.601
12411.42
7520.834
3926.572
2574.952
2896.668
2597.213
2334.642
2502.231
2611.236
2531.397
2494.831
3617.559
2379.755
2829.054
1991.217
2374.226
2596.867
2569.675
2479.631
2647.273
2708.74
2522.098
3839.982
2975.444
2508.714
2213.969
2347.286
2062.741
2143.236
2259.661
5655.246
3573.581
3260.477
4391.702
2855.948
2749.313
2281.821
3501.338
2721.626
5219.577
2645.565
3091.016
2460.056
2824.316
2706.986
2968.332
2758.359
3188.537
4406.289
3473.238
2833.677
1888.678
2318.315
2533.502
3125.966
2490.875
2844.869
3733.969
2357.347
665.9835
4649.132
3868.294
2921.396
2796.06
2658.41
3113.042
2637.364
2818.607
2979.266
3790.01
3591.821
5001.427
3811.076
8708.259
-207998.6
-58314.41
-14979.83
-2697.518
1126.406
2906.168
3167.901
2943.664
3053.422
1937.75
3424.094
2828.122
3173.093
4362.826
3691.046
3537.055
3330.642
3231.444
3254.81
3158.149
3172.618
2773.392
2993.515
2124.008
1967.933
3027.498
2865.976
2987.693
2982.653
2812.744
2999.905
4293.687
5727.828
2261.174
2826.34
2471.631
2721.924
2990.564
3044.841
3325.82
3016.336
3012.612
2797.212
2717.835
2991.403
3163.434
3340.156
3193.751
3603.725
3572.973
3173.899
3736.536
3690.854
3398.518
2833.519
2868.172
3368.597
1645.817
1782.478
2770.958
1932.095
2949.498
3221.628
2973.027
3272.525
2569.303
3041.883
3041.562
4698.018
-4435.226
1252.396
1569.968
2983.601
3094.67
3030.222
4354.956
1131.314
2394.037
3313.608
3633.456
2530.948
7655.27
9718.032
5217.763
3746.347
3669.992
3239.792
3742.753
3259.207
3398.686
2741.996
-2712.767
1923.757
3282.694
3882.171
3419.674
3973.002
3721.699
2883.049
2514.989
3187.687
3059.318
3478.854
3231.673
5252.719
4036.002
3346.444
3533.695
3601.689
3266.499
3414.312
3032.494
2815.623
2929.135
2701.302
2583.902
8459.697
4954.156
3629.047
2187.619
2998.745
3559.108
3566.426
3465.896
3184.141
3071.255
1880.229
3276.25
2737.056
-1872.127
2166.637
1720.003
2924.211
-3382.295
1200.312
4491.311
4233.494
3915.74
3378.92
3188.746
3461.652
3105.149
3187.819
3110.677
3069.314
3142.297
3166.745
3154.087
3130.638
3141.249
3253.889
1558.824
2174.846
3005.108
3267.095
1829.657
2699.071
3051.337
3098.796
3057.554
3176.923
3263.381
1308.461
2642.596
5077.573
3402.678
3286.829
2881.203
2782.646
2434.276
2423.509
2916.958
2944.767
3195.934
2735.978
422.7166
2185.551
2670.219
3008.855
3101.184
4249.992
3290.53
2977.403
1856.604
2917.746
3018.307
3798.661
3476.245
2512.732
3001.217
3368.696
3234.804
2809.574
2239.483
2763.09
3518.024
2920.371
3290.793
3067.277
3043.575
2992.162
2804.131
2510.098
2592.342
2988.114
2621.447
2697.476
2874.822
3067.222
2596.805
3018.262
2798.815
3194.242
2122.74
2622.015
2168.553
3020.291
3101.855
2964.371
2793.375
2956.13
2796.463
1992.204
2283.681
2523.188
2872.459
2977.908
3225.121
2913.52
2992.981
3296.141
3010.276
2825.717
2691.336
2566.564
10232767755
2957271847
854652156
246996390
71383753
20631875
5965031
1725839
501075.4
146490.5
44163.54
14465.45
6191.619
6574.918
4027.807
64388.6
21908.88
8230.143
4149.139
3321.567
2710.76
2412.618
2858.42
3343.703
4117.952
3359.381
977.1128
2096.457
2670.764
2751.016
2730.466
2331.126
2731.819
5024.432
3637.002
2627.495
2996.542
2930.174
2193.225
2574.824
3051.743
2397.155
2133.138
4581.551
1355.39
2017.588
2396.173
2181.021
2325.347
2950.284
17199.18
6064.174
3164.443
3291.955
3094.673
2817.112
2888.532
2464.602
2194.551
962.947
2971.915
2544.418
2678.58
2512.358
1968.312
2793.325
2471.994
2296.522
2253.308
2781.347
697.6835
2428.923
2635.069
2745.247
2348.641
2574.608
2805.779
2208.547
2556.747
2587.772
14612.31
6025.835
3469.028
2224.265
2447.178
-4985.616
367.3495
2076.606
2177.251
2174.815
2513.54
2517.265
1395.795
1531.944
1841.583
1766.032
2583.758
2255.231
3481.353
2518.147
2730.189
954.7203
2248.11
4718.728
2538.361
2631.447
3308.478
2650.311
-1032.678
1779.624
1969.16
2205.396
2315.006
2703.254
3332.336
2325.426
2293.507
2357.292
2593.101
2529.871
2490.134
-6461.663
186.581
2395.669
2626.517
2927.518
2052.562
1764.888
1547.258
2017.056
2011.216
2429.702
1662.284
2477.139
2467.545
2775.793
2264.896
1644.486
2154.656
1178.859
1828.663
2059.126
2043.382
2292.141
1522.413
2113.498
2177.305
2910.996
2032.464
1989.23
2303.289
1794.609
2027.763
1837.755
2162.161
18275.55
4411.991
2591.173
-7291.417
-2981.824
632.6786
802.6596
930.8858
1789.793
2114.182
1054.635
978.0192
2029.903
2288.435
2055.432
2792.685
2574.37
2143.399
1588.689
1687.37
1843.582
2385.608
2217.708
3715.828
2217.133
2368.419
2020.254
2189.661
2093.87
3797.669
2633.06
2051.937
-671.916
1367.536
1833.324
1599.836
1963.246
1568.845
1245.756
2114.683
3276.573
2745.673
2645.687
2052.105
4185.733
2196.657
1808.247
692.1061
1723.836
6937.341
3358.302
2137.093
1801.129
1829.893
2242.45
2110.966
1801.212
1909.752
2143.651
2209.716
2150.945
2293.808
1900.616
1692.002
1961.185
1889.626
1903.328
2193.001
1331.147
2200.021
2164.266
2088.005
2111.163
873.6405
1514.244
1949.824
2932.583
2398.473
2252.026
2384.342
1955.629
2895.436
2446.587
1922.307
2008.048
1752.785
1680.258
5644.586
2518.441
2339.169
1837.907
-1691.77
844.7713
-4974.728
6966.022
3908.521
2685.654
2209.94
1936.523
1453.738
1712.484
1850.365
1812.224
1922.282
1752.041
1318.837
1323.752
1858.842
1979.813
1938.47
468.3998
1774.126
1891.804
1911.268
2480.533
2093.292
-10215.14
-1516.24
1081.998
1475.076
1859.723
1837.695
1540.362
1838.63
2041.515
1749.079
1920.005
1892.729
2127.389
2180.35
2551.356
2072.07
-860.6665
434.2497
1661.745
1548.343
1483.202
1464.915
1384.855
3152.264
2469.716
2016.942
2445.556
2165.286
2180.755
8616.606
3854.868
2272.731
5547.666
3702.155
2535.338
2152.382
2447.825
2569.004
2088.451
1768.63
1348.251
1877.815
2324.356
2217.313
2721.941
2171.272
11439.06
5255.56
3098.993
2389.22
2183.781
951.7353
1788.506
2245.303
2109.355
1971.471
2815.417
1511.53
1919.764
1856.085
1201.841
1634.363
3265.14
2345.468
2888.853
2397.255
2863.262
2375.195
1884.902
2306.053
2915.222
1799.712
