304.3243
292.0248
288.9618
285.1655
327.5042
310.6056
237.6962
266.2626
272.4706
290.8333
272.413
264.0452
274.5901
286.5101
300.6799
277.2214
172.9126
229.1619
276.9723
287.1751
282.3981
305.5139
344.5909
326.48
209.9752
248.5792
282.5457
246.8901
248.9901
267.9137
283.0972
412.2362
365.525
335.7159
277.3911
280.6727
292.2119
296.6934
305.9935
295.4306
303.1235
306.8277
307.944
306.8885
296.1528
380.2993
336.7294
314.5633
297.7453
309.3719
444.4831
366.5451
337.4997
300.6992
266.584
264.0087
252.8482
302.33
281.3408
430.9821
289.5619
277.1125
349.8035
352.3204
338.2069
285.4781
284.6959
266.0104
277.7507
296.2919
287.0331
-10601.15
-5833.844
-3171.751
-1674.434
-829.5184
-445.4376
-82.23334
98.15886
61.42765
156.4119
201.8398
212.3139
220.9075
244.0922
212.6477
217.6515
230.5995
236.1104
184.57
204.612
258.0525
276.8894
264.1191
260.3028
249.3697
216.9815
220.8243
334.8286
280.9563
-228.9588
-46946.96
-26318.2
-14745.58
-8250.494
-4570.058
-2475.019
-1298.032
-632.3208
-294.8004
-79.80312
38.1049
106.8213
1224.449
779.81
551.479
129.3282
145.2041
133.0988
165.4278
143.3523
152.7886
146.7752
377.3731
319.1702
143.1279
167.3118
143.8757
25.95931
-105.9726
-16.73123
63.67507
80.99103
375.2365
256.3426
204.5753
184.2561
190.6998
131.1627
122.9627
148.7472
132.9721
150.133
126.8673
120.9658
97.34601
88.16128
65.53392
95.98015
70.2396
53.93392
86.43278
75.12436
100.6523
94.71873
88.29404
-1195.963
-662.7702
-365.366
-188.0467
-91.38114
-23.99372
1.527882
-14.15071
13.52531
3.509458
-4.167341
12.69985
9.553166
2.208299
-6.132607
-11.84839
-10.69701
-1.172455
70.24531
31.95522
2.998167
-17.0131
245.0433
100.8118
271.4389
146.8854
52.57983
1.091497
-5.365833
-198.1247
85.18972
2.688273
-30.82315
-69.24195
-55.90093
-73.84132
-164.0877
-199.567
-160.4331
-143.9174
-104.4078
-99.44359
-116.9909
-125.5277
-124.9241
-137.905
-117.1384
-64.82977
-88.83626
-72.91407
-108.6047
-131.126
-133.7478
-145.6937
-139.8386
-137.0564
-119.3138
-128.9078
-154.1112
-141.8788
-155.3319
-152.1568
-130.9841
-563.9714
-394.4921
-287.9344
-256.5705
-230.7477
-298.5301
-173.585
-144.0999
-200.3913
-214.1582
-194.2217
-218.8791
-213.787
-199.2209
-215.2218
-221.7538
-251.0678
-247.7481
-253.7713
296.691
48.15812
-91.35318
-266.2931
-258.3872
-272.135
-266.8222
-308.116
-306.471
-311.0756
-316.7634
-308.0522
-302.2314
-324.7887
-257.6769
-282.2713
-300.4744
-318.5369
-309.1968
-325.3998
-296.7929
-246.7621
-263.851
-294.6222
-311.3288
-285.6205
50.52516
-116.7609
-211.7737
-272.6694
-307.1838
-332.048
-367.963
-355.9206
-401.8275
-395.276
-396.8789
-379.5468
-347.908
-321.3927
-314.8044
-338.8848
-351.0597
-125.3277
-239.3954
-303.5019
-361.8577
-341.7499
-366.4311
-369.3827
-401.2868
-386.2344
-385.5884
-368.0351
-383.8051
-354.1791
-385.0005
-375.0214
-349.8616
-368.5941
-368.0201
-375.3668
-409.6683
-376.1811
-484.0745
-425.2245
-470.2151
-428.6824
-414.3388
-300.2074
-338.0757
-377.9919
-370.0022
-390.8652
-421.3297
-417.7119
-417.8172
-400.3438
-408.5344
-428.1354
-7209.443
-4151.198
-2217.999
-1430.075
-978.1194
-744.2246
2.44695
-150.0947
-281.329
-353.7373
-341.0291
-382.1129
-392.1662
-414.3342
-340.5112
-377.1153
-581.3131
-550.7443
-470.1938
-451.6253
-443.6775
-377.1455
-381.8642
-357.7017
-350.6388
-377.6254
-298.9354
-346.3538
-504.4251
-502.5577
-453.6418
-434.7792
-410.0276
-416.6614
-400.4612
-427.8578
-407.4582
-393.1454
-340.1285
-317.4041
-375.1564
-375.1298
-296.7252
-331.1185
-251.5314
-361.2989
-368.3086
-345.958
-267.1817
-332.549
-399.7551
-389.6074
-415.2845
-398.8447
-129.4197
-247.1374
-288.929
-322.3285
-356.9108
-363.7663
-382.2219
-513.5299
72.71974
-134.98
-262.0693
-304.8028
-464.659
-429.6588
-390.0099
-362.2528
-395.5773
-369.9182
1278.145
602.0599
176.432
-109.0201
-214.1534
-267.9305
-292.8203
-313.4878
-324.6522
-352.7097
-337.1154
-327.3713
-320.2792
-308.3409
-302.3157
94.40334
-61.09476
-165.2171
-247.616
-252.9964
-256.3884
-264.1591
-267.3674
-270.6483
-294.5323
-287.1628
-284.3229
-281.5905
-279.3184
-248.0071
-248.5845
-230.2944
-249.2449
-242.962
-254.8867
-252.3164
-244.2946
-246.2306
-252.0114
-244.9787
-255.3352
-279.25
-265.8221
-273.1379
-219.6787
-329.4264
-286.307
-246.9004
-225.9462
-197.1545
-236.8952
-226.798
-202.8304
-198.7254
-203.5866
-204.1257
-221.1058
-202.4027
-171.4262
-173.922
-157.5761
-198.936
-197.3692
-183.6901
-146.2963
-144.3991
-157.592
-155.6609
-204.1343
-151.0637
-148.6466
-162.3075
-145.8849
-188.3172
-161.3346
-150.7927
-209.5955
-180.1945
58.95121
-100.8042
-134.0125
-126.2649
-88.61276
-200.3465
-167.145
-109.8024
-93.57064
-101.6688
-103.5658
-80.50525
-64.44859
-147.5536
-128.9572
-116.5925
-101.1832
-25.8421
-66.57174
-51.64885
-43.89059
-84.96728
-66.39598
-30.71765
-33.749
-38.0973
-42.68804
-16.77385
-25.68015
-31.48747
-140.6277
-94.99206
-71.54254
-48.24145
-46.33792
-15.94121
5.585691
4.148258
2.017343
2.209557
-57.94515
-303.5364
-184.0153
-102.2987
28.99353
28.3689
43.46569
2.644335
6.129346
34.18044
38.91473
6.352482
0.05638372
-25.7585
-1.250565
103.9365
76.11667
71.79827
144.4361
60.07704
56.68232
44.63847
8.36403
15.78461
45.14409
79.2397
54.22664
48.52316
46.86219
50.79665
40.81247
48.58205
60.12353
71.62651
72.57831
-449.829
-232.3106
-78.4611
-2.777816
46.41622
83.01316
85.93118
838.7537
503.1124
309.249
-721.6515
-380.2208
-154.2526
-41.17282
34.66009
33.51121
278.1271
218.2079
151.4869
134.2632
122.8224
164.7691
141.9266
129.9671
118.5472
120.2914
133.7372
144.277
158.4008
136.6007
126.1776
134.8988
123.7029
112.3691
51.13944
117.9791
131.7517
124.111
118.787
-30196.97
-17018.25
-9566.177
-5351.405
-2986.384
-1779.406
-973.5593
-514.1931
-261.3363
-85.94752
12.14423
56.9493
87.05123
52048.07
29410.29
16708.67
9469.595
5429.191
3084.295
1616.312
987.4772
634.6859
343.6769
235.3491
204.3517
293.5993
365.7111
282.3975
165.3215
141.7676
145.3248
216.9199
-17.54256
58.35354
72.54895
79.85212
59.57574
91.58142
86.23146
113.0132
113.8517
145.2698
98.53874
128.905
107.2061
99.04005
95.29575
116.4676
106.124
100.4167
150.6967
120.0337
92.30235
-3681.653
-2091.237
-1124.156
-649.6873
-262.0845
-112.358
-140.4385
-44.64518
12.98146
30.55609
27.19233
45.38246
49.0641
67.48039
66.93199
67.5602
60.40442
73.06352
64.51592
45.93125
45.89509
43.67264
73.60665
41.17509
32.97928
54.70552
27.04158
-24.0445
-13.92841
25.90171
-47.97868
1.283772
-24.58804
-8.358162
2.298252
-18.48999
-8.398948
0.7063734
181.4025
73.28438
29.35663
-3.537244
1303.119
646.9645
352.0019
32.79913
-1.623353
-17.61367
-42.02025
-19.16711
-458.3242
-286.6386
-190.9301
-147.418
-119.1643
-103.6102
-203.6394
-155.1461
-159.6359
-135.6228
-94.99492
-115.7274
-120.9654
-49.88569
-74.25313
-133.9056
-127.8163
-133.6756
-142.9699
-125.8606
-134.0583
-51.03783
-90.37914
-137.3533
-137.2716
-161.4048
-94.16333
-98.8265
-117.7222
-133.3742
93.59127
-62.25623
-128.8922
-135.4558
-160.795
-188.9275
-193.0356
-199.4032
-201.9548
-196.6548
-202.7181
-212.8848
-213.2434
-210.3495
-213.8263
-213.7307
-239.1434
-299.3351
-282.6279
-262.9115
-241.4709
-242.6517
-313.1892
-285.7167
-569.0124
-421.282
-496.97
-426.3194
-385.4972
-328.8191
-305.5446
-304.296
-286.927
-288.4887
-293.9674
-307.7828
-298.4064
-353.4623
-355.4383
748.2908
258.5823
-8.382099
-117.024
-351.7661
-370.6802
-348.788
-345.7208
-353.9851
-346.8146
-371.6204
-283.719
-326.3812
-373.0675
-373.3334
-378.9367
-378.7209
-389.7681
-375.2545
-361.8261
-364.923
-365.6176
-381.9912
-389.006
-387.7224
-398.042
-414.2286
-415.8925
-435.2346
-443.5107
-437.6886
-457.9104
-468.2284
-465.5587
-461.4913
-460.0405
-519.187
-508.6031
-502.5539
-490.8613
-480.1831
-479.4533
-509.8753
-479.4685
-619.1962
-567.3518
-531.805
-502.2045
-516.0726
-504.3835
91.64637
-165.1842
-336.4947
-432.7729
-445.0184
-478.1701
-550.0301
-534.016
-588.0139
-595.7009
-561.4767
-563.7579
-506.3061
-507.082
-512.9851
-511.9831
-518.8324
-465.0042
-506.297
-519.2146
-541.699
-765.7445
-678.6672
-632.3453
-607.9108
-594.84
-555.3068
-566.7631
-574.9159
-575.3037
-571.1752
-561.3696
-568.9132
-574.8379
-587.2064
-585.002
-585.1492
-625.2915
-631.3954
-608.6857
-621.1385
-617.1608
-600.8482
-593.1494
-673.0537
-649.6659
-465.3792
-540.8423
-559.8923
-528.241
-565.8821
-594.6154
-586.5214
-583.2316
-594.8321
-612.4275
-609.9684
-587.7154
-579.176
-3465.236
-2212.676
-1517.941
-1135.963
-896.9627
-774.015
-744.3926
-709.7937
-692.3645
-653.1087
-619.7005
-623.8913
-594.7662
-603.211
-599.0308
-605.2002
-619.1547
-626.4557
-620.2794
-614.1043
-601.7674
-620.0941
-598.3098
-593.9076
-596.926
-602.2872
-578.9667
-593.6746
-996.8715
-836.9075
-749.4334
-742.7044
-690.8904
-656.4324
-602.802
-642.5739
-606.9148
-590.16
-571.1514
-579.0767
-584.2335
-544.1629
-545.6653
-193.1291
-368.3103
-479.8544
-478.5546
-564.4683
-557.4418
-530.0411
-534.6489
-568.9205
-561.4737
-543.9516
-553.4544
-569.0159
-559.2292
-508.7861
-559.8514
-661.5391
-626.4883
-605.6435
-529.6894
-540.4652
-552.3706
-371.9867
-431.3357
-476.9331
-476.3023
-492.3959
-513.413
-536.3935
-541.8118
-546.5631
-546.9457
-548.4556
-522.6695
-499.9619
-508.8383
-566.6428
-465.7844
-495.2292
-504.1429
-503.9843
-59.44984
-240.0212
-367.1788
-398.9028
-422.1293
-465.0576
-507.889
-512.1842
-485.1133
-541.4263
-518.9845
-508.1524
-503.0646
-597.4039
-550.8432
-527.24
-429.7747
-417.8402
-382.0627
-438.493
-389.037
-420.5266
-460.8039
-447.4218
-452.7651
-460.8891
-348.9312
-385.7611
-395.2341
-412.9309
-422.5129
-568.2418
-498.9635
-481.8597
-483.7789
-454.7148
-423.1533
-407.0806
-381.0383
-389.1977
-442.673
-415.99
-169.3893
-263.8356
-322.6609
-365.3186
-367.9344
-376.1553
-372.8295
-388.5466
-387.6799
-400.1876
-393.2888
-381.3847
-364.6849
-362.8981
-340.4333
-347.7685
-328.94
-309.2505
-316.3212
-310.4848
-310.5074
-316.6948
-312.5972
-321.4589
-320.056
-316.7149
-283.2387
-284.8134
-338.1461
-317.7105
-305.7187
-351.8417
-321.015
-306.6048
-283.3599
-381.2877
-422.8037
-433.2697
-335.7907
-309.6122
-283.0695
-296.447
-261.0103
-271.1818
-311.738
-296.3916
-276.4242
-251.3901
-240.6223
-242.9169
-235.0645
-224.5789
-227.2309
-232.6859
-169.7694
-243.7181
-229.5383
-193.2748
-191.617
-226.9634
-209.3574
-195.0307
-274.7537
-245.4928
-221.4661
-161.4178
-187.6582
-168.7322
-165.5159
-184.2686
-177.1337
-178.7294
-224.8091
-196.1875
-198.1736
-175.8117
-176.7068
-203.6824
-141.7954
-902.4258
-575.1924
-379.3779
-282.2491
-230.3326
-203.1129
-178.6015
-140.4552
-125.6291
-131.3322
-133.3978
-127.7301
782.6749
275.3068
85.97099
13.3715
-28.03692
-65.42852
-80.7084
-86.14552
-134.8139
-97.3368
-100.3613
-223.9743
-170.1644
-280.9626
-216.1618
-150.4423
-153.1769
-155.8913
-121.1596
-125.7259
-109.5942
-86.90633
-81.67358
-94.22685
-92.60647
-81.15454
-99.62351
-226.0567
-154.7912
-113.6817
-100.7727
-77.48306
-91.1587
-104.5319
-80.754
-49.84385
-45.7782
-2.451418
21.08541
-22.30191
-19.83979
-30.72384
-28.06866
-64.7663
-60.787
-63.13666
-59.38934
-87.94122
-89.10043
502.6467
149.405
38.07778
44.80559
57.6736
-16.23389
-52.468
-65.91756
-55.8199
-48.1012
-51.45298
-140.0168
-119.0515
-63.07412
-148.1212
-116.822
-109.5597
-97.29407
-77.7493
-75.57632
-198.4285
-224.5473
-157.4358
-115.7338
-147.1538
-119.4713
-104.5073
5.689434
-2.729651
-51.7337
-53.64009
-33.11916
-60.07093
-75.28214
-33.53765
-212.6119
-191.5995
-156.8595
-106.9336
-84.35335
-114.542
-91.40237
-96.61211
-90.1147
-106.9925
-91.04628
-92.09881
-85.0825
-71.7715
-92.68943
-93.81354
-96.53746
-105.5311
-134.1705
-117.4322
-109.3467
-108.3926
-108.1009
-109.0328
-40.32689
-79.92959
-92.79296
-149.2501
-144.731
-149.3091
-111.2497
-124.6691
-143.3367
18244.23
10244.8
5556.747
3058.138
1641.74
873.6047
433.6675
168.8364
24.85099
-59.39487
-104.449
-136.7032
-109.2644
-119.0858
-510.0191
-333.8889
-287.3932
-233.061
-213.4012
572.7976
239.5754
74.68599
-37.0662
-98.12115
-82.11399
-147.6526
-154.2993
-187.3683
-203.6289
-225.017
-215.8244
-226.3895
-189.5024
-207.9219
-151.0642
-185.7053
-209.8976
-231.8781
-249.4111
-268.2895
-259.3236
-274.2969
-284.6181
-906.6118
-1569.67
-986.6292
-675.0032
-495.7651
-458.7821
-272.7618
-283.4604
-265.7323
-224.3877
-263.6681
-328.593
-320.6492
-304.6426
-300.4527
-310.9005
-315.094
-322.4059
-336.0976
-334.0178
-355.4671
-314.6694
-334.9278
-345.5734
-342.3474
-344.3409
-365.1413
-390.549
-392.6232
-466.7622
-459.9313
-428.542
-422.1939
-403.6372
-406.2495
-354.7188
-375.8763
-480.3022
-449.1443
-435.1707
-413.8469
-427.5408
-360.3381
-520.1763
-544.6283
-513.8546
-431.7494
-435.3998
-469.1049
-454.737
-486.2303
-475.6366
-431.0489
-448.4415
-427.2312
-440.1227
-453.5721
-365.0564
-433.7807
-465.694
-473.262
-512.8212
-592.9781
-551.3623
-536.3675
-537.7036
-550.0668
-564.9776
-522.2618
-533.9671
-490.5494
-521.6916
-507.6612
-522.2837
-506.995
-534.1758
-546.1191
-650.6133
-597.2994
-502.9264
-531.0559
-579.1184
-576.8025
-733.5038
-655.0017
-621.6029
-607.3216
-601.2143
-637.2716
-626.961
-588.5596
-579.8092
-574.7079
-605.0482
-611.0388
-605.6405
-613.5103
-615.3695
-599.6149
-641.8448
-635.4854
-628.3287
-657.9449
-654.9866
-666.9131
-690.8678
-656.6765
-685.7858
-665.7804
-694.3829
-672.9648
-666.7563
-683.0803
-681.8071
-662.1825
-680.6969
-677.7733
-696.7075
-686.1961
-1092.801
-1267.32
-981.255
-879.7664
-891.7556
-852.3147
-794.2223
-794.2301
-756.4027
-730.8319
-719.1837
-693.152
-686.4742
-691.3584
-689.9767
-699.1979
-717.4799
-741.3465
-686.3954
-717.2508
-738.1972
-724.1094
-724.2228
-732.7785
-736.732
-735.8457
-734.2811
-789.98
-747.4156
-2772.722
-1519.043
-1191.191
-1037.989
-920.4058
-858.4674
-834.6011
-731.8358
-730.6842
-742.103
-766.4537
-797.5094
-804.7113
-750.9031
-724.1245
-751.0749
-800.375
-945.1339
-867.5884
-793.0603
-840.0497
-817.0996
-822.0413
-812.0118
-833.0399
-787.042
-772.5501
-809.2753
-776.4278
-788.0382
-793.3857
-810.9444
-198.1944
-539.9728
-668.167
-746.2807
-795.7301
-798.5367
-795.6074
-777.7107
-788.5222
-761.1977
-777.4315
-766.5005
-792.4356
-948.568
-868.2298
-859.2285
-829.1208
-912.7781
-882.5601
-825.2254
-775.3608
-777.7123
-775.9713
-920.6472
-856.6826
-807.772
-797.7534
-789.531
-775.8756
-699.6867
-738.6502
-750.5049
-754.0737
-752.8378
-630.9478
-760.2215
-762.6467
-755.2235
-842.6155
-813.6535
-782.2318
-769.591
-762.9702
-741.5146
-743.665
-847.1683
-811.5065
-775.2706
-762.2169
-765.9427
-750.5027
-747.9578
-749.3722
-749.6026
347.8489
-133.8575
-372.453
-539.0611
-570.6154
-629.0162
-688.4748
-636.7757
-695.8455
-702.7577
-704.3565
-700.4659
-675.1546
-642.1214
-709.0392
-713.8774
-505.3274
-589.1965
-641.6883
-679.0287
-626.6261
-638.1965
-662.8326
-671.4012
-686.1732
-807.4271
-756.8632
-717.7614
-691.0534
-687.1114
-671.462
-680.7774
-635.1555
-624.4202
-731.3577
-704.7246
-648.8677
-647.8156
-645.9466
-656.9859
-658.8169
-646.4092
-652.2869
-610.0373
-605.8664
-1236.959
-1030.024
-851.7733
-767.6594
-694.3615
-685.8995
-586.2683
-633.8238
-613.3664
-615.1853
-20575.12
-11841.73
-6936.578
-4156.843
-2619.44
-1815.26
-1271.984
-954.6954
-804.2492
-696.6509
-236.5236
-374.3182
-440.3393
-480.0529
-520.3172
-524.9476
-533.9941
-563.4777
-547.7068
-538.3738
-534.8056
-535.914
-520.9908
-524.9187
-507.1931
-462.0828
-488.0996
-499.6549
-515.4812
-529.4431
-516.8872
-480.4365
-494.5758
-584.0952
-551.4166
-549.4994
-522.2702
-513.7105
-494.6575
-462.0441
-555.7531
-522.724
-504.392
-482.8638
-473.1923
-484.3641
-472.1119
-468.2008
-439.1675
-450.3431
-445.1488
-475.6027
-467.3633
-454.8593
-448.5818
-432.6768
-427.9014
-447.6185
-424.1067
-342.8064
-391.7232
-730.7323
-587.1781
-498.4095
-454.4225
-404.7492
-2449.972
-1567.635
-1058.515
-802.1226
-640.6704
-492.4751
-445.4119
-395.6098
-391.4298
-334.1359
-333.0747
-330.9614
-345.614
-343.8103
-298.0732
-359.6667
-349.7484
-344.014
-340.2832
-379.9218
-333.7162
-338.9862
-334.9831
-339.9948
-328.0149
-311.2758
-311.1901
-380.862
-348.8966
-347.0257
-331.8055
-322.1849
-302.7945
-299.6325
-260.5541
-315.0015
-308.8631
-336.9895
-324.001
-219.8559
-231.4642
-232.0983
-261.9396
-282.2839
-302.3908
-330.8174
-319.3152
-298.6381
-294.3649
-306.3323
-299.4395
-294.839
-275.8534
-265.9089
-275.3326
-259.9323
-250.5672
-252.6069
-250.5218
-234.9065
-216.6159
-246.3004
-199.7474
-203.7869
-228.2219
-216.1949
-234.2895
-240.5292
-259.7263
-257.4547
-239.908
-258.5453
-245.8277
-247.6555
-246.3616
-223.8886
-229.5721
-236.0465
-813.6299
-556.9977
-496.1127
-375.7778
-325.0748
-296.061
-283.3733
-280.9569
-235.6094
-2263.981
-1479.048
-877.055
-716.0277
-500.2412
-392.3959
-335.1137
-300.5652
-290.4237
-270.2043
-259.0579
-248.7529
-402.1116
-322.3622
-299.2725
-367.5464
-331.4227
-280.3877
-278.8034
-418.6442
-320.5518
-206.1605
-181.5526
-208.2566
-207.411
-223.5291
-243.6719
-256.5296
-247.8286
-627.1086
-451.3505
-372.6876
-328.3171
-294.7205
-327.2752
-318.8778
-300.8442
113.4485
-54.13628
-135.0709
-146.1959
-206.5992
-17.87179
-127.9224
-101.3028
-189.6462
-216.2867
-237.1678
-299.5145
-314.0699
-287.4952
-223.5797
-255.5605
-270.7997
-294.8932
-295.9051
-657.6378
-512.4896
-415.2493
-336.1596
-354.1378
-361.5003
-340.3433
-330.0045
-305.8737
-311.6525
-322.1774
-318.5447
-363.9344
-335.2795
-294.7307
-315.247
-331.8392
-341.6116
-341.4524
-340.8027
-357.2504
-365.1928
-367.9134
-315.9848
-330.6702
-312.1975
-341.9907
-341.803
-349.9608
-363.6879
-410.2884
-402.2379
-357.3113
-381.4707
-366.176
-377.155
-391.4899
-406.6764
-399.0212
-382.3197
-386.6913
-403.1127
-413.9038
-415.0174
-432.4421
-435.8245
-440.9289
-430.0067
-421.4366
-435.2308
-441.1266
-450.8249
-486.2719
-438.6232
-446.1098
-459.0663
-445.1014
-443.7899
-441.2107
-441.901
-443.8568
-472.4725
-483.2553
-496.367
-494.8109
-522.0179
-548.815
-541.5071
-555.2509
-543.1518
-546.8145
-610.1055
-601.4399
-561.23
-512.7516
-528.4314
-532.0928
-522.4947
-538.0623
-545.924
-614.6347
-598.8876
-570.767
-569.2109
-576.1911
-581.2749
-579.5535
-586.5271
-593.6781
-594.3757
-584.8998
-605.2473
-760.2835
-680.4463
-631.0987
-621.0167
-720.0051
-674.794
-632.0692
-633.6844
-642.9822
-635.7132
-657.0582
-663.1
-663.778
-691.6614
-655.0265
-701.3726
-688.5227
-119.7233
-359.38
-497.267
-578.951
-522.7065
-576.3921
-795.178
-749.9508
-790.7542
-748.3683
-721.9015
-700.1235
-710.3511
-947.5678
-839.6577
-800.1616
-755.6265
-751.5441
-736.3676
-754.9235
-760.6555
-325.7651
-516.7979
-617.0219
-677.1485
-728.2631
-731.5807
-737.3812
-750.9523
-752.5685
-758.8882
-775.0619
-790.5039
-786.7495
-860.3788
-832.7181
-827.5765
-829.418
-818.3746
-739.8297
-753.8083
-788.4278
-805.7128
-816.5747
-820.251
-889.1048
-864.6319
-847.5797
-972.3713
-921.5951
-897.4801
-878.7981
-863.4489
-869.3133
-848.6719
-878.1349
-871.5749
-872.5531
-868.8073
-1020.364
-816.2209
-838.1257
-863.6417
-886.2746
-877.9464
-941.0433
-920.6487
-920.337
-919.5295
-907.5142
-959.343
-926.6528
-912.4839
-932.9
-912.6158
-908.1258
-934.32
-943.9966
-938.2717
-930.9851
-915.3635
-912.2724
-934.5095
-937.3487
-924.3969
-915.2075
-908.2479
-927.0988
-1049.445
-802.9101
-868.9381
-901.2974
-923.8705
-932.0504
-890.2791
-913.4121
-938.3931
-944.9906
-872.5723
-921.3365
-969.3785
-919.1714
-1015.953
-1006.62
-972.5014
-965.5952
-962.2475
-958.5108
-951.6489
-957.4144
-958.6929
-975.8546
-968.2691
-973.665
-1012.507
-982.5873
-901.8269
-927.2975
-1039.364
-1031.799
-1012.719
-1039.287
-992.7031
-971.5706
-975.9951
-974.3152
-975.1727
-928.7267
-919.6011
-992.6564
-971.4435
-827.2784
-887.3414
-970.8357
-969.0692
-962.045
-954.6234
-1085.086
-1047.922
-997.256
-994.256
-974.4315
-974.6721
-956.4401
-938.6006
-956.9098
-940.6691
-957.6923
-673.9589
-793.2637
-900.5196
-934.5186
-941.7174
-940.8264
-956.5879
-978.1353
-966.3243
-960.7599
-951.8117
-935.5926
-941.1315
-955.4143
-934.9472
-1015.451
-1008.543
-960.6636
-946.3973
-939.8208
-931.2
-926.124
-892.2633
-905.7133
-909.2073
-915.0424
-913.254
-762.1312
-848.0398
-886.3483
-912.5638
-916.9362
-915.9987
-926.514
-925.576
-830.127
-863.7434
-874.8637
-889.7959
-874.5992
-892.1307
-900.64
-1004.173
-983.3592
-942.9247
-1035.929
-962.4853
-922.2961
-901.4328
-896.5177
-957.4532
-931.4952
-899.7174
-892.0646
-892.0039
-873.268
-861.8094
-865.7475
-937.2638
-953.4457
-909.2689
-885.1
-763.3587
-798.9401
-816.6601
-789.9959
-802.2062
-798.1224
-813.4267
-990.4744
-989.5456
-923.805
-867.0696
-787.1984
-864.1483
-582.5756
-650.4214
-713.3062
-959.9015
-896.7688
-845.2127
-860.8423
-830.6361
-805.6569
-793.0032
-789.1579
-786.3229
-774.4213
-774.5044
-759.4181
-780.8328
-849.1991
-805.9551
-757.6453
-738.5638
-734.2311
-779.4565
-759.5679
-741.387
-734.5014
-732.303
-716.2384
-721.0636
-711.7432
-716.682
-721.1699
-742.075
-591.1186
-630.0581
-617.1945
-637.4312
-509.1357
-597.8291
-634.4279
-661.4126
-687.0288
-692.2189
-692.6436
690.9878
103.7687
-261.6471
-454.7497
-536.7855
-608.5221
-640.8033
-621.3308
-651.0278
-638.6419
-633.6125
-624.35
-671.1177
-628.7691
-636.2869
-596.7776
-608.7443
-603.5674
-607.5663
-609.2606
-629.7072
-610.4869
-608.122
-587.7628
-593.8173
-593.3142
-559.8156
-568.9482
-547.6765
-604.7599
-600.6871
-601.853
-584.7036
-570.7186
-574.4622
-554.3116
-533.888
-535.9138
-539.1215
-533.4452
-524.3452
-529.6263
-536.0147
-512.6561
-507.6767
-446.1759
-474.1741
-494.4603
3997.757
2028.3
911.1381
294.881
-60.63976
-284.1418
-392.013
-456.2249
-460.477
-171.6638
-315.0514
-398.1847
-436.209
-463.2007
-488.3767
-500.0097
-481.4572
-489.8509
-454.2166
-497.7351
-471.1419
-456.5966
-485.6214
-493.5328
-486.5181
-484.2826
-482.5053
-475.7416
-479.1273
-492.3202
-448.3157
-459.6584
-448.7623
-493.879
-450.9374
-439.4299
-449.9261
-445.5243
-400.1311
-421.5279
-391.591
-414.2379
-428.33
-440.2351
-295.9958
-268.3418
-333.5784
-381.9414
-385.9014
-414.176
-421.621
-374.1811
-427.0993
-449.7164
-446.6592
-452.2831
-437.8837
-438.8963
-454.1567
-453.7616
-439.5356
-432.0044
-418.8331
-440.9905
-431.4785
-434.5231
-451.0691
-458.6574
-431.8419
-416.3593
-382.1201
-403.0046
-398.1914
-419.9661
-414.2385
-425.6749
-292.8539
-357.0727
-409.3005
-421.205
-423.4002
-510.0082
-480.1073
-462.4298
-511.8027
-398.3166
-312.145
-345.8392
-386.8654
-370.251
-385.0138
-409.2286
-427.2292
-325.4511
-378.401
-454.318
-419.4709
-425.5277
-370.2884
-416.0523
-431.2026
-439.1697
-446.9578
-443.7863
-452.0535
-453.5913
-424.3781
-458.8624
-513.7757
-471.9874
-470.1553
-453.6585
-449.9461
-457.4372
-391.4278
-426.1981
-437.8796
-474.3461
-473.828
-470.2181
-299.1578
-374.389
-416.1018
-396.8793
-432.3187
-454.918
-465.9157
-503.6348
-478.7895
-464.437
-470.6755
-488.1225
-520.6373
-458.4894
-428.617
-458.3105
-503.7009
-504.6715
-580.7478
-558.7432
-554.5485
-533.1066
-531.6919
-555.8107
-544.6823
-515.786
-519.8247
-526.7875
-514.3787
-511.8906
-491.2733
-521.8083
-635.16
-607.4612
-580.8287
-406.2793
-442.9174
-497.3528
-514.1834
-561.2679
-374.4748
-463.2647
-522.7691
-551.5709
-571.3681
-570.2906
-585.1568
-603.8287
-602.5914
-563.1972
-570.1434
-591.8621
-593.6835
-8.943734
-301.8463
-293.7358
-440.1999
-523.4193
-570.4981
-637.4072
-605.6042
-512.9112
-587.0704
-638.0972
-636.0117
-655.4344
-660.157
-657.2613
-646.0216
-660.5571
-650.4576
-655.9077
-723.2201
-697.3428
-647.4194
-629.7213
-681.4963
-684.7375
-466.2091
-574.1342
-745.1226
-732.5897
-725.9856
-716.8842
-736.4793
-740.5967
-730.4846
-738.7068
-761.2464
-749.3133
-749.9068
-754.3487
-268.7486
-538.0397
-639.5273
-694.4757
-722.4884
-750.1024
-609.1997
-706.2304
-737.7727
-756.5811
-772.1524
-788.589
-798.388
-815.4143
-814.9569
-825.9947
-835.6872
-837.3556
-835.8509
-822.1367
-835.6693
-836.5757
-863.8675
-818.7524
-833.321
-840.7531
-878.9041
-878.7212
-876.4825
-866.4282
-868.6851
-880.2982
-818.4955
-850.1363
-879.122
-890.7116
-906.606
-896.8621
-886.9298
-931.7267
-914.7155
-946.9858
-961.7735
-970.9566
-1099.345
-1036.231
-960.7868
-950.1064
-962.1692
-960.9232
-943.0155
-951.1127
-963.1634
-981.1831
-975.4025
-983.8119
-982.0628
-959.1101
-965.42
-982.6241
-998.2268
-1002.783
-1006.937
-1021.626
-1010.127
-988.1853
-2356.309
-1768.834
-1484.404
-1265.362
-1132.806
-1084.26
-1056.067
-1048.808
-1005.674
-1007.768
-1004.512
-1029.464
-1010.612
-1034.641
-1028.88
-1018.761
-1046.487
-1443.963
-1305.533
-1210.787
-1144.522
-1108.848
-1098.415
-1164.784
-1182.542
-1149.217
-1136.145
-1102.68
-1112.965
-1116.795
-1103.837
-1095.965
-1073.814
-1096.932
-1096.155
-1087.716
-1101.079
-1075.934
-1096.257
-1121.25
-1129.318
-1121.445
-1143.419
-1155.997
-1141.659
-1328.166
-1218.077
-1166.275
-1155.214
-1144.102
-1122.613
-1061.754
-1080.235
-1104.426
-1106.076
-1126.779
-1123.442
-912.4585
-1017.355
-1067.283
-1093.206
-1107.437
-1125.864
-1113.906
-1112.425
-1161.861
-1144.192
-1141.394
-1138.485
-1128.13
-1134.616
-1120.343
-1128.251
-906.9815
-1035.54
-1170.272
-1086.973
-1116.046
-1140.496
-1162.131
-1134.934
-1095.756
-1120.271
-985.4365
-1042.457
-862.0784
-1121.877
-1207.815
-1172.313
-1159.657
-1154.407
-1129.085
-1138.777
-1160.491
-1166.018
-1154.224
-1141.122
-1138.306
-1132.335
-1130.208
-1151.944
-1143.144
-1147.073
-1108.53
-1123.347
-1143.577
-1126.852
-1131.951
-1140.157
-1138.716
-945.6938
-1065.287
-1089.994
-679.4933
-889.5108
-979.1895
-1044.682
-1117.42
-1081.345
-1090.577
-1093.877
-1055.545
-1034.365
-1070.053
-1085.465
-1518.104
-1344.19
-1243.99
-1176.484
-1136.964
-1141.378
-1129.652
-1112.735
-1311.104
-1238.303
-1195.875
-1172.017
-1147.81
-1153.065
-894.5934
-990.4065
-1026.958
-1055.451
-1048.611
-1065.26
-1150.656
-1139.558
-1131.176
-1098.603
-1078.329
-1096.87
-1075.099
-1090.493
-1140.25
-1103.531
-1043.558
-1037.302
-1033.627
-1054.897
-981.5913
-1005.797
-1011.568
-998.0671
-2086.497
-1670.431
-1380.355
-1218.508
-1131.744
-1090.86
-1064.468
-1050.463
-972.0067
-990.3813
-1004.026
-1001.787
-1001.187
-1004.518
-998.6085
-1187.533
-1095.89
-1056.217
-1116.828
-1034.492
-995.0691
-1033.259
-840.548
-516.1638
-718.672
-814.4534
-900.559
-925.7962
-943.5492
-952.2749
-934.3417
-942.3668
-923.886
-912.7741
-934.3823
-1770.516
-1414.122
-1199.177
-1081.798
-1002.74
-964.9604
-988.8635
-949.8695
-948.3796
-974.2171
-972.3955
-943.2299
-915.7891
-894.6215
-915.0499
-905.9634
-896.5937
-891.5868
-994.2531
-933.7091
-908.6635
-900.0997
-891.1623
-874.6365
-856.9825
-853.303
-852.599
-847.9742
-836.5923
-782.1892
-817.4674
-789.6053
-664.5679
-730.395
-722.9012
-760.552
-33.6151
-370.2411
-622.3214
-695.0284
-591.8309
-678.689
-668.4387
-594.5518
-722.6773
-773.6121
-767.2985
-801.6264
-801.3963
-595.1227
-604.2408
-654.8238
-694.1437
-663.0731
-752.0198
-766.8169
-765.6675
-746.0892
-752.2207
-746.1083
-744.9038
-745.8061
-513.1597
-616.5225
-769.0625
-748.6538
-733.7905
-742.2233
-684.0392
-686.0794
-707.7925
-731.4064
-697.6411
-745.4045
-731.716
-754.0786
-626.2951
-653.467
-714.5745
-697.1674
-676.0766
-698.6365
-694.6769
-678.6221
-628.8408
-648.384
-657.3656
-806.6458
-758.7356
-756.0841
-722.315
-693.1826
-608.5701
-609.2999
-632.4635
-651.7251
-669.4547
-679.8921
-653.014
-641.8615
-639.5625
-628.5082
-643.9135
-452.0338
-535.377
-573.6666
-634.576
-628.8969
-658.6336
-636.3815
-533.2865
-578.0418
-714.969
-674.8779
-663.9038
-662.3262
-651.6144
-651.7598
-585.1235
-514.5454
-582.9388
-589.1852
-516.2725
-548.4961
-573.0812
-589.0001
-624.0221
-622.1164
-555.6697
-563.9787
-635.8292
-624.6849
-623.4823
-615.9554
-619.0579
-637.6179
-691.9075
-647.8639
-608.1763
-627.9901
-903.5142
-746.1121
-683.1208
-652.9851
-645.171
-608.4394
-585.8081
-599.0411
-601.6648
-565.8354
-625.1714
-639.1507
-660.7046
-629.6111
-172.7012
-353.4289
-410.8618
-498.3076
-555.3397
-587.6066
-598.4288
-597.6207
-525.3313
-547.558
-578.2954
-623.7131
-641.8009
-635.9197
-593.7473
-609.4199
-588.4573
-602.0469
-614.6004
-624.0937
-671.3333
-634.7746
-622.9697
-645.5974
-654.6749
-611.0064
-8963.731
-5323.108
-3305.069
-2155.407
-1497.333
-1134.322
-921.0489
-805.7357
-734.4159
-691.4932
-640.4192
-579.2719
-593.6456
-615.8604
-615.9056
-636.9999
-601.6912
-628.0123
-700.9964
-703.2507
-779.1944
-726.4087
-700.3261
-690.1914
-645.8899
-659.1137
-364.5105
-499.3317
-568.7131
-620.8527
-634.8229
-658.0389
-670.2414
-712.223
-660.2207
-659.0918
-693.6577
-684.9701
-689.4699
-707.5836
-718.355
-722.7158
-716.4153
-734.2452
-686.6523
-695.4936
-602.3179
-632.8737
-683.7226
-692.949
-736.1055
-760.683
-722.6486
-695.169
-709.1711
-597.3476
-662.2176
-695.809
-720.2118
-727.0608
-745.6422
-707.5216
-742.3676
-999.2002
-901.731
-845.727
-796.2907
-827.6628
-818.883
-828.1874
-817.6525
-823.8245
-832.6227
-830.4552
-829.9476
-812.1352
-823.9649
-821.9402
-376.885
-677.2438
-758.1416
-803.0921
-821.2332
-845.0674
-868.6006
-870.029
-881.7606
-875.4041
-875.198
-868.9075
-719.0921
-785.529
-848.755
-896.785
-831.1212
-865.3845
-860.5672
-919.9173
-929.5524
-911.3711
-905.0964
-902.5286
-1209.498
-1087.729
-1007.648
-993.8981
-974.7013
-962.2004
-1049.908
-1011.762
-983.5393
-983.7034
-981.7089
-987.8769
-1001.729
-987.3373
-930.4634
-957.473
-1001.133
-988.9488
-955.9867
-971.6141
-1030.733
-1020.115
-1049.77
-1035.63
-1051.996
-1047.889
-1016.07
-1018.64
-1031.998
-1060.301
-1083.056
-1177.31
-1123.747
-1076.554
-1126.274
-1095.022
-1089.744
-1080.043
-1081.035
-1098.913
-1096.989
-1091.186
-1082.687
-1811.573
-1483.865
-1308.831
-1220.662
-1167.786
-1188.108
-1154.724
-1701.29
-1445.752
-1239.171
-1179.391
-1180.765
-1592.32
-1404.797
-1285.039
-1217.442
-1195.751
-1197.076
-1157.625
-1201.375
-1177.242
-1175.855
-1164.494
-1177.593
-1173.886
-1170.349
-1164.889
-1158.788
-1180.086
-1212.409
-1194.482
-1276.601
-1235.598
-1223.96
-1212.014
-1182.081
-1230.302
-1195.722
