140.472
226.4902
1.592159
83.09238
157.4515
140.2518
164.6506
153.076
144.7008
154.1441
112.4957
137.0158
-123.7428
91.65509
135.3758
132.3615
156.3348
176.9886
165.4952
240.7585
493.9356
196.37
262.06
233.259
150.6458
152.0063
234.8319
83.74341
119.3059
117.8559
124.0326
128.2479
116.3697
164.217
157.7044
204.7588
202.6314
158.1964
156.8441
36.85563
119.3835
88.4767
148.0625
144.9489
142.0501
138.2365
137.2253
113.7292
119.1071
149.6066
113.5597
123.0685
118.9555
90.39305
127.2151
139.3795
86.28926
102.2666
97.72656
114.5718
124.3256
129.6414
-9.737839
89.50861
23.87039
48.62044
83.97662
0.3977213
100.0639
75.54846
100.3716
-50.09399
-11.21244
89.28387
78.45428
304.9596
142.751
88.12583
72.79402
63.96068
-3053.469
-988.8825
-304.7871
-59.39736
7.108517
68.87681
26.97019
24.53423
-10.91757
-1.620886
-79.90001
-28.12396
13.81747
33.21204
6.44315
22.31829
-38.40946
11.37374
2.464754
-35.62367
37.04212
-19.39497
-18.77201
-23.03222
-56.6615
-34.36971
-34.18762
-20.42667
-297.9804
-102.651
-74.6825
-139.6583
-121.274
-103.8048
-34.87366
-62.79545
-94.28531
-80.13764
-62.90432
-96.80356
-104.8955
-103.9793
-119.6756
-122.8955
-127.5243
-165.3758
-148.5284
-115.6807
-73.14304
-103.94
-146.787
-152.6126
-112.5465
-153.752
-461.9182
-192.5267
759.2319
579.017
77.35782
-81.83706
-149.6769
-149.4668
-158.3858
-170.7523
-184.0905
-201.5988
-152.2215
-188.6872
-199.1803
-217.9332
-197.3407
-232.414
-198.6306
-202.1653
-190.4705
258.2287
-51.60421
-193.4962
-220.3485
-211.0565
-438.9744
-300.262
-245.6895
-257.6069
-191.8061
-232.5292
-31.43566
-288.8711
-241.8131
-225.0042
-230.0927
-217.6665
-267.2282
-205.0062
-216.1584
-347.3394
-237.2931
-214.2067
-202.9763
-190.3713
-319.8212
-248.0102
-229.0108
-252.9842
-243.6
-271.3471
-228.8694
-224.8527
-222.3651
-221.914
-223.2131
-235.8832
-224.3343
-179.246
-203.9472
-668.7915
-363.9274
-293.8711
-256.4419
-154.8316
-170.7639
-158.7635
-177.505
-227.3704
-154.8503
-182.6673
-126.6304
-131.0166
-140.0687
-142.9799
-162.9319
-185.8785
-186.0573
-191.0509
-188.0726
-175.7903
-159.1681
-163.7846
-295.4699
-241.6644
-189.5193
-214.5045
-151.8013
-147.7566
-149.9067
-224.8778
-108.1885
-166.5973
-112.1132
-202.1102
103.9243
-99.14079
-67.95377
-120.1844
-168.6046
-131.1827
-126.3732
-41.96758
-109.0789
-110.4769
-107.4876
-84.82505
-107.3309
-134.877
-100.8778
-89.68966
-83.40907
-70.36155
-100.1481
-72.58325
-41.1158
-50.74241
-29.63087
119.3224
-371.0585
-147.69
-82.52884
-31.78371
-1.95272
10.71008
-41.12964
-29.7754
6.5908
163.8825
26.21666
-22.77666
13.47238
25.1772
178.9164
41.50489
-19.33676
5.614759
40.63399
-109.7693
41.56418
16.01297
7.7698
23.83731
69.92971
139.4731
32.87544
16.88274
31.85913
16.3754
15.59679
39.76748
33.7644
22.94942
14.43668
16.783
22.78729
11.06924
-8.936165
20.23957
59.04128
75.34236
84.28945
75.02939
34.5179
69.41487
68.10025
23.04194
58.19521
56.54352
58.78173
-172.1844
-20.99401
-38.49282
81.63165
89.571
64.60765
20.48531
51.17067
81.31035
55.8021
73.80839
253.6763
148.9955
151.8153
103.527
69.77408
72.08129
36.18769
69.72546
38.74807
77.09672
74.61005
70.77883
71.81631
68.92792
64.59244
-43.04643
117.5318
89.02155
42.64634
63.81117
73.52001
82.21331
-320.8188
359.7637
-22.55646
-11.32239
8.97912
-10.07672
31.28028
35.74967
46.86488
115.5487
128.4961
69.75498
20.07333
22.66903
17.58668
4.905759
10.62641
6.629393
3.35164
0.4349113
22.95826
-12.01708
-2030.367
-666.4494
-233.3429
-100.1995
-12.89281
-38.25977
-16.73194
132.5393
0.3805699
-44.87345
-66.6515
-33.95098
382.9293
83.33544
-32.07585
-54.48931
-83.33794
-124.478
-136.8026
-109.4192
-79.6867
-41801.78
-13470.94
-4372.075
-1718.396
-625.2362
-254.5529
-141.9938
-120.2198
-126.2166
-95.55448
-103.7503
31.5119
-67.58548
-146.3699
-189.8104
-231.6648
-159.7537
-166.2797
-147.8868
-165.4974
-160.1941
-243.9457
-177.6083
-251.5764
-245.082
-201.8845
-206.3688
-175.434
-184.8737
-247.5502
-298.4899
-510.3559
-301.7309
-236.8749
-156.7011
-337.8853
-214.3879
-88.21315
-178.072
-63.26436
-89.47089
-229.0984
-234.3214
-147.6673
-193.8159
-234.7079
-268.8261
-232.1836
-273.5307
-244.9124
-225.2262
-217.2234
-235.2764
-249.6021
-246.4887
-283.8013
-265.7702
-278.7535
-260.238
-245.346
-264.596
-204.1304
-269.1635
-301.0338
-305.8417
-278.6495
-221.7359
-244.12
-293.2946
-293.9612
-296.1948
-303.4755
-314.895
-368.4819
-307.5999
-297.2502
-276.5026
-307.0265
-331.2222
-319.3864
-293.8652
-310.3171
-308.2833
2254.236
484.1201
-71.55034
-411.6611
-304.8703
3531.301
909.4619
111.1055
-113.2994
-239.311
-277.5312
-313.7136
-309.7954
-310.7961
-199.7211
-387.9511
-339.4618
-333.6342
-312.4501
-123.0744
-279.6292
-318.5333
-369.2443
-324.1246
-309.253
-327.6899
-328.3433
-312.7539
-312.6317
-293.0862
-280.826
-285.1709
-308.488
-229.2638
-292.3055
-241.8823
-311.1811
-295.8177
-259.6073
-299.6149
-279.1895
-284.7773
-217.8989
-231.7508
-267.8266
-244.2248
-272.2348
-259.8127
-281.8423
-439.4924
-298.0383
-262.6555
101.5354
-112.2962
57.71387
-815.7224
-407.8389
-294.0543
-274.0665
-119.9436
-295.1995
-232.2554
-261.5525
-234.7452
-211.4611
-152.9035
-196.6106
-197.7625
-180.342
-412.0523
-250.4526
-193.7877
-178.4632
-180.1911
-293.5898
-234.3033
-209.1783
-162.6478
-187.6206
-203.6387
-142.4468
-202.3141
-144.0055
-60.89405
-146.2652
-156.9374
-99.66518
-123.4845
-110.234
-112.8206
-88.63339
-110.4874
-130.9326
-106.7966
-117.882
-99.37257
-267.9926
-159.0701
-112.9895
-110.2259
-48.02025
-184.435
-168.9231
-43.09377
-51.18969
-88.21454
-23.6159
-995.2962
-369.4352
-140.6058
-98.78125
-95.44464
-67.82794
-128.5262
-80.38155
-69.6937
-27.81031
-42.03224
-23.36122
-38.24751
103.2632
13.32541
-13.16867
-40.63394
-43.9771
152.7343
65.01982
20.15009
-38.42992
-93.56475
-66.25643
-27.27281
-39.38307
-39.43787
-23.76107
-26.24572
-18.20464
-56.61577
-68.17861
-37.8292
-229.2495
-81.55754
47.99888
-2.250713
-32.84517
-10.51817
-4.670176
-62.21531
-71.71214
-133.0343
-58.22325
-29.37324
-60.57243
-9.962974
-96.17803
-102.0758
-42.48402
-59.48056
-38.35817
-28.80546
-30.88251
-34.63766
-41.79501
-43.25809
-31.92042
-42.22239
-15.83252
-30.39423
-3.896947
-125.076
-82.65279
-24.44763
-37.02575
-62.13239
-79.07732
-118.3378
-76.5999
-170.4501
-92.64537
-72.61162
-96.52148
-110.3839
-127.0272
-181.8677
-82.10449
-94.5835
107.6255
-24.12496
-89.02338
-108.7637
-100.5187
-114.2546
-39.33205
-142.2156
-165.4094
-76.75347
-100.1627
-126.8646
-119.5958
27.74936
-175.9812
-155.8749
-110.2257
-81.51661
-114.8209
-149.4488
-87.71528
-87.2001
-128.4416
-272.2586
-203.9283
-198.7757
-118.243
-388.3414
-247.2592
-175.7632
-191.8913
-243.7166
-220.0213
-208.0065
-205.0288
-190.358
-587.783
-306.5263
-275.8574
-276.208
-279.1162
-227.9406
-257.5183
-260.0166
-223.9913
-243.0289
-234.0945
-226.9999
-258.7957
-283.022
-288.461
-199.9161
-291.7826
-288.9376
-251.1837
-324.5332
-171.6174
-282.9094
-262.5206
-297.9086
-273.4453
-286.3223
-278.2297
-383.3997
-343.3557
-386.1964
-408.6428
-351.5115
-348.6802
-488.9376
-391.8098
-355.6714
-358.1147
-369.3954
-311.5109
-315.829
-360.1092
-391.5614
-357.8951
-365.027
-355.792
-357.1622
-413.9884
-417.0475
-379.6191
-377.8163
-419.0973
-395.254
-362.7249
-358.8035
-382.314
-376.7596
-382.9917
-403.6656
-392.6341
-399.4984
-387.5701
-370.3886
-453.4005
-89.60117
-275.7818
-392.2948
-419.1409
-406.9086
-417.3232
-356.8257
-409.5286
-339.3302
-549.0563
-435.9503
-677.6303
-519.8149
-473.4843
-439.0586
-391.2951
-452.5638
-425.0162
-433.2417
-401.8733
-1533.202
-852.1176
-524.8561
-451.7659
-414.3041
-424.6289
-418.5972
-378.9048
-406.0152
-453.3753
-451.5332
-318.7576
113.591
-253.1303
-363.1956
-336.1822
-321.578
-311.5235
-355.5625
-315.8305
-364.3113
118.8907
-243.3528
-385.9303
-395.1787
-406.4232
-384.3883
-384.9201
-312.9575
-211.6469
-330.7037
-357.123
-408.9742
-366.9503
-388.4188
-380.1175
-349.3869
-349.5222
-320.4277
-335.8848
-342.123
-314.6876
-277.1804
-295.993
-303.8409
-299.6851
-323.7223
-291.8315
-324.8403
-310.6928
-295.6879
-328.3071
-340.3714
-159.094
-258.3754
-261.4885
-103.2558
-221.6328
-304.1559
-269.8412
-266.5546
-269.6792
-262.472
-275.8816
-279.6608
-322.6063
-331.1301
-259.7264
-251.8453
-269.4044
-269.7589
-264.8376
-273.1812
-243.6535
-224.1043
-230.5271
-206.5751
-252.9486
-233.0081
-248.9059
-241.895
-208.9273
-208.8773
127.0206
-50.1331
-134.6354
-187.7317
-197.92
-253.6155
-196.5569
-193.9016
-165.6202
-164.8634
-155.3413
-193.5596
-153.9347
-158.1995
-165.2505
-100.5098
-162.3357
-145.8399
-117.328
-130.7034
-144.7344
-185.9358
-142.7129
653.841
2278.632
651.9452
143.4162
-45.65863
-110.2408
-133.5078
-94.77696
-105.8711
-187.8927
-140.8646
-125.7064
-129.069
97.882
-51.78782
-95.48401
-77.47726
-144.3476
-306.4691
-164.4219
-102.3789
-131.4702
-85.27565
-108.2981
-120.0679
-70.18157
-110.5941
-132.5498
-139.3869
-119.6578
-121.5347
-106.2067
-57.40467
-115.5226
-82.57171
-86.73542
-74.60734
-74.43891
-114.487
-201.076
-152.9856
-123.6417
-120.7777
-130.0139
-116.6587
-133.2207
-160.3162
-139.2987
-152.6988
-135.8735
-122.3031
-141.7585
-137.0083
-142.0001
-146.7813
-103.5971
-127.7506
-154.3271
-137.6925
-149.8998
-136.6312
-100.2305
-143.6593
-159.0929
-205.1399
-158.598
-190.3388
-98.24438
-139.8347
-208.1601
-250.515
-213.5653
-219.1729
-204.3981
-202.117
-440.3379
-267.8029
-223.8619
-212.8566
-232.5124
-193.9356
-217.5178
-194.51
-222.2999
-244.2148
-216.0863
-221.9535
-235.1832
-244.1112
-248.6877
-260.9051
-271.7726
-252.0373
-248.1841
-285.4475
-285.7217
-202.774
-244.243
-277.3771
-231.408
-250.1406
-304.7679
-338.3175
-352.3158
-541.5854
-564.4684
-393.4786
-323.0125
-280.7801
-283.5931
-373.6998
-346.8713
-335.1239
-331.9155
-328.1305
-348.3595
-361.1695
-350.732
-350.9642
-358.5434
-347.1847
-381.7175
-374.1167
-350.1698
-319.7095
-371.591
-364.6472
-444.8792
-366.0935
-379.7667
-392.9335
-365.4073
-418.6506
-441.2758
-425.5859
-431.8406
-428.3091
-418.4936
-395.4605
-421.2231
-426.7544
-435.739
-442.0314
-459.112
-381.0993
-405.9556
-447.6105
-476.3959
-484.7201
-453.0933
-470.7241
-477.0986
-540.3815
-490.4719
-499.4428
-527.0906
-475.9166
-482.8005
-491.6471
-503.6419
-476.111
-484.1318
-462.3683
6209.69
1654.369
270.0027
-257.6825
-440.1461
-474.0713
-445.7525
158.2813
-295.9755
-401.5975
-465.9035
-489.528
-468.5414
-489.6988
-586.8823
-522.1985
-660.5338
-540.3857
-518.3801
-493.8025
-525.4465
-482.6892
-400.8021
-457.4046
-455.3694
-481.3787
-491.5607
-494.4864
-455.3778
-487.0001
-478.6373
-484.0374
-484.3895
-511.4494
-470.7321
-505.8503
-465.7719
-456.1919
-475.4053
-501.3464
-470.3836
-250.5515
-538.107
-519.9868
-532.3075
-542.531
-554.5389
-409.7751
-1843.214
-872.4952
-620.2742
-974.147
-1271.116
-711.0467
-511.8704
-449.6459
-419.7039
-486.0194
-449.0943
-319.1992
-420.7272
-462.0801
-451.6378
-425.5177
1357.449
163.8945
-263.7383
-375.3536
-415.7958
-402.9629
-385.2073
-380.0918
-496.1004
-407.7364
-402.9979
-403.7556
-398.063
-394.0191
-398.1479
-396.9421
-370.9442
-297.9541
-353.5896
-27.98453
-230.7518
-309.6942
-345.3369
-360.5141
-354.4023
-326.6796
140.8981
-201.26
-327.9209
-345.6183
-321.4991
-316.7731
-323.2602
-335.4681
-302.3134
-132.5064
-244.0019
-292.3326
-296.7611
-350.1647
-326.2811
-373.5925
-352.8172
-298.7016
-331.4534
-292.5905
-235.1851
-233.4432
-282.2392
-320.824
-275.6316
-256.3606
-278.1762
-306.5413
-235.1333
-227.7022
-247.2345
-214.606
826.2824
109.3683
-203.0289
-235.5589
-224.9085
-245.961
-132.7298
-225.1424
-255.1833
-275.4467
-224.7133
-252.9424
-232.0027
-214.2628
-227.9485
-153.2604
-131.8085
-181.4146
-209.4685
-164.1959
-200.4443
-234.2942
-127.4825
-192.1785
-201.9451
-229.6315
-289.1864
-191.2907
-194.1775
-185.4105
-204.912
-193.7223
-303.9616
-129.3587
-313.8657
-242.2001
-219.9764
-176.6776
-886.0498
-426.7504
-266.6612
-227.8634
-119.5102
26.54666
-147.6942
-209.1767
-165.2468
-216.5039
-180.7233
-152.7
-250.5029
-406.912
-282.0525
-215.5196
-233.9784
-224.1493
-233.256
-224.3282
-238.4478
-279.5841
-264.5729
-213.389
-231.8826
-230.4836
-205.2716
-224.9741
-239.2934
-219.6588
-162.8042
-299.6428
-87.90183
-203.1785
-242.0509
-227.2597
-255.2107
-251.22
-138.88
-261.8632
-253.5266
-280.4163
-228.3733
-540.6413
-390.7136
-334.6095
-276.207
-286.4488
-248.2433
-251.1686
-249.1289
-347.0094
-320.1186
-336.4031
-323.1138
-314.5455
-332.3189
-348.0349
-447.1122
-377.3584
-356.0268
-346.1217
-342.091
-265.5728
-365.6996
-230.7626
-301.626
-232.5784
-314.8567
-381.2928
-181.1093
-385.7702
-384.6453
-392.5411
-493.4394
-418.6049
-406.7231
-398.2936
-389.7005
-413.6341
-435.6686
-446.8952
-393.9271
-465.031
-487.0236
-460.0814
-454.7116
-432.3012
-460.4502
-474.689
-559.7945
-481.6761
-481.8286
-474.9471
-476.7222
-464.7942
-526.16
-418.9943
-471.7269
-568.3105
-535.0792
-455.5565
-478.1732
-515.0507
-423.4247
-391.3198
-468.5405
-741.3963
-555.6436
-513.9896
-499.7832
-417.2314
-484.6022
-530.95
-583.0109
-556.9521
-675.7051
-453.0501
-482.7641
-518.7127
-545.6899
-782.8269
-635.7959
-611.7466
-657.084
-599.4057
-571.6461
-559.8567
-446.204
-520.748
-529.5307
-574.9925
-614.9657
-558.891
-576.7476
-586.2275
-570.2183
-542.7817
-509.0301
-573.593
-602.2699
-591.6955
-620.8307
-581.2902
-562.8318
-583.1252
-585.0959
-588.6563
-568.2804
-594.3186
-513.3874
-660.1719
-616.0954
-605.053
-635.4808
-589.7483
-584.4786
-607.7446
-553.9789
-598.0277
-602.0284
-600.0645
-583.8495
-601.6181
-584.8225
-550.003
14153.48
4157.581
956.7433
-33.60325
-460.9773
-557.9658
-638.5516
-611.849
-579.6129
-378.8124
-1133.514
-680.574
-646.3415
76.31491
-352.3424
-490.8126
-522.48
-530.1204
-553.7627
-553.4385
-564.7972
-595.6861
-314.8297
-471.9933
-503.7537
-516.8317
-522.4423
-540.8136
-515.2239
-512.028
-512.4351
-803.1997
-647.3907
-541.2354
-516.4408
-503.3155
-499.5851
-595.5587
-510.0067
-477.8648
-539.0831
-470.4071
-476.3305
-454.5225
-441.6303
-473.2592
-472.724
-444.1901
-464.253
-456.3599
197.3416
-234.5001
-404.4505
-357.7703
-404.53
-432.0803
-407.3693
-430.1668
-806.7329
-970.4761
-618.1823
-425.9271
-410.4794
-394.8519
-388.6905
-368.3893
-405.7866
-402.0684
-396.2959
-403.4344
-380.334
-384.8508
-385.8415
-381.8623
-392.3457
-334.599
-254.0107
-335.6531
-305.6215
-423.6811
-658.2707
-434.513
-394.1982
-329.5154
-350.6273
-369.9631
-368.4362
-362.9307
-442.2929
-355.6479
-342.4441
-359.0649
-355.0027
610.9343
-35.20056
-246.7622
-324.3108
-304.2438
-330.3317
-317.811
-297.94
-332.8736
-324.2113
-215.4161
-435.6829
379.5428
-91.71353
-236.7836
-298.5226
87.68392
-158.419
-246.3961
-294.7422
-267.0822
-311.6253
-146.4922
-238.4865
-324.6754
-324.4478
-288.5215
-293.1054
-358.9405
-262.4477
-270.7678
-299.7868
-299.9075
-343.5666
-323.0761
-310.4657
-316.0341
-306.4451
-393.3957
-355.6784
-309.673
-374.6393
-213.0231
-323.4884
-327.6463
-319.369
-306.7316
-258.2297
-362.9883
-318.6816
-319.5509
-315.0341
-323.3076
-335.2447
-319.6497
-266.7293
-2630.005
-1346.718
-669.317
-429.0541
-407.0748
-314.8491
-323.4863
-290.8665
-327.2221
-342.1989
-320.0895
-330.4797
-346.1109
-359.2495
-417.5361
-393.4208
-389.8965
-351.7455
-390.9927
-155.0965
-305.1364
-357.2761
-337.9621
-120.4858
-380.1524
-379.0064
-378.7288
-374.7332
-397.8244
-414.1065
-27.89914
-229.0717
-350.1382
-397.9105
142.7527
-284.0103
-390.9139
-410.0163
-353.8624
-421.3658
-402.4805
-370.4261
-444.9313
-441.9679
-466.9325
-465.4805
-449.1626
-428.1375
-510.8913
-484.1247
-394.6516
-499.9139
-498.7533
-499.6844
-498.2943
-529.9175
-491.3916
-509.9565
-480.2016
-557.2849
-518.9124
-536.6821
-512.5542
-526.1817
-546.0014
-533.8506
-533.5626
-520.9643
-535.307
-543.1797
-510.5952
-545.8372
-548.3419
-501.0307
-530.6646
-555.2776
-609.5546
-614.3663
-563.6369
-401.481
-533.2758
-701.9526
-637.9452
-605.4523
-579.616
-592.3231
-630.2823
-622.3131
-657.4685
-594.8595
-620.1024
-666.425
-652.8367
-578.4543
-626.6807
-635.6933
-638.7157
-626.9169
-628.2967
-754.7605
-698.9286
-706.7458
-651.2792
-636.7487
-645.4181
-683.7086
-632.9414
-689.5324
-677.0012
-641.5676
-735.1504
-720.8921
-746.223
-671.8605
-701.5912
-699.5863
-717.6843
-677.6019
-526.1214
-572.2933
-716.7028
-767.9649
-709.6058
-688.9501
-685.8631
-681.7596
-676.5487
-682.6658
-644.9188
-671.2657
-577.5183
-975.933
-701.8294
-665.848
-660.5491
-664.2728
-648.8405
-939.3625
-767.3641
-720.3825
-699.1561
-729.6216
-672.1107
-677.2258
-688.7579
-688.4287
-660.8847
-591.7343
-646.2103
-651.5727
-637.7549
-674.1828
-659.9716
4634.951
1878.571
185.9731
-446.5449
-646.748
-634.0615
-651.2612
-629.9835
-644.7615
-639.2623
-640.3211
-643.8196
-695.3097
-646.9916
-633.8815
-647.1222
-431.6139
-562.5347
-473.7292
-580.7742
-306.2143
-475.6607
-546.4641
-569.6812
-641.9475
-586.7694
-2390.846
-1156.869
-766.4573
-639.9199
-609.5927
-600.5223
-598.8346
-580.0784
-597.5384
-577.08
-567.6289
-555.8692
-562.9592
-527.7915
-534.4706
-537.0819
-549.4077
-541.0632
-538.3324
-534.7304
-525.9135
-506.6458
-530.1152
-433.6395
-561.2216
-520.7521
-350.895
-512.7784
-536.6109
-500.7758
-504.6824
-710.9551
-595.2936
-549.1938
-506.9384
-490.2516
-478.9568
-502.5203
-473.7546
-492.1868
-297.8305
-420.6631
-604.9628
-468.2379
-436.1912
-1326.683
-765.5147
-531.6636
-454.4894
-479.9075
-451.7249
-449.896
-441.786
-721.0258
-518.9226
-553.941
-556.8827
-469.5026
-436.9775
-405.4563
-419.7979
-411.0568
-342.8303
-400.3124
193.6798
-218.0388
-356.8064
-371.8581
-329.5226
-387.0027
-371.7322
-403.699
-359.9397
-432.4849
-460.7187
-414.7315
-409.8518
-417.5667
-451.6676
-470.2686
-411.9897
-399.441
-308.3416
-349.6214
-454.4476
-344.5663
-346.5322
-390.4455
-422.24
-382.6195
-394.9385
-372.1337
-379.2161
-385.8299
-392.5258
-396.9768
-393.7971
-415.0392
-414.7216
-342.0642
-409.8492
-414.947
-384.0065
-373.462
-170.5245
-335.4824
-354.4346
-379.0274
-580.4722
-430.5712
-382.4824
-398.5195
-349.9939
-357.7492
-495.4419
-414.2795
-436.5094
-430.4539
-420.1356
-435.9502
-424.045
-457.8918
-584.773
-476.824
-460.8728
-449.6436
-462.0287
-482.5475
-410.6784
-443.0885
-429.9783
-436.5823
-485.294
-487.6843
-471.5866
-495.0008
-491.2855
-459.5376
-467.0213
-241.7572
-271.3409
-449.5741
-616.299
-576.0383
-527.1756
-486.0448
-510.5729
-597.6773
-530.4072
-494.0615
-519.3524
-532.8233
-489.45
-481.5785
-491.8925
-523.2847
-546.8418
-794.6109
-761.9109
-610.2825
-536.351
-544.9695
-534.1852
-554.6182
-1466.467
-857.0585
-649.0026
-626.8137
-571.6604
-577.8661
-627.4952
-651.6138
-621.0783
-616.936
-622.5943
-609.7389
-634.6043
-625.1324
-601.8076
-607.3972
-610.3667
-630.2996
-608.633
-575.6297
-623.3276
-219.5631
-507.784
-625.9208
-654.5513
-685.5369
-671.3374
-699.1609
-692.5412
-692.948
-674.6353
-638.3642
-636.7651
-737.3657
-704.4671
-550.3379
-2097.723
-1114.842
-842.7893
-748.5101
-736.4664
-723.3401
-708.697
-698.0727
-683.4181
-738.9408
-825.4942
-716.9081
-721.1942
-758.1509
-753.4175
-744.7303
-756.2694
-744.1257
-755.5905
-763.2634
-754.5676
-748.5055
-767.962
-762.5643
-724.4113
-798.2515
-852.8579
-820.6618
-807.272
-723.5341
-727.4273
-848.459
-822.4157
-801.3559
-832.8921
-817.0008
-784.8283
-767.5836
-759.6731
-753.2602
-745.8767
-593.6926
-724.4852
-744.9314
-777.5872
-749.1482
-735.054
-1055.755
-862.9191
-776.776
-769.9734
-699.6711
-712.1384
-753.2427
-804.4572
-719.0164
-720.4103
-752.088
-678.7423
-750.3454
-747.6172
-726.8974
-862.1461
-780.5335
-765.5145
-805.9461
-1533.227
-1001.169
-804.2175
-749.1008
-794.5956
-759.0214
-746.4525
-840.3836
-775.8524
-735.6863
-734.5823
193.4553
-379.613
-585.7193
-713.7116
-670.5721
-691.5088
-703.3143
-709.4304
-518.1815
-634.4975
-876.1513
-864.6108
-748.0303
-703.3784
-689.0003
-706.0062
-681.5585
-719.1614
-732.4309
-844.1326
-801.1399
-697.1178
-688.523
-666.4628
-642.9373
-655.6849
-684.8221
-671.3808
-666.29
-667.8369
-641.9014
-627.819
-645.5299
-1159.883
-856.8508
-739.4564
-749.1503
-700.3511
-636.037
-601.0021
-458.1047
-550.3149
-580.8715
-210.5474
-465.0545
-621.0659
-594.9057
-603.3551
-600.2463
-566.8299
-564.8894
-557.6526
-561.5303
-625.891
-581.0608
-530.7997
-400.4335
-521.0126
4.266096
-393.0392
-502.3696
-476.9517
-517.5311
-601.9729
-562.5919
-558.5584
-533.5227
-155.898
-413.2645
-498.3292
-556.5577
-646.8572
-565.4685
-1137.304
-735.1624
-586.9009
-538.9926
-668.7189
-536.6392
-449.5009
385.8469
-256.9861
-421.9858
-421.7226
-436.7592
-501.2377
-508.9841
-505.294
-505.7167
-605.6242
-492.0786
-425.9087
-473.3222
-131.6618
-386.9064
-475.0816
-467.8399
-478.6368
-557.6467
-540.7704
-496.1117
-495.4582
-575.1982
-528.2406
-508.2144
-475.112
-483.0703
-385.6859
-471.7179
-412.911
-477.9287
-418.0134
-467.2996
-486.3635
-496.4088
-480.0023
-504.9477
-670.1424
-562.5074
-511.1741
-529.5588
-506.6305
-499.6256
-515.7175
-515.5848
-455.6625
-651.8544
-535.6045
-505.4036
-514.6301
-511.7457
-475.7955
-510.8593
-510.6508
-604.2788
-596.2991
-512.7909
-445.3616
-493.0382
-537.5486
-527.5254
-510.3687
-506.2996
-544.152
-537.65
-558.1797
-486.6033
-562.6516
-569.0678
-1177.592
-744.289
-590.6539
-571.9384
-553.3808
-563.0213
-590.6302
-526.7311
-558.8676
-659.5659
-611.3868
-588.7469
-670.573
-648.9219
-610.5254
-623.5497
-754.6034
-658.2354
-558.8802
-595.4213
-590.5684
-493.1794
-615.902
-450.0471
-600.9103
-458.9172
-589.3982
-644.2206
-579.9887
-647.0347
-628.9336
-633.0257
-706.7968
-695.3898
-671.6793
-673.5734
-835.8007
-731.1065
-683.1519
-727.6999
-690.9398
-628.6814
-681.3852
-701.3812
-694.0252
-699.4235
-699.4615
-712.828
-718.7063
-702.7282
-711.2278
-763.9607
-771.7859
-812.0039
-774.1783
-745.6905
-597.0753
-700.1643
-740.0171
-738.8944
-814.442
-810.6691
-799.7638
-816.8662
-708.7229
-616.786
-729.8215
-768.0946
-677.528
-755.2751
-778.5525
-760.694
-858.9907
-849.0463
-800.2895
-856.8223
-772.3557
-780.6472
-818.4886
-819.2159
-831.4503
-824.2282
-829.2127
-1711.471
-1125.585
-910.7867
-843.2735
-808.2924
-803.1725
-827.7727
-826.4295
-818.4018
-833.0278
-836.3812
-963.7657
-224.5992
-586.0192
-1383.89
-1019.644
-892.5771
-1618.746
-1114.984
-899.7686
-857.3308
-838.1693
-851.4784
-849.5606
-891.1993
-886.6947
-919.9738
-888.2697
-904.5988
-890.6846
-843.9183
-926.1328
-881.0774
-872.2473
-839.1169
-882.5467
-824.1975
-873.3962
-1133.112
-897.6071
-865.4683
-903.3014
-833.1334
-928.9762
-865.3785
-877.7332
-885.9892
-843.7095
-850.4813
-840.4927
-835.0514
-855.9114
-846.2905
-844.1697
-802.4463
-807.2785
-824.6783
-844.5072
-808.1406
-808.2442
-825.7091
-819.4884
-807.793
-801.0094
-841.0249
-841.2342
-691.4511
-785.2302
-813.6087
-816.5336
-707.7229
-761.2211
-798.6032
-851.0647
-833.6502
-770.725
-712.2632
-750.9
-752.4915
-780.3065
-787.3335
-765.9945
-746.819
-744.4947
-718.3947
-188.0395
-567.7474
-687.98
-750.1413
-732.5878
-734.4977
-649.7567
-723.0535
-680.3214
-751.049
-750.9027
-727.9114
-753.3428
-717.6346
-699.5878
-783.9173
-712.7581
-777.3937
-717.8236
-753.6639
-708.8906
-722.0202
-723.2718
-697.2196
-688.9336
-673.0284
-261.6969
-570.8522
-639.0556
-671.3211
-658.5618
-650.2772
-657.5256
-677.6656
-667.0978
-612.1958
-582.5071
-685.4973
-638.6324
-588.0275
-609.6942
-620.5652
-635.4817
-575.7765
-584.1065
-607.2788
-573.5667
-420.6622
-543.2692
-582.577
-637.208
-581.4607
-413.2892
-562.8091
-631.4694
-600.2656
-630.0169
-603.1855
-3841.806
-1609.826
-959.1553
-666.7068
-569.0719
-558.2962
-582.0606
-578.8198
-532.0492
-556.352
-587.8574
-608.8387
-629.4193
-602.8418
-560.4366
-585.6748
-563.9281
-564.0956
-539.9168
-545.4769
-570.5681
-576.6132
-658.3808
-591.8939
-581.1243
-1026.122
-735.9724
-647.0091
-402.7389
-568.8435
-583.8275
-564.5982
-601.8889
-557.6613
-578.4507
-544.2223
-553.5644
-587.5757
-534.7247
-571.402
-482.9381
-550.2646
-564.1329
-561.4286
-570.5164
-597.7193
-467.103
-547.3806
-499.3603
-495.1002
-545.8998
-619.1211
-592.5406
-608.4203
-533.2735
-559.779
-595.2457
-675.1056
-851.3114
-705.8323
-636.5149
-622.2949
-670.034
-648.2638
-432.3533
-537.039
-602.8337
-658.6615
-588.437
-653.7028
-659.6468
-653.574
-611.8541
-664.6543
-650.9108
-664.9018
-782.7405
-720.6117
-657.251
-703.1356
-679.1765
-561.6841
-774.0092
-770.8486
-750.5764
-782.5353
-733.8315
-720.691
-444.0406
-626.6315
-739.2286
-619.3462
-768.5309
-823.9757
-769.2963
-740.1369
-742.6745
-745.0977
-729.226
-760.7719
-764.1069
-777.3116
-769.4788
-757.096
-764.8327
-739.6766
-767.5935
-986.4389
-886.7264
-823.4662
-802.8503
-804.0662
-889.1599
829.4188
-271.6958
-613.7829
-761.158
-808.0198
-823.6555
-848.7256
-846.0308
3822.047
676.0531
-347.1422
-685.4841
-807.4476
-905.6814
-886.5532
-1108.612
473.5751
-433.5876
-723.9298
-831.4503
-863.769
-870.0366
-885.2368
-863.6086
-879.7633
-873.0503
-883.6119
-909.4382
-968.1577
-923.2568
-901.4797
-920.1159
-933.5836
-915.1179
-914.9135
-866.5057
-917.4289
-897.0728
-917.9279
-995.6735
-944.5826
-946.571
-867.0047
-961.7758
-946.5129
-929.8043
-948.6694
-914.8894
-936.2893
-885.9643
-901.2508
-1122.83
-1041.331
-957.9653
-934.0744
-872.8634
-923.4253
-949.3702
-943.7084
-974.6499
-928.864
-957.8257
-890.416
-866.4131
-945.5393
-852.0256
-873.8312
-927.4839
-949.7949
-914.4054
-934.6009
-953.0571
-945.43
-1084.014
-984.4209
-942.8728
-917.841
-928.5344
-905.3154
-963.5136
-920.6346
-945.638
-866.9664
-917.846
-945.4641
-986.9272
-1322.927
-988.3425
-947.4445
-945.2685
-909.1101
-891.1591
-890.9265
-914.6423
-899.3289
-1000.642
-922.3197
-955.2673
-909.8521
-893.5982
-887.6765
-638.9206
-848.9331
-908.4353
-895.9131
-911.032
-897.4383
-882.8401
-898.5187
-924.8734
-916.3039
-893.2404
-871.1556
-820.5934
-782.3566
-863.5637
-837.6006
-879.7901
-858.7517
-836.9245
-788.6245
-867.0376
-852.0565
-845.0974
-852.21
-833.9483
-643.9089
-777.4161
-837.8984
-834.5896
-978.2228
-866.5587
-836.4773
-821.505
-827.3245
-877.0954
-816.9902
-2178.105
-1237.843
-970.2144
-851.8303
-849.2679
-828.8754
-734.4657
-746.6641
-764.3272
-754.2782
-720.3496
-826.2695
-769.3073
-764.4377
-784.8947
-769.9461
-763.7782
-655.4891
-733.4857
-761.1772
-756.7721
-717.3814
-738.2713
-743.862
-845.2796
-964.9902
67.65343
-462.6091
-652.4073
-693.8617
-660.5242
-692.1724
-410.6321
-635.9829
-685.9675
-700.9809
-695.0797
-796.2097
-728.7109
-662.7966
-696.9747
-636.1759
-643.3994
-637.2069
-702.5573
-737.5564
-716.7523
-705.446
-570.0412
-623.2291
-650.2943
-630.9802
-629.2953
-659.0072
-605.7213
-636.1903
-668.0878
-659.119
-666.0592
-630.8745
-644.3262
-784.3974
-494.4454
-580.1604
-659.0983
-678.121
-626.9386
-557.7507
-746.0221
-778.7125
-698.3563
-242.561
-476.7909
-613.7325
-608.6169
-609.9076
-671.6638
-662.4019
-661.9156
-551.9923
-672.4044
-673.8879
-745.8849
-706.7484
-639.4361
-628.5271
73049.12
23075.33
6953.297
1809.97
129.1216
-411.155
-603.3624
-608.5656
-680.153
-722.5879
-701.6739
-752.5549
-789.1378
-686.2607
-680.5089
-696.4692
-539.6715
-675.5104
-704.9366
-713.9606
-713.5903
-718.4485
-717.5231
-721.5765
-727.9766
-733.2593
-882.5516
-811.7447
-834.7478
-785.4696
-728.3281
-753.3859
-368.7294
-616.5177
-872.3551
-828.1684
-771.8272
-678.5214
-748.998
-824.4167
-793.8587
-734.2488
-785.57
-773.184
-795.8215
-836.7582
-770.6157
-809.6089
-830.5033
-821.5124
-827.9625
-806.625
-920.3791
-866.5706
-857.3062
-788.9491
-899.9178
-1031.782
-910.9726
-902.2068
-867.6625
-844.2559
-857.5181
-860.9501
-837.4228
-877.3671
-893.0326
-902.0876
-910.9454
-910.1748
-985.5971
939.5463
-312.8299
-725.1141
-824.8917
-890.8534
-923.0572
-935.0664
-920.9073
-937.602
-924.4968
-981.3621
-963.4467
-966.679
-950.1183
-952.148
-921.5237
-936.9933
-841.9401
-918.7999
-962.6671
-988.686
-958.9061
-972.3377
-984.9088
-977.8354
-984.8014
-1008.479
-997.5024
-1190.215
-1101.069
-973.2104
-989.1837
-1003.27
-998.5545
-978.8127
-982.0833
-1012.593
-1022.456
-1028.094
-988.0304
-1017.43
-1046.094
-1026.713
-1074.439
-1025.495
-1278.759
-1110.07
-1053.501
-1002.095
-1031.429
-1019.589
-1042.943
-1034.645
-1067.025
-1119.554
-1099.342
-1063.36
-1073.625
-1106.16
-1069.211
-1062.013
-1091.605
-1074.713
-1058.571
-1056.378
-1099.284
-1151.207
-1070.189
-1048.06
-1049.856
-1046.927
-1020.576
-1005.246
-1019.408
-1028.757
-1025.175
-1040.747
-1049.453
-1137.639
-1069.852
-1063.895
-1022.622
-879.071
-942.0403
-990.559
-1027.383
-1072.903
-1038.366
-1023.968
-1058.943
-1315.015
-1109.427
-1059.599
-1130.128
-1066.029
-1025.592
-1022.63
-905.7987
-977.6892
-1003.296
-1068.598
-1034.791
-1093.412
-1009.816
-1016.222
-969.8913
-1116.093
-1049.508
-1004.423
-980.5002
-988.8636
-999.9077
-1004.549
-949.2587
-1030.202
-1143.436
-999.1831
-983.2978
-951.2232
-941.3009
-848.2346
-983.7633
-938.2966
-938.5827
-965.542
-1057.437
-949.9955
-941.598
-969.3743
-899.9967
-901.9896
-891.8426
-856.2618
-779.3306
-856.7434
-500.7344
-673.686
-811.6377
-798.7069
-775.4536
-824.1979
-707.3891
-716.6503
-826.2342
-958.2597
-821.0122
-819.9399
-650.9734
-755.1016
-760.802
-811.0285
-798.0094
-815.2511
-873.9575
-844.5386
-786.6028
-818.6461
-901.3654
-847.495
-816.8897
-808.2367
-822.2847
-812.0051
-808.0061
-790.6642
-791.81
-880.3545
-1118.965
-911.6069
-813.4702
-774.1456
-758.8914
-557.931
-734.8216
-758.1662
-777.1792
-774.9018
-770.3897
-889.1848
-804.8216
-780.9662
-754.2669
-747.2166
-760.6107
-808.3368
-765.3189
-815.9377
-806.9276
-748.966
-787.0886
-872.5227
-792.187
-749.628
-736.8445
-792.6709
-767.7021
-750.209
-761.0248
-744.3848
-737.5715
-804.2053
-760.0656
-745.584
-782.9392
-742.0556
-739.3847
-761.1686
-756.2365
-847.2641
-803.1817
-605.6103
-705.3698
-749.6195
-766.0141
-777.5712
-766.2479
2532.547
236.5649
-435.445
-682.653
-498.522
-683.3325
-4155.996
-1858.879
-1208.22
-328.5703
-602.5534
-718.3052
-767.5051
-760.6472
-785.9068
-796.7001
-813.6661
-825.6119
-790.6977
-765.4801
-791.7418
-777.4615
-766.2065
-808.7555
-704.5565
-757.0228
-785.178
-803.9055
-826.2092
-807.9547
-821.4657
-797.2697
-820.6687
