718.5812
199.3635
149.5866
989.4737
1215.496
669.0829
633.4756
1749.249
954.674
375.137
318.5036
-1765.553
-2501.989
-1071.135
-796.9426
6154.119
3756.008
2122.163
1257.419
1316.14
1372.259
843.0303
502.5743
-4396.25
-2466.953
-1287.119
-58.62744
173.6802
381.1554
389.2267
-1690.296
-1744.234
-897.439
-881.4763
1944.093
1143.533
1340.286
257.0286
-152.7094
-537.0229
-650.4634
596.5349
1450.175
880.0926
203.4671
1308.837
-295.9996
786.8791
492.6793
485.8644
62.58042
404.0374
4876.505
2097.706
455.6109
559.1485
-392.6466
-1270.308
-287.9272
2280.558
1370.665
1946.621
804.6061
-269.0027
260.076
493.3307
-789.816
-682.4014
-18.24571
445.4783
423.978
256.639
593.5871
691.8764
251.9822
371.1767
381.9224
324.3933
718.989
473.209
45.27584
-1359.382
-1509.8
-1239.977
-2272.175
-972.3525
-354.8133
-30.99357
293.3179
382.1307
-9964.87
-5607.005
-3055.794
-1945.948
-1239.748
1573.97
1064.504
485.123
102.3064
1043.665
-4447.306
12182.39
4294.618
1375.606
853.7338
502.3138
220.7349
77.09488
-2492.511
-1845.995
-2242.303
-1216.048
-330.5625
-342.9068
-88.606
-848.2986
-2801.972
-709.8085
1385.828
903.3371
947.876
423.7331
477.1632
420.2414
373.3132
-422.2239
5743.429
3237.491
1597.395
615.411
-590.8204
-108.4978
278.1707
49.12047
123.0942
-298.7375
-1696.294
-968.3082
-323.2409
-13.897
627.3789
-413.0047
33.31546
-182.6486
-252.4369
-37.02443
88.00221
21.47197
-6.278533
-53384.66
-26082.68
-14222.77
-7712.532
-4558.196
-2765.994
-1540.076
-1061.289
-949.9618
10054.6
5558.909
2781.633
1440.407
737.1268
-1612.297
-782.1174
-723.589
-581.2797
-532.3774
20.61069
-131.8691
-278.3219
-509.632
366.5061
7038.622
3502.948
1876.012
1037.541
609.8823
90.9398
27.18994
-832.9958
-288.1921
-60.11701
72.46888
-7.542789
-91.07063
-188.6666
-225.7021
-474.6491
-203.2891
-97.16093
97.27514
773.9863
-276.9212
-1331.072
-733.7651
-817.3652
-297.8376
-317.9417
-902.855
-680.8119
-459.4876
-263.7372
-33.52531
284.16
54.00031
-125.0756
-844.0606
-565.7407
-793.1279
-1583.862
-569.7288
-224.256
-1439.569
-898.3674
1762.677
939.0082
4237.148
1967.282
1237.593
686.141
211.4963
700.3035
666.4862
469.0107
313.6318
-148.5391
-327.8179
-433.807
225.5026
-84.52996
-95.89645
-479.6005
-995.5097
-832.9154
-380.2584
-616.4501
-858.5781
131.4689
-15.92946
-54.25611
-177.2074
142.412
-951.7652
1302.376
950.989
277.5844
-522.7295
-572.7929
-552.8508
-2990.632
-2575.335
-1939.952
-9781.103
-5360.623
-2926.239
-2461.356
-1376.505
-578.0533
-250.3492
752.1104
467.7589
848.0378
145.4161
-296.362
-253.0296
-1654.071
-24.24925
838.3826
-42.73576
-232.6567
-1572.779
-1094.194
-1127.745
-680.1203
-612.1346
-707.072
-794.0586
-870.1919
-558.0062
-99.91057
-994.004
-1537.968
-1997.006
-1612.547
-860.8815
-3048.299
-23284.61
-13167.33
-8139.317
-4864.283
-10890.85
-6897.409
-4241.854
-3168.321
-2042.937
-1989.207
595.0591
271.3339
-1146.753
-1089.166
-614.3194
-456.4558
-317.238
-1024.341
1624.027
1070.268
3420.975
1447.789
747.0244
281.4012
-230.5177
89.32728
-1251.601
-1173.703
-701.6563
-622.9613
-493.1198
-131.6808
86.20672
-106.3949
-450.4732
-1275.668
-70.43748
903.506
309.2646
-186.1447
-8611.026
-4696.681
-3254.069
-1679.509
-1330.014
-539.947
-468.8845
-501.3524
-1574.938
-1005.96
-858.2646
-1088.499
-1073.572
-596.1742
-927.7711
-901.0025
-752.4055
-1031.52
-1213.004
-1848.126
-1883.702
-10047.13
-5969.4
-4104.193
-2579.028
-1714.516
-2362.963
-479.2992
-530.128
-745.7394
-719.3702
-961.2142
-701.2266
-2979.814
-2315.673
-1538.565
-1988.986
-3038.96
-952.1612
-2081.037
630.0439
209.5876
-1377.694
-1015.298
-809.4816
-1185.156
-754.305
-1204.09
-1217.774
-1550.616
-654.3018
-234.9242
-271.2391
-51.5093
-824.0016
1156.69
933.1004
-3787.107
-2668.675
-78.4917
-1605.384
-1438.109
-1383.075
-1771.634
-446.2061
-531.918
-422.0079
-870.8352
-747.9192
-663.982
-25461.8
-14293.7
-8158.861
-4758.173
-2145.754
-1419.639
-839.2263
-1064.212
-47.87476
-414.6363
-6277.947
-4132.579
-3115.038
-2059.222
-1223.503
-707.6239
-1678.628
-1834.812
-1088.802
-483.8122
-207.4327
-418.6965
-55.74138
-411.0622
-661.5178
-968.5677
-1020.707
107.0748
-660.4195
-1313.834
-1494.981
-656.755
-1178.171
-1574.797
-1209.532
-1546.516
-25967.97
-14554.87
-8380.274
-4878.944
-3249.451
-1119.487
-1312.797
-1106.66
-124.8446
-830.7848
-502.2864
-993.5106
-920.5891
-245.5563
-583.5515
-985.2595
-3758.447
-2409.476
-1425.963
-2927.998
-2951.781
-1766.677
-1096.388
-1251.052
-355.3422
-32.07812
-1152.352
-1168.749
-874.721
-665.2505
-596.766
-774.9099
-299.3025
-322.0858
-266.8701
-676.6102
-1369.316
-1331.739
-1112.524
-1732.595
-1589.084
-954.4129
-43.1365
-38897.47
-23793.14
-20530.29
-11986.33
-6802.19
-4304.104
-2460.339
-1350.967
-579.6757
1708.027
634.8265
797.2076
-148.5739
-717.3932
-854.8579
-199.5397
335.9881
210.3186
-71.09844
83.22026
-778.9405
-1170.722
-736.6061
-867.0081
-851.5922
-806.7757
7164.891
10394.28
5697.032
2937.469
1176.414
393.2549
100.9574
-138.3125
11.47166
-1552.982
-998.1876
-1359.993
-1093.973
-2493.163
-1180.594
-783.1807
14219.26
7130.912
3339.734
1444.657
743.4634
396.9562
407.2254
142.8362
-420.9659
-420.312
-1.533759
-1120.317
-405.632
-514.185
-303.8266
82.44596
453.1802
-712.266
-4064.196
-2443.814
-1726.607
-1222.571
-1180.032
-817.5409
-496.5424
-523.5116
-63.62847
-257.7554
372.3827
-37302.4
-20564.95
-14393.01
-7340.327
-4320.678
-2479.679
-1550.918
-857.962
-1061.868
830.0085
-175.9067
26.19918
-87.84344
-110.7006
-3281.554
-1984.725
-1392.277
-1237.185
-536.8713
-448.8641
-4234.891
-2355.119
-1640.248
-1879.42
-1326.149
-1884.619
-1398.712
-1227.275
-51.14208
7751.981
4129.637
2980.988
963.0804
104.0309
5755.611
2643.107
1513.667
1038.817
1240.643
30.88163
-515.4152
-662.5002
-700.3608
-611.8497
-620.5644
-5857.901
-2736.111
-1245.578
-644.435
-854.8921
-1061.389
333.4948
133.0915
-233.9612
-743.8884
-412.7202
-534.0748
-25700.68
-13509.13
-7463.685
-4634.806
-3161.371
-1951.121
-1853.729
-1025.871
-991.8225
-1503.745
-984.3531
-903.5745
-1286.746
-1058.317
-781.7876
-586.6136
-631.6994
-430.8939
-51.28001
-747.3016
-331.6692
-593.3699
-750.4184
11564.32
6482.639
2478.515
-758.8061
-707.6093
-556.1291
-353.9917
-895.7922
-1196.757
-746.1143
-401.7427
-1772.82
-1223.624
-1073.928
-105.5419
236.8183
-636.5416
-331.2135
1273.878
3465.662
992.9908
674.4651
99.33819
1.28069
107.3709
435.3878
-256.6273
148.6895
-141.4226
383.4328
606.8937
665.486
308.7217
141.8441
-19439.9
-10533.51
-6286.526
-3370.259
-1474.142
-74.66758
486.5634
-63.42882
-411.3926
-12884.07
-7354.242
-4108.015
-2407.471
-1305.713
404.6002
579.5333
207.9567
702.1929
371.0852
200.0945
274.9738
-2720.147
-1619.8
-1158.195
-118.5984
5814.151
3059.304
1680.842
635.2792
455.6307
-365.1503
-907.0424
-995.6471
-754.282
-2506.575
-2281.786
-1905.408
-1493.194
-324.2262
-708.4856
-575.5097
-240.0429
-338.9878
-473.4111
-555.7162
-700.7514
-1426.636
-651.7452
-458.9263
-373.514
2172.321
1089.158
932.4323
-134.6251
-1068.16
-294.4311
-490.7174
-639.7453
-605.7657
-558.5833
-497.7075
-600.0919
-627.0849
-821.6111
171.7963
1254.836
834.0247
173.3267
-70.13283
555.9998
-556.9379
-1056.304
-864.5
-544.4449
-400.6331
-274.9289
-216.3833
-680.5834
-1463.538
-1021.482
-1368.389
124.0899
64412.57
34900.92
20293.96
8510.377
5679.368
4195.487
1946.53
856.5282
102.3636
-541.4815
-5511.588
-3455.422
-2023.851
-1512.486
-2013.817
-1767.517
-756.7825
-467.5592
-563.2921
-1581.109
-1471.581
-1229.473
-841.2159
290.2523
3651.813
389.1748
1101.306
628.5311
346.8176
-278.4654
-1233.285
-742.3315
-477.6783
-147.2933
-383.0941
-1134.581
-547.49
-410.7743
14.9691
-498.3005
190.1564
-115.5899
-545.2034
-1087.386
-1155.093
-900.8468
-8360.157
-5085.438
-3480.564
-1810.311
-1893.284
-1462.954
-1541.205
-1851.813
-1930.97
-689.9239
-2131.954
-2152.731
-1544.344
-667.7722
-580.5455
-2104.637
-1860.71
-1520.753
-1259.165
40.35439
-91.99748
1523.247
1463.923
457.3202
187.0987
-633.1424
-788.6987
-1430.556
-1502.71
121.3711
-580.8925
-433.635
6046.251
2750.489
1036.683
-1391.729
-1621.822
-1224.607
1730.543
-2039.993
-1300.309
3087.144
1708.022
-1348.308
-1136.259
-986.6303
-697.7556
-883.2824
-1229.233
1741.745
6.753139
-55.11895
-421.416
-181.5445
-621.1085
-1717.414
-1273.559
-1574.064
-1169.051
-706.2023
-528.8996
-367.8305
3883.752
1976.914
262.0295
-120.773
-360.1639
329.6975
-1247.759
272.5702
717.7853
429.3209
-687.661
-358.6627
-1329.273
-1348.098
-1301.93
-656.2985
-4151.731
-4430.837
-3723.362
-2058.133
-1520.963
-1235.49
-410.8693
-419.1134
-1144.108
-762.9961
-1140.057
4676.238
1862.86
1095.554
-62.13069
-937.8424
-6199.611
-4156.662
11152.88
-3415.39
-884.8505
-597.3767
-1802.816
-1522.924
-1394.668
-970.9654
-5661.288
-3424.825
-2686.779
-1437.54
-1245.904
-1440.662
-922.1006
-967.404
-2596.928
-2051.261
-395.6934
-840.0966
-770.9093
3325.771
1263.867
249.5787
-1335.101
-82.8126
-836.6458
-777.618
-1394.318
-1356.32
-1250.923
-919.1896
-2102.71
-13032.97
-8086.498
-4968.303
-2703.558
96.92472
1016.445
-39.69329
-905.9497
-1021.875
-1239.9
-14.75069
-271.0667
-554.1049
-1155.372
-740.9364
-984.0307
2296.985
662.5972
-698.0886
-487.2486
-706.1416
-1846.511
-1435.24
-1932.899
-1839.805
-1691.173
-1310.022
-1787.001
-1482.573
-1476.49
-4828.107
-3156.832
-2498.01
-925.8284
-1327.554
-1471.111
-8340.995
-5470.17
-3414.166
-3587.047
-2510.304
-1738.317
-1185.721
-216.014
-580.2899
-1215.408
-1384.5
-694.1421
-2416.166
-2988.393
-2156.989
-1822.897
-1153.113
-1003.506
-515.5125
-1277.09
-856.0006
-6242.029
-3625.458
-2156.97
-1614.269
-2051.351
-1575.71
-1498.888
-2781.078
-2229.239
-2222.37
-1847.176
-11467.47
-6970.217
-4733.674
-2702.792
-2002.65
-3008.71
7558.324
3125.08
830.3422
346.7081
-2901.636
-6716.083
-4363.094
-1146.215
-1393.121
-950.9908
785.4377
10.23642
-588.945
896.9356
394.7277
-489.7797
-978.1797
11504.69
5914.612
2809.765
1066.302
-2997.856
-2314.609
-2481.566
-2046.849
4101.123
799.8635
-205.5516
553.6884
-989.768
-729.9003
-223.4461
-676.586
-788.7797
-2394.496
-1598.642
-1581.295
-1194.52
-5983.635
-5632.164
-3860.006
-2954.699
-2224.834
-1978.33
-1722.482
-1663.8
-1354.34
-7156.969
-4239.688
-2997.351
-2875.991
-1811.022
-1678.389
-1405.95
-890.7123
-1071.626
-1444.637
522.9695
-220.1524
-687.7182
-117.4859
-1091.693
-2759.233
-2243.825
-4441.454
-5509.538
-3181.304
-1600.12
2105.477
-3360.946
14757.06
7448.144
3229.177
1190.33
240.9236
-993.6933
287.485
1699.582
1279.483
25789.32
16064.03
9340.456
4495.603
1190.353
-3.662248
-409.9059
-436.746
-964.5952
-838.6889
9213.811
4704.937
4963.418
1671.876
233.9201
-174.7424
366.2325
229.5758
-371.7079
-1229.431
-1490.224
-1557.717
-1411.05
-1217.995
-1518.098
-172.7406
-956.2515
-2856.137
-1559.485
-1542.925
-4258.443
-2231.236
-1613.25
-1290.158
-1340.472
393.7555
86.40244
-472.1608
-772.0893
-954.3363
450.9791
1440.388
242.3159
-646.1247
-3043.676
-2525.029
-2604.77
-1968.395
-1646.822
-966.5795
-1593.884
-1532.635
-2383.451
-1767.059
-746.9979
5555.599
2539.186
2371.023
783.2165
565.753
-1450.307
-431.2873
713.4212
-196.5208
-6635.258
-4094.643
-1418.48
7065.729
3327.404
1933.243
494.5858
-1512.059
-1067.663
-1221.425
-6181.719
-3497.459
-2442.628
-1243.895
1510.736
546.6116
-572.6045
-1991.243
-1431.51
-1149.156
2433.431
-102.9673
-242.3756
-719.764
-1018.893
-2833.435
-1827.275
-1374.472
-1620.507
-1188.08
-1452.372
-686.2348
-678.6701
-806.9731
-653.2898
-504.322
-976.8785
-456.7219
820.8216
231.6528
-2192.033
-1906.044
-2882.24
-1518.059
-14724
-8226.063
-5161.17
-3562.306
7032.481
3485.006
1928.847
2.524621
-551.1004
5975.627
2917.589
-455.7008
-186.7761
2619.538
629.5748
-391.3715
-749.9942
-1900.428
-1521.622
-1286.453
-415.1233
-308.0142
-856.1409
-528.6727
-882.0045
-662.4557
-1027.964
-454.4255
83.50428
-29.45731
-769.2124
-479.1969
-1716.238
-1103.782
-1128.293
320.8008
-52.74363
-504.3648
-488.7758
-889.9665
-505.0589
-531.7294
-859.7024
-2185.541
-7019.911
-4845.805
-2803.269
-1248.76
-895.2905
-318.3995
-458.3869
-1064.862
-309.5464
-600.591
-702.2844
-858.1696
-827.1572
-462.9038
-1493.865
-1660.013
-505.8846
-1210.832
-798.9089
-15435.52
-9043.252
18631.97
10692.02
5281.025
1035.818
-467.6956
-615.6414
-981.6909
-1109.609
115.4407
-46.84758
-434.3558
-929.6539
-969.1719
-1212.505
-777.0016
-1484.124
-764.0821
-771.2648
-891.4507
-820.7728
-1035.463
-1067.182
-1347.343
-3350.074
-3390.387
-2313.483
-1975.745
-1147.711
-3425.503
-2735.942
-1776.665
-1441.174
-1496.134
-1097.067
-1561.555
-2175.717
-1567.962
-1505.137
-1383.593
131.5627
-82.28542
-1384.375
-1122.475
-1382.249
2079.93
2664.898
107.7872
-279.9428
986.6154
-1459.633
-942.9039
285.6248
381.4925
-2416.353
-2354.263
-1819.786
-1489.529
-1451.452
-403.9825
-1919.628
1464.186
416.7256
-430.4068
-869.2844
-60.98617
-448.5589
-937.9047
-1199.489
-10411.94
-5937.758
-4025.518
-2696.333
-2296.142
2123.915
236.8767
-333.763
593.5982
-986.1156
-2675.132
-526.395
-708.359
-674.1363
-326.5582
-494.4055
-1351.745
-2584.917
-1775.997
-1653.757
-1441.835
-1851.409
-1084.912
-972.9878
-1130.702
-1218.946
-1830.166
-527.351
-1009.887
-1062.733
-987.4117
-3664.859
-2578.08
-1731.032
-4145.056
-2521.27
-1712.615
-990.2433
1910.219
289.7681
-845.5245
-940.8028
-760.5605
-2796.156
-2454.901
-592.9193
-615.3495
-4285.418
-2718.51
-1838.66
-1548.854
-1427.697
-1427.971
-1333.236
-1722.091
-1756.825
-407.7674
-408.5233
-382.7866
477.2315
-1106.035
131.4761
-888.4473
-112.8215
-464.7637
-2164.99
-2075.425
-1439.152
-786.9844
-1091.555
-576.1744
-821721
-449259
-244867.8
-134403
-74287.26
-41511.68
-23504.47
-13158.51
5365.641
256.5963
241.1599
8314.948
4308.443
1747.402
132.4705
-3205.653
-2784.607
-1118.762
-2073.169
-1638.767
-2160.492
-1594.616
-482.7948
-851.2167
-1203.68
-1140.576
-7383.794
-4775.057
-3034.82
-3569.304
-2753.15
-1413.285
-2787.815
4201.631
1945.932
-35.76059
5.761015
-707.5008
-1437.555
-1283.452
-1370.816
69642.97
37303.77
6159.305
2436.248
330.6379
-127.2899
-343.8765
-851.5095
-3315.453
-2599.827
-3060.219
-2477.967
-2503.805
-1748.98
-1140.993
-1250.197
-1233.291
-2308.461
-2512.615
-2712.555
-2393.171
-2513.799
-1659.549
-2183.677
-1855.166
-1890.279
-1126.456
-1940.782
-2239.348
-1808.227
-11228.64
-6856.326
-4540.565
-2901.288
-2282.775
221.5151
-3153.877
-2601.973
-3083.803
-2511.136
-2021.024
-2037.911
-3217.772
-132160.6
-73781.08
-41208.27
-23288.31
-13646.21
-8810.684
-6539.254
-3859.997
-3125.154
-2763.472
-1744.301
-1807.811
-1480.566
-1756.371
-1961.483
-1758.327
-1595.073
-4960.746
-3007.73
-2677.797
-2961.455
-1757.563
-2517.962
-2572.748
-2224.8
-1481.782
-970.0791
-1132.876
-1055.067
-2110.791
-2061.123
-4020.079
-3115.66
-2185.684
-2134.217
-1716.676
-1528.852
-2735.908
-2373.586
-1706.408
-5368.082
-7183.833
-4868.545
-1825.6
-1816.957
-2061.491
-2796.288
-4837.441
-3518.938
-2692.602
-2848.758
-2399.902
-2199.238
-2116.487
-2359.247
-2752.693
-1855.289
-867.8506
2176.73
1.972157
-1108.233
-1647.187
-1062.825
-1078.521
-1432.513
-2248.133
-2417.561
-7081.177
-4878.096
-2990.035
-2754.202
-1648.994
-2198.934
-2170.345
-2051.285
-3033.896
-1902.863
-2888.347
-1963.494
-455.7618
-422.852
-1500.163
-1030.663
-1226.563
-1747.086
-1608.355
-1620.812
-1661.873
-1263.286
-1415.364
524.2533
-750.2638
-844.4915
-3811.281
-2398.626
-2349.965
-6148.119
-6752.577
-3540.094
-2554.499
-2089.393
-2060.534
-1287.094
-746.5165
-1204.046
-1709.696
-3312.921
-1987.193
-2187.182
-1913.627
-1923.533
-2139.333
-1649.947
-1742.659
-1640.502
-580.2652
-1414.503
-1169.158
-1483.376
-1913.996
-2245.241
1601.37
-13.92316
-1823.086
-1840.485
-690.2484
740.5607
-3901.607
-2615.315
-2018.494
-2029.293
-586.0451
-1548.577
-5652.484
-4252.665
-4138.942
-3016.921
-3319.598
-2858.122
-3396.147
-2848.198
-2444.156
-8150.023
-5037.357
-5859.691
-3897.642
-2386.741
-1118.229
-1245.737
-1427.233
-1824.964
-2044.976
-2259.577
-2371.386
-2501.931
-2177.834
-2654.113
-2419.6
-2815.895
-2478.176
-2078.423
-1064.725
-1565.967
-2014.096
-2043.341
-1636.563
-1183.813
-1625.495
-2879.626
-2436.323
-1978.024
-1893.823
-2055.464
-2409.407
-2638.479
-2934.197
36824.15
19497.8
10289.41
4438.399
46.97529
-90619.6
-50335.61
-28361.3
-16584
-10114.36
-6669.343
-4630.581
-3823.157
-3019.959
-2796.398
-339349.4
-185860.1
-102224.7
-55867.71
-31737.64
-18032.9
-17720.54
-10423.57
-6489.921
-3480.688
-3339.003
-2785.292
-2083.29
-19916.41
-11739.59
-7709.775
-5244.931
-3154.853
-3886.46
-2446.742
-1898.175
-1441.914
-1684.259
-1524.335
-1097.337
-1566.554
-2435.631
-2896.043
-2737.879
-2436.497
-3036.082
-5321.436
-3434.585
-2571.898
-2648.44
6737.607
2999.014
784.0564
-1339.179
-1672.469
-2317.219
-1814.848
-1720.617
-2438.56
-2251.712
-1533.402
-1618.622
-1456.584
-2856.499
-2873.454
-2337.101
-2144.101
-1080.323
-1904.79
4769.666
1978.871
488.9715
-900.8217
-1289.743
-1252.38
-672.4524
-1599.787
-1657.888
-1678.195
-556.9467
-1374.872
-3064.774
-3181.243
-3592.009
-3082.884
-2296.388
-1949.887
-2039.63
-2118.281
-2138.886
-1887.48
-2092.044
-1914.531
-2008.506
-1476.371
-1685.582
-1135.005
-2199.898
-1387.389
-1748.367
-8146.789
-5217.87
-4155.337
-3020.437
-3180.088
-2988.149
-3442.006
-2799.999
-1938.26
-3982.492
-2949.605
-54594.99
-30944.1
-16889.22
-10367.77
-6617.197
-4339.272
-2024.671
-1772.058
-1497.445
315.1663
-616.9241
-1886.286
-1758.82
-2461.547
-976.2008
-1883.2
-1937.696
-2294.143
-1949.398
-1990.078
-2306.971
-1652.7
-2456.248
-2209.747
-937.8475
2413.871
558.8161
-687.6382
-1644.342
-2467.167
-2313.859
-1276.224
-2603.705
-1644.286
1559.508
3105.092
-477.7231
-1358.889
284.5746
-462.2506
-877.2098
2515.226
53.69088
-505.127
-875.0041
-914.2362
-1347.17
-1713.752
-1364.195
-1104.023
-1641.133
-2321.484
-2490.629
-2888.008
-2410.32
-2325.32
26862
13793.59
6937.347
4595.668
1461.025
628.0009
-143.0255
-1456.939
-890.7732
-1487.127
-1260.94
-1830.254
-1739.344
-3202.879
-2367.3
-332.0191
-820.213
-337.4171
-611.7082
-874.9565
2315.877
-616.4783
-1015.937
-1313.198
-1699.171
-1961.8
1900.849
510.1914
-847.4553
-2215.967
-1975.566
-1732.724
6892.745
3112.939
-8542.436
-4664.973
-1007.692
-1379.742
-2103.553
-1990.04
-2194.069
-3069.439
-2545.992
-4003.821
-2879.036
-2801.288
-2470.911
-1686.275
-7969.383
-4982.727
-3702.272
-2830.783
-2128.197
-1868.131
-2024.612
-4317.562
-4020.138
-3318.463
-2641.557
-2136.418
-1845.712
-459.152
-445.6188
-17.57397
126.8744
-244.1839
-742.2223
-1397.977
-1126.139
-1670.51
-2204.46
-1846.699
-2461.086
-1603.841
-676.0575
-1419.346
-1587.991
-1849.049
-1929.391
-2293.608
-2425.935
-1936.421
-1932.638
-2004.307
-3059.45
-2158.408
-1835.939
-2170.568
-2233.031
-2674.389
-2334.922
-1541.663
-3207.395
-2540.76
-1503.28
-1609.86
-2068.119
-1800.207
-1310.773
-1694.178
2510.974
390.98
-849.3774
-1087.908
-1814.551
-5058.996
-3468.955
-3089.459
-6661.593
-4530.619
-2681.708
-2739.022
-2056.246
-3028.041
-2752.21
-2206.303
-2513.335
-11553.15
-7754.015
-5000.029
-3327.216
-1866.199
-1476.681
-824.3321
-1542.583
-1408.837
-2682.307
-2282.448
-2052.046
-4570.589
-7460.322
-4522.934
-3356.237
-2599.378
-1859.549
-1872.985
-1780.531
-1771.259
-12426.72
-7939.127
-5946.89
-4388.036
-3226.823
-2902.121
-3012.16
-2076.206
-5746.833
-4712.262
-6432.082
-4660.805
-3316.348
-2697.52
-2530.22
-3329.555
-2527.2
-1979.949
-2548.37
-9689.024
-5911.029
-3731.143
-2752.503
-2121.012
-2409.55
-2192.758
-1814.067
-1275.046
-3689.466
-6518.359
-4862.542
-3428.189
-2586.904
-2411.623
-2639.571
-4112.437
-3184.654
-849.8662
-1495.287
5791.982
1665.502
-1396.235
-1442.277
-2435.713
-2324.433
-2178.896
-1899.437
-3488.98
-2884.531
-3889.229
-3012.187
-3236.571
-3160.826
-2867.4
-3502.865
-1411.615
-2204.683
-2353.162
-2306.745
-1850.278
-2338.537
-4113.904
-3912.07
-2226.507
-1457.466
-1407.273
-2164.804
-2091.899
-2323.515
-1441.059
-1341.462
-2176.244
-1569.106
-1548.431
-7378.218
-5002.286
-5936.555
-5857.466
-4897.132
-4345.463
441.7789
-717.6279
-3608.213
-2980.711
-2102.038
-889.0729
-1405.789
-1054.547
-1465.849
-2422.402
-2140.202
-2305.094
-2505.784
-1858.018
-2104.21
-2328.626
2550.7
-12.99418
-1097.588
-1810.605
-1234.125
-1823.444
-1998.049
-2568.65
-1379.854
-1667.847
-6554.67
39383.39
20518.08
10113.73
4413.31
4763.486
1667.499
-223.032
-1168.104
551.5689
-1094.511
12762.52
4736.876
1643.845
-111.9995
-1138.759
-1514.348
-1960.55
-1268.491
-1836.824
-2046.088
-2020.503
57.64659
-1864.158
-2516.929
-2364.192
-2431.989
-1550.957
-1839.911
-2685.586
-2222.165
-2505.588
-2073.636
-2071.031
-1812.205
-2258.971
-2659.782
-1867.33
-300.9446
-1334.858
-2512.522
-6306.319
7283.177
3723.517
1201.766
-442.3267
-1581.764
-2246.744
-2721.364
-2819.005
-2670.377
-1619.14
-2489.62
-2828.307
-3041.111
-8823.022
-5894.211
-4321.011
-3717.652
-3375.224
1111.469
-818.0919
-1798.025
1658.755
-493.4826
-1211.719
-1543.744
-1934.584
-2268.868
-2641.257
-3278.844
-3203.873
-3075.726
-1603.227
-660.4858
-1752.01
-2099.209
-2415.297
-1380.393
-1785.597
-1609.53
-1713.555
-1961.029
-1392.122
-2289.475
-2052.376
3448.555
-1025.074
-1777.833
-842.8637
-1501.568
-1670.798
-2333.055
-2058.354
-2394.645
-2204.047
-7313.957
-4741.118
-1711.138
-2549.604
-2513.262
-2590.485
-945.5999
-1607.916
-771.8999
-1203.466
-129.8589
-1355.087
-2167.583
-759.6713
-3000.549
-2966.926
-3053.557
-2784.927
-2897.192
-4235.269
-4490.355
-3651.117
-2960.493
-3179.331
-2958.171
-2606.239
-2730.366
-2389.791
-2723.139
-2416.889
-3626.5
-2886.793
-2842.148
-2691.494
-2712.284
-2962.823
-3016.802
-561.0724
-1677.203
-2326.404
-2574.745
-2723.737
-2522.165
-2803.968
-2462.385
-2316.953
-2562.547
-45.49003
-4095.115
-3712.641
-3264.809
-3739.953
-2962.281
-3899.301
-3386.054
-2789.319
-2515.044
-2023.663
-1938.229
-1940.217
-4629.934
-3493.234
-3087.82
-3818.575
-3708.203
-3399.005
-3903.187
-3544.611
-2983.079
-2719.89
-2379.147
-9860.817
20200.06
9627.669
3471.158
422.1455
-1032.215
-1794.373
-2620.373
-2176.226
2315.009
-980.2483
-2697.535
-3874.448
-3399.831
-1496.019
-1997.656
-2330.441
-2054.578
-2175.744
-2823.098
-2578.813
-2783.285
-400.0232
-1749.514
-2839.11
-3828.254
-1810.815
-2109.926
-1990.398
-2241.893
-3021.056
-2619.961
-2389.075
-2497.615
-2511.253
68291.86
35941.37
14646.24
6767.635
3030.546
794.1819
-265.3381
-1162.713
-1878.331
-2320.921
-2954.219
-2786.11
-3736.329
-2860.305
-2765.139
-4539.402
-4333.405
-4304.646
-3767.946
-2372.363
-2411.955
1037.876
-1409.145
-2072.77
-1820.897
-2500.617
-2640.632
-6226.313
-7362.896
-4679.29
-3447.934
-3357.451
-2685.095
-2203.993
-2618.935
-2666.593
-1970.489
-1092.621
-1784.817
-2930.2
-1174.691
-2023.203
-3241.213
-3803.292
-3321.902
14606.95
7129.023
2812.892
299.5149
-1204.711
-3089.877
-3179.916
-3027.532
-3282.121
755.961
-900.9451
-1738.187
-1285.977
-1191.497
9611.3
-6402.344
-4657.491
-3672.239
-3036.264
-2699.078
-2623.644
-3826.239
-3218.881
-2668.521
-3512.124
-3021.455
-3445.752
-3253.576
-2771.408
-4788.781
-3400.993
-3020.261
-2050.435
-2153.44
-1977.182
-1708.308
-2283.56
-2259.785
-3601.059
-3495.847
-4001.221
-3527.808
-3410.344
-3268.191
-2551.934
-2312.856
-2469.289
-2758.241
-3104.758
-2677.703
-1149.708
-863.2236
-3201.789
20283.78
13136.36
6248.071
2391.284
446.6491
-929.0709
-595.3099
-641.239
-1350.523
-1903.376
-2653.849
-2726.853
-2767.18
-2785.924
-2692.639
-2610.594
-1346.927
-1564.897
-3644.392
82367.56
43631.15
21052.78
10610.42
4844.321
1528.672
80.53235
-812.4943
-1613.998
-2054.494
-2583.823
-2431.811
-4113.157
-3836.953
-3084.977
-1766.654
-2780.958
-3076.342
-2896.276
-2373.58
-1695.896
-3639.693
-3077.974
-3044.117
-6577.959
-5499.534
-4164.646
-1022.27
-773.1823
-1886.766
-2379.169
-2857.495
-2672.56
-3854.834
-3995.927
-3170.411
-3357.689
-1174.831
-1894.271
-1579.992
-1936.528
-2252.818
-2555.477
-2307.784
-2318.802
-5036.124
-3832.939
-2910.095
-2610.223
-2872.202
-2494.21
-1819.712
-4009.303
-2887.675
-5544.804
-3861.889
-3343.52
-2858.762
-2762.325
-2222.636
-2227.648
-4358.128
-5638.725
-3172.31
-3012.61
-3062.179
-2696.542
-2331.591
-2175.776
-2157.936
-6072.967
-4143.923
-3196.276
-3091.187
-2484.243
-4793.568
-3434.811
-2251.954
-2085.017
-23795.42
-13857
-8930.101
-4950.745
-3496.547
-3194.804
-2954.908
-2153.376
-2856.366
-2933.186
-1324.905
-1923.602
-2082.094
-2130.89
-3767.402
-3085.09
-6929.523
-6294.092
-5161.71
-3444.029
-3003.315
-1842.063
-2062.38
-38258.19
-22020.12
-16634.23
-9905.132
-6894.898
-4908.553
-3165.537
-8791.929
-6168.563
-4371.798
-3384.25
-2709.494
-2439.019
-2450.154
-2273.849
-2377.342
-2747.425
-2156.18
-2883.623
-2468.971
-2105.204
-2985.082
-3407.199
-3007.167
-2425.594
-3879.592
-2090.69
-2471.993
-1542.141
-2301.522
-1913.865
-3390.041
-1720.14
-1745.541
-19954.93
-11888.21
-8231.793
-5288.641
-4083.508
-3357.15
-2476.132
-3588.482
-3276.079
-3086.201
-2540.757
-2552.04
-1819.242
-5264.557
-2928.952
-3871.079
-3328.227
-2906.204
-2614.306
-2876.759
-2409.797
-2598.846
-2366.826
-2454.475
-3540.87
-2720.637
5774.735
1794.339
-167.7561
-1453.626
-1924.445
-2036.435
-2018.333
-2387.054
-1955.87
-2496.42
-2869.455
-2816.997
-2715.807
159.8721
-1261.789
-11059.34
-7607.379
-5405.924
-3846.511
-3523.511
-3084.495
-3552.189
-3453.63
-2646.321
-3215.809
-2979.222
-3784.064
-3506.183
-4193.011
-3951.728
-3445.365
-2773.611
-2536.301
-1630.661
-1263.356
-104.1085
-1004.49
-936.4057
385.5048
-578.7478
-1281.091
-1706.559
-1922.818
-1209.796
-1399.124
-2704.243
-2417.229
-2708.287
-4386.914
-3241.717
-2653.605
-2550.574
-2422.972
-2736.097
-2122.592
-2700.097
-2391.885
-2044.709
-2045.549
-2048.35
-2034.759
-5705.419
-4158.832
-3520.546
-2925.617
-2740.449
-2766.195
-2430.699
-2515.571
-1865.345
-1972.975
-6434.291
-4193.478
-3466.791
-1509.427
8417.03
3876.616
922.4828
9270.371
3808.242
613.6917
-1135.874
-1404
-2224.704
-2423.1
-2861.85
-3289.524
-2482.12
-2291.514
241.7499
-1061.879
-1953.82
-1701.805
-1630.218
-2267.79
-2434.564
1508.75
-120.4658
-1286.186
-1849.451
-1544.445
-1947.331
-2053.079
-2382.754
-2705.472
-2668.658
-2238.739
-1001.319
-1492.106
-1862.596
-2295.971
-1918.266
-3434.393
-3147.433
-2849.857
-2983.042
-3262.244
-965.7138
-2066.425
-19.97712
-1368.709
-1360.277
-1863.635
-2369.205
-2933.261
-3188.261
995.5445
-589.1447
-1639.65
-2261.634
-2199.806
-2774.885
-2181.776
-2386.738
-1591.183
-1764.365
-2599.012
-3179.926
-2993.732
-3960.583
-4094.286
-3731.552
-3186.471
-3221.813
-8284.006
-5786.65
-4569.498
-3820.424
-3533.696
-3018.809
-2160.041
-2698.03
-5007.41
-4187.829
-2473.811
-3168.648
-3604.869
-3766.552
-2371.309
-2963.985
-2638.764
-2774.049
-3152.694
-3608.73
-2725.896
-3739.151
-4489.41
-3770.736
-3381.68
-4591.373
-4039.231
-3269.078
-3250.898
-3516.885
-457.2157
-2272.243
-2668.327
-2867.659
-3524.493
-2058.356
-4974.198
13952.82
5577.774
1798.108
-456.4502
-1837.41
-2290.397
-2877.211
-2828.283
-2651.224
-2661.509
-2604.907
-2633.204
-1558.757
-1973.069
-9102.453
-6565.541
-4916.378
-4404.375
-3853.205
-2764.28
-2618.851
-9318.559
-6926.899
-5340.26
-5675.039
1817.606
-1193.317
-977.8728
-2038.903
-2741.565
-2881.6
-2829.86
-2807.018
-16281.44
-10251.35
-6878.463
-4965.394
-3363.124
-3359.43
-3510.284
-3326.339
-2161.489
-2924.548
-2653.559
-826.0974
12762.09
5432.734
2220.358
-400.2694
-1430.329
831.1478
-883.7902
-2434.387
-2772.183
-2835.237
-2097.006
-2622.598
-3598.134
-3376.41
-3013.021
-3031.549
-3180.462
-3446.036
-3296.269
-2389.137
30859.62
15824.65
6914.116
3156.395
31.06114
-1631.569
-2559.6
-2178.558
-2631.83
-2880.725
-3058.744
-3011.941
-2680.971
-2586.083
-3279.945
-4940.681
-3987.067
-3712.406
-3143.198
-2684.86
-3020.831
-3374.103
-3060.624
-4257.688
-3757.387
-4440.924
-4449.349
-3969.049
-3417.208
2029.119
-2109.42
-3144.285
-2566.5
-3112.022
-3530.705
-3601.607
-3678.67
-3299.041
-4952.558
-4871.949
-4263.669
-2196.9
-2608.621
-2856.989
-4599.819
-17321.87
-10966.31
-7530.851
-6994.979
-2691.834
-3212.753
-3502.069
-5945.937
-4076.718
-3542.669
-4798.541
-4332.485
-3907.957
-3798.024
-2633.322
-3102.83
-3549.657
-3464.34
-2778.181
-2739.097
-4485.027
-4477.663
-3401.395
-3503.984
-3775.58
-2952.174
-3683.84
-3611.818
-2243.726
-4084.002
-4629.966
-4443.465
-4245.975
-3826.34
-3149.665
-3777.413
-4011.083
-4607.326
-6194.793
-4808.26
-2843.16
-3063.81
-3250.014
-3147.112
-2886.314
-2940.372
-2924.051
-3041.859
-3506.334
-3180.382
-3637.198
-2677.698
-3025.782
-3377.692
-3245.455
-3457.36
-3573.699
-3420.103
-3466.441
-2912.945
-2846.416
-3673.712
-3527.556
-3550.646
-3324.586
-4207.034
-3863.689
-4521.624
-3911.342
-3135.758
-3464.35
-2959.917
-578.6144
-1656.225
-1780.931
-2428.745
-5374.659
-4689.92
61361.26
32033.61
16128.9
7602.122
2336.767
2192.2
-162.169
-1767.685
-1877.371
-1986.826
-2348.077
-3099.454
-2957.49
-2953.801
-3536.295
-5084.152
-3468.969
33.7902
-1544.405
-2242.289
-2319.213
-2821.649
-2951.627
-1760.695
-4171.927
-4341.165
-4586.965
-5548.699
-3998.961
-3925.546
-3544.848
-3403.862
-4089.424
-3596.167
-3197.149
-3565.86
-3612.144
-6363.554
-4337.05
-3805.116
6197.978
26682.87
13963.64
9194.14
3677.477
-126.7227
-3041.507
-3170.673
-5946.633
-4432.151
-4053.63
-4676.279
-4329.231
-3596.396
-4197.607
-3323.085
-3200.691
19800.45
9345.583
3114.514
-433.3368
-1584.714
-687.0262
3642.408
558.8135
-1415.54
-1704.824
-2495.602
-2596.938
-2662.649
-2774.588
-3210.597
-2711.285
-2571.547
-3148.404
-3648.829
-3487.983
-3449.428
-2685.724
-5331.692
-3982.249
-3367.17
2282.119
-482.7099
-1808.891
-3376.988
-2814.351
-81037.89
-46461.76
-26256.21
-15917.83
-18704.41
-11535.41
-8114.095
-6247.202
-4869.641
