323.5619
254.1469
375.8164
229.098
402.8389
239.9815
208.7076
-2079.267
-1174.267
-604.4236
-301.8542
17.24821
373.4074
217.6258
-20.98446
-475.7208
-181.4561
-1246.225
-578.5893
-320.5029
-31.2955
49.50802
72.95883
290.9632
300.9529
306.7285
-9132.748
-5110.653
-1696.211
-865.2795
-581.4442
-362.4426
256.3781
305.1894
158.7994
-692.0915
-347.7977
333.7754
383.637
316.393
-47.62878
-530.5348
-170.6658
1142.345
677.8778
224.8622
-156.4198
-94.3942
292.5764
283.2526
693.2104
1006.44
713.88
543.0764
301.8809
289.6478
341.8643
185.54
68.54818
168.6017
246.6332
54.93546
366.2447
217.5921
12.1678
36.12702
148.0722
-1224.558
-420.7495
-37.26082
137.3045
189.4655
192.6531
330.137
94.31165
200.8519
-371.9919
-44.00759
184.6435
666.1678
401.3956
160.1691
299.4076
210.9648
324.0062
280.0536
210.3683
400.0688
331.1674
269.3362
254.6482
15887.39
8917.731
4964.984
2778.098
1827.623
1163.05
556.1625
406.3006
313.9349
91.30152
-62.23518
6040.424
3375.314
1893.088
1277.129
605.1157
470.2608
400.4679
507.6514
408.3236
183.6377
282.3802
227.7566
86.21398
264.093
87.89876
266.7055
238.2605
100.8625
152.1467
109.7567
-689.0846
1817.525
1088.515
-355.5141
-257.2727
-91.23493
311.7005
362.3771
386.4186
252.7589
197.5542
-11.06456
6.327756
281.3628
272.557
162.2792
219.6273
211.9264
141.7232
-701.4416
-478.3136
387.4032
-105.3379
244.01
9570.87
5761.809
3641.702
1976.249
1178.13
398.7165
56.19959
53.54713
61.84048
-633.8979
-356.2706
-64.44238
-69.24872
-13.48363
70.47318
46.03512
255.4197
202.9607
402.0365
323.5704
278.3648
226.344
-125.193
89.33084
195.7861
55.35473
116.4946
84.14583
57.26473
61.32101
99.27311
324.4243
165.0589
89.96453
77.17038
159.1232
117.5417
-622.4763
-259.8045
223.6118
442.2743
214.063
36.75962
81.29892
146.7272
-19.30513
197.5322
932.5103
332.1795
149.3672
125.1789
61.93893
12.26266
-521.672
-347.7602
-164.8159
-98.53605
-1565.852
-663.8902
-369.2186
-358.8413
209.8517
-9732.011
-5438.474
-3219.978
-1884.071
-1042.118
-582.5631
-374.5105
17.58011
-83.64545
-292.193
-226.0868
-40.73353
-118.5271
-115.5602
-151.4343
-415.9426
-166.7937
-226.2138
-90.60409
-28.40564
130.7496
93.20296
-328.33
-210.1192
-199.5773
-53.14516
-56.48583
-70.38748
2.357309
-39.16018
-100.5457
-644.1439
-401.8435
-1560.494
-910.2845
-677.4651
-460.5576
-328.1744
-314.1252
-111.4893
-1593.503
-1595.501
-909.1059
-539.3444
-8.281306
186.3308
61.56047
-38.5599
-180.6517
-2364.845
-1294.311
-688.763
-412.3723
-206.9898
-40.1823
310.575
97.4879
-60.23049
-204.3907
-199.1589
-104.6611
-202.1803
-372.0326
12.1069
-1275.014
-859.6278
-451.9268
-358.1395
39.95131
-52.84943
-134.95
-154.1922
597.5685
273.0149
-147.5585
-143.9721
-144.6774
5.870759
-118.9074
328.3038
-119.9935
-185.8768
-216.7081
-9626.468
-4221.449
-2451.305
-1336.247
-798.0512
-538.1818
-697.9795
-476.1699
-431.1257
-297.8389
-0.6246773
-91.4088
-691.819
328.3698
187.8076
-90.5329
-96.74581
-244.8012
310.8963
43.08662
-95.90865
-78.78612
-113.2398
-108.1037
-140.7155
-182.6288
-533.7517
-471.1826
-403.2049
-343.9708
-378.189
-291.6262
-122.0678
-224.3849
-183.0177
-426.435
-394.7681
-460.6839
-312.7065
-1203.937
-2110.196
-1326.032
-562.0347
-516.6186
-285.0242
-383.9792
-269.9418
-280.1531
-284.6983
-206.8967
-337.7944
-376.5479
129.3486
-111.8913
-141.3815
-235.2697
-247.2292
-175.1487
1641.293
866.032
362.4741
27.62711
-6683.73
-3802.932
-3131.888
-1895.232
-1132.292
-569.8781
-522.2037
-461.0138
-474.308
-366.4594
-347.0291
-332.7547
-301.37
-411.12
-381.1707
66.48447
100.8232
-66.78691
-184.8041
-125.6606
-179.6987
-227.4127
-247.1461
-167.4909
-54.33171
-336.0816
-346.1892
-356.439
-255.1625
815.1833
305.8218
31.01774
-391.792
-710.3617
651.4975
116.3125
-63.5885
-2.442189
-112.2826
-129.4108
-222.3827
-351.3
-189.4882
-4.165197
-129.7988
-178.2664
-241.3334
-52.3374
-192.6711
-257.2997
-349.9362
-272.7781
-219.9128
-157.6297
-208.6672
-217.0388
-244.4758
-259.881
-176.328
-592.506
-284.6417
-440.4739
87.34705
-16.45028
-134.5652
325.4141
56.88436
-72.76018
-182.0275
-233.6136
-312.1671
-384.5595
-280.7979
87.99145
-97.6168
-21.5754
-2045.963
-1006
-644.5842
-419.6841
-347.2714
-338.4981
-1051.377
-731.7796
-534.7514
-829.87
-526.298
-312.1028
-432.1793
-246.0397
-215.2719
-25.82256
188.8965
-214.5395
-359.2506
-183.5212
-228.29
-504.0579
-362.9579
-170.6481
-164.1006
-110.7199
542.0865
-68.54148
-170.7469
-3915.648
-2010.701
-1540.446
-884.7084
-514.2838
-7318.853
-3686.877
-2028.325
-849.9184
-630.2802
-347.0403
-193.1555
-148.0345
-309.2483
-161.9366
-102.7271
-170.9874
-140.857
-1918.389
2825.555
1518.393
1300.493
651.3586
626.0698
420.052
145.4948
10.4272
35.71629
159.82
756.9419
-774.7863
-431.8754
-1097.059
-355.6866
-93.77679
-203.8517
186.3698
93.07434
-353.6746
-258.3494
369.883
803.9748
509.7397
267.8271
814.2111
69.67622
-9.189147
0.2782239
-32.83374
205.0433
161.1706
2139.805
1330.035
632.5302
119.4835
364.6413
252.8066
144.4387
385.823
260.3131
101.3587
-19.81531
0.39506
37.10574
218.526
387.3598
123.5292
-5456.398
-2865.265
-1528.753
-716.0442
-181.2481
118.5562
142.9414
271.2786
220.7463
149.6219
1028.13
446.3379
127.9282
98.65187
53.02381
92.46314
115.4839
66.44449
-463.2982
-103.4917
-31.14586
-70.2756
46.9479
103.5898
158.0574
62.43554
253.9911
296.8468
189.8752
275.6534
357.5493
356.263
187.4605
99.10739
118.4571
156.7042
165.8651
283.1347
284.3233
281.8951
196.8688
102.9274
189.5711
279.3815
29.1102
-55.13402
-277.663
-28.41629
32.95908
113.5269
124.5115
136.368
109.9236
-2988.427
-1309.541
-526.7719
-280.7379
-326.9735
-109.1029
-54.20313
-883.0159
-360.2735
-204.9106
-206.1552
-22.13317
16.20933
196.309
182.6466
140.4714
278.0603
840.5438
533.1394
691.9855
618.4546
234.1225
180.1735
117.3924
226.5958
191.757
85.05198
113.5952
141.5549
71.75533
174.0013
226.0217
80.19339
679.3334
384.4218
327.2691
120.4302
145.4572
62.77553
-16.67136
53.76344
176.2702
186.968
557.8788
134.8085
157.8007
0.3356799
62.44151
233.0021
621.8968
386.6125
323.7812
286.0066
109.845
-52.71471
23.47947
-157.3865
-74.28544
67.35386
178.4085
183.3077
46.56381
69.92988
73.3102
653.8664
570.3205
276.8878
261.6335
312.5441
389.9912
189.0769
102.9086
180.0025
108.3932
65.56725
-25.27422
108.2455
243.4567
35.50508
9.744648
128.2168
103.7075
-41.8878
-529.8002
-280.6799
44.5421
138.9183
104.9927
213.2819
48.91004
119.8038
271.99
198.6881
281.0179
116.7747
309.7206
113.3785
-151.7632
-161.1273
3.173893
67.14472
88.22046
94.53942
198.5107
56.32482
37.59246
-19.48518
-15.55161
-15.09732
-68.3035
124.3938
-180.1497
-439.2261
7.215486
204.6114
121.0297
43.22007
9.110273
20.44831
82.25409
59.28286
-23.84924
118.1686
7.336003
95.64247
118.7316
-104.288
-127.6007
-165.7635
-113.3434
306.4979
325.3203
1114.28
350.3098
258.5184
497.4747
283.9406
-70.79326
19.69208
126.4513
65.12947
125.3822
180.2921
77.26387
69.54216
4.831513
4.266688
-46.01936
-69.46083
130.1508
-338.581
-219.6601
-354.9472
-258.0772
-153.9345
-60.30235
-112.8031
-53.96159
-77.1371
72.85473
35.86393
3192.097
1664.685
928.7978
480.5819
136.7354
-334.1051
-236.9025
-49.92816
-64.47858
-109.4886
-94.65577
541.5501
335.5131
74.71117
50.63228
-4500.252
-2491.533
-1495.52
-801.803
-490.8364
-490.3751
-635.4231
-403.4249
273.3271
463.8721
182.0755
33.05208
62.27078
2040.46
1025.358
496.4961
382.9235
81.76904
98.59627
5.273785
-78.27397
-215.0738
-363.8379
-98.20915
-257.3377
-253.406
90.06264
-374.6393
-24.46863
-73.56381
-180.9401
-147.1342
-232.8199
-301.4756
-278.5893
-371.1501
-1098.467
-715.6717
-637.3744
-837.7293
-526.0792
-331.4498
682.915
312.8475
-80.84242
-91.12471
-87.90512
-115.6711
436.4322
58.76966
-98.52796
-159.5696
-154.7786
-321.5045
-430.3917
-323.5375
-480.9202
-361.8894
-443.3794
-503.8803
-404.5252
-299.803
-639.8989
-1148.523
-771.2901
-491.5299
-416.9619
-121.3843
-235.0867
-7.77508
-483.2449
-410.706
-572.4253
-468.0774
-429.4934
-155.0971
-273.9655
-391.6372
-329.8213
-376.2703
-195.1748
-119.0438
-10.57866
-199.785
-114.4706
441.6391
-98.48749
-174.9722
-120.9265
-91.76491
-18.09482
-415.4601
-403.9387
-181.1684
-293.3674
-447.3566
-412.6146
-345.0152
1312.121
499.2227
87.00473
221.5656
40.23141
-75.96201
-77.10277
-330.1842
-296.4135
-370.3084
-97.91575
-207.7348
-771.8894
-2428.125
-1358.558
-382.9188
-316.4324
34.20736
-159.566
-301.9049
102.5715
-144.9706
211.5649
-70.61268
-237.3081
-400.2906
-454.0638
-364.6489
-364.9874
-415.3452
-329.6979
-575.9605
3445.646
1771.489
680.5717
83.83352
-27.74898
-180.2959
-317.7851
-488.6011
235.5211
735.0155
355.7984
-87.54488
224.1075
38.77933
-39.1902
-219.1172
-402.238
-3526.78
-2161.485
-844.4546
-574.2844
-816.1658
-688.2417
-34514.83
-19047.86
-10575.43
-5653.573
-3174.099
-1737.047
-1180.518
-782.2803
-750.8958
-622.7837
-910.7595
-499.0356
-287.7499
-283.7994
-230.965
-164.6368
-153.5208
136.2363
-140.6063
-232.7122
-264.7475
-2198.49
-1374.136
-993.9272
-695.683
-735.0383
-443.5895
-408.2495
-328.0152
-568.4296
-144.5842
-857.7736
-858.9453
2466.762
1357.542
524.3616
528.9542
70.82882
-58.68258
-215.9728
-579.1895
-435.0294
-824.4034
-659.3417
-206.9965
-234.8536
242.2857
-177.0616
-323.0924
363.0931
-28.45148
-332.1931
-416.4707
-483.1588
-1226.269
-1096.876
-668.3765
-559.7476
-1811.08
-1198.369
-870.4795
-419.2055
-297.0558
-364.1962
-403.1382
-248.3785
-560.78
-878.7831
-577.5256
-463.55
-353.0573
-337.9057
-322.5126
10826.35
5854.318
3295.905
3219.93
1971.551
1046.841
526.7443
218.0913
75.05147
-118.7341
-91.16543
3361.995
1642.572
1044.069
633.4692
-750.4528
-262.8561
-260.4107
-236.2493
-254.8562
-248.0796
-151.3534
-112.4043
-545.1451
251.5847
-1.357131
23.9758
-58.2737
-115.2817
-38.77425
-126.3565
351.044
66.61167
-34923.37
-19182.12
-10582.47
-6076.782
-3385.924
-1982.296
-1180.064
-681.2992
-453.5458
-183.2334
-197.6857
-156.8922
-322.9737
-227.8933
-632.5994
-424.8193
-307.4902
-360.658
-216.0749
-192.2575
-61.29534
-72.10686
-48.83885
-556.4039
-339.9996
-200.5805
-123.0289
-165.0532
-209.7257
-125.0236
-161.4759
-207.9885
-147.8766
-103.807
-105.0744
-14.71918
-189.8689
-266.0313
29.29015
149.4844
234.9194
-518.5243
-254.0347
-286.6399
12.98193
-24.33428
-92.45567
-45.42355
-71.81749
-75.94331
-210.5399
116.6602
213.208
96.73808
40.72285
101.1061
49.5017
101.1751
-222.5923
-136.0566
-57.39995
-146.5189
279.2976
186.5154
359.2061
469.8688
251.8349
-563.8329
-302.6332
-105.963
98.09786
88.41657
60.86623
57.97774
252.7345
157.965
-44.34911
-10.02819
56.45048
-114.3438
-153.5734
1273.372
699.0748
387.21
-8.095301
-8.070222
-211.9251
-900.704
-326.5426
-180.0504
-4.049022
54.05901
-359.4523
-216.4535
141.0445
191.6875
285.9615
41.70649
-50.85079
-9.786935
-79.13202
-654.9817
-439.3427
469.0043
607.7875
521.6759
854.4653
324.4509
228.6974
184.7545
103.5618
-342.0824
-136.4137
-105.1059
150.0917
85.64488
72.44067
1177.156
998.3294
669.5129
538.7647
306.7012
251.7559
153.1163
25.69482
27.29464
41.23959
-47.97215
14.15454
971.9398
-847.1935
-456.9573
-242.6742
-46.61031
30.4334
165.2017
142.9307
76.5636
-1117.06
-501.1742
-256.2604
10.82954
41.46948
9.676742
-3131.92
-1637.759
-1128.102
-4835.125
-2601.48
-1622.276
-886.3358
-648.2804
-148.8133
-61.09289
0.6086274
87.61037
-41.54795
37.57676
210.8171
174.2829
63.97102
-391.8945
-126.4775
7935.351
4405.854
2374.131
1252.307
522.8143
333.7079
122.0505
94.02961
97.53422
132.954
-18.81713
2.421263
-74.17123
-0.838623
78.30726
127.5314
-431.0082
-315.3338
-145.947
-28.9745
-4.677985
563.5412
435.5872
107.2277
144.888
83.3309
155.4448
73.19325
86.71821
6.595872
128.7001
-42.00462
50.39008
14.33349
-19.51986
-113.6934
-41.42535
499.9098
298.499
-1.1179
69.87468
197.812
37.53485
157.1148
189.7596
207.1727
90.6826
54.30217
628.5654
339.0941
-1118.461
-1906.285
-1828.858
-968.392
-3367.066
-1795.946
-1002.828
-529.5122
-183.3007
-167.7966
-37.76637
-158.0778
-171.2342
-152.2033
-96.15533
-3.809282
-168.2659
103.7195
105.5768
122.9888
56.95873
-376.4523
-71.83785
56.53338
-23.43407
7.901373
-84.65287
-204.9815
-167.3189
-193.0025
-215.4661
-55.29794
-67.5006
-379.6062
-414.0446
-337.1338
-266.6933
-235.8584
-138.4114
-212.56
-193.454
-525.4547
-314.3816
-472.2703
-220.1999
-164.6659
-149.0584
-353.4552
-379.6538
-291.1574
-179.1425
1095.475
5012.94
2613.972
2025.972
2306.357
726.2185
262.677
76.34381
-57.77589
-162.7846
-78.4578
-157.6562
-196.7775
109.5259
-741.2128
-372.0569
-219.9338
-306.9975
-324.5705
-132.4719
-983.4063
-616.2396
-420.61
-220.2316
-339.0197
-257.8544
-289.7209
-225.4987
-399.0295
-267.6746
12.35967
80.13103
-129.2463
-169.7508
-288.7722
-273.184
-1158.835
-697.4994
-530.5072
-405.698
-604.8632
-320.5053
-22.16349
-244.5395
-289.1006
-183.1673
-388.4862
316.2915
18.51484
-135.9724
21215.57
11466.5
7066.568
3776.872
1955.887
870.0347
445.5023
-35.47209
-136.9414
-333.5256
-529.8745
-541.1576
-223.3164
-238.484
-250.0301
-482.2681
-544.889
-155.2904
-209.4456
-243.1403
-338.6986
-398.0612
-582.8801
-378.1337
1095.737
566.6706
115.9016
-127.1009
-127.7772
-331.3221
-390.2507
-505.1779
-122.3307
-432.5739
-389.0357
-341.3161
-284.7619
-49.26938
-318.822
-325.4997
-392.8843
-418.3594
-425.599
-464.8501
-663.7492
-531.1427
-293.4824
-486.2165
-538.6624
-193.7588
-262.9798
-335.8
-288.9911
-473.488
-566.052
-455.907
-558.4379
-441.5682
-349.9001
-381.4113
-434.4002
-467.5253
-548.4796
-435.2867
-418.8184
-285.3246
-401.1933
-557.9742
-615.9301
-1822.854
-1159.878
-1042.701
-799.7455
32578.8
17620.58
9555.175
5016.428
2215.126
1235.054
460.8397
227.6857
103.1938
173.6675
-136.5307
-298.8231
-481.4793
-543.3211
-600.7105
-1171.727
-757.7085
-787.9408
-637.9648
-325.5642
-413.8946
-662.5241
-642.7517
-522.9485
-555.8079
-399.7721
-194.7155
-533.9221
-425.9658
-653.4348
-739.1159
-513.8709
-1078.499
-606.7451
-639.0857
-677.2685
-136.7277
-639.3866
-1747.213
-1133.453
-764.4169
-693.3688
-681.0684
-604.4332
-429.7621
-491.5127
-746.8879
-671.024
-694.5649
-578.3612
-549.2258
-630.6367
-682.0176
-561.9674
-505.6013
-708.2709
-12465.74
-6768.024
-3543.322
-1936.803
-1081.659
-783.4665
-753.4993
-584.7161
-509.0424
-451.4313
-430.9826
-485.9182
-431.9111
339.012
-87.76135
-206.5218
-319.7801
314.5421
-369.088
-243.0103
-261.7422
-107.6384
479.8971
1578.871
511.307
-7.068277
-126.8399
-171.6073
-353.7984
-375.1578
-408.5003
-512.7802
-417.1468
-374.4407
441.5126
19.26102
-7.120303
508.1402
-282.5656
-308.327
-453.8266
-332.1269
-387.5849
-139.0687
-244.5355
-359.1688
-273.6111
-1472.731
-952.8568
-1088.846
-723.1352
-484.3134
-283.8918
-139.9034
-479.9468
295.503
1045.337
344.1965
-129.3335
-274.1824
-266.2646
-203.5307
-765.06
-807.2611
-706.2266
-519.9531
-410.5638
-921.0185
-369.4923
-444.1894
-196.7499
-260.2715
-257.8203
-632.4959
-465.3925
-465.7657
-444.614
-268.8097
-280.6303
-197.7975
111.3568
-79.21394
-532.8229
177.0464
-270.633
10131.34
5406.66
2847.195
1363.839
620.1206
62.26107
-249.8741
-246.4545
-241.5604
-223.9622
307.6702
421.0673
214.6131
36.38993
-69.70324
-53.94309
-355.8224
-341.1296
-128.193
-1309.752
-803.0639
-523.2598
-285.5019
-12.90317
-117.8804
-755.0505
-526.6936
-432.8989
-346.274
-301.3993
-292.3751
-610.0312
-637.6307
-395.7099
-135.3419
-69.85649
-649.513
-412.4358
-248.5021
-790.0264
-836.504
-516.2134
-327.9614
-438.8332
-196.3942
78.31809
-268.9327
-0.03643096
-151.5315
-231.4553
-260.7149
-314.5102
-210.9629
-157.086
-94.66604
-113.7146
-137.623
-29.97387
20.46995
-107.9204
-37.14814
216.0277
170.8873
-452.4888
-733.5479
-508.8461
-319.5951
-220.3495
-273.0013
-153.8961
-158.2458
-235.3457
-178.4894
819.1954
427.7756
52.91404
-364.1458
-215.4208
723.2551
346.7259
200.2154
164.6084
112.312
-44.25437
-230.3687
3562.54
1879.861
1227.78
655.1709
250.6215
46.58877
208.6644
50.81954
-159.3289
-134.1899
-124.7118
-123.77
-203.9481
-282.1461
-3104.017
-2256.551
-1493.056
-840.7349
-475.6207
-251.3548
-241.5744
-147.6666
-123.7591
0.373164
48.27892
-121.275
-61.1594
-58.31899
12.26281
101.906
20.88639
-29.1584
-98.62841
-87.62445
421.3309
243.9389
80.66873
-724.2621
-478.7316
-423.5763
-228.8508
22.97162
-142.3797
-66.48205
-1032.342
-445.9142
-355.6666
-129.0479
108.1205
-237.6845
-164.8555
-55.65551
-383.399
2473.219
2745.971
1493.643
757.12
370.4069
660.9488
1298.52
733.8585
260.5449
83.28251
30.28297
-94.06258
-123.6402
-47.29008
-162.4744
21.04447
380.2012
13398.35
7188.453
3832.278
2392.684
4081.275
2503.576
1423.211
667.0659
410.639
266.112
-205.7629
-176.327
-106.3621
61.32264
130.3343
-285.9516
-211.9208
-83.10875
-310.4636
15750.16
7793.459
4584.811
1339.826
573.4703
439.0663
238.2183
66.36235
71.40961
21.22257
-18.51687
145.6787
135.6812
143.0768
131.7626
-180.037
-32.39913
149.0696
-262.53
319.2064
187.5003
-15.73781
38.43624
-279.1846
-653.7602
-421.9239
-2504.95
-1255.877
-764.1718
-442.2538
-169.2078
-260.6106
-344.7684
-278.3435
-93.54721
-75.20227
-3.21805
34.37073
-38.70419
255.5467
48.86851
158.9602
-12.21383
8.855876
-197.4159
-140.7935
1692.495
896.3614
378.1532
360.2913
-52.00137
87.82356
41.45261
48.98388
-17.94218
-441.9781
-254.9077
-128.4162
-164.1274
-86.88203
283.499
-247.0887
-168.2252
-183.5286
-91.39894
-80.51677
-111.2342
-48.07171
-99.30914
-212.9513
-149.0612
-93.9746
-33.72597
-338.6696
97.37273
-11.01446
-120.1151
-101.4834
39.23323
-324.4163
-215.324
-208.3861
-283.1361
-229.1265
-51.05446
-370.7006
-193.1505
133.0179
-89.56457
-21.89829
-112.0953
-146.5744
-20179.49
-11060.55
-6093.852
-3156.118
-1754.582
349.0095
167.8906
-451.2156
-551.8513
-389.0124
-184.4854
-525.2671
-444.5838
-596.3063
-423.096
129.1359
-53.86252
-145.9686
-42.61192
-288.461
-338.3005
-273.3204
2099.427
1427.485
632.9897
255.0652
-15.90855
9.634489
118.9705
-63.40284
-541.8341
-441.2369
-220.0282
1146.213
742.2598
-359.4675
-305.2176
-321.9764
-324.0876
-657.8203
-447.15
-1138.336
-802.7904
-645.5751
-427.5227
-311.2907
-564.6785
-412.717
-787.2928
-519.858
-387.382
-284.555
-449.9538
-329.4388
-446.0058
-417.3152
-387.096
194.6912
-280.4597
-165.1886
-327.7965
-137.8731
-320.372
-878.191
-2066.48
-1349.041
-863.7886
-421.5235
-331.496
-401.6067
-287.1979
-344.3544
-392.4661
-453.7528
-427.3137
-407.1841
-441.6451
-1103.914
-920.738
-663.3941
-589.4322
-766.9096
-699.4806
-630.1027
-504.041
-342.5092
-307.729
30.42455
-19.17274
-204.0328
-1420.983
-1003.21
-795.6558
-571.7293
-495.622
-566.1244
-504.8488
-437.4505
-412.9132
-482.7855
-509.9837
-531.2677
-642.2206
-688.8578
9.546868
-334.1185
-351.0515
-518.4468
-354.1135
-177.081
-336.2412
-384.5879
-686.7958
-441.189
-520.5773
-852.2026
-791.2263
-640.964
-244.6615
-564.1348
-715.7656
-554.687
-408.3044
-530.6442
-442.1709
-568.8544
-563.0643
-483.9805
-264.8532
-836.2619
-1154.609
-904.2163
-694.1171
-652.5952
-593.5246
-1135.277
-680.1928
-629.6407
-610.5811
-563.8341
-622.5695
-24104.06
-13521.74
-7505.461
-4311.358
-2546.34
-1780.175
-1350.759
-1027.264
125.35
-77.78776
-379.8172
-564.5236
-569.6048
-591.2464
-603.9428
-524.5082
-502.7027
-655.3181
-522.0582
-554.8652
1580.123
185.1037
-61.09318
233.8522
-272.4434
-571.1109
-605.6666
715.9771
358.1353
-146.1615
-21456.84
-11699.73
-6631.072
-3687.673
-1841.595
-1177.799
-1284.407
-1430.286
-1019.851
-742.5133
-518.0308
-504.9929
-510.9906
-589.2395
-0.4597786
-294.4929
-629.4271
-654.6866
12165.1
6596.303
3274.804
1863.301
1237.483
312.8369
-124.9478
-465.7839
-526.2335
-470.3692
-408.4586
-417.9133
488.3082
516.5414
44.7478
-11.33489
-502.1799
-571.38
-565.9154
-893.3264
-751.2824
-772.4922
-616.3284
-515.877
-573.9419
70.23119
-158.2712
-920.9646
-806.182
-606.6927
-551.6357
-441.4197
306.1894
-22.73454
-112.9824
-302.7728
-877.4553
-744.9947
-617.0034
-547.2717
-541.7372
-1676.665
-1212.532
-949.4373
-649.7686
-500.4221
-516.2015
-804.8516
-2119.393
-1266.981
-1126.118
-808.3322
-827.2595
-640.1052
-566.1916
-679.8707
-530.2804
-340.4808
-360.4923
-623.793
-516.5848
-122.0874
-91.62249
-470.7581
-753.6985
-605.5395
-628.0221
-566.418
-788.668
-636.6317
-429.1721
-458.6137
-409.0698
-364.1616
-519.0204
-152.81
-921.8244
-581.202
-850.8973
-694.3119
-1719.312
-1089.93
-1064.174
-863.469
-648.2191
-341.4551
1330.642
484.3608
168.189
515.0526
-480.5801
-213.5185
43.26402
-331.8735
-263.0993
-305.0713
-322.6708
-391.6655
-423.2047
-407.5197
-408.4191
-160.0764
-225.6248
-347.3835
-280.4465
-335
-453.2439
-641.1319
-589.3673
-405.2046
-377.3025
-377.8484
-329.0661
-452.9363
-445.3109
-417.7325
-363.7019
-443.1128
-297.056
-418.4714
-167.7491
-28.73349
-151
-161.7559
-251.9689
-289.6788
-783.7035
-631.8232
-491.0369
-407.3315
-154.7368
-520.2399
-548.5811
-376.6686
-388.9027
-449.0123
-249.851
-2752.594
-1658.396
-991.5943
-806.135
-791.9553
-202.1046
-236.1798
-1164.794
-829.4141
-1548.299
-2321.468
-1370.234
-22134.7
-12061.72
-6694.84
-3481.289
-2331.084
-1378.362
-749.1222
-695.0099
-459.3217
-360.9441
-392.0699
-307.4694
-215.7995
-137.9456
-338.5131
-250.6554
11.4299
-200.7191
-223.6931
1309.766
653.3929
289.5404
148.3859
576.3123
409.1297
382.6022
-38.97316
179.6171
84.34892
-50.67511
-78.73146
-44.44394
-78.52136
-41.75318
-19.83461
-262.8459
-255.76
-178.1754
132.3243
-5.893363
4039.953
2455.062
3917.204
2092.763
476.5831
260.6831
64.34593
51.42237
-86.43601
-172.6794
-101.7224
-101.7907
-84.94617
62.84461
-11.09934
1134.567
606.0143
318.1062
192.8566
104.9516
5950.878
3139.815
1627.721
836.0139
109.1918
32.19205
-13.00813
25.40781
172.5505
-19.82699
28.51024
1098.697
-328.436
-222.4402
-112.294
-56.15106
446.4552
203.7044
-333.6443
-216.1932
-55.48774
-49.05372
-66.09204
-13.54614
-76.99583
-73.83144
-61.03255
-134.961
-41.52097
-117.6214
-43.26606
-160.8583
70.38022
57.74301
-1235.751
-726.6092
-343.2035
-383.4274
-313.6351
55.69358
-497.6248
-324.8678
-213.9486
-230.2586
-930.6988
-422.5337
-68.22977
-78.74824
-30.7721
-143.9454
316.2418
240.0272
110.7713
137.4211
18.45093
-46.83465
-26.24887
-71.49378
68.5446
-217.768
310.4718
-26.92938
-73.35974
87.06362
-211.7048
-692.661
-432.6489
-371.6853
-229.3639
-55.48737
-55.60243
37.21035
-61.68375
-79.93742
-108.8146
-43.83564
-69.76775
45.05295
-660.3588
-623.8119
-378.4833
179.5499
135.9774
-138.0214
-72.1196
105.1318
85.12418
244.9037
44.5856
-1837.511
-1661.795
-1087.36
-584.1934
-327.9441
-188.8403
301.1686
111.7715
2379.099
1263.477
577.2773
315.1396
-203.1391
58.90728
-40.08422
-361.3367
-454.9308
-91.15316
-1707.851
-1003.818
-410.6542
-499.3089
-14.16885
279.6449
2868.503
1571.244
751.697
231.0165
44.87256
-311.2936
-254.5936
-250.9449
-374.3727
-71.29873
345.7703
122.3431
-134.5067
256.7027
25.84682
-94.62089
-124.303
-195.5498
-224.5651
-139.3924
-149.4127
-228.86
-115.3304
-202.5437
-181.4486
-1277.982
-875.2218
-582.8665
-653.6483
-432.9553
-411.0848
-417.7968
-494.1974
-486.98
46.67112
-150.0775
-217.6027
-195.5684
-361.2513
47.35898
-121.0038
-1210.28
-821.7433
-646.2985
-626.5646
-442.3149
-433.388
-215.9106
-141.7789
-169.4975
-308.2917
-241.5972
-183.8779
241.8964
-111.6679
821.5452
381.4413
-438.1171
-485.8228
-521.2794
-295.4846
-461.7466
-22.73172
-146.6543
28.98874
-235.3969
-378.8502
-831.6605
-647.8109
-686.495
-1792.843
-461.3698
-548.5591
-1025.792
-465.8796
-357.9264
-424.3247
-799.2236
-637.7022
-593.6382
-533.7606
-354.9874
-159.5582
-152.5955
-490.4568
-527.8267
-423.9284
-456.7204
-436.5144
-458.8778
-461.4236
-339.6509
-307.1825
-361.9009
-391.2498
-495.5694
-489.3615
-400.5507
-159.2638
1188.989
776.9058
253.4742
71.34971
-322.9697
-368.1008
-384.9528
-490.0408
-433.1962
-827.849
-865.6277
-774.7906
-653.3399
-611.0167
-579.422
-214.6524
88.92218
-103.7111
-347.2199
-553.6022
-674.7883
-603.5879
-545.9989
-558.0431
-578.2255
-431.0922
-440.7599
-541.6139
-1579.858
-1704.342
-1256.803
-888.9105
-761.3417
-554.1936
-456.0808
-559.739
-590.5098
-575.2854
-621.4121
-2327.314
-1532.027
-1159.86
-904.7831
-990.1668
-793.2634
-561.9069
-619.3324
-633.284
-815.964
-585.3782
-423.0058
-650.6385
-532.9057
-596.6856
78.39565
-143.9802
-177.2123
-289.8462
-365.4675
117.6563
-48.54605
-359.604
-584.1587
-414.3112
-84.74391
-500.2799
-668.2621
-641.2247
-452.1169
-406.1482
-553.6333
-573.7052
1684.15
658.384
165.5747
-178.0712
-370.7795
-525.3347
-491.5604
-550.2951
-615.2855
-579.0207
-1694.845
-1129.349
-851.0434
-744.7836
-692.6819
-847.7179
-728.8386
-513.8836
-566.9202
-693.544
-960.271
-864.8471
-795.4196
-1267.368
-791.4916
-659.7692
-12757.34
-7135.657
-4923.201
-2936.468
-2811.247
-1818.437
-1425.254
-1061.445
-1155.524
-976.2349
-832.6932
-96.02101
-425.559
-343.0131
-491.0384
-610.7456
-570.6492
-705.0181
-899.1615
-794.0043
-685.6113
-688.136
-2071.877
-1434.017
-887.9776
-673.3659
-492.3746
-450.6523
-509.3084
-565.6435
-352.3219
-493.9112
-440.6192
-528.4301
642.0847
-15.32083
-371.767
-734.181
-562.4742
-704.7136
-643.2612
-678.8229
-290.6308
-294.3652
-427.9809
-408.2077
-367.827
-476.0469
-564.9797
-686.1949
-720.1398
-761.9668
-663.7255
-574.2248
-643.969
-42991.9
-23911.59
-13281.71
-6560.552
-3782.163
-2388.898
-1620.013
-1264.5
-940.2601
-709.1185
-572.0316
-636.273
-598.1249
-522.2588
-371.2646
-523.5582
-605.0922
-600.0456
-498.3926
-526.9585
-656.0289
-2.394746
-331.8751
-142767.6
-78148.2
-42619.15
-23292.1
-12989.46
-7066.641
-4128.419
-2512.613
-1566.292
-1211.577
-758.6205
-686.9189
-662.0039
-795.1378
-647.6487
-647.8365
-541.9663
3229.515
1677.936
32.80844
531.2467
335.4138
-48.54207
-273.4311
-320.6535
-487.7974
-456.449
-410.3559
88.47873
-130.2646
-94.48888
-260.5801
-797.2847
-630.9123
-486.0048
-486.9362
-481.11
-488.9338
-898.6295
-941.2822
-605.0726
-538.2324
-476.6021
-435.4719
-619.1229
-468.0581
-482.0871
-277.1256
-380.0375
-338.1424
-387.1978
-206.8922
-68.86413
-57.06734
-178.9797
-150.9922
-321.8725
-355.4574
-320.9055
-147.8416
-314.6533
-458.9868
-395.4914
-401.6936
-512.8704
-377.8532
-333.0298
-535.0975
-432.7043
-442.7946
-1652.686
-985.7891
-761.8052
-500.8246
-460.5297
-396.5878
-342.0152
-435.7818
-350.2583
-213.7895
-412.3178
-255.1417
-238.3494
-151.0516
-265.5594
520.0573
255.8275
94.52473
-39.0214
-145.5088
-242.5385
97.42686
-166.1485
-281.0894
-244.4388
-293.1283
-263.4418
-556.0676
-465.1031
-362.4714
-321.2149
-312.4569
-356.5773
-493.1588
-340.3956
-82.98848
-91.82043
-210.0814
-1314.463
-674.8236
-591.9781
-950.744
-546.5127
-779.727
-553.9406
-244.7535
-242.9593
4045.924
2203.611
1124.143
615.3173
309.0965
54.34773
-95.75146
-165.889
-187.0096
-252.5634
-132.5636
-137.8555
-248.4085
-121.8113
-314.2733
-259.3674
44.89724
-106.944
-190.2582
-118.6009
-174.1337
-128.3377
73.68927
-56.31043
-95.57998
-205.0264
-347.6601
-230.2079
-342.2413
-248.8586
18.8934
-82.18406
-151.1001
-176.2784
-151.6838
-118.0914
-91.77477
-162.6721
-212.8895
-199.5268
-250.749
-287.735
-262.2917
-214.1007
-312.3552
-263.0266
-42.15073
-86.61655
-148.0762
49.39222
123.9888
282.3435
118.6333
60.48569
108.6141
-57.86564
-117.6435
-613.6958
-428.6764
51.45335
-1755.195
-1064.232
-497.3891
-110.2659
-139.2085
-331.6032
-434.6523
-192.3511
-1408.145
-1029.013
-654.4354
-452.2772
-325.1645
-246.6933
-51.92304
-13.15611
132.2438
-1281.454
-331.3233
-134.9136
-353.9245
-538.9455
-356.4308
-134.4798
45.57389
-181.8978
5815.572
3148.305
1574.171
789.1432
199.4772
-14.87658
34.5504
-199.5275
-203.6255
-76.68281
95.49551
-1168.628
-684.1479
-806.0558
-616.6895
-169.6106
-271.3743
295.2028
-21.05127
-261.0346
-190.1126
664.7471
346.525
209.1496
41.37209
827.5468
-498.2649
-259.6331
-293.0592
-240.8783
-1643.589
-840.792
-1382.745
-2239.138
-1603.074
-997.6064
-507.5406
1598.481
1570.37
850.4635
474.7361
166.4806
-68.81948
-69.75051
-1569.899
-1064.99
-588.0312
-389.9474
-362.3396
-237.4586
-355.7887
-350.257
-198.7508
-253.8927
-1459.884
-441.5509
-310.0435
-436.8499
-387.5675
-287.3924
-12.64046
-38.10225
-60.55895
-55.17335
-465.8535
-350.0816
-275.4886
-142.6624
-130.9632
-233.2244
-38.79071
-316.0184
-407.4976
-395.8882
-383.7613
-296.4829
-479.2993
-467.8713
-362.8524
182.1782
-172.2746
108.6838
-30.61399
-394.1212
-306.7816
-396.1176
-764.7848
-473.7593
-501.2833
-394.2765
-169.3376
-290.1159
-450.399
-408.4681
-328.0659
-330.6901
-286.7415
-290.9673
-366.2066
2421.573
1101.052
468.5388
271.8363
-6.914231
-191.1391
-155.913
-156.8629
-274.4213
-92.10671
-166.2724
-166.3758
-209.3313
-326.3362
-306.251
-342.6267
-323.5119
-410.522
4480.104
2041.667
474.997
-68.04603
-310.6455
-285.3536
-727.1481
-454.2761
-505.6922
-855.8521
-688.3775
-530.0771
-428.1276
-558.7934
-2354.061
-1468.651
-1088.758
-856.8544
-806.6051
-482.8152
-481.462
-732.0307
-540.9962
90.91638
-210.3568
-216.6784
-277.138
-521.6205
-608.6511
-555.2055
-532.949
-277.0186
679.0471
908.6885
506.6049
65.79555
-176.7187
-311.2284
-317.2549
-256.187
-456.0165
-206.2674
-434.9995
-943.6479
-761.1253
-624.5401
-799.6735
-573.1943
-236.5064
-313.3636
-498.2489
-525.2667
-543.1533
-629.8054
-695.6964
-699.8646
-620.7428
-867.2392
-779.4607
-753.3026
-807.1336
-939.9636
-688.0683
-1023.08
-659.1489
-481.5665
-680.9877
-242.6583
-385.2571
-569.2926
-555.9701
-576.6309
-648.4849
-537.9288
-538.2007
-2514.037
-1923.086
-1281.012
-1030.94
-641.6891
-553.4985
-853.1385
-763.8391
-758.5466
-4371.554
-2790.043
-29060.46
