556.8712
728.087
564.4914
704.9035
653.8737
624.2035
580.3541
506.17
363.4841
328.7101
625.0983
539.5334
516.8043
198.5224
101.8632
-11.40946
-73.37536
-245.4257
-359.9742
-165.1213
-309.0557
-423.8661
-509.6704
-712.3516
-771.5371
-709.2474
214.4798
-137.6479
-320.6191
-789.2697
-740.866
-574.8404
-538.6142
-513.9575
-534.7341
-607.04
-37.22426
-230.2716
-234.7265
-186.1847
-199.5328
-157.5128
-43.45184
-24.93798
-19.88293
-57.39282
-1077.902
-717.7088
-304.5748
-96.38906
12.3623
352.3455
401.5366
521.1053
560.8365
627.3308
594.5203
570.2031
569.2245
602.3623
497.3238
548.4577
468.1366
453.6975
330.3536
292.0075
175.1484
124.5224
64.71849
70.26676
327.0438
113.7911
-120.1774
-318.4194
-262.3458
-301.0169
-450.1258
-477.9077
-672.9671
-676.7974
-604.7339
-725.3858
-507.0823
-564.1455
-326.0648
-295.5693
-435.0551
3537.233
2041.964
1194.552
614.3978
238.3664
14.51509
-98.87334
23.6213
-56.29236
-46.31433
-51.13251
-6.743886
-14.4813
51.1439
892.3364
770.3839
832.1709
679.022
630.1913
559.5729
565.0393
765.7684
672.9865
253.9489
411.0716
474.3886
521.2321
478.1447
493.401
520.4005
444.5131
327.1365
417.736
476.337
389.9053
164.0774
84.25223
90.0094
-144.4884
-59.68702
-221.0692
-708.6725
-624.9896
-541.2525
-511.3849
-549.3068
-762.1649
-932.7003
-858.4719
-886.6258
-838.6939
-841.2289
-765.5336
-844.1381
-791.25
-731.362
-669.1991
-637.5977
-603.207
-577.7841
-543.048
-494.5554
-359.8511
-730.6706
-501.9645
-259.8468
10.68092
41.88845
117.6807
-905.7776
-480.3145
-982.3298
3987.961
2742.117
2124.157
1559.395
1438.126
-1032.035
-767.5355
-196.8164
109.8892
191.7783
130.8072
251.7732
202.5694
215.1524
255.5438
794.5569
603.7306
401.7283
249.4155
194.1417
18.46764
-141.6373
-158.7661
-274.4692
-489.7768
-472.774
-824.5152
-741.4541
-719.2968
-714.1011
-748.5451
-798.1007
-414.0614
-539.0536
-591.1434
-674.4685
-570.8628
-626.1816
-699.1557
-1068.707
-883.9058
-740.3449
-634.0849
-595.6275
-516.2192
-363.4904
753.6874
505.3807
253.4985
166.5659
126.8998
6104.948
3822.849
2320.247
1643.555
1141.068
850.6343
743.5896
859.7309
706.7744
571.5145
540.4981
544.1821
562.616
541.127
633.5526
600.1568
381.3149
343.5552
316.5498
-3065.571
-1906.861
-1243.65
-783.3935
-1945.357
-1345.605
-763.1128
-567.357
-426.0635
-655.9431
-620.203
-721.8981
-514.9228
-606.3559
-713.6136
-683.2446
-726.6687
-776.8303
-777.3104
-776.3652
-749.5944
-821.6593
-856.8357
-819.5898
-814.1001
-894.4326
-766.0582
-1812.128
-1453.193
-1230.371
-2005.365
-1084.608
-951.1853
-777.6607
-490.2302
-279.6636
-242.6077
-99.85107
-6.093323
139.9502
205.4089
120.808
243.033
213.7198
269.5391
-253.3314
10.34496
26.64286
238.7641
785.6485
625.8826
590.1015
403.3028
367.2409
59.04711
-56.52534
2.312637
-52.15734
-134.2951
-36.23455
-81.94663
-131.2416
-100.2253
-160.3022
-280.6965
-327.5594
-408.039
-710.6672
-743.8835
-653.2632
-759.9903
-777.1904
-825.9001
-840.0326
-824.1993
-783.1657
-675.686
-138.6055
-689.0775
-672.1654
-617.4506
-621.0819
-646.7609
-624.6295
-498.6522
-382.8876
-373.2591
-340.6491
-347.288
-355.9087
-27.19219
200.8189
215.1357
274.8504
225.968
565.7436
466.0244
-1655.588
-901.1761
-440.0437
-155.005
12.27143
129.2088
267.5752
290.0358
345.6226
258.7588
432.79
356.7239
296.1192
71.43252
86.5101
391.1777
451.9574
685.2761
741.2253
210.1793
41.96511
-155.7439
-327.4809
-451.1936
-510.7095
-1463.351
-1203.494
-1034.045
-896.9411
-718.3529
-796.8101
-836.5303
-790.0948
-793.267
-816.9505
-859.2758
-904.3265
-815.069
-858.7314
-811.2937
-765.2702
-699.0231
-612.5452
-510.2392
-441.8847
-516.1628
-375.5343
-285.5095
-632.4487
-297.9343
-158.887
-169.7102
-65.44741
94.3666
-1346.91
-635.2924
-207.3649
29.27791
151.2073
871.2967
629.5922
1138.878
827.7804
602.2857
91.68583
313.2022
249.4012
187.7162
172.2756
104.2986
111.3244
-516.283
-422.5808
-307.8076
-607.7837
-488.6691
-449.9979
-422.7018
-409.7986
-475.6637
-484.6501
-592.5372
-941.0292
-912.8067
-822.3163
-844.3927
-857.6769
-890.1404
-903.5539
-1629.914
-1181.484
-1011.691
-738.5939
-556.5693
-694.171
-645.9233
-567.3827
-532.7169
-137.1461
-130.7395
-137.0329
-136.4848
-128.3165
-138.4516
-52.71936
101.267
1162.545
512.5133
344.4914
275.9009
301.143
364.4276
366.8929
119.3496
219.796
298.263
301.2789
116.9057
-44.91612
118.7623
139.8484
-288.9097
-136.9799
-25.30989
30.66075
55.60165
-48.33555
-82.28347
-199.1087
-217.912
-344.5107
-374.8518
-453.4219
-577.229
-9286.267
-6177.079
-22758.35
-14297.74
-9459.84
-6356.149
7489.31
4479.706
2597.414
1362.361
528.3283
-166.7308
-477.5192
-595.7711
-640.7923
-628.3488
-622.7429
-586.9654
-572.9767
-161.0239
-178.0178
-322.4346
-280.3389
-64.90253
1.433263
19.68639
125.3743
144.1577
121.8189
147.1235
176.183
286.2614
2796.645
1991.314
1409.953
1110.472
822.9501
829.7025
768.7412
640.8697
471.396
-167.6753
230.8607
207.0002
135.057
128.5625
102.1392
230.592
99.76677
-183.881
-337.1961
38.55682
-164.2023
-289.4152
-742.8019
-753.4549
-752.3422
-740.9146
-749.0534
-790.7664
-867.0455
-841.7654
-238.027
-615.9968
-701.9819
-955.6357
2623.573
1392.637
398.0625
34.19602
-234.6153
-413.5969
-514.5788
-524.6546
-613.004
-1961.151
-1337.019
-940.5003
-652.8186
-432.0431
-280.4526
-195.1308
-47.16268
198.4784
122.7855
177.6729
346.8056
293.2264
332.0306
339.6533
381.6022
368.0975
359.8828
342.2079
210.5257
-181.4935
-12.70062
73.76436
68.17778
75.10498
19.7343
-0.8880097
-54.99731
-3.558345
-148.8801
-200.3347
-284.1743
-413.5806
-14.68156
-296.1285
-413.48
-1103.614
-653.9142
-637.2805
-714.2486
-741.7366
-781.2119
-769.2777
-920.9995
-1042.922
-427.228
-945.8941
-747.285
-755.4761
-717.7529
-719.152
-719.2694
-732.4226
-718.1543
-642.9114
-538.1517
-468.5368
-202.2582
-191.9126
-101.3125
-81.13104
-131.7951
-12.66248
768.967
422.2932
339.4352
578.1436
376.1884
40.26017
99.22625
151.8902
-182.2478
-56.97725
-8.824974
43.89149
-143.722
-58.25828
-59.48854
-14.29503
-77.24404
-64.17366
-74.81061
-120.0245
339.4136
-397.8652
-361.5564
-470.0082
-362.4735
-485.9985
-762.2712
-626.7828
-790.2593
-808.4379
-866.614
-922.0208
-874.5392
-951.1862
-965.111
-970.4348
-920.9716
-960.2282
-3948.327
-2683.835
-2069.363
-1449.877
-1219.027
-5961.08
-4010.492
-2735.553
-1860.488
-1390.014
-1041.778
-1001.006
-698.5526
3451.657
2190.731
2254.93
2531.482
1484.04
1050.79
648.8365
463.0662
365.9453
284.688
345.2189
317.4321
320.267
429.5437
363.5449
75.29145
-2517.014
-1526.062
-968.3765
-521.7428
-478.6854
-551.1175
-473.1532
-424.2172
-408.424
-438.1643
-436.2436
-549.429
-462.1578
-549.2623
-630.5584
-734.7941
-804.4354
-866.9476
-963.6745
-1004.505
-1011.486
-1068.628
-1179.715
-1078.205
-1037.269
-990.2938
-986.1805
-1075.698
-948.4113
-881.5114
-579.622
-639.8023
-138.5376
-314.2614
-147.2504
-282.6942
-354.5411
-422.0297
-398.3333
-419.5636
-310.4845
-241.1906
-130.1288
46.07589
-73.1386
-160.3776
-119.6366
18.9511
-117.9696
-88.13269
141.2651
240.8372
-291.2517
-192.6074
-154.9225
-13.76986
-31.8562
-9.993451
-221.6092
-183.1957
-200.8524
-229.517
-254.6815
-274.6596
-366.3089
-497.9154
-64.8157
-102.3006
-359.7011
-499.4923
-629.8698
-812.4772
-1466.995
-1334.641
-1212.642
-1596.924
-1401.188
-1274.607
-1227.771
-1039.476
-1074.489
-979.5291
-1682.158
-1410.437
-1196.283
-1068.312
-954.7744
-813.7991
-787.9014
-824.7092
-679.2062
-623.5038
-524.3411
-503.9526
-383.9305
-339.2609
-252.9164
7759.349
4991.629
3256.649
2150.321
1434.16
1015.207
678.3533
598.0268
274.4546
363.5871
323.2897
-132.8241
12.25446
-42.00002
-25.26149
109.8768
24.42594
-148.7664
-224.9232
-291.6129
-308.122
-293.0549
-304.7083
-352.5618
-455.5991
-537.0605
-599.048
-1132.331
-1134.09
-1006.365
-1025.517
-1121.36
-1101.923
-1072.215
-1032.785
-1029.559
523.8807
33.62737
-4037.499
-2775.563
-2116.005
-1716.633
-1270.942
-1167.845
-7614.173
-5147.376
-3553.341
-2581.374
-1870.081
-1356.509
-1020.511
-696.9075
-823.0563
-579.464
-436.2822
-304.412
-205.3069
-141.4684
-150.0404
-240.7861
-216.6476
77.88928
69.30343
96.41701
171.5686
177.2107
180.692
-460.12
-244.4898
-121.2453
-79.76034
-13.26553
-291.5285
-233.5089
-532.5036
-461.2485
-464.3853
-550.5419
-609.4417
-545.2844
-1505.872
4290.891
2475.477
1313.603
390.886
-194.7533
-429.1298
-689.3755
-991.04
-1782.153
-1508.078
-1393.516
-1229.624
-1091.017
-1090.392
-1368.31
-1230.562
-1163.939
-1170.195
-1054.617
-1076.727
-1078.43
-897.1414
-775.0181
-1463.497
-1097.019
-860.6567
-638.3387
-429.4828
-307.5495
-164.275
-184.3938
-138.4049
151.5129
136.7768
133.8974
136.4212
119.6967
224.0264
185.617
240.4499
229.2761
51.88096
31.02701
144.1215
203.3767
515.5159
171.7152
-169.7084
-188.6614
-598.0775
-514.3835
-474.6016
-263.5144
-376.0643
-474.8938
-631.8905
-729.9821
-910.5415
-895.3191
-956.9891
-1013.805
-928.7859
-748.5202
-902.5006
-1035.898
-1061.991
-1105.954
-1125.768
-1105.943
-1228.066
-1043.843
-903.9642
-1012.711
-1050.522
-971.8081
-880.6827
-718.6974
-689.6123
-524.6035
-487
-288.9459
-233.0471
-245.4764
-247.3871
-158.4718
-149.7434
-119.4299
88.06201
84.85654
44.92694
31.3471
97.83546
89.71775
95.29371
12.11964
180.3185
129.6276
132.0382
59.9253
-223.9758
-106.9897
-155.1239
165.8706
584.2258
-236.5604
-322.3973
-428.4483
-618.5366
-660.923
-721.858
-427.9953
-501.0933
-653.8988
-774.6246
-842.9847
-2790.189
-2197.317
-1840.379
-1636.236
-1265.683
-1227.7
-1185.749
-1204.929
-1177.576
-1066.21
-1118.913
-1057.468
-1009.526
-899.7816
-786.5309
-760.7759
-777.7417
-684.7093
-658.861
-578.4439
-552.5816
-478.8711
-709.6989
-473.2201
-366.577
-270.3307
275.5826
159.5177
101.6237
235.3006
221.5766
175.7451
-590.4843
-271.7685
-158.8697
-102.0617
-190.4036
102.8224
205.2622
77.8911
-3.356304
-85.66963
-289.8564
-330.8417
-209.4512
-855.6654
-853.2826
-898.9218
-1023.232
-954.6978
-1099.185
-1114.679
-945.0022
-987.4634
-1016.394
-1366.491
-1301
-1359.584
-1348.978
-1328.117
-1376.244
-1412.51
-1228.922
-1102.944
-957.6409
-940.6305
-693.5563
-803.6217
-857.7466
-867.1239
-933.2081
-928.2189
-855.508
-553.6481
-646.281
-175.1172
-188.0148
-281.8563
-318.8582
-261.7162
-309.4462
-213.8461
-100.4189
-163.3512
-94.69775
-52.75903
-377.5166
-266.4672
-158.2199
-96.24944
29.14443
142.5274
-99.81845
-118.6234
-165.0424
-160.8355
-165.1002
-136.5737
-204.6839
-283.9965
-415.5081
-495.8905
-971.9442
-927.1757
-872.9091
-856.2373
-913.9142
-845.1702
-894.3294
-947.8812
-1089.57
-1196.738
-1101.566
-1338.93
-1298.889
-1340.103
-1279.509
-1125.932
-1165.355
-817.4927
-801.1954
-891.1623
-883.8503
-917.1685
-1187.182
-1070.495
-1262.835
-1068.785
-967.2514
-889.9574
-753.9582
-583.8565
-478.9135
-416.5973
-330.4186
-259.305
-10.15576
-71.54026
72.56671
52.609
102.5936
77.82254
23.69669
-257.2966
-207.3781
-303.5758
-172.5624
-139.2838
-139.5
63.2554
-106.5277
-180.6102
-249.3869
-245.2534
-300.4997
-432.8862
-606.5419
-675.8854
-846.6201
-1181.651
-1012.219
-1282.494
-1168.032
-1134.192
-1150.513
-1201.679
-1234.313
-1103.999
-1153.009
-1230.975
-1205.925
-1192.925
-1250.757
-1255.762
-1295.307
-1247.997
-1159.558
-1093.799
-1028.244
-1043.299
-941.3521
-889.2525
-850.788
-823.3478
-744.1901
-630.2609
-539.6668
-425.4395
-891.244
-621.4907
-548.0564
-464.0369
-267.8794
-97.28231
-49.90889
-26.16228
16.14992
-12.31915
-118.8708
93.70304
59.42912
251.7765
120.1187
22.50002
-221.6985
-248.6449
-486.9377
-547.6002
-517.2884
-537.1254
-557.2621
-581.1271
-666.2639
-1339.197
-1187.34
-1200.898
-1285.35
-1099.038
-1083.437
-1483.154
-1434.632
-1350.929
-1093.449
-1169.752
-1248.878
28650.09
17854.74
10704.72
6385.069
3674.77
1905.385
830.7443
132.9792
-382.4096
-634.949
-764.544
-817.4164
-674.6252
-670.2853
-697.1038
-615.4106
-675.701
-590.2939
-474.7782
-470.6391
-381.5663
-283.7899
-187.2506
-184.6611
-127.3858
1105.283
699.3322
380.2055
326.2721
243.9641
367.2107
141.0665
81.27778
-53.65419
455.5772
205.9716
-53.1746
-178.3742
-294.7153
-815.2457
-720.6213
-670.0543
-733.8276
-799.2009
-848.735
-936.2278
-963.5422
-862.4053
-1195.492
-1277.906
-1421.87
-1445.884
-1319.391
-1375.786
-1386.254
-1352.641
-1331.647
-1313.659
-1339.065
-1442.601
-3276.334
-2498.77
-1857.986
-1586.634
-1322.542
-1215.375
-1987.598
-1544.922
-1209.58
-1074.801
-944.9239
-791.6285
-723.7719
-765.5731
-587.4502
-435.3995
-358.7968
-337.4465
-176.3689
-732.931
-458.0573
-138.4342
-324.4819
-237.1023
-204.8552
-285.238
-70.16483
-91.94716
-107.0907
-159.5751
-281.796
-494.8514
-464.0835
-546.9478
-548.1514
-620.0135
-699.158
-739.653
-759.453
-831.8342
-956.4941
-1095.47
-1226.923
-1154.489
-1088.756
-1199.74
-1273.238
-1220.411
-1295.51
-1369.138
-1520.804
-1527.409
-1472.769
-1410.535
-1377.648
-1313.92
-1239.392
-710.8175
-795.5286
-878.4624
-921.8662
-875.1161
-915.4698
-886.3336
-999.8855
-804.0868
-733.0825
-475.0145
-430.4999
-476.2855
-333.7595
-206.418
-147.9077
-198.2636
-206.1722
-144.5673
-431.7093
-287.3791
-311.0151
-297.2227
-315.2083
-1277.448
-901.0974
-721.7134
-500.1334
-443.5124
-377.5925
-392.3423
-487.1599
-557.9811
-629.6741
-694.4515
-771.9035
-821.6573
-878.5914
340.6991
-23.08641
-382.187
-587.0467
-993.2668
-1243.516
-958.3324
-1217.458
-1243.26
-1294.595
-1321.773
-1356.208
-1456.608
-1379.03
-1370.452
-1471.265
-1360.296
-54.70995
-743.9496
-877.2727
-1033.747
-968.7964
-881.2589
-816.2142
-677.7935
-677.4706
-2785.487
-2009.831
-1394.708
-1030.933
-805.2122
-652.2108
-505.9204
-631.8757
-511.7601
-356.3874
-378.1725
-315.6884
-351.8363
-306.4752
-304.7718
-248.5734
-238.7901
-299.0091
-260.8728
-236.8627
-299.063
-405.4824
-436.1845
-303.0566
-449.8035
-1575.365
-1330.155
-1196.012
-1123.176
-1429.123
-1418.649
-1312.916
-1245.368
-1265.473
-1306.315
-2008.1
-2045.316
-1939.101
-1639.771
-1481.122
-1470.266
-1454.105
-983.8054
-1312.894
-1343.455
-1316.034
-897.5084
-1188.391
-1144.777
-982.2512
-1063.628
-1014.459
-982.5617
-980.4264
-889.4969
-732.5101
-661.6394
-608.3306
-496.4275
-398.472
-362.3648
-431.422
-201.65
-159.9821
-183.0132
-132.6794
-103.2655
-233.1971
-266.0295
-458.6863
-366.9272
-322.3973
-318.9583
571.0079
188.9413
-93.41275
-355.6802
-175.574
-321.6546
-614.6816
-343.3543
-861.1405
-680.7508
-775.8028
-949.2644
-1007.651
-564.3885
-847.5972
-821.1262
-985.8494
-1138.188
-1244.946
-1369
-1393.252
-1391.317
-1475.539
-1426.061
-1426.82
-1464.106
-1446.867
-1318.703
-1287.269
-1305.221
-1220.499
-1240.134
-1183.487
-1146.522
-902.5096
386.7505
-259.0838
-398.752
-522.495
-519.2652
-698.5117
-591.1898
-400.3082
-322.0191
-275.9239
-317.7906
-260.7579
-36.60761
-123.7917
-141.3917
-124.4343
55.0435
-69.47106
-224.7084
-287.7052
-83.50341
-216.1493
-423.2785
-611.7942
-640.4576
-691.0476
-757.6974
-705.118
-789.1594
-729.3623
-837.607
-961.7326
-1006.072
-884.5281
-1088.789
-1139.473
-527.882
-800.9337
-964.1372
-1212.267
-1298.388
-1221.154
-1287.69
-1759.064
-1600.677
-1498.542
-1499.192
-1564.84
-1629.265
-1419.73
-1329.694
-1252.349
-1378.317
-1230.907
-994.0239
-1037.602
-948.3303
-1242.144
-989.7931
-739.8659
-618.1678
-329.807
-369.8556
-351.2278
-275.4892
-259.8108
-348.9572
-428.8963
-436.2779
-357.4283
-265.483
-289.8065
-288.7507
-388.7128
-425.4269
-434.4041
-368.1002
-499.5389
-458.9593
-644.5326
-681.6292
-891.6707
-899.9778
-960.6923
-995.2648
-989.5098
-1088.949
-1163.418
-1193.602
-1328.758
-985.2165
-1232.386
-1366.964
-1447.583
-1160.132
-1233.752
-1284.558
-1384.503
-1428.901
-1436.91
-1738.41
-1593.07
-1536.237
-82.81188
-473.5951
-731.3657
-891.5924
-1012.022
-959.0916
-228.808
-453.8759
-579.9131
-580.8528
-848.5054
-768.4577
-622.7744
-371.3851
-386.0022
-222.7494
-290.2767
-295.8876
-289.7039
-322.5431
-284.5404
-147.1858
-218.8889
-325.5439
-317.0332
-121.2524
-202.122
-204.156
-230.4559
-377.3154
-482.4821
-575.0286
-857.1204
-697.4634
-792.726
-1134.677
-1099.817
-1232.15
-1102.68
-919.2397
-804.5899
-1018.905
-1268.823
-1351.418
-1384.391
-1461.584
-1487.057
-1534.175
-1559.268
-1484.755
-1449.791
-1520.02
-1526.772
-1502.545
-1595.422
-1448.443
-1534.78
-1421.918
-1236.016
-1020.119
-1192.784
-1131.527
-605.2173
-723.8549
-708.9839
-461.6329
-538.8387
-516.1299
-518.0709
-463.8052
-425.6976
-632.7397
423.6329
231.1159
78.53068
-94.15983
-383.3353
-287.8393
-272.63
-179.4285
-174.8448
-305.6386
-335.3394
-130.7501
-290.6023
-535.9304
-634.6007
-631.3593
-910.9421
-1233.959
-1239.453
-1198.473
-1195.595
-1190.446
-1151.165
-1322.206
-1425.524
-1144.432
-1240.583
-1907.718
-1841.07
-1760.254
-1212.584
-1306.636
-1365.418
-1489.881
-1457.394
-1434.795
-1510.863
-1498.6
-1431.303
-1498.249
-1424.198
-1481.698
-1216.38
-1151.642
-1006.699
-968.7411
-889.8419
-1028.384
-744.8908
-684.66
-641.366
-588.165
-491.8043
-436.9439
-376.5763
-460.5839
-393.8344
-394.9381
-527.1686
-504.7004
-425.3072
-403.18
-291.8636
-721.0684
-681.1674
-492.1043
-537.3216
-1068.435
-959.0217
-632.7071
-631.7655
-708.2016
-773.6947
-991.5829
-928.6637
-1170.22
-1242.715
-1316.828
-1354.602
-1358.557
-1665.354
-1658.33
-1629.591
-1652.132
-1631.636
-1438.349
-1484.774
-1634.994
-1606.068
-1589.672
-1627.143
-1614.139
-1770.087
-1599.251
-1502.22
-1471.158
-1331.775
-1308.386
-1148.543
-1094.603
-985.1336
-903.2879
-876.3917
290.0745
11.35694
-171.428
-973.031
-472.4553
-193.1058
52.94707
-120.9013
-231.9345
-240.1594
266.7331
55.90093
19.35457
-21.59901
-151.8685
-379.586
-425.5126
-409.6744
-478.9119
-546.0703
-588.6969
-680.8173
-668.789
-769.5716
-927.1821
-918.7515
-1024.485
-1122.428
-1183.64
-1273.963
-1283.3
-1330.622
-1426.205
-1446.877
-1572.953
-1550.849
-1596.201
-1635.859
-1636.912
-1622.168
-1661.605
-1243.265
-452.4713
-830.1779
-1042.541
-1272.389
-1348.089
-1359.688
-1501.59
-1627.833
-1507.468
-1356.291
-1678.681
-1389.623
-1235.57
-1038.833
-2537.827
-1842.34
-1447.825
-1143
-899.6698
-699.8696
-666.533
-22.67977
-187.062
-184.9348
-174.8153
-231.8982
-141.3382
-213.4508
-305.4803
-418.9566
-4411.668
-2916.87
-2299.831
-1670.875
-1359.242
-1148.735
-1140.486
-1173.297
-1119.182
-1132.207
-1122.199
-1207.271
-1283.458
-1262.398
-1179.986
-1301.471
-1139.734
-1277.165
-1713.614
-1493.327
-1540.99
-1563.876
-1762.93
-991.1648
-1375.32
-1540.619
-1575.453
-2795.686
-2417.815
-2059.706
-1823.996
-1523.675
-1390.303
-1340.732
-1244.684
-1141.57
-1074.641
-1013.318
-966.5251
-972.8848
-759.3098
-1311.482
-970.9205
-675.7034
-610.3814
-589.9528
-511.6137
-1374.611
-930.0008
-791.4869
-685.0792
-613.3545
-536.0794
-421.2533
-540.3929
-577.7631
-596.0386
-661.5649
-758.8106
-890.7134
-1107.798
-1079.551
-1081.042
-1138.854
-1175.188
-1140.009
-1517.573
-1402.504
-1496.519
-1549.449
-1550.14
-1549.863
-1508.108
-1028.073
-1306.082
-1482.428
-1623.519
-991.6802
-1231.799
-1408.025
-1429.1
-1411.582
-1453.221
-1432.09
-1434.37
-1409.236
-1394.482
-1209.898
-1045.587
-789.4618
-892.9806
-359.1507
-557.9525
-616.587
-1329.304
-992.0799
-923.0768
-785.1097
-713.5095
-616.4397
-545.4506
-455.7679
-590.5798
-424.8565
-465.0072
-410.1666
-467.2203
-575.8532
-609.4221
-626.7817
-611.3053
-658.3904
-678.601
-743.3009
-772.4035
-249.6545
-503.3616
-931.9699
-1042.796
-1125.001
-1180.702
-1323.448
-1384.203
-1475.026
-1468.802
-1539.706
-1626.87
-1651.268
-1714.507
-1714.596
-1643.043
-1712.831
-1559.218
-1609.248
-1669.881
-1652.007
-1702.053
-21157.85
-14107.71
-9565.943
-6618.335
-4790.061
-3544.726
-2588.684
-1984.185
-1653.539
-1436.451
-1243.618
-939.6732
-902.2235
-837.8347
-741.3361
-764.8346
-706.8597
-713.8954
-554.9455
-479.5726
-386.1528
-448.3481
472.1851
161.4708
-141.8852
-275.5212
-307.1014
-408.9216
-472.1203
-425.4916
-576.0467
-364.607
-531.5334
-686.2729
-816.9389
-908.1164
-1097.827
-1039.778
-1549.222
-1415.627
-1323.071
-1375.923
-1494.818
-1602.219
-1615.146
-1619.686
-1705.999
-1540.411
-1595.819
-1620.243
-1613.753
-1673.679
-1854.294
-1810.332
8402.073
4753.533
2240.077
910.7057
60.38358
-585.3205
-904.307
-907.3435
-1109.187
-1038.095
-1029.57
-1013.045
2949.891
1805.817
884.5575
13.89605
-202.3654
-384.0103
-421.8965
-474.8102
-469.7358
-514.4169
-488.6556
-589.4342
-527.9391
-660.1123
4489.472
2617.948
1473.036
573.8633
70.41502
125.9952
-165.0931
-434.114
-466.7191
-1206.664
-1202.664
-1197.505
-1218.718
-1252.794
-1362.303
-1439.692
-1497.19
-1765.914
-1694.573
-1660.808
-1241.066
-1598.152
-1659.799
-1735.193
-1811.662
-1788.882
-1735.945
-1737.266
-1294.024
-1554.227
-1612.205
-1626.458
-1552.263
-1610.245
-1541.05
-1573.07
-1400.948
-1354.169
-1479.969
-3823.173
-2839.196
-2157.524
-1627.546
-1243.573
-1034.623
-876.8262
-761.9298
-697.3353
-686.8258
-642.5384
-641.1244
-550.4202
-560.5622
-544.7736
-646.8794
-361.5735
-443.6346
-451.2165
-591.6827
-565.8616
-647.41
-721.8648
-765.1938
-938.7843
-1082.541
-1080.737
-1451.515
-1578.515
-1391.742
-1436.776
-1622.532
-1940.973
-1822.388
-1831.424
-1792.58
-1726.393
-1884.053
-1881.302
-1930.052
-2191.656
-2094.714
-1975.233
-1820.398
-1765.533
-1746.046
-1746.865
-1692.419
-1555.592
-1467.979
-1439.118
-1397.485
-1374.847
-1304.187
-1123.078
-1081.4
-1062.617
-1039.386
-905.7356
-393.4215
-532.8079
-604.1459
-359.1599
-496.8443
1479.218
755.3678
278.0436
-30.05125
-202.8449
-290.128
-438.4027
-474.728
-666.3067
-579.3448
-718.6958
-863.5233
-811.6888
-800.1404
-760.5624
-874.6156
-899.8146
-1048.846
-1036.128
-1217.503
-1313.383
-1347.989
-1500.884
-2537.771
-2387.122
-2117.522
-2008.798
-1915.511
-1923.584
-1916.502
-1870.325
-1909.58
-1870.126
-1859.923
-1763.415
-3551.471
-2871.208
-2515.807
-2181.639
-2250.079
-2034.33
-1806.116
-1134.307
-1271.006
-1254.632
-1170.894
-1154.723
-1037.648
-863.4999
-934.6241
-958.6742
-863.2859
-1299.566
-996.8332
-824.406
-717.4275
-636.1918
-596.7791
-583.8327
-619.5646
-509.4567
-577.1576
-664.3032
-747.1719
-776.613
-688.5328
-747.3717
-805.6819
-836.1922
-918.9612
-684.4693
-762.9324
-1037.276
-1140.901
-1201.781
-1317.218
-1317.819
-1341.946
-1390.41
-1517.466
-1563.212
-1612.299
-1663.131
-1717.996
-1638.333
-1692.283
-1829.601
-1722.314
-1731.338
-1819.108
-2043.706
-1824.397
-1980.368
-1651.681
-2119.569
-1924.415
-2531.136
-2057.387
-1645.882
-1416.321
-1312.554
-1139.602
-1137.471
-1101.308
-1058.144
-1032.792
-1221.121
-1108.95
-973.8021
-430.3752
-452.556
-490.7591
-616.1701
-656.1711
-570.9555
-556.7782
-618.9863
-590.4269
-738.0445
-813.8851
-794.2072
-775.6069
-876.4327
-848.1149
-783.5561
-902.2339
-1140.411
-1200.102
-1289.522
-1338.367
-1496.815
-1126.234
-1326.337
-1432.501
-1850.123
-1694.176
-1726.661
-1790.287
-1907.663
-1549.286
-1659.558
-1765.49
-1854.56
-1824.586
-1838.224
-1862.072
-1901.138
-1885.119
-1910.138
-1877.69
-1702.853
-1640.253
-1708.368
-782.5676
-1015.738
-825.1552
-995.3572
-984.5266
-1151.245
-1132.715
-974.1794
-946.616
-902.7171
-872.0849
-890.2484
-605.9673
-689.7166
-712.6234
-619.194
-641.3641
-562.242
-581.8221
-30778.93
-19901.75
-12874.66
-8493.516
-5758.981
-4055.817
-2962.51
-2330.234
-1897.074
-1272.301
-986.7852
-1132.624
-1216.255
-1238.82
-1380.234
-1408.813
-1516.169
-1801.688
-1818.283
-1759.83
-1844.773
-2049.051
-2061.241
-2090.074
-1817.844
-2730.097
-2436.89
-2284.692
-2198.932
-2142.139
-1999.605
-1912.79
-1878.483
-1801.195
-1719.797
-1820.137
-1668.175
-1781.99
-1574.339
-1429.902
-1275.104
-1074.513
-1214.575
-801.0578
-752.3231
-838.5662
-867.7449
-704.3645
-712.1489
-698.2916
-712.9097
-643.2012
-754.0264
-626.3146
-667.5435
-706.8468
-666.6622
-625.9086
-733.8517
-951.2491
-992.9292
-1026.34
-1097.376
-1127.739
-1206.608
-1260.437
-1333.218
-1775.514
-1670.225
-1195.416
-1371.734
-3181.602
-2664.082
-2391.644
-2003.918
-1990.877
-1962.163
-1962.272
-1971.907
-2037.22
-2106.653
-1970.789
-1957.623
-1802.942
-1596.798
-1639.003
-1574.485
-1651.559
-1623.529
-1630.08
-1490.8
-1512.541
-1471.953
-1290.192
-1261.287
-1242.865
-1166.102
-1205.064
-1153.72
-1341.21
-1159.013
-1087.109
-980.3755
-380.735
-407.9009
-612.839
-760.5992
-814.3685
-1246.847
-1110.489
-981.2692
-969.2562
-959.5676
-1067.88
-994.1294
-945.6222
-942.7594
-979.1027
459.3587
-192.1664
-564.3764
-1543.144
-1904.539
-1670.629
-2143.256
-1978.722
-1885.549
-1699.096
-1722.501
-1811.655
-1863.942
-2271.319
-2205.325
-2123.885
-2169.886
-2051.572
-2044.115
-2048.886
-2205.838
-2295.422
-2111.337
-1992.303
-1756.545
-2649.57
-2275.725
-1981.988
-1753.255
-1634.134
-1714.813
-2140.927
-1810.239
-1563.703
-1360.488
-1214.239
-947.699
-662.3524
-855.3551
-890.6911
-893.9813
-930.2975
-857.6508
-651.5907
-897.9957
-911.256
-844.5401
-765.2935
-830.9461
-867.0776
-906.8992
-1062.15
-1079.496
-1031.889
-1101.123
-1159.867
-1204.702
-1254.966
-1506.097
-1632.081
-1593.819
-1519.723
-1488.908
-1622.542
-1818.938
-1786.559
-1888.291
-1914.05
-1944.482
-1704.01
-1826.887
-1758.047
-1869.347
-1863.838
-1890.429
-1908.242
-9324780
-5977792
-3832508
-2457256
-1575719
-1010648
-648405.8
-416251.6
-267299.7
-171837.4
-110498.6
-71230.94
-46090.34
-29994.3
-19617.92
-13321.93
-8844.191
-6056.098
-4216.227
-2951.068
-2192.972
-1679.656
-1354.997
-1116.326
-835.1281
-593.3236
-664.4197
-780.602
-983.3884
-1056.708
-1056.343
-1282.189
-1254.19
-1329.065
-1488.379
-1615.356
-1679.257
-1675.112
-1672.302
-1697.304
-2161.903
-2047.687
-1969.357
-1975.958
-1976.726
-1998.645
-1997.1
-812.8572
-1461.197
-1691.596
-1715.492
306.2634
-684.8633
-1253.151
-1557.802
-1644.789
-1627.648
-1555.663
-1662.95
-3073.393
-2502.681
-2174.6
-2230.967
-1971.47
-1682.902
-1131.57
-1098.673
-1123.58
7597.573
4665.706
2596.312
1155.679
406.914
119.9264
-228.3597
-475.0301
-621.4256
-717.5778
-656.7754
-702.8545
-784.7171
2818.53
1449.599
684.9887
979.7459
189.2389
-312.2049
-640.7328
-919.4498
-1041.002
-1210.355
-1194.394
-1347.482
-1473.202
-1577.631
-1536.074
-1631.002
-1881.334
-1947.075
-1934.616
-2147.293
-2113.041
-2055.982
-2058.738
-2528.985
-2359.875
-2285.797
-2143.018
-2065.468
-2037.334
-1959.952
-1935.059
-1581.51
-1473.164
-1558.71
-1770.159
-1742.443
-1675.699
-1700.503
-1623.835
-1642.059
-1489.697
-1383.868
-1196.536
-1087.819
-1831.738
-1498.459
-572.4353
-811.3777
-651.3349
-791.161
-1679.45
-1208.963
-850.9485
-1361.044
-1172.232
-1070.305
-2966.361
-2180.212
-1848.956
-1534.489
-1501.47
-1615.271
-1533.141
-2052.197
-1881.816
-2591.306
-2307.048
-2018.731
-1822.59
-1813.134
-1850.254
-1789.571
-1846.436
-1965.458
-1955.915
-2060.737
-2144.708
-2160.911
-2152.435
-2237.956
-1936.776
-2034.238
-2017.218
-1718.106
-1873.678
-1916.431
-1856.618
-1863.689
-2164.892
-1987.514
-1840.317
-1759.854
-2083.92
-1851.82
-1711.664
-1781.625
-1590.074
-2149.634
-1894.579
-1588.156
-1450.022
-1276.321
-1165.143
-1091.085
-943.0725
-1236.706
-1165.44
-1025.728
-868.1899
-674.5899
-754.5165
-1373.739
-1155.706
-1184.704
-1264.497
-1263.493
-1292.132
-1311.111
-1309.713
-1356.721
-1392.189
-1464.858
-1539.239
-1601.886
-1639.123
-1754.785
-1883.012
-1923.431
-3728.935
-2965.771
-2793.939
-2608.957
124371.8
78949.92
49764.57
30965.21
19090.25
11492.29
6586.163
3407.448
1333.964
443.91
-266.5774
-785.4709
-3053.722
-2564.053
-2287.308
-2091.568
-1787.816
-1633.087
-1429.197
-1383.703
-1274.059
-1203.859
-1560.043
-1242.745
-1104.599
-929.1975
-770.4216
-1225.366
-1137.904
-1019.001
-976.2738
-939.4505
-903.5475
-944.6059
-797.7188
-920.1487
-924.5519
-1015.692
-1075.795
-1186.464
-1267.373
-842.7205
-853.1045
-1095.594
-1308.351
-1388.66
-1515.054
-2088.604
-2228.263
-2239.975
-2177.722
-2198.594
-2152.69
-2352.134
-2255.247
-2229.824
-2234.684
-2243.861
-2283.11
-2162.724
-2277.019
-1674.064
-1847.733
-1921.453
-1951.655
-1922.858
-1876.889
-1792.393
-1919.311
-1914.204
-1706.765
-1649.794
-1529.658
-648.842
-835.6055
-760.1587
-844.7236
-979.5937
-1027.737
-1073.576
-1431.775
-1365.305
-1203.71
-985.0127
-939.5495
-992.0847
-1092.755
-1065.402
-1026.555
-1016.954
-822.5964
-904.5303
-962.0178
-1834.163
-1589.018
-1516.266
-2065.277
-1864.672
-1937.973
-1884.771
-1822.675
-1926.674
-1907.006
-1954.706
-2055.744
-2054.73
-1866.282
-1972.193
-1993.327
-2101.178
-2077.16
-2275.833
-2351.443
-2282.909
-2231.677
-2164.941
-2170.577
-2155.921
-2135.944
-2073.282
-2020.882
-1506.634
-1750.201
-1914.677
-1808.179
-1734.137
-2716.075
-2287.205
-1933.332
-2566.953
-2188.62
-1800.024
-1514.913
-1406.199
-1168.41
-1172.768
-1027.577
-999.0011
-1034.073
-996.2438
-940.416
-951.6832
481476.7
308266
197234.1
125933.1
80244.48
50969.01
32197.6
20647.77
12767.72
7609.637
4302.229
2218.364
735.5236
-121.014
-710.3569
-1136.788
-1456.01
-1544.305
-1598.471
-1064.446
-1479.669
-1710.918
-1896.632
-1970.845
-2099.005
-2180.624
-2202.259
-2155.253
-2181.819
-2152.101
-2314.546
-1916.93
-2244.298
-2271.026
-2204.439
-2086.814
-2018.134
-20445.14
-13620.89
-9318.208
-6248.637
-4599.678
-3479.368
-2750.423
-2310.98
-1928.564
-1737.392
-1538.216
-1281.393
-1111.061
-1078.49
-1045.383
-1091.61
-1044.645
-1145.591
-1132.522
-1004.682
-996.8641
-1085.017
-1055.479
-1152.717
-1285.363
-970.9971
-1192.839
-1286.55
-1532.554
-1703.348
-1691.716
-1728.365
-1793.839
-1882.213
-1965.506
-1957.536
-1971.018
-2021.375
-2112.879
-2134.431
-2275.92
-2226.743
-2315.671
-2578.786
-2571.261
-3728.953
-3263.23
-2893.955
-2465.798
-2273.383
-2188.753
-2054.874
-1965.508
-1905.258
-1910.606
-1709.963
-1744.577
-1694.431
-1528.825
-1555.818
-1532.972
-1468.451
-1388.062
-1332.41
-1226.822
-1231.218
-1287.652
-1200.836
-1192.393
-1177.424
-120.2999
-502.33
-682.335
-631.2699
-657.1522
-802.7213
-1243.111
-1792.486
-1660.951
-1638.003
-1574.843
-1613.001
-1699.701
-1593.695
-1431.774
-1469.872
-1667.269
-1760.342
-1872.376
-1950.224
-1897.251
-1963.793
-2091.053
-2190.631
-2228.19
-2260.816
-2455.401
-3032.383
-3636.382
-3100.609
