95.63235
-2896.012
-1904.224
-4879.216
-204680.3
-132328
-89657.24
-56214.56
-35402.1
-21390.4
-13304.18
-8600.357
-5446.032
-1986.039
-1417.104
8549.065
5858.992
19072.24
8662.085
5649.479
2974.882
2263.046
1823.819
-5523.077
421.0777
416.3461
4128.353
2698.903
2803.369
8118.029
3043.164
5371.096
6372.755
5262.385
3450.634
2291.517
1391.445
733.3786
297.5932
692.1795
890.5521
2890.666
3288.966
2460.2
2024.038
-1073.586
-2154.636
-1069.54
370.0895
562.6851
878.1615
247.7681
566.2896
-3662.116
-1157.357
-849.6758
11032.34
8996.177
6747.487
3673.702
3949.056
1905.719
-5234.047
-3307.297
4955.678
3847.72
-1763.7
22.15761
-362.8085
-758.6764
-246.657
-1973.646
-1070.849
601.9252
924.0336
2076.071
317.1785
1577.596
2158.774
1333.345
-1459.699
-3749.305
-1258.937
-1861.417
-829.0032
1377.78
1789.695
6719.146
3658.765
3141.949
2113.201
2632.146
1989.391
1834.797
4458.594
3097.645
2901.908
2836.745
2004.908
1294.244
748.9049
1520.96
-528.1915
9379.43
7094.48
3080.325
2444.925
2389.604
-865.3525
-201.1181
983.4153
6438.223
3877.485
2236.145
2918.015
3793.91
2151.152
1755.462
800.5258
95.70784
1573.053
661.4235
1007.197
3694.806
5077.133
5845.779
4251.072
5555.501
3794.047
2560.504
3241.532
8857.33
5441.901
4342.186
-11635.57
-5000.348
-2927.055
-1549.752
-429.4554
-458.2383
1005.217
-496.9734
-6911.457
-3670.017
-4302.013
-2084.74
-22948.19
-14271
-7968.982
-5072.252
-3174.294
-1329.273
-542.7551
1299.872
501.8031
-652.6602
-1575.361
-8744.016
-4938.471
-2527.379
-2608.265
-704.4953
-931.4366
3070.465
-3483.74
-1410.715
-1004.444
-1452.32
-1338.894
359.7349
398.3397
-580.7815
-534.3133
240.187
299.2008
539.446
414.7657
1185.56
1748.727
4496.324
7283.752
4066.845
4031.001
1515.832
1252.179
-252.9036
773.3345
540.0935
1300.027
969.3378
1127.104
1144.354
667.8594
1739.438
3492.257
3891.976
4458.316
4269.331
3659.17
6587.916
4766.477
2850.284
2820.081
2080.47
1090.513
1822.909
3006.668
1284.344
1313.593
1613.528
637.1322
12496.15
8002.564
6860.689
8637.451
4690.313
5907.97
4012.242
3231.945
1809.566
1640.301
1602.499
570.2332
82.45715
208.0173
-1466.713
-1104.907
727.498
-2299.29
-311.8583
-2325.512
-1142.151
-659.9526
-2397.996
-1472.64
-101.1752
-2664.089
-3636.061
-363.1201
256.2278
1793.874
-232.2601
744.785
144.9215
662.9786
2247.527
2675.274
5561.083
2960.534
1726.684
1249.342
1951.552
1164.765
428.9512
-105.2331
820.2979
1230.959
2634.506
2153.173
1562.46
1229.801
1629.707
678.1037
1145.876
-3895.626
-2720.387
451.7038
746.7708
-384.8172
-168.643
-2265.614
-534.471
-135.8047
613.9545
13031.05
7502.712
5004.364
5255.226
2745.321
10076.7
6373.621
2862.469
-14947.29
-9679.792
-5784.251
-2602.447
-3153.039
-2455.53
123.926
1171.111
2176.473
2440.298
1461.183
-1157.933
-133.3673
1851.252
793.6217
-1751.594
-127.775
-51.16325
81.30467
-4100.028
-3079.594
-6126.509
-3597.126
-2488.286
-1829.3
2044.995
1385.011
1178.998
582.0974
7258.709
4351.733
3705.185
1976.494
1400.664
-41887.46
-25012.21
-16480.05
-12844.02
-6808.112
-4166.406
-2792.557
-1679.321
-78.5137
156.0088
-3566.553
-3140.909
-2088.572
-1379.27
-1574.818
-270.1457
-105.5284
21.88245
2617.528
2131.837
2095.344
2509.368
2042.637
-7634.037
-5196.936
-4182.47
1496.698
1625.894
485.5298
475.5892
-3616.383
-1900.385
-3603.15
-1570.85
633.1908
179.946
3084.466
2519.983
1589.527
287.693
1282.939
2215.812
5194.426
442.425
-752.2062
1339.46
-1847.729
4608.934
3275.072
2523.991
4127.03
4379.542
1814.855
1218.763
1468.822
583.2511
837.4428
755.232
-1483.388
-196.734
38.54868
-2583.753
-1615.534
-43266.72
-28591.7
-17694.59
-11667.29
-7879.131
-5894.288
-3754.55
-2075.849
-2656.193
-1879.58
-836.3062
-2168.691
-1657.16
-92.75429
523.7419
175.7436
-307.9138
-98.21154
-34.24408
-670.5397
-479.5389
-1612.002
-8137.422
-5151.4
-3721.176
-3376.718
-13246.83
-7985.891
-2820.854
-1376.215
-1214.105
252.8585
1461.397
2041.707
716.6397
329.9742
678.289
64.76518
566.0404
-2319.052
-645.2011
32.55032
-262.6184
-387.8861
-329.2092
-1229.987
2251.585
1258.4
1306.36
4926.343
5379.242
-31452.64
-20338.72
-18597.56
-6824.508
-3665.767
-2648.703
-1657.59
-2185.311
-3818.235
3030.939
-87814.5
-55479.4
-33604.8
-20957.57
-11437.24
-7870.194
-2826.678
-177904.9
-115752.2
-73204.2
-46625.24
-29374.07
-19022.81
-12090.59
-8990.42
-4974.238
-2258.408
-2712.864
-1802.801
-585.6148
-1338.369
-2846.753
-1658.027
-505.712
-469.0365
-1012.087
-279.3594
-2491.883
597.9772
5463.188
3611.978
2883.735
3260.777
1721.376
775.3141
1116.864
-1865.197
-4310.384
-2810.107
-416.808
-4.522994
-435.1539
8564.061
6007.668
2597.782
2015.107
20682.94
13133.39
8639.664
5695.489
-5624.069
-2596.845
-3115.733
-1945.857
-3582.725
-2616.361
2801.907
826.3693
-450.3224
2320.514
640.0994
-6263.609
-2395.256
-1567.5
3907.568
2002.523
-628.1289
385.4277
21.33944
-13150.88
-9954.453
-5548.973
-4696.339
-6072.365
-3940.294
-2752.822
-2918.515
-2600.76
-1939.35
1487.287
-41.8815
-1833.263
-3326.76
-4588.674
-3697.305
-7777.281
-5776.91
-3229.061
13312.33
8051.618
4891.639
1141.125
521.9337
519.2831
897.0122
-283.4824
90.10731
-1100.907
-971.6052
-45705.31
-28703.58
-20449.9
-27168.68
-17645.65
-13060.59
-8363.565
-5351.062
-3203.576
-3043.153
-2545.946
-1939.092
-667.8238
10801.29
4917.25
2256.377
1495.37
572.6312
4.914686
-711.8339
-749.8804
110.144
3436.847
2444.852
-5601.289
-3341.082
-1984.341
-828.0558
-991.5316
-774.1809
-1419.42
-1380.619
-1768.933
-1002.408
-888.3891
1901.111
610.3923
946.4102
640.9729
1288.76
1700.213
89.85826
-119.0238
-1343.783
-181.2912
1481.302
-138.2186
-490.6349
-1084.717
-887.9163
7042.532
4098.471
2811.356
251.6493
-256.9358
-196.7133
-11145.85
-8937.931
-5703.967
-4042.808
-2944.257
-385.0718
-4701.125
-3212.688
1909.012
1574.395
5268.966
4183.757
560.2534
436.2123
-870.1833
-152.4479
279.5316
1508.721
384.6056
625.1158
1670.732
1261.443
282.5842
1739.921
1443.614
-938.2508
-6975.809
-731.6723
-771.5983
-541.6775
280.7102
-1667.081
-2542.516
-1892.048
-2006.396
137.9713
-1368.64
-1454.666
-2475.739
-3608.545
-2457.263
-2456.365
-1886.115
-1242.909
-367.6256
-258.0103
-636.0843
-1523.766
-796.2453
-2281.142
542.1919
272.4363
-146.4784
-1458.748
-612.5005
-112.3577
29.37694
9367.961
5506.367
2978.209
337.0446
976.1031
-129.1431
414.5924
6419.878
8157.164
5276.162
-1889.723
-2085.791
-4035.199
-2876.261
-1334.386
-2049.918
-2382.074
-2523.854
1630.236
964.981
-1200.753
-2016.082
-1623.71
-380.3997
2489.18
1401.146
791.0298
-2895.36
1379.017
916.7055
-52733.4
-33600.65
-20691.84
-12964.13
-7544.952
-5658.012
-4360.937
-2895.674
-4136.216
-5734.722
-2856.449
-2760.056
-1207.076
-421.6674
-2101.727
-630.1521
-410.2249
-48.42161
871.5681
3179.949
1722.188
-6008.954
-5487.352
-7422.264
-229.372
456.884
-415.479
-800.6329
-1363.978
-692.8861
-618.7537
-661.5246
-205.7597
-285.2328
2481.432
1805.077
2006.448
611.9591
16125.9
10314.25
11068.16
-5588.172
-4166.247
-2426.445
-1562.66
193.1387
89.71791
-335.4298
-80.44333
653.4775
-598.6749
4828.743
2136.597
6039.935
5554.871
3138.715
3003.308
1977.436
777.3608
-130.6502
399.0243
1400.74
-619.2888
2792.81
1666.199
593.2173
1583.848
1570.378
-267.2679
1038.095
467.8932
-202112.1
-128277.3
-82903.34
-52957.35
-35758.42
-22185.35
-14286.29
-10053.16
-4861.161
-3581.182
-2365.479
-1003.502
-887.3652
-5311.973
-1926.537
-3286.793
-2010.004
-698.0836
4541.152
2568.716
2078.567
824.411
1903.176
-907.841
-348.7255
344.6021
32.80568
-312.9665
973.0006
993.8182
827.8947
973.6998
403.8297
89.57981
102.3245
-62.60523
-5939.464
-4231.399
-3601.356
-2933.689
-1477.561
-1372.919
-1162.374
19.82931
-220.354
-601.3502
8944.964
5917.509
4064.771
2408.608
1268.547
280814.3
177894.3
113616.8
72225.19
46429.55
30224.02
19602.85
12487.19
7469.911
3891.792
679.314
4637.045
2684.374
2266.527
543.1887
564.3319
-3900.19
5288.413
2030.407
1771.344
1073.007
1349.212
-510.4958
218.3735
2369.196
1493.748
-5273.116
-2789.72
-268.7342
-1034.203
-536.187
534.547
-432.902
-227.528
-1235.501
-1008.608
-1095.996
334.5268
433.5
3541.345
2895.351
2242.092
2289.279
-53.83525
1339.501
-340.657
2243.877
-405.7145
-264.6464
-142.4633
1123.938
2753.896
12687.54
7608.785
3494.543
3304.614
-66144.75
-42401.22
-28508.34
-18526.87
-10769.1
-6714.634
-4892.69
-4655.106
-2468.974
-636.1366
-2337.187
-1373.145
-140.2446
10364.14
7451.933
5953.15
4008.44
2722.323
2520.288
1811.192
-660.8761
1436.318
1030.889
2865.299
2792.222
2037.374
1456.796
1873.727
1840.718
1858.832
15.38103
329.4415
3647.24
2563.384
2060.657
1318.696
-73449.55
-47404.95
-29232.93
-18128.14
-9566.056
-9876.861
-5547.222
-3906.699
-2276.651
-875.7753
157.094
92.16559
-1054.706
-361.6191
-838.1269
420.3182
893.3362
1044.745
2943.718
1123.045
2240.664
2175.442
4742.947
-11577.48
-2318.857
-1109.58
-486.0718
400.9373
-423.2769
-3288.362
-2465.672
-624.0771
837.9553
2400.806
710.5406
760.7121
985.8757
1734.309
1429.105
2134.066
2335.473
-1476.768
-436.9775
194.7793
8067.443
5016.963
4022.616
-446.8406
-476.7798
-56.32242
-2562.201
1430.771
1523.048
539.0027
-114.9262
1534.021
748.2031
2643.731
1634.357
3936.635
3396.352
697.2737
1383.738
802.5874
501.7645
2304.606
16303.65
11232.86
6994.659
4441.258
2423.992
941.578
521.5424
440.2902
867.0223
-13191.34
-6451.936
-4039.462
-3848.812
-1486.315
-893.7435
527.1144
834.9595
2072.6
1204.216
1245.241
547.6079
769.1082
1214.354
2005.424
605.117
1314.914
-2177.245
-1225.732
-2207.582
-922.4036
1411.302
8845.681
5488.935
-280.2142
-188.4334
-233.8076
754.845
636.7523
1288.831
952.0968
920.7087
-5844.378
-4060.846
-5557.348
-2464.661
-497.842
23702.11
15463.16
9334.607
3758.941
4075.694
3057.121
899.47
-4899.752
-2951.408
-928.1654
710.4688
1792.903
1211.038
1147.712
824.0518
197.0299
12218.04
8671.706
7139.693
4799.649
2232.524
-3284.16
-11200.08
-7006.078
-10253.71
-4728.947
-3846.997
-2588.324
-834.7509
9755.811
7287.065
4831.515
1883.201
1529.265
483.065
-2349.169
-4592.926
-1638.301
-736.5219
-1157.07
-619.264
4233.488
3851.249
3104.47
4015.354
3257.668
3258.878
5016.986
-404913.3
-256159.1
-162854.4
-102564.1
-64832.78
-41035.13
-50459.24
-31059.42
-19558.25
-11441.57
-7821.055
-2993.241
-1118.14
-3829.501
-946.7639
3319.097
2319.869
3234.487
1899.082
1893.403
1439.407
853.1828
556.6336
3595.716
1409.893
1561.412
-141.7896
122.5569
332.8825
1514.39
1671.581
4345.795
1784.264
1390.377
1591.857
2770.772
2611.261
3030.288
11061.78
8209.324
7408.786
5308.616
5930.796
3986.255
3178.402
1651.704
6972.227
5177.304
2984.814
2388.129
1935.258
1624.272
1399.278
1412.388
1237.418
-988.2504
-5013.724
353708.7
228547
145657.9
94028.84
60338.33
38688.13
23828.93
15559.56
10719.05
7093.556
5233.567
4774.944
3949.218
2512.081
2306.193
1786.059
1964.238
1177.646
952.0567
3976.848
3419.782
1381.783
1601.512
2726.123
2956.607
1732.284
49589.16
32062.76
21082.41
13346.99
8661.881
6150.743
4688.244
4337.943
2814.772
2236.815
1369.084
1626.239
-2676.472
-1331.771
1320.227
-9780.161
-5858.955
-3554.356
-1070.281
-2783.913
297.9454
491.0602
533.8905
-99.93599
-19504.84
-11682.38
5217.59
4483.304
4208.798
2865.641
-2120.771
-343.7452
-314.9997
258.0375
676.6
664.5262
82.76152
-111.1217
16.3668
1174.005
-25016.63
-81174.21
-50337.02
-31354.38
-19752.18
-10990.04
-1916.54
-9322.813
-620.7549
-1210.373
-749.1837
230.6119
328.4708
268.8943
-296.4936
986.816
1266.512
1363.652
-338.9354
1027.384
-5604.094
-2382.17
-965.3891
-2807.453
49.62482
-1350.793
2140.428
-322.6513
1581.323
647.9251
-525.4612
2928.904
1850.95
743.1091
690.8344
3422.21
1955.418
1114.258
802.2563
2909.04
1983.615
-727.6561
-1739.721
-859.7009
-1168.135
205.5993
691.7712
1199.375
2467.426
9339.44
7252.868
2216.37
-968.1906
983.2761
798.6462
827.6536
1063.533
-37.11933
3306.266
1965.782
3572.421
8002.174
-152.8577
1024.285
1744.224
1292.819
-4933.339
-2780.385
-1502.958
-455.5391
209.7725
1359.896
1043.938
-3833.599
586.998
724.1513
1320.991
-4611.47
-10476.63
-7748.456
458.6007
2746.942
2131.249
2028.903
1234.61
860.3068
84919.02
45486.46
29115.57
17502.72
9585.438
6999.784
4733.665
4630.105
551.306
932.9982
567.6892
470.967
396.9816
1449.689
267185.7
169819.2
106361.3
67482.69
43683.19
27940.99
14716.26
9514.12
5167.517
3344.615
3408.242
3313.26
3102.081
223.8099
-6063.541
-4741.054
-2844.054
-2243.653
-1726.547
-289.0086
248.6892
737.1146
3292.962
2015.68
-295.9352
45.40861
-375.35
-39.13011
485.657
24.10881
-995.0973
3135.023
1804.186
6.12993
-71.80554
-401.6563
-466.9294
600.7347
-299.1714
-679.148
-488.4857
-819.6537
1769.53
9490.726
13930.03
9562.593
4274.971
2753.408
2124.045
1664.434
-321.547
-1190.032
-869.0063
-1020.741
-1370.777
-836.7646
-2876.438
1217.573
-754.457
1815.532
-3118.23
-2586.969
-7976.758
-5731.735
-3847.187
-2113.146
-3899.976
-3291.152
329.6108
470.3926
495.1534
684.6987
579.5848
86.24303
-2686.958
892.3708
188.771
-539.6773
-387.7983
1290.829
850.4459
1061.358
234.4308
-640.0679
-1371.152
-3247.455
-4501.916
-3844.654
-2492.905
-4422.628
-3427.876
-11531.47
-7521.753
-5119.018
-3519.631
-2090.509
-1538.309
-1875.775
-1872.418
-1687.64
-4095.25
-6580.005
-4618.351
3557.543
2306.123
1259.83
1071.332
627.5313
6.624218
526.687
2815.959
1065.451
1335.14
395027.9
250046.4
159317.9
101918
66671.88
42372.57
32611.05
20329.71
12892.52
8816.873
4998.134
4801.344
4096.314
2797.467
774.7386
-1278.096
-2316.327
-2960.59
-1801.595
-1230.023
-6052.11
-5048.671
-4196.795
-2914.346
-1833.524
3977.692
1811.289
927.06
799.4091
-261.4483
-278.8287
-2228.715
-2032.959
-1555.862
-992.9077
88.39796
1424.861
2382.069
1451.563
587.2947
1340.288
8780.319
4704.623
2057.746
1529.304
1076.182
634.0885
837.0079
1065.583
1513.913
1696.666
1327.481
-861.1637
-549.7759
-2158.858
-3561.213
-2911.949
-1316.11
-1204.995
-468.7031
-800.8618
-194.232
-482.5073
-593.4603
-2233.055
-2271.337
-1019.749
-698.3584
-796.2741
-898.6821
786.1548
1420.035
414.1002
1402.139
102.3389
-229.87
97.67639
-178.61
558.5218
1786.224
1018.532
651.3543
-516.9344
1861.181
1021.326
3256.078
-1006.104
3563.649
1843.942
1072.077
-143.2946
-1486.235
-2642.945
-15656.61
-10603.37
-5772.659
-5369.399
-3746.423
-2112.625
-1998.115
-1371.245
-854.2948
761.2243
123.1336
-309.6039
205.6365
-566.1588
3400.479
5535.663
3388.183
2417.154
4082.484
2777.995
959.4771
1224.188
1011.75
544.011
-14679.56
-9318.632
-11897.71
-7882.794
-6185.887
-6915.508
-7044.627
-4685.673
-4476.058
-3290.582
-1747.288
-1604.264
-434.7907
5191.294
2656.466
530.4574
300.6476
268.3813
-34.33075
14625.15
13514.99
9895.429
6311.151
2702.394
-1508.273
-1546.651
-2294.036
-2151.992
-2104.951
-4479.589
-6515.579
-5828.94
-2741.977
-2412.828
-336.8964
-598.3876
-1158.218
-2200.947
-3245.993
-2255.754
-1389.395
9928.676
5944.597
4590.142
3649.796
2630.761
1009.353
474.1991
275.7911
635.2984
513.0029
-1099.291
2494.194
910.8894
8612.785
8697.586
4053.772
2652.721
2110.85
570.4311
309.0361
342.861
771.8964
692.9379
-13731.95
-1428.671
-2598.46
-1507.819
-1704.7
-1764.749
-44.12198
1864.633
594.9103
990.3647
125.9735
420.939
1366.702
41.17574
92.04766
1305.032
2349.011
1623.712
1055.054
4528.985
3965.197
2425.068
2015.914
1526.316
1311.436
968.9848
-682.9706
-1071.641
-261.3435
-1384.882
81.85453
-96.60606
591.7027
-516.9334
1961.555
4936.915
3890.509
2233.631
-2428.71
-2106.121
-2132.945
-22842.13
-15271.77
-9568.097
-6336.938
-0.1024828
134594.8
87030.89
55814.11
35832.82
27149.47
20361.58
13699.01
8177.936
6442.642
3405.92
5278.883
-27886.99
-15582.31
-10283.49
-8466.656
-5403.333
-3123.564
-2600.565
-2876.064
-7068.906
-2084.587
-1510.01
-1623.798
910.0076
1211.317
-53.12946
1028.413
1553.543
3496.926
4577.274
3830.934
2087.189
1263.794
965.5711
1163.195
3146.545
2241.098
1934.712
1582.093
1035.678
1306.073
-733.0194
-927.3822
510.8396
928.5919
1615.072
1823.411
950.0047
37314.99
20029.34
12938.64
8452.851
4179.008
3181.791
1146.744
973.3615
1532.176
1181.083
-2311.62
-1126.607
-951.0875
-1523.777
-4860.776
-3279.699
-2326.908
-1508.367
-427.5035
-1950.521
-1401.677
-506.4303
-87.57347
-1561.237
-2766.085
-1765.467
-236.1381
114.9888
-900.1679
-175.6096
17870.84
12274.92
8319.183
4857.282
245012.6
156549.1
154209.3
95954.17
61241.31
38475.7
25653.06
15236.54
10399.1
8009.625
13642
8354.086
1454.893
1074.144
389.5857
370.8938
2249.242
3218.461
1746.111
4737.653
521.6955
-444.6791
14588.76
9118.492
6547.128
3849.666
1256.073
927.6143
-2677.006
-1801.593
-926.8143
3946.174
3075.494
2368.078
13286.89
4904.488
3305.039
275.4974
577.8685
926.3328
3753.045
3550.691
-793.454
-1031.765
-286.7269
444.0522
2840.443
1939.875
1775.102
2558.428
1859.711
2531.13
2645.609
2161.994
2719.249
2123.433
838.7619
2980.935
3326.423
1274.166
2168.701
-90.07704
-1404.562
-1217.747
-1463.334
-708.1097
-976.6047
147.5801
1644.347
2062.667
430.2362
374.9056
441.4465
-782.5984
58.3939
548.5902
577.6018
870.8782
611.1912
370.8213
409.4958
644.7388
-11.33814
-9087.683
-5214.134
-4992.516
-2289.115
-1714.673
-1656.855
-3053.336
-9.823744
-238.3551
531.2288
-4361.437
-3502.071
-2162.881
-1076.398
-696.3854
277.6257
304.6216
765.417
-3411.373
-1364.748
-1502.909
-821.1969
5129.343
5349.894
3770.898
87.85192
500.0189
39507.93
24771.11
16413.99
15139.17
8821.578
5939.939
4730.707
3194.315
2593.19
963.5658
-420.703
-3357.903
-3788.209
-1951.704
-936.8422
-1048.516
876.1333
390.84
435.97
329.3936
552.2983
-121.7501
1077.07
1156.818
1630.439
1610.476
511.4515
-729.5151
150.8812
737.9598
762.3895
741.5637
-992.3315
-511.1328
-894.6034
-67.10643
-66576.71
-43836.55
-37417.23
-23099.36
-11321.12
-5637.935
-3314.522
1722.204
7410.978
5534.42
4365.62
7397.803
3757.073
4313.417
87194.05
53257.74
41577.21
28172.54
18126.16
9303.385
12545.73
8238.377
1802.704
1540.888
989.9
790.9642
-22334.62
-13664.26
-4365.992
-4004.718
-3369.416
-2901.094
-4847.885
-2771.702
-1431.232
-1943.723
-458.0275
-115.3863
496.9804
-1051.498
-557.1088
-202.0755
124.2285
1093.339
719.9525
-23924.43
-14249.04
-4718.542
-2081.422
6820.975
6326.247
6595.987
5075.174
3915.222
3174.062
2234.722
33245.95
26619.91
17386.22
12283.83
7529.236
5143.373
3278.22
3025.687
1515.325
1664.534
944.8987
1579.64
1997.939
2224.208
378.7964
238.0798
848.4195
225.3528
-970.5491
968.2567
501.4759
435.02
2282.54
767.2887
1050.708
1093.948
275.6059
357.903
-29768.73
-18386.59
-1371.7
328.1831
613.8194
419.4375
1457.061
2328.205
-9478.954
-5422.473
-3055.472
-3424.323
-2606.18
-1054.197
-488.0624
1365.564
1572.089
243.4566
757.7785
953.7405
216.1559
1056.389
123.2451
-1066.033
-1652.552
-483.2476
-238.7907
1343.963
24206.94
13762.2
11949.86
10965.57
8462.102
6555.043
5548.818
-60195.32
-37292.34
-22609.55
-18131.77
-10584.26
-7257.061
-4019.679
-1103.114
-693.3904
350.853
1704.739
2411.23
3000.723
1871.237
11809.6
8777.284
5998.384
3240.851
2778.365
2288.734
1283.16
-50.25596
-47.83406
594.9098
393.3433
-2434.412
-749.8456
237.8106
1527.724
1752.906
1838.041
12663.29
8388.025
5388.235
3266.256
1302.201
1324.817
1470.626
-633.0955
125.7391
1181.723
11214.23
7943.268
-38433.69
-24327.96
-15388.78
-9196.923
-5938.385
-3002.53
-3863.122
-2865.784
-1071.574
5642.456
4683.561
88931.14
57635.02
36612.39
23541.87
17485.79
12935.12
6115.364
5755.151
2589.036
674.03
-538.1682
-624.5372
-1953.687
-1703.026
-90.75596
619.2674
-1374.384
-2534.907
-841.6627
-1232.367
-4196.029
-66258.14
-42647.47
-26471.92
-16577.28
-10477.66
-3772.431
-1030.782
-690.4419
-32788.26
-21720.75
-11138.12
-11782.96
-10933.58
-5288.859
-2616.294
-2645.781
-2559.453
-1362.613
-1281.183
-868.01
-309.3248
-6893.825
-3908.279
-1196.116
1181.46
175010.7
112112.9
60946.77
39728.25
26241.7
17308.74
10040.64
7034.593
4399.092
4373.325
2859.296
1764.472
3787.325
3038.537
2512.79
1620.001
1993.043
2529.876
2881.929
1719.359
1079.959
731.7544
496.7191
982.1764
2728.286
4911.363
3364.329
1287.121
552.2342
882.0671
4344.609
576.5838
2125.504
1565.625
1427.863
1954.584
2503.049
1064.492
-2012.907
-1676.025
-450.7734
-150.3831
82.57923
-14.88992
2820.34
1476.271
-1452.156
-1473.298
-576.511
-2.179892
997.6058
4051.268
174457.9
117732.4
72792.48
46938.85
29794.78
15971.52
9993.306
6635.337
4586.358
2980.452
2532.968
993.3677
856.9075
-1068.849
90.33216
-2814.34
-6949.651
-4442.294
4142.219
3280.716
2336.609
-3979.735
-2166.104
-1477.62
-1308.631
-1730.95
-273.4834
-88.81001
-399.5859
-460.1546
528.3423
1258.398
1295.988
1436.573
1981.263
2217.255
2196.333
2213.406
-392.4871
146.7744
1571.568
1650.478
-508.9897
-254.7156
-131.6084
-657.7302
-97.55442
4513.486
2854.132
2039.437
1660.583
735.5556
-13.77294
8784.759
6275.707
4026.691
9647.056
15921.45
10328.25
6314.139
3165.297
9394.911
5827.547
3941.774
1659.582
12939.54
5853.123
2721.007
1931.271
1238.067
1717.689
2097.724
1661.987
-418.0231
29028.79
18147.47
11318.3
6321.56
2810.337
3606.839
3055.511
1730.013
796.7748
821.0034
729.6444
1883.428
369.8047
743.5824
538.8714
-8359.8
-3865.062
-2387.3
-1672.719
-1423.588
-142.0202
-1419.046
55.57106
608.6726
322.432
-12.04345
-7575.194
-4865.895
-2516.008
-1234.567
-1408.161
-295.0777
-895.0361
-527.185
19.38636
54.33011
-700.8692
505.9027
-365.3053
1459.745
-923.8929
230.3098
2142.059
2483.247
2389.289
4199.818
2862.058
-11000.56
-7318.89
-3234.744
-2777.203
-1437.703
10.14735
-596.3057
81.04645
1620.187
4523.394
7467.494
408.9316
1225.683
1055.511
-3233.592
-182.7955
1298.795
949.9868
973.9658
-5376.182
-1672.124
-641.1833
770.0121
15.53305
5143.702
6006.038
4347.119
1941.394
1817.721
-68.30398
690.7684
-2559.211
-1359.69
-2102.294
-712.5854
-272.329
-411.4358
-15.74474
73.69534
982.7297
266.0046
-1320.747
-705.8732
1241.284
430.9521
86051.54
55310.65
34090
21995.14
-253640.5
-161565.2
-102670.3
-65477.15
-44525.98
-29679.22
-19008.7
-13799.57
-8481.503
101398.7
62241.49
39516.51
21448.13
14717.19
5468.94
2688.588
1682.117
447.2053
295.8972
324.9878
1325.28
662.9053
-699.4148
-460.588
-1127.192
-770.1342
-1291.302
2326.066
1935.692
2110.436
3189.317
-262.5468
450.6741
10612.96
9547.644
5819.295
3388.858
2099.083
1257.479
2115.847
1264.673
-3961.844
-3740.44
-1874.591
-2582.701
-117.8499
2538.239
1318.761
551.7334
1162.127
-1258.475
-1129.886
3599.562
2496.478
-3024.061
-5838.807
-4207.626
-348.1152
150.2033
754.3789
745.7844
1190.672
191.8325
3040.084
1526.142
667.3477
160.4529
-1358.692
-1014.74
-212.3259
-3212.966
-4152.576
-2827.915
-1945.941
-1440.218
54443.28
32010.32
16526.24
10353.87
6964.168
4476.754
2921.884
3903.563
1200.87
-397.4342
1902.787
1707.233
356.5712
1436.444
-1.321701
-567.363
312.5591
289.1155
377.8941
-813.5333
-4127.991
-1932.438
573.4917
2116.362
1612.551
1916.472
2258.086
1364.753
160.8867
-26.38716
810.4706
-1172.109
-550.7342
4256.66
3196.789
-3839.498
-1877.138
4371.661
3315.426
2387.779
-14190.5
-9177.096
-5355.031
-4300.851
-1400.824
-1366.942
-636.0092
266.5856
665.9832
2623.835
1024.762
1152.12
365.5787
532.1432
-553.5283
-3926.492
-1782.604
215.9777
284.7469
1277.055
2889.234
1459.142
12422.94
7845.526
4754.93
3412.649
1830.121
1280.175
-1032.672
-712.4341
-2715.592
-951.3259
-405.0392
386.4908
1076.671
314.9748
663.4906
788.1207
-1144.612
-980.7572
-865.5971
-3589.033
-3218.946
-1445.146
-2583.714
-2036.917
4219.99
3799.65
2113.269
1274.043
1169.245
2492.521
1942.25
1100.473
1326.368
-323.5182
4343.824
2693.601
1988.924
884.0478
183.1713
-443.978
-697.6714
994.5627
3803.14
386850.2
246067.1
158003.5
101433.8
64717.01
67598.15
42976.39
28280.13
18614.81
12624.43
1253.588
1313.088
-30.4605
728.5416
4019.21
1739.214
177.9017
-917.1473
656.4028
-185.5872
-64.72355
2273.433
706.1883
519.8147
14742.97
83.42892
-1260.562
1277.771
-7227.137
-4876.912
-2636.586
-274.2849
664.453
787.2554
481.9121
823.635
7501.424
4555.392
1926.17
957.6841
701.3848
2269.947
-6899.334
-5250.888
-4385.058
-2390.992
-1512.69
1085.236
1141.429
503.889
1881.069
5953.01
5792.793
3525.444
6537.771
4097.683
-3036.583
-1734.598
-1219.775
-276.7591
-701.9866
-1196.509
-1067.945
2932.367
1903.243
-1054.383
6168.323
3250.584
2064.844
629.2372
404.0232
1184.485
266.2517
-153.7433
-1201.266
-982.7475
-132.6978
-328.1047
-156.8734
978.3726
366.5279
884.5445
3660.53
2492.45
848.1731
595.1003
922.6929
1178.645
856.7205
-558.826
-277.41
21188.52
14843.89
9369.393
3855.497
1798.518
1208.44
1134.402
1163.032
744.2535
2055.65
9957.635
19141.19
13575.15
8530.211
5499.744
2283.811
1229.078
355.0335
-1256.445
375.2366
890.4095
-2930.543
-1695.414
-695.2151
489.1248
2157.939
638.728
659.5112
7655.291
5768.537
3571.74
2112.408
1547.057
-3471.902
-3349.916
-1315.753
-1283.975
-560.7493
-412.6286
-679.1705
6206.92
3786.835
2429.977
2184.296
-38188.42
-24069.62
-15908.96
-10604.81
-7434.622
-11165.37
-152292.7
-97058.41
-63372.3
-39964.79
-24805.5
-14979.75
-8248.105
-4695.081
-2515.368
-989.7696
-943.8018
-1364.015
-576.3463
-273.2185
-439.5292
337.1579
518.9702
2090.734
1375.02
1136.697
1761.235
2261.443
1210.908
746.2164
-738.5053
-309.2433
-1914.252
-109233.6
-68756.98
-42943.81
-26379.48
-16337.02
-3843.697
-2487.029
-1660.073
258.2497
3195.393
985.3035
-96.33167
736.9846
1050.637
561.4069
388.6196
224.9417
686.8729
-2547.342
-1488.803
264.345
286.6047
-3131.136
430.9219
2224.681
1487.739
1868.902
8366.774
5054.941
6145.425
4346.742
2836.312
3805.626
2418.46
2180.285
19195.83
10251.77
5568.081
-1469.792
-1581.783
-524.9708
-322.1546
3584.979
3648.962
3073.859
1060.299
6551.584
4697.982
2653.268
1592.351
1206.905
1786.297
971.6496
1483.255
1040.049
782.5336
881.8037
-371.8631
-323.9372
767.5329
21.44915
420.5545
780.3973
3403.091
2623.935
1343.413
1219.43
615.2167
135.8865
5956.2
4500.141
13970.53
9097.35
5994.022
4444.228
3952.571
1807.787
1864.49
1511.65
1758.782
-899.1623
216.319
799.4166
1385.316
3796.526
-557.4922
325.0518
477.4399
689.5372
-49.72456
-740.2049
-118.9016
-931.1632
-1582.424
2791.829
2499.406
-79193.61
-48802.47
-30197.26
-18347.24
-11577.37
-6405.805
-1777.446
4669.372
2671.348
1866.198
1103.669
-1874.207
1228.685
1258.219
1729.217
2178.176
53503.88
34511.34
22396.43
13999.1
3935.925
4148.357
3259.45
2132.632
1936.787
1578.719
-3566.727
-1564.065
-189603.7
-120105.5
-75503.84
-47208.36
-29288.45
-19392.98
-14888.16
-8895.329
-5323.684
-5561.213
-4359.704
-2395.621
-539.7746
244.0694
7586.581
6612.579
4032.791
33817.64
21886.06
14158.24
10102.93
6026.514
3481.499
2820.315
3440.366
5495.786
6751.609
5268.216
-2062.944
-1433.403
2052.796
9895.118
6352.531
4671.046
2463.104
1585.707
1209.474
1880.148
1474.025
4220.569
3631.041
2111.573
1249.686
1074.674
1225.175
1035.78
19217.83
12250.11
13965.26
9007.812
9418.008
8058.159
5354.189
7104.478
6305.285
5205.101
3735.774
3401.382
2922.787
2974.98
10827.89
7738.853
5091.364
4183.256
3592.235
3425.546
2872.373
2805.714
1110.21
589.8625
4891.493
3131.464
2098.143
1728.915
1289.171
1830.064
1600.246
4891.292
3411.612
3331.665
2336.145
1887.104
1254.983
1079.167
2395.256
3135.759
1717.64
2042.142
2703.14
2357.776
2830.752
2116.639
1634.768
2105.826
1875.587
-4775.14
244669.3
169099.2
111355.6
71664.72
46133.32
-225797
-143740.5
-90513.7
-56175.45
-38637.29
-24455.05
-14639.68
-8757.301
-4680.478
-2288.491
-5293.424
-2788.654
36440.66
18696.93
11981.63
8759.595
7612.881
6465.779
46135.18
28938.33
18948.15
12527.89
8173.646
7030.663
5060.317
20872.65
14100.42
9290.872
6515.077
4744.13
10367.87
6328.17
3641.657
5589.809
4711.562
3228.675
2588.499
1382.904
1080.606
2489.418
1754.208
5763.465
-1289.689
-1867.898
-80.17342
-1013.434
-2329.502
-2028.106
-2497.008
-1380.805
-737.9774
-124.2516
-11210.84
-7696.696
-4425.871
-2676.383
-134.1997
-160.0897
-4725.804
-847.5258
1919.203
-82.61901
401.9114
1060.033
-4392.838
-1119.936
-12857.89
-10132.12
-5029.099
-3551.039
-6797.154
-6774.463
-4738.078
-2762.086
-1180.734
1417.219
1739.04
9524.005
6666.311
4441.653
5478.31
2043.908
3212.705
2174.789
-500.7319
-334.9896
560.9933
130.2581
-92.64349
-296.09
-3624.185
-1845.88
-557.9314
15.94741
-787.3461
315.2761
614.6755
-57030.77
-35684.61
-22477.8
-14453.45
-5070.516
-3355.868
945.4017
1978.765
1172.746
2924.832
1097.543
-1539.039
-763.6108
418.205
-5378.898
-3157.868
-2784.572
1268.634
7024.59
3948.33
3202.431
2867.294
5360.718
3779.799
4639.223
3734.279
2723.689
480.279
293.0922
1491.455
10152.92
8211.207
6182.721
3535.757
3342.626
1239.686
1052.553
1264.768
1408.917
1104.345
189.7393
705.9481
