-227.566
7723.308
6017.077
4640.915
2733.908
3059.522
2597.881
3110.596
2514.699
1258.955
1007.745
955.1583
117.5419
90.57026
237.6639
377.9958
365.2001
769.9553
864.0409
599.8294
383.0966
242.3893
587.1465
505.5771
151.1714
304.9199
409.5891
289.9808
386.1854
312.4299
288.6207
317.0663
-175.2121
-1993.842
-1294.845
-787.3614
-383.2987
-1.840416
-163.4013
1.807952
155.7302
-433.4263
-455.0207
-284.2722
-109.9615
2.781534
-174.7599
7713.038
5988.902
4791.556
3268.906
3320.16
2572.408
2850.062
1967.999
1589.72
-25858.24
-19658.81
-14927.43
-11386.6
-11540.92
-8744.398
-7082.484
-5460.669
-4810.203
-3202.11
-2033.719
-1295.565
-887.008
-321.0902
-12.59992
145.0889
190.757
456.0271
1554.462
-2861.381
-1701.419
-1088.546
-654.4125
-887.4076
-539.5305
-683.6987
-280.1543
-27.17172
-61.63003
-173.3285
1196.707
978.3913
635.2179
435.1081
537.287
251.8389
1169.936
1314.349
1149.043
1217.207
996.4783
2234.265
1977.516
1373.75
1363.393
1358.544
1313.666
1845.557
1542.911
1535.258
1259.606
1044.931
129.9667
189.2734
301.9557
81.4824
99.45798
1039.168
1361.195
-1225.154
-887.7707
-1265.77
-4643.546
-3414.709
-2645.558
-1427.692
-1001.467
-550.5771
-386.3326
-443.871
-804.9229
-630.0857
14940.98
15290.58
11582.3
9286.97
7245.81
5866.17
3741.996
2794.257
1989.193
1426.647
905.9647
761.4419
652.9347
1074.912
689.5623
352.6485
206.5874
238.5292
403.1748
17.97254
149.1713
1076.292
841.196
1050.353
1273.934
1270.846
822.5816
821.369
602.8226
631.7443
5901.069
4622.61
3604.296
2901.461
1210.433
-1611.943
-899.9635
-1050.338
-602.722
-372.984
-359.3976
24.30059
383.7381
234.8682
354.6841
317.5751
901.7219
354.6991
1650.361
1314.496
1074.84
708.8513
639.7754
731.6747
635.268
1058.452
1074.265
1044.905
1011.666
880.2682
284.3912
38.23712
-234.1015
288.5892
-2141.977
-1211.681
8745.841
7231.166
5651.791
4548.279
4401.909
3515.296
2498.098
1716.35
1665.93
1388.403
1285.104
1075.329
509.9863
-3617.645
-429.8584
-2442.428
-1616.931
-928.1431
8062.403
6751.338
5185.413
3970.208
-13507.21
-14385.44
-10715.06
-7772.434
-5136.258
-3314.407
-2167.367
-1677.124
-3796.163
-2784.795
-1700.465
-1019.213
-494.4653
-64.05157
-1108.1
-345.5863
-128.0424
-553.7538
-658.7885
198.4629
3440.979
2860.756
2282.489
1665.902
1449.093
1317.975
-17683.76
-13279.74
-10256.26
-7591.638
-5633.183
-4014.409
-2834.074
-2079.232
-1476.707
-1147.122
-873.3882
-1120.325
-1218.17
-977.1706
-729.3394
1478.766
1749.13
655.6131
652.5788
-857.1414
-220.8734
69.95531
-6031.439
-4658.944
-3596.155
-2951.239
-257.8583
-115.4517
279.4966
737.2867
2293.944
1886.397
688.4
2501.088
2037.179
1528.392
1073.012
1124.783
1200.236
1087.244
923.6584
610.5144
978.6541
3767.067
3150.989
2351.106
2092.835
1920.169
2943.253
2297.529
2085.748
2432.972
1936.937
1598.735
973.7617
866.6155
519.036
827.932
617.7323
593.3696
484.6552
19657.77
14702.88
11251.57
8771.923
6778.381
4810.762
3762.516
2905.424
1981.011
1482.096
-806.4188
-632.871
-631.1192
278.2366
387.7071
-79.77756
562.0311
342.5237
549.8982
913.717
1274.643
764.1934
1109.095
6253.295
4910.52
3461.274
2717.385
2275.997
1198.27
1193.131
1179.717
1808.341
1414.119
1235.361
692.019
644.612
613.5842
227.7966
328.7619
191.2756
311.8268
348.8402
500.9283
1124.215
902.5505
857.9726
510.3983
-19028.6
-14485.52
-11297.84
-8756.318
-6138.976
-4887.178
-3684.975
-3219.842
-2479.381
-1289.288
-4190.2
-3181.485
-2682.92
-2143.128
-1509.667
-1082.948
-588.9618
-1804.72
-1415.212
-1051.459
-1155.711
-892.3519
-315.7142
-286.0112
-655.5865
-629.903
-1098.323
-182.0913
143.1238
288.2354
441.9041
156.1803
362.3266
-3092.769
-231.0983
513.8532
316.2847
171.241
401.5976
370.4591
-139.8793
-50.37535
-729.2381
-577.1333
-322.5597
-296.9138
-178.5181
130.6047
364.2664
1869.004
2522.466
2246.968
1602.446
560.9869
470.5716
1047.571
743.0462
605.7265
1017.044
981.2852
-14.54648
163.2682
273.2685
285.3098
-755.9994
365.852
607.3058
-115.9087
-150.1223
67.37103
116.2197
84.00304
121.7622
-3400.921
-2350.274
-1794.987
-1359.606
-791.271
-550.481
-832.5858
-636.2188
-1254.729
-792.5287
-772.962
-496.1874
735.7458
596.1105
852.2577
499.6979
402.0039
567.4946
219.9089
58.60446
3107.117
2571.153
1333.022
1633.97
1213.257
1507.765
1501.761
1093.719
8397.461
6324.705
4711.778
3480.159
3160.674
2234.863
3766.774
2075.786
1295.732
1469.794
1536.406
1266.625
762.0555
598.1206
-144.7206
-29.94265
-155.442
109.499
-957.9879
-966.096
-456.8482
-914.6512
-1497.773
-140.0126
95.93409
129.3864
-136.7974
-337.2657
-48.54869
20.40484
386.6719
-140.1711
56.51977
245.298
32.57606
104.7147
594.5311
351.8497
615.4261
1217.489
469.4711
253.1389
121.9475
121.2915
-792.2765
-526.4458
-595.4016
-470.0388
-466.2569
-925.1522
-566.0763
-193.8735
0.4033114
-416.5839
-169.0365
24.73846
207.3361
-81.8719
-426.8095
-365.1847
-6.227454
158.7497
664.301
458.6269
284.1341
268.1137
248.3174
630.306
562.3368
360.4416
301.0189
87.97464
229.9478
157.5067
264.4455
111.9223
378.8268
285.3852
-66.84944
26.00456
-921.2369
163.0741
74.04364
289.3952
306.8228
-1559.062
-1095.781
-1438.805
-764.2254
-4560.79
-3644.384
-2400.559
-1543.972
-1217.929
78.6447
-31.34968
3441.355
2611.833
2388.277
2182.601
1714.244
1366.371
632.2955
562.4941
24097.53
18482.23
14258.52
9535.09
7160.236
5508.139
4208.964
3307.802
2484.891
2054.542
-319.6738
-247.0002
-86.31106
-80.83945
-172.9086
561.5797
549.0529
486.5802
210.2503
170.0028
287.9168
92.10131
363.3806
1167.765
3625.522
3012.414
2633.57
2089.775
2766.651
346.1069
-2271.944
-2527.353
-2846.046
-2116.229
-1417.732
-993.0756
-573.4782
-439.9073
-597.6823
-221.1057
309.0355
285.2751
355.646
111.5575
213.4764
412.7486
365.9596
204.257
1643.322
1213.816
589.4089
254.6704
318.4029
390.1741
438.7076
514.8365
186.5345
550.4465
369.5734
677.7941
385.9629
421.9123
-263.0112
-54.17338
248.6315
159.914
251.3799
-626.7417
-193.9294
-777.0602
-427.087
-297.709
-44.64009
-9.265932
-161.9671
42.0422
596.3544
642.1309
552.5569
581.2186
316.9539
3939.103
3078.103
2715.613
2164.461
1726.171
1734.872
2170.642
1391.051
1273.28
1436.352
1101.176
888.9442
811.038
928.9541
905.859
1194.081
1051.355
4070.727
3237.165
2400.407
518.6616
430.3838
510.7644
666.8475
649.4177
820.5557
3572.321
2872.691
2155.39
554.4106
926.2055
906.397
1026.116
991.7811
951.5027
7056.802
5789.922
4508.275
1856.067
1898.327
1521.733
1487.055
1529.737
2001.814
29542.5
22593.09
17364.13
13550.08
10234.91
7891.272
6377.645
4951.255
3950.527
3041.959
2782.236
2374.893
2815.832
2513.852
2117.288
1969.652
1896.352
2459.785
1498.662
1299.556
1246.657
1386.512
1132.528
893.8559
452.7636
535.9694
996.1071
1223.591
1224.472
1076.67
709.7092
881.0334
-1469.101
-1050.526
-881.5269
2.564486
588.1704
650.2767
611.953
690.9164
1063.334
860.7869
959.0202
1305.13
1339.828
1418.47
1131.301
939.8748
-3166.672
-2149.33
-1502.921
-911.5346
-308.4521
-397.2529
46.03375
411.2157
327.4866
481.8168
763.93
1544.591
1130.794
769.2095
886.9899
865.9052
874.6259
415.9728
757.4576
675.089
749.7033
1336.494
1207.821
2721.754
2285.895
2605.363
1652.918
1569.387
1613.183
1454.403
1121.348
1602.802
1300.931
1916.064
1692.677
1388.338
1138.658
3892.349
3573.959
2992.737
2343.341
2089.604
1839.5
1540.535
1564.465
1974.529
1505.085
-285.9006
421.2826
536.9864
1767.711
1814.847
2913.388
2604.197
2243.55
1992.046
808.0833
906.3396
861.6367
875.6168
1146.071
1049.843
-484.1216
-280.6383
-87.54782
842.5861
1036.516
912.6482
1708.106
1716.903
1742.262
1606.156
1946.5
1822.387
2448.149
2254.341
2035.033
2320.165
2176.562
-589.2978
-225.5399
-369.0195
-1.988309
453.5754
372.5373
674.3275
641.7279
916.2587
1051.368
1785.616
1820.51
2777.202
-7836.72
-5728.535
-4034.762
-2855.729
-1678.419
-685.9483
-1988.091
-1593.142
-758.7655
-316.4393
-1820.612
-1185.549
-714.2755
-211.3606
120.8344
998.9901
-184.4941
-553.5956
-192.386
-1.812412
-3179.221
-1967.363
-1252.381
-487.3701
178.7356
491.1944
469.1794
331.7251
488.1113
538.3318
790.99
914.9734
755.5402
549.2926
643.3279
491.3424
3658.126
3720.696
2852.962
2481.743
1922.778
1936.325
-425.5774
99.52798
328.0933
516.3832
673.7578
913.1596
1513.187
1592.704
1476.255
1616.513
1542.879
-6440.354
-4466.818
-2727.559
-1881.962
-1183.063
-856.7441
-381.0406
118.7247
263.3237
933.0228
901.8811
973.0163
752.9746
880.6881
2388.443
2094.038
1687.616
1228.543
1365.717
1471.448
1777.831
1732.12
1416.634
805.2368
976.5488
970.5848
910.0364
1287.391
680.3227
1442.234
1172.625
1360.16
1130.967
1064.12
1096.544
2038.389
2030.145
2348.81
1830.302
1560.293
1335.952
1070.725
843.8593
1032.479
-2727.112
-1306.13
-1410.005
-800.648
-30450.16
-22887.84
-16801.56
-12463.01
-9046.031
-19480.86
-14456.44
-10545.52
-7401.308
-3911.507
-2763.567
-1239.583
-700.9436
-5.021401
-11.14393
339.0591
570.5694
994.425
168.9457
254.4649
399.2623
548.4198
704.8697
1459.396
1383.216
1034.749
950.3926
996.8728
1176.162
1003.408
1025.662
938.0098
969.041
1282.716
-1081.545
-805.119
-764.6104
272.8456
757.5297
774.519
1410.304
1545.406
1382.645
1344.054
1362.753
989.8212
389.9909
656.6469
232.8985
552.9385
581.4234
1203.047
1188.55
1034.629
396.9127
191.7072
345.472
1061.737
3584.942
3635.603
2855.686
1864.665
2186.894
2059.122
2177.464
1242.902
1169.681
609.2787
372.1331
281.545
379.4436
622.0977
595.8319
724.8036
945.8868
998.5533
1141.555
612.849
27087.22
21069.26
16284.4
12646.11
9851.535
7710.628
6089.079
5171.59
6015.261
4100.384
3430.934
3031.194
3141.045
2569.734
-5521.221
-3831.381
49680.45
38145.24
29229.49
22344.16
18631.53
14621.07
11280.77
8913.672
6587.494
5231.821
4293.19
3399.126
2948.664
2938.892
3091.875
2059.464
1522.2
3031.953
1922.215
1314.012
1133.411
1279.541
1161.578
693.3473
253.0082
404.6002
728.7227
668.8869
783.5307
2236.811
1984.647
1636.374
1914.511
2109.57
1975.15
1857.045
1866.477
1612.321
1321.203
2004.167
1438.186
1293.979
1241.495
1577.547
1466.175
1295.631
297.0543
559.9277
777.4271
668.1085
811.4386
1750.004
3015.665
2499.037
1923.545
1715.624
1788.175
4794.014
3709.213
3559.149
2871.674
2385.522
2104.617
1606.142
1469.122
1393.594
1288.788
1082.024
11556.88
9433.704
7399.879
5630.889
5081.138
4104.444
3325.777
2977.944
2519.074
2254.482
2749.28
2190.341
2122.251
2329.381
1966.589
1712.515
-67.375
3665.17
3011.36
2516.001
1562.964
1650.556
1164.447
1154.357
1117.879
1048.843
507.3562
496.6799
692.1933
1124.532
822.8814
11035.76
8320.376
6421.66
5295.021
5402.578
4391.86
3561.342
3137.015
2717.156
2448.316
1860.247
2173.473
1802.59
1473.77
2008.941
2083.698
1771.815
1622.533
1440.543
835.729
855.1747
778.6581
862.8506
1017.052
794.1675
3056.726
2122.842
1528.001
1381.703
1331.623
1382.838
-10.62126
162.4387
-1.786724
341.8477
-11069.96
-8439.898
-5690.64
-1563.346
-792.6878
-561.0837
-185.1647
316.8324
306.9602
7843.695
6203.148
4818.035
3882.869
3452.113
3043.175
2984.694
2469.623
-10381.38
-7203.6
-5234.922
-3730.767
-2913.358
-2033.09
-1293.794
-955.8911
-369.6015
-558.5197
370.2979
-197.4093
391.0367
679.1415
880.5516
887.9793
902.1792
935.1014
776.52
1070.524
672.5636
1992.567
1845.226
1782.835
1183.754
1299.131
969.938
913.2078
506.4227
668.59
1469.291
1508.34
-301.5297
173.306
411.1032
337.7731
120.6907
376.5928
313.045
463.3738
896.8175
758.9655
-15.67079
402.7185
619.9707
709.5702
865.7824
1473.782
1253.266
1475.461
2032.57
1858.845
1533.201
6653.297
5006.055
4292.887
2636.978
2180.727
-317.0396
151.3592
1034.101
1076.327
463.4939
349.5845
620.0892
790.7524
330.3803
1312.467
1756.144
1476.001
1510.718
1383.142
-1128.552
-1837.544
-1307.692
-610.5168
-36.65881
202.3031
474.7455
496.9808
2556.716
2192.639
3648.065
3093.25
2659.886
2542.465
2024.16
1799.364
1511.622
2764.344
2635.183
1987.885
1782.319
1516.604
1421.615
1600.849
1553.248
1512.098
1801.834
1659.385
1505.18
1392.858
1189.228
1378.406
1233.33
1403.71
1393.296
1561.219
1142.236
1826.879
-7650.935
-5436.736
-3872.32
-1386.662
-844.326
-144.6274
18.71183
314.1557
502.4777
696.0764
1168.161
1129.19
1209.924
1292.147
1698.001
1997.193
1991.289
1800.019
1659.925
1502.284
1101.732
1065.107
828.8426
968.6961
1710.693
1502.743
1521.434
1521.504
3309.367
3607.121
2792.013
2618.348
2275.621
2045.668
1921.664
1993.028
1600.222
-1397.531
-679.0849
-596.9165
25.09845
241.7416
423.2297
383.5865
653.1307
113.3171
104.1842
585.9842
818.8045
949.5212
1175.21
1099.382
1036.401
1020.119
997.3576
2342.177
2068.292
2007.618
1643.309
1743.305
1740.706
876.7211
1249.526
1466.057
1555.137
1690.108
1618.731
4025.525
3424.061
2665.665
2366.205
1973.625
1872.304
1795.686
1780.381
1426.964
1330.021
1093.53
1416.23
1346.702
1199.029
1440.879
2128.145
2276.713
2244.071
1925.973
1936.127
971.5128
5131.749
4303.638
3446.716
2881.31
2281.205
2253.586
2131.913
2193.304
1778.736
1929.866
2555.596
2144.337
1912.481
1094.652
1337.705
1248.624
1324.18
1511.108
1563.871
1536.784
1490.464
1333.223
1752.212
1342.109
1313.519
1231.051
2714.582
2566.967
2407.983
2262.361
2098.051
1958.374
2170.136
2211.885
2183.894
1560.322
1608.279
1613.983
1722.547
1387.176
1109.19
1389.778
944.987
983.5831
1153.021
1510.621
1502.569
1635.591
1921.364
1845.138
1744.094
1702.588
1780.51
14009.03
11389.83
2553.231
2385.389
2537.014
2393.856
2094.076
3955.33
2827.249
2673.145
2671.029
3532.752
2213.07
2078.556
1679.654
1179.943
1175.257
1130.386
1428.898
1354.019
990.2945
1345.7
1208.679
1081.94
1193.248
1264.321
1078.574
736.9706
1100.425
1311.093
1455.624
1496.928
1258.493
7960.365
6994.196
4709.731
4303.976
3703.272
3277.202
2866.938
2689.116
2408.808
2551.396
2243.016
2043.135
2015.385
2292.17
6036.611
5164.084
4590.957
4077.364
2812.268
2712.925
2443.038
2227.965
2125.799
2305.608
1756.347
1218.051
1198.453
2224.547
2345.723
2942.415
2686.449
2786.956
2616.241
2387.246
2177.559
7973.926
6498.306
5627.851
4843.487
5114.549
4343.879
3849.37
3497.369
3267.802
2878.538
2838.184
2580.38
1994.163
4924.075
4271.83
3855.968
4038.165
4996.736
4611.054
3910.696
2121.766
2063.303
1985.15
2220.007
2202.583
1525.058
1563.667
1986.519
1853.979
1896.379
2344.134
1833.112
1851.218
2304.649
1743.702
1530.81
1670.337
1275.16
1809.89
1893.854
2777.752
4042.187
3735.087
3341.275
4900.023
3860.24
2457.282
2717.709
2930.569
3438.997
2134.308
1902.172
1490.995
1511.045
1707.401
836.1085
1062.489
1223.231
1584.701
1521.354
1989.538
2090.295
1971.886
1928.475
2459.028
1815.348
2015.855
1692.134
1586.36
1469.912
1639.457
1759.112
2285.143
2078.562
1950.136
1851.156
1616.305
5490.233
4876.704
3881.582
3531.177
3581.118
3066.005
2305.949
2373.551
2368.367
2237.321
2126.201
2802.465
2236.536
2011.645
2340.728
2339.998
2323.612
2684.779
2830.189
2582.019
2294.454
2586.153
1807.934
1605.237
1747.856
1208.553
1390.369
1448.037
1919.977
2025.937
2173.015
2240.728
2477.79
2329.683
2250.626
2290.528
-5099.781
-5283.714
-3570.339
-2020.004
-669.1022
-108.1528
491.818
985.6131
1483.685
1668.704
1919.601
2047.966
2055.196
1803.088
1600.382
1343.331
1952.386
1747.509
1943.365
2579.945
2200.156
1777.49
1703.043
2084.155
2180.666
2390.575
2307.88
1877.701
2002.256
1852.17
1854.06
2228.009
2574.067
2670.562
3940.25
3823.158
6197.094
5123.228
4286.856
4032.874
3489.631
2687.708
2193.319
2839.614
2419.69
2281.379
3222.953
2993.388
2761.39
2387.894
3637.657
2759.333
51.36168
461.7312
886.9757
1159.355
2526.219
2608.094
2572.4
2592.996
2253.474
2275.372
2567.979
3159.13
2107.575
1817.414
1559.856
-13868.16
-10150.19
-7376.669
-5182.61
-3226.706
-2283.449
-923.7027
-529.0551
60.59995
511.1148
968.3423
1512.561
1645.894
1558.748
1131.39
-648.1995
80.52216
61.94275
529.4793
953.9244
1378.896
603.639
848.4871
1316.704
1372.301
921.1063
990.8446
-319.5987
212.9848
583.1322
927.6665
1039.176
1083.621
751.9461
1116.915
1028.225
1522.782
1347.707
-4009.816
-3061.222
-1907.58
-975.7051
-587.8125
-1183.427
2598.18
3777.413
3337.901
2578.785
2304.701
2189.349
1864.75
1650.649
1525.313
1600.351
1804.927
1898.632
1510.874
1438.695
1608.573
2053.38
1737.553
805.6381
1122.621
1250.425
-1039.947
-1013.176
-482.562
-89.60808
1222.491
1358.579
1580.338
2059.054
2892.382
3510.397
3039.409
67.09946
-6933.597
-4795.787
-1276.643
-1530.101
-572.3844
112.7738
80399.32
61620.99
47364.44
36443.41
27993.79
21650.85
17002.05
14561.32
11087.4
9120.591
7262.398
25052.93
19399.28
15321.75
12037.41
9855.327
8073.613
5713.42
5747.669
4544.725
3679.3
3284.274
2886.47
2750.623
3607.235
4372.347
3973.054
3746.354
3620.103
3769.878
3343.399
3282.248
3050.844
2586.431
-972.814
-233.9472
286.1595
592.5087
1075.777
1291.015
892.1739
1138.116
1184.269
1435.817
-1502.096
-899.8628
-388.8282
639.1542
936.6694
1080.056
1194.639
250.4308
732.8044
1029.074
929.1523
1031.41
1172.284
1239.207
1321.563
12322.51
11207.99
8936.953
6982.314
5338.914
3496.578
2809.068
3216.068
3089.383
4777.245
4147.905
3646.234
5763.108
3778.729
3147.726
2868.311
2545.06
2315.053
12753.26
10091.92
8011.884
6210.143
4786.747
4053.004
3586.307
3265.913
2736.344
4586.955
2298.642
1809.533
1584.241
1748.402
1607.484
1326.547
197.8537
558.8483
818.5709
1133.203
1299.529
1560.877
1249.562
1257.365
1367.722
1456.153
1415.837
1696.667
1639.774
1981.512
2724.688
2426.341
2313.182
2072.878
1994.799
1596.495
1620.253
1724.918
1957.582
2007.457
1742.367
1816.087
-4254748
-3224386
-2450540
-1862675
-1415291
-1067507
-810954.3
-615862.2
-467936.6
-355218.7
-269524.8
-204726.8
-155081.9
-117601.3
-88928.11
-67520.98
-49119.99
-36926.52
-28019.55
-20619.95
-15436.38
-2252501
-1712311
-1301222
-988664.1
-752733.2
-571767
-434261.7
-329856.1
-255200.4
-193710.4
-147023.4
-111545.8
-84328.48
-63483.7
-47892.66
-35869.09
-26881.59
-19873.19
-14625.56
-10351.82
-7927.668
-7457.443
-5183.693
-3613.137
-2272.957
-1533.721
-1127.751
279.5109
24863.17
19449.28
15496.96
11187.42
10306.4
8692.854
7365.908
6046.124
5002.241
4310.431
3882.295
3420.4
3375.861
2891.217
2580.521
1403.964
1456.638
1471.372
1690.174
2698.808
2520.951
2157.86
3326.281
2302.857
5027.119
6074.759
5099.257
5288.048
4538.266
3750.202
3462.928
2924.539
2762.101
2774.461
2389.265
-350.5411
256.6337
897.9788
1295.37
1479.673
1630.283
1797.138
1798.558
1959.694
2078.962
2035.203
2103.978
1568.457
1667.477
1752.357
1748.193
1732.481
1791.913
1682.441
1839.447
1998.322
1840.99
1845.81
310.2267
685.0696
968.9918
1888.957
1562.152
-112.8713
69.29753
409.4223
531.6068
837.6203
669.2658
953.6869
1521.196
1964.439
1973.068
2078.014
2489.379
-1924.953
-1814.544
-585.0093
-32.06017
751.9219
1588.99
1753.301
1763.685
1654.859
1773.092
2020.847
1846.937
2711.848
2701.558
3887.09
3440.534
3068.266
2045.816
2438.468
2025.647
1657.633
1877.74
2146.025
2216.305
2351.362
2281.673
2615.857
2436.512
2192.862
133053.7
101618.4
78051.2
60243.34
133417.9
102240.9
77905.97
59791.51
44394.08
34232.19
26496.38
20604.2
16325.69
11953.64
9640.385
8070.843
7936.992
6512.928
5326.202
4774.241
3848.601
3593.276
3845.055
3578.19
2790.402
2534.548
2783.186
2241.571
2229.168
2256.83
2447.069
2408.247
2687.567
2395.737
2457.502
5433.364
4855.445
4389.424
3573.622
3307.605
9726.641
8348.402
6795.15
4184.274
3861.506
3450.476
3441.839
3354.433
2939.774
4235.735
4066.336
3115.721
2796.877
2871.231
3167.585
2969.765
3032.505
2907.753
3093.344
2714.858
2683.395
2684.108
2808.381
2447.39
3026.579
3099.351
2869.656
1341.802
1029.546
2468.487
2305.418
2172.086
2202.077
6544.817
5470.492
4837.009
4443.43
3982.248
2386.246
2569.756
2345.318
2599.73
2800.298
2636.824
1835.782
2798.123
2387.39
2162.166
1163.023
1541.992
1749.135
1738.885
1653.78
1813.699
1863.342
-1403.238
-82.57803
478.5522
969.3866
1500.453
1779.052
-3723.121
-2128.31
-2033.346
-936.8156
40.47536
771.4354
869.8535
1351.626
1872.054
2051.49
2277.441
2312.469
2342.634
2568.754
3570.135
3658.762
3182.243
2711.133
2490.92
2502.292
3021.836
3361.523
2950.749
3056.39
3001.085
2879.342
2821.303
2741.234
5675.866
4757.534
4208.389
3934.248
3967.782
3407.506
3073.167
3454.101
3125.242
3527.508
3618.421
5550.431
4675.845
4210.035
14334.96
11632.17
8973.33
1459.95
1435.515
1667.993
1988.007
2177.629
2356.428
1397.706
1707.949
131.9826
823.4027
1792.329
2009.566
2071.903
2093.034
2158.493
2210.947
2604.105
2734.597
2933.689
3435.725
3065.67
3052.816
2897.907
3627.902
3174.619
2741.412
2658.198
6834.775
6057.286
5346.105
4428.668
4071.901
3780.583
3256.875
-10057.27
-7795.725
-5314.302
-3414.337
-1906.078
-1198.025
-283.8489
454.5055
942.6127
1944.542
1553.932
2130.729
2410.479
2844.742
2454.121
2463.165
2391.273
987.8
1277.167
1971.91
2384.023
3384.162
3148.637
2977.738
2996.363
2950.888
2828.091
3823.712
3582.258
3080.357
3190.663
3537.615
3583.938
3358.939
2973.87
3465.628
2942.155
3278.774
3135.304
3002.361
2195.645
2173.223
2354.819
-698.7169
147.5973
881.04
1608.621
1976.552
2430.832
2562.094
2717.633
3040.24
3051.313
3864.632
3904.955
3316.464
3152.33
3105.364
2998.664
3089.314
3042.522
2996.382
3212.099
3215.856
2704.438
3216.327
1687.811
2005.722
-691.7032
231.1191
1195.896
1756.805
1702.11
2074.204
2850.803
2907.183
2965.186
2804.603
3428.624
3341.609
3129.525
2686.06
2809.193
2482.525
2607.533
2267.186
2323.321
2501.236
2529.598
2760.177
2851.778
3039.847
3404.973
3082.933
2718.76
2856.833
2907.146
3423.876
3225.003
3110.382
3406.651
3406.382
3171.735
3451.094
2131.155
1935.107
2000.348
1578.372
1686.203
1564.226
1745.933
1326.693
1670.073
1800.835
1619.821
-861.8003
417.8034
1190.643
1087.824
1547.257
1696.138
1881.26
2099.502
2011.123
3186.217
3130.279
3654.212
3531.387
3338.712
3133.211
3001.563
3019.786
2715.771
3489.706
3232.462
2858.04
2677.157
2917.288
2858.09
2882.573
3230.674
3711.035
2974.519
3391.328
3100.709
-313.6043
-162.0989
554.9599
935.4083
191.4734
821.2635
1330.623
1448.198
1846.55
1924.962
780.1699
1290.834
1634.171
1887.664
1895.259
2218.55
2341.842
2753.436
2048.764
2399.858
2455.432
2684.812
2768.883
2875.459
2994.367
3051.871
2957.461
2875.634
2663.462
2592.499
2699.764
2932.047
3068.817
3331.235
3257.813
1261.848
1543.001
1336.22
6883.634
5811.26
4940.126
4636.15
4200.797
3860.22
3680.574
3081.366
4287.846
3843.685
3627.598
3291.294
3197.463
3011.951
2631.762
2390.341
2724.282
2761.859
2486.144
2946.251
2863.377
2806.876
2895.032
2855.185
1468.722
1040.275
891.6412
727.1791
781.1893
1313.881
1467.768
1835.62
1922.231
1644.02
1932.362
1751.085
2171.47
2249.685
2076.855
2141.869
2529.013
2546.173
2766.677
9124.3
7916.899
6957.66
5675.361
4887.125
4418.204
7482.726
6036.159
5078.759
4456.136
3705.773
3364.943
3459.927
3207.544
2871.857
2312.284
2587.864
2606.804
2500.664
2149.079
2290.465
-1391.121
-623.9784
22.20552
939.6571
-13595.84
-9817.88
-6588.907
-4258.497
-1485.017
-812.9458
-149.54
2015.562
2695.189
2718.301
2765.427
2710.321
2399.828
2451.032
2406.985
2772.757
2812.954
2672.923
2616.726
3216.344
3038.187
2770.488
2995.489
2679.972
2544.912
2300.909
2463.049
2539.96
2754.065
2162.806
2048.544
2176.616
2386.863
2215.027
2430.075
2908.123
2437.87
2124.577
1523.75
1631.269
1853.16
2137.249
2112.064
2243.749
2312.209
2478.616
2606.766
2553.492
2065.869
2438.333
2739.282
2756.711
2691.695
2527.496
2600.055
2708.259
2795.03
-147.6567
674.1002
1002.236
1517.402
2051.389
2198.648
2169.458
2233.535
2023.758
2361.44
1927.223
2103.187
1662.072
1905.405
2054.705
2810.136
2773.408
2050.312
2423.254
2394.951
2655.991
2655.773
3762.761
3780.054
3680.658
3147.172
2819.278
2450.87
1898.379
2314.517
2572.793
2587.935
3689.319
3336.863
3233.498
2774.541
3605.404
4115.768
3801.363
3875.977
2918.911
3538.595
3669.224
3946.873
3562.912
3239.4
3476.008
3273.358
3040.56
2717.886
2661.112
2924.719
2453.169
2766.364
2590.775
3015.154
2789.044
3260.434
3516.32
4133.131
3144.912
2937.196
3636.852
3456.592
2963.534
2996.479
4285.982
4043.102
2484.463
4013.52
3533.404
3234.207
3174.823
3151.728
3169.964
597.5393
801.5765
1455.697
1575.276
1181.943
1583.604
2201.163
2690.746
2473.621
2948.317
2889.954
2980.596
3113.539
2636.969
5072.617
4094.623
3550.778
3360.851
3052.726
19072.57
13602.21
11305.79
9204.307
7641.479
6399.888
5431.254
4986.901
4299.101
4177.064
3699.363
3597.113
4201.832
3765.907
3694.937
1760.399
1907.656
1985.646
1793.177
1941.449
2377.835
2785.873
2841.388
3370.617
3330.163
3822.175
3651.07
3677.287
3874.838
3536.69
3409.944
3383.417
3704.939
3283.623
2727.431
2774.32
2578.098
2841.181
2888.534
2709.062
2697.552
2707.91
2865.535
12344.24
9947.432
8654.275
7203.949
6104.253
5244.05
4666.568
4411.109
4044.468
3616.178
3477.147
3737.147
3477.131
3172.038
3069.6
2905.65
2990.027
2376.904
2716.922
2783.121
2943.281
3055.599
2767.828
2595.786
-41.31117
472.3592
1103.08
1680.499
1888.628
2021.231
2094.348
2276.439
2371.346
3108.543
3210.106
3255.321
3117.816
3022.39
2828.552
2928.223
3226.719
2989.306
2925.516
3237.181
2901.399
2874.73
2681.509
2496.504
4008.914
3488.156
3758.147
3948.693
3775.204
3652.599
1794.302
2934.516
3174.05
3268.369
3040.756
2938.174
6157.061
5529.907
4944.012
1727.277
14374.93
11502.63
9288.118
7823.411
6699.435
5940.261
5549.661
6721.144
5743.383
5118.569
5170.423
4491.625
4145.252
3234.043
2731.173
2756.143
7022.409
5979.276
4998.384
4638.936
4078.097
3767.664
3371.453
3321.576
3261.443
3132.776
-1128.552
-60.54998
756.8516
1440.794
1630.18
1939.318
2826.85
3237.727
2388.955
2221.918
2141.322
2372.331
3183.316
3479.374
3261.595
3313.592
3499.881
2597.662
-34039.66
-24957.28
-19144.47
-13800.89
-9734.561
-7423.526
-4453.461
-1630.234
-110.5678
870.5887
1444.419
-2277.229
-5165.128
-3260.851
-1446.416
-285.6285
549.065
1264.427
1840.453
1950.685
3475.158
4020.646
6440.699
5684.149
2827.817
3196.88
-54839.82
-41117.02
-30443.04
-13059.75
-9218.781
-4257.627
-2460.18
-581.7604
-153.4762
5.213138
592.5738
1292.246
1787.917
2588.902
2940.425
2808.852
3484.94
3369.912
3761.934
3801.476
3718.709
4073.642
3854.73
4126.653
3897.682
3745.551
3175.021
2830.411
2866.923
2615.789
2720.983
3947.814
3670.489
3531.629
3524.314
3410.069
1443.485
1803.1
2622.598
3429.072
2175.629
-69812.84
-52299.14
-39028.08
-28973.3
-21193.74
-15168.93
-10735.26
-7361.873
-4579.663
-2568.783
-2770.406
-1230.363
-268.8944
697.0681
1200.093
1922.024
2145.661
4392.223
4428.369
3937.161
3685.51
3781.265
3868.479
4840.632
4562.427
3925.381
3768.779
4474.817
4176.003
4093.587
4024.589
3987.787
1619.623
1913.761
2248.731
2191.365
2686.467
3031.345
2956.405
3235.579
3254.723
3232.22
2961.236
2910.157
2891.688
2867.889
3254.005
3430.181
3626.06
3200.389
3045.791
3290.37
3604.03
3678.86
3561.571
3302.971
5485.675
5842.851
4836.105
4353.697
983.4305
1436.886
1737.494
2117.67
2404.27
2604.57
2429.562
3480.02
3473.35
3546.355
3543.717
4242.677
4117.9
4347.37
4009.064
3880.341
3623.664
3449.5
3706.378
3731.32
2767.48
2775.044
3044.042
3307.85
3590.081
3571.409
3497.297
3778.76
3699.375
3713.771
3770.951
3550.307
3356.318
3479.658
3511.507
3474.533
3448.276
3551.574
3366.539
3789.627
3802.868
3451.225
3585.33
8061.969
6885.613
9077.967
7738.721
6386.004
5678.687
5180.989
4810.887
4595.378
4160.336
3024.262
3445.003
3760.57
3455.999
3929.427
3802.332
3836.644
3928.964
3891.708
4062.763
3975.452
4135.777
6625.585
5943.159
5507.318
5194.19
4614.711
4727.954
4205.812
4060.073
4513.693
4531.882
4815.11
4660.756
4273.556
4693.843
4383.205
4112.054
3327.342
3651.358
4442.071
5085.094
4837.732
4906.034
5105.913
4769.223
4589.96
4276.566
4153.472
4084.187
4123.048
3484.708
3690.235
3668.67
2921.309
3145.939
3156.35
3349.228
3156.312
3392.704
3380.503
3754.655
3821.771
4000.798
3752.856
3819.164
3895.426
4256.394
4149.054
3727.881
27.70464
12876.82
11078.69
9044.618
7903.241
6908.361
5575.832
4872.085
