495.602
388.5183
435.7251
493.268
413.0133
500.157
1433.351
916.3959
608.1135
622.0012
468.4022
482.6509
324.387
-4032.336
-854.7734
81.03728
246.611
381.5102
489.4616
-550.2927
166.7379
-166.4282
-260.2207
91.53023
420.688
520.2795
520.0231
491.7046
392.588
441.9474
299.1429
489.6673
499.5181
988.8308
591.7335
495.5325
594.0083
620.659
655.1822
703.7298
534.1375
3430.775
1369.249
677.9442
533.227
543.6607
366.7159
231.528
-71.88256
240.1242
895.7697
811.5468
589.1238
508.0776
435.2614
375.9277
518.962
810.3255
521.3891
446.5263
101.8298
267.8795
348.7708
354.8399
385.6877
355.6768
410.5803
385.8737
292.1937
261.4944
151.0171
220.4885
1686.652
674.2096
340.4089
206.1165
270.865
60.85114
-395.1264
2.597647
200.5142
465.7758
320.6988
213.4856
256.0806
136.4737
148.905
254.2583
259.125
319.4619
633.6822
307.1504
3257.242
1393.006
286.8915
125.6985
77.47477
-390.119
-20.5034
250.6284
-58.5984
40.83626
84.18054
23.19891
76.40881
76.56863
-375.1094
29.92553
87.30127
114.7859
21.8024
85.36395
98.56835
99.66823
63.63688
33.48387
83.4162
10.99498
-12.65591
577.6779
-1912.807
-550.9549
-208.13
71.26765
90.34854
38.54176
-146.4935
307.9591
38.03221
-61.37899
-135.8799
-38.56135
-59.05027
-55.56822
-104.0015
-163.7116
-208.071
-29.80888
-78.23681
-426.337
2921.746
-2072.039
-739.8836
-490.3899
-221.1455
-152.2651
-317.06
-263.3826
-242.2133
60.62706
-162.2431
-263.3573
-195.1536
-264.8349
-199.0954
-219.8526
31.74521
-216.707
-353.6165
-78.934
-97.82455
-272.192
258.9101
-104.3279
-163.1377
2768.832
526.1912
59.83492
-116.2431
-969.0835
-598.1906
-560.2869
-748.8276
-496.3988
-622.7709
-423.2406
-440.4357
-405.0102
-570.8675
-467.5894
-463.6708
-352.0617
-372.4252
-329.6798
-371.6971
-352.8447
-284.8367
-742.2515
-938.6651
-1607.778
-865.5953
-636.6631
-433.298
-574.5006
93.79043
-123.8251
-357.7716
-456.6956
-460.5921
-406.3378
-655.9817
-554.2326
-638.5274
-365.9398
-554.5487
-556.7416
-997.5572
-758.1533
98.08693
-439.3429
-519.9267
-508.5926
-558.9804
-585.9171
-544.6643
-423.9579
2611.992
213.2737
-452.485
-286.3987
-788.606
-841.8123
-618.7091
-656.1036
183.0803
-301.9971
-530.7041
-640.01
1305.577
-87.24084
-416.3458
-2701.136
-1189.817
-882.9495
-695.9902
-497.8048
-589.752
-598.0559
138.8878
-366.428
-555.3938
-796.5814
-612.3299
-541.7467
-799.8281
-297.539
-168.6033
296.2504
-303.7763
-445.2687
-484.1905
-253.4772
-475.6691
-565.3074
-535.2416
-554.7159
-551.1417
-578.5684
-590.0554
-624.1547
-576.9701
-597.3366
-632.9088
-295.77
-442.4158
154.3406
-287.5066
-458.1895
-362.5895
-697.5175
-384.6982
-550.1287
-629.3126
-630.3114
-647.3036
-442.9752
-595.8694
-663.212
-507.981
-513.579
-575.215
-22.09435
-433.4918
-485.7577
-399.4066
-5706.814
-2110.353
-720.0817
-444.2125
-346.598
-330.3889
-341.3906
-321.9008
-450.8669
-459.2376
-669.8072
-269.2684
-479.9726
-478.1842
-2151.902
-1164.6
-433.4853
-497.4251
-293.7281
-485.0998
3.613033
-336.6497
-390.0503
-162.188
-341.0777
-310.9481
-350.3557
-297.6104
-144.9975
-357.6429
-273.9811
-302.3909
214.9
-108.2189
-382.1128
-482.6119
-314.2731
-227.7536
-514.7747
-294.162
212.6265
-90.20327
-27.46329
594.5929
84.62632
-36.15079
-28.18603
-308.6371
-311.3343
-181.3521
-338.8503
-353.3449
-191.4331
-154.6122
-90.806
-304.5747
-177.2968
-245.756
-277.6827
-192.6198
96.4286
2377.845
570.8407
-94.86638
-177.1692
8.568684
-92.16903
60.89985
-22.49799
-70.67315
-163.5538
-5.743201
19.4015
-74.95126
109.069
69.22564
-8.529767
235.1137
476.1212
22.40261
-69.94157
627.744
-392.4351
4.676058
256.3009
259.5781
142.0728
107.3774
121.0974
30.61528
274.7204
60.3565
154.1538
924.0947
448.4896
131.0057
35.74373
259.1352
221.768
128.9868
1086.071
302.1467
243.5457
213.5156
329.0812
321.5471
209.3351
276.2364
191.7027
225.4573
201.6267
202.1646
69.69534
173.9398
-177.9945
144.2589
720.2327
550.2391
295.3472
435.2475
155.3367
291.9366
203.5765
386.6118
194.2212
320.14
272.8089
123.8605
290.5697
-506.3502
-44.86218
213.404
120.4963
286.6989
355.2846
404.039
-278.3131
236.7723
315.2525
373.8376
352.2136
260.4411
328.0845
330.4922
305.5556
209.5613
331.0949
290.4422
289.5825
339.0064
317.4519
358.1407
372.1575
254.0439
247.3471
308.37
348.1776
379.5169
-392.2246
159.6365
2467.001
790.5089
388.7017
245.4578
351.5684
355.4912
337.6359
58.87854
257.0889
561.3754
358.8945
330.1051
321.9421
409.2328
593.5931
372.2536
1175.887
575.3741
399.8742
385.0393
506.0537
215.4647
287.0746
309.9199
247.1289
313.8558
295.8116
234.8991
406.4054
359.2802
433.0366
349.7725
194.3186
156.0094
330.7371
294.3387
2027.651
1396.953
469.4856
115.2429
259.8096
259.339
244.5723
729.2983
494.2984
595.2067
2514.481
662.3028
440.008
391.4788
375.8742
89.64292
-349.1176
788.1088
376.006
190.5599
209.2302
269.2031
274.4269
256.0368
429.8344
78.29101
389.0845
856.2428
335.1893
159.1603
147.105
102.7377
95.44811
138.3929
-248.6273
-42.12474
85.55047
210.9972
107.1414
173.4694
-9.788355
-131.4542
-177.6564
-17.26694
138.9049
91.2565
107.4052
127.4153
-1205.798
-372.5739
-179.5494
-110.8407
-91.90901
105.3275
58.18561
-36.83764
-166.0608
385.9244
-2406.423
-855.5387
-404.1291
-207.9211
-275.6681
-158.2209
-61.08446
-141.1322
465.3168
178.7595
173.6446
246.3731
45.5649
280.1879
190.682
-81.41075
21.11619
-265.3351
-106.5397
54.53493
12.10716
-71.77306
-27.4971
-470.0995
-300.4496
-534.7924
-311.3661
-315.7759
-254.7919
311.9171
-492.2865
-2000.831
-782.9008
344.9799
-188.6995
-253.0912
-1084.307
-401.0538
-549.1889
-682.6047
-480.6197
-406.0056
-523.1537
-501.1819
-525.264
-335.1087
-396.9646
-458.8695
-190.4089
-181.5576
-297.5002
-481.906
-646.0031
-582.514
853.4934
-194.2286
-355.1511
-509.1596
632.3417
-204.1167
-381.774
-129.2647
-551.5097
-418.3479
-205.1166
-458.4201
-283.2985
-452.642
-571.9672
-1122.383
-756.2639
-940.8843
-613.054
-577.955
-493.2865
-370.687
-490.6173
-528.9446
-491.1893
-2185.052
-1292.532
-1599.178
-387.5478
-559.1037
-383.3426
-572.3502
-602.4247
-603.9546
-1742.379
-963.9093
-595.827
-792.7988
-640.0115
-480.2493
-926.9251
-543.2697
-1194.958
-787.5306
-580.7536
-567.3175
13494.71
3606.163
558.3477
-427.9088
-22766.95
-7196.414
-2784.232
-1336.011
-804.6619
-324.4727
-629.402
-633.4377
-1083.783
-781.931
-860.6689
-731.4052
-824.8039
-766.8347
-314.01
-529.8571
-804.2705
-730.0592
-696.3455
-779.8634
-730.5156
-497.7547
-589.9886
-327.5872
-540.1324
-598.3994
-776.1922
-733.9092
-788.4815
-795.3967
-1208.862
-914.1214
-567.9609
-767.293
-160.0502
-523.4648
-641.5629
-691.264
-671.472
-646.3786
-638.0694
-680.4535
-632.4233
-2560.219
-1084.919
-793.9299
-449.0593
-449.2515
-691.5817
-619.1808
-454.6679
-409.4447
-744.4783
-313.8857
-550.466
-752.023
-715.1743
-589.5161
61.8147
-697.6646
-618.6025
-659.629
-541.174
-533.3371
-579.1526
-95.58556
-272.0004
-936.1868
-761.2867
-679.9712
-575.2188
-586.3617
-464.3015
-435.4557
-491.3593
-577.0453
-572.1547
-538.2154
-762.2559
-1380.115
-819.7348
-536.9628
-525.1643
-567.2125
-381.5628
-508.1354
-626.8855
-582.2799
-579.2567
-521.9486
-637.3625
-671.7453
-636.0443
-719.9052
70.63671
-366.077
427.2291
-291.9439
-375.1099
-503.5155
-710.3188
-638.4898
-501.6253
-697.2057
-477.5116
-171.4196
-331.6608
-439.2146
-477.2276
-521.6422
-224.7225
-750.6803
-469.3344
-360.1384
-346.9878
-386.3378
-344.3566
-310.5269
-369.569
-133.2785
-400.6308
-323.5722
-89.37718
-451.6436
-355.8029
-42.15238
-159.4997
-270.1743
-355.9896
115.3785
-127.6345
2486.049
541.4534
-228.6807
-241.1744
361.8646
-29.66957
-301.1445
-352.8421
-256.3556
-99.13215
97.4892
-125.2676
-45.62632
-1250.618
-363.4127
-226.1089
-285.218
-163.2124
-130.9795
-132.9367
-174.4534
-150.6474
14.18717
-93.78378
-246.8368
-294.3229
-150.1809
6.27817
-127.5386
1022.179
332.635
42.4019
-128.4195
-108.6699
-32.57852
-184.7364
118.9147
-119.8339
-173.126
-897.0076
-348.8384
-91.84496
-905.6234
-392.3672
101.2361
77.76442
-101.4504
-11.2763
-30.26133
430.0038
118.8003
29.92559
1678.15
515.704
68.61611
-50.70412
84.92827
286.0508
-79.36104
556.5106
133.9275
154.1023
102.2844
517.0412
19.07741
149.7488
-590.6795
-106.4629
436.5201
504.7575
293.0881
232.4788
2729.879
889.9642
331.3263
146.7176
636.5622
354.3908
250.2748
177.9589
566.2386
491.2962
277.3229
176.7462
166.736
242.578
352.3362
173.1427
544.6948
215.3643
184.0481
141.0612
116.1303
31.82043
55.29738
119.9752
21.06284
191.7197
94.54057
302.5843
-273.0997
86.30759
164.6909
225.2912
-239.5194
219.803
323.2599
512.6189
267.2521
148.4257
208.6088
196.5074
123.7471
1211.369
544.3804
50.62545
189.3753
196.3497
-316.3282
98.4637
167.8486
120.4381
213.3505
183.6486
310.3277
216.8576
304.3925
-36.15029
106.6439
83.20146
117.6551
237.2922
212.7626
140.5417
206.4509
991.6673
314.9643
144.0383
171.0702
204.7084
373.6233
-596.0983
-246.7429
-53.22893
79.94175
162.4424
296.0995
165.2788
181.9174
160.8457
797.2813
493.8477
146.9028
-488156.4
-146822.2
-44036.21
-13078.49
-3926.303
-1069.444
-164.7003
70.48105
115.0963
-119.0063
27.84822
-55.2363
-5.010142
-149.6027
113.1482
-30.75275
54.48519
-675.016
-365.4081
98.57141
224.3257
121.6763
12.12782
155.5624
159.2223
276.0952
-896.2975
-94.03958
-104.3433
-317.9085
-419.0426
-122.287
-70.69107
-75.12699
334.7908
368.1127
85.45141
-30.47376
-343.235
-227.9046
-138.8328
-101.3169
-204.497
-210.7801
-138.0621
-110.6129
-121.9467
-126.5023
-109.4669
-72.81057
-195.5973
-355.4729
-310.5918
-279.4636
-211.288
-246.3005
-227.5416
-223.4234
-267.4675
-645.1517
-210.233
-235.0594
-301.9184
-164.5884
-130.9795
-568.4972
-259.4925
-341.6972
-350.3687
-201.2935
-492.8743
-340.4913
-289.0298
-396.9121
-360.9753
-329.9309
-355.0186
-307.4893
-454.0388
-436.5452
-1285.501
-538.1904
-436.7276
-919.3505
-1723.113
-824.2546
-665.3463
-532.8814
-320.4021
-638.5794
-497.6293
-439.5526
-311.7196
-473.6956
-598.8146
-501.8506
-618.7897
-563.5225
-751.3809
-629.832
-656.0616
-629.2774
-598.066
-454.3321
-602.0565
-471.6731
-532.3745
-453.2019
-1311.004
-674.1134
-717.3213
-297.1874
-581.1672
-796.4876
-1088.068
-769.4366
453.6783
-392.1743
-218.616
-1326.772
-911.2444
-442.5449
-497.7107
-759.5475
-738.8537
-810.355
-843.0558
-756.9083
-735.6702
-675.5596
-801.3417
-385.1249
-675.077
-616.0398
-752.8057
-820.2017
-781.7229
-766.6042
-666.2224
-1134.238
-2506.29
-1501.565
-1149.372
-959.7365
-811.6415
-762.3606
-861.5211
-163.4543
-588.3757
-790.599
-1006.136
-1171.099
-1129.9
-762.258
-518.5959
-810.7748
-874.8065
-772.0742
-879.651
-240.0894
-664.7403
-522.7211
-836.1842
-1064.215
-985.8174
-765.0672
-835.0848
-710.597
-1055.835
-1415.431
-967.1723
-677.776
-1063.546
-807.3838
-837.5956
-810.9477
-705.7638
-753.5086
-230.5843
-668.4349
-834.5764
-960.8905
-1049.731
-991.3234
-850.375
-825.2534
-817.2195
-2110.767
-1142.902
-910.6735
-821.3291
496.6814
-2747.802
-1497.017
-1288.367
-943.8657
-849.7184
-469.4494
-540.5605
-726.7839
-921.1089
-817.8703
-791.243
-441
-559.304
-933.7904
-131.12
729.5704
-385.2914
-716.7853
-667.495
-782.1905
-696.6408
-988.2931
-1477.76
-1056.832
-856.5966
-1741.938
-1039.434
-774.2269
-843.4686
-598.4571
-798.4899
-269.2746
-319.5873
-627.6499
-663.3664
-785.5366
-782.9519
1487.605
13.61883
-476.7923
-464.1163
-635.9687
-687.6209
-734.6305
-974.9256
-803.9376
-763.5503
-318.2918
-284.43
-355.4201
-5144.517
-1646.875
-957.1491
-755.6049
-653.2829
-575.3553
-564.0127
-621.4783
-741.3868
-943.3556
-511.4358
-529.2516
-48.19741
9206.918
2481.719
254.7616
-522.2215
-492.5929
-137.1695
-541.1654
-527.4876
-529.5355
-473.0484
-360.8603
-312.3778
-458.9682
-414.0297
-483.7384
-468.3434
-527.9937
-550.3181
-364.4097
-423.3903
-740.1059
-762.5518
-558.6257
-384.6778
-402.7872
-136.108
-488.1492
-406.0162
-107.945
797.7437
-120.3635
-267.5329
-316.2376
-48.09893
-233.2953
-279.6912
1611.002
159.4989
-515.3118
-388.6083
-163.3642
-243.8931
-230.3675
-215.7756
-212.6934
-165.9871
-235.9959
-245.691
-359.7776
-307.8196
-154.2085
-248.0391
-113.674
-243.1046
-307.2199
-211.1876
-222.6869
-195.8672
-88.27939
-70.88826
-80.77461
-984.7383
-396.2975
239.3979
-25.83769
-165.5049
-294.1391
-114.5873
-280.3725
2999.552
1164.479
236.2663
70.56425
31.69246
-49.70978
-122.4135
-186.5032
-205.5449
-139.6557
-93.64289
-199.8121
-26.57401
90.45215
-59.39868
-4.838534
11.22004
40.76446
-23.16608
-38.5151
-134.8446
-99.02894
-147.3862
-57.26058
-34.71351
-15.78048
33.58113
42.42469
223.7133
160.7673
-97.07617
-1446.435
-450.7164
-108.4823
-98.82484
-35.22377
-304.2308
-79.43996
-173.9215
-53.43915
-144.6887
-1019.863
-456.9141
272.2532
85.77048
-112.5527
18.55083
119.1628
319.68
175.4916
-1.198047
-377.3279
-78.64494
-636.8068
-687.5309
-69.22343
-33.23187
102.7731
97.04034
95.70064
158.9309
-46.26711
144.3421
102.4619
37.76396
11.91229
54.12682
-68.29662
49.93118
107.4324
894.8152
204.5541
10.88949
436.0055
141.8104
-902.5971
-151.1262
20.52225
23.24775
22.44572
85.53734
172.6723
255.5649
614.4384
-363.1454
-165.8048
-47.22352
157.329
26.19736
-191.0508
55.58986
229.4125
-19.25272
-4.638807
50.53067
49.19848
-87.71012
-30.77214
-72.48389
22.93494
-17.59144
-124.1879
8.59174
-2256.406
-651.8349
-591.2983
-124.4965
-92.21547
-106.5698
-86.28398
-16.78564
-100.1646
-182.3039
-1292.676
-253.447
-150.6983
139.5028
73.23211
-54.86132
-154.7023
-111.4107
-43.2938
-38.73159
193.8667
104.9247
-9.86217
236.7806
-45.39304
-98.99878
-187.9295
-128.3692
35.21687
-29.76261
-229.4827
-89.83765
118.5834
-52.61325
112.2626
-90.49931
-200.9762
-73.16782
-541.9179
-756.278
-639.0335
-84.26023
146.4504
8.248527
-181.6458
-364.0461
113.6813
-177.1336
-224.3333
-249.8683
-326.5381
-263.1235
-86.73646
-353.3702
-404.0946
-355.0155
-196.1724
-407.1857
-377.7901
-363.4823
1836.456
325.5703
82.15924
-265.8433
-448.2888
-420.8671
-394.6973
-1664.192
-877.0946
-362.5749
-407.1745
-184.7856
-441.0248
-424.2246
-579.5994
-606.9218
-470.7371
-198.9233
-277.1469
-462.6958
-490.734
-477.1255
-472.0292
-811.5846
3305.066
580.7283
724.6039
882.4548
-98.01849
-310.1094
-408.7809
-472.9253
-210.6708
-454.9274
-536.8194
-1424.023
-628.8652
-423.1776
-622.3957
-574.1095
-679.9535
-787.9197
-544.5076
-465.5636
-1254.462
-972.4421
-687.6914
-635.393
-694.6193
-776.4319
-673.3409
-752.5929
-934.3963
-758.5093
-720.1319
-772.477
-775.3257
-824.569
-885.7012
-856.4975
-766.1153
-623.0449
-2077.471
-1265.379
-872.4214
-669.5259
-756.3123
-953.632
-801.8755
-496.1079
-715.5133
-1097.009
-1075.987
-921.3985
-917.1486
-813.166
-775.3497
-809.8287
-606.546
-651.4264
-718.5383
-798.6303
-867.7634
-672.6384
-940.982
-921.4092
-942.6404
-943.9944
-1145.431
-840.1689
-887.4492
-1298.054
-1322.257
-1059.237
-982.5657
-2021.772
-1486.612
-1151.68
-980.2615
-990.6846
-396.0912
-321.8961
-798.8847
-434.1213
-943.6838
-1006.849
-1022.624
-1105.667
-985.5568
-2530.994
-1405.985
-1156.965
-973.1974
-936.9866
-1019.23
-874.7897
-917.8549
-1133.852
-997.5981
-1329.208
-1100.411
-1029.645
-860.8912
-841.5377
-993.8153
-1064.063
-1016.563
-1030.786
-1237.265
-1048.255
-1152.311
-1278.299
-1759.21
-1249.239
-1260.783
-1045.198
-979.5414
-827.4659
-754.8047
-1002.111
-1553.093
-1097.419
-747.8208
-941.8881
-795.3618
-925.5299
-1096.463
-1046.354
-1137.695
-941.121
-959.3877
-1173.618
-978.4802
-1082.52
-1873.6
-1165.03
-1003.929
-929.1939
4785.559
895.0631
-441.5424
-1214.723
-903.6194
-1110.385
-1102.938
-1047.062
-925.8859
-881.5375
-563.1546
-883.1904
-943.5716
-973.2071
-994.9232
-974.0495
-1133.516
-963.9802
-5246.047
-2206.679
-1379.26
-1135.067
-921.992
-726.9296
-949.0581
-490.5213
-827.0835
-654.5909
-1028.728
-1097.436
-826.3203
-415.3084
-710.2674
-759.9536
-762.1731
-631.63
189.9807
-563.4798
-706.184
-1862.547
-1222.383
-820.173
-848.4567
-905.6771
-703.3604
-710.6312
-761.2953
-735.8178
-707.1411
-702.9326
-717.6918
-629.2687
-527.5749
-10508.73
-3496.918
-1556.178
-899.5674
-608.6992
-677.4913
-673.8257
-487.795
-580.9479
-540.3287
-623.9434
-269.1091
-340.4682
-579.8245
-705.9932
-547.3117
-1418.113
-710.5311
-656.5383
-592.8636
-547.3093
-494.0854
-498.9891
-431.859
-536.5226
-537.1199
-431.1808
-570.7704
-629.2099
-624.6883
-519.8173
-493.1762
-1880.403
-870.2248
-661.4613
-24.47309
-242.7305
-415.8005
-470.4687
-391.6345
-190.7338
-230.8951
-329.7164
-463.594
-550.3616
-400.6427
-374.4055
-395.1572
-176.088
-270.2771
-8542.53
-2756.166
-1042.831
-309.748
-315.7676
-511.8568
-321.2084
-214.8033
-247.5857
-330.6766
-188.5979
-410.8642
-332.1057
-304.7577
-333.5165
-262.4049
-213.4219
-226.1855
-130.4524
-376.5319
-214.6735
-207.1142
-1009.943
-331.5742
-262.105
-232.1209
-239.9699
-52.42219
-174.5351
-255.8687
-206.4303
-279.9774
-206.08
-20.2045
40.16322
3315.114
829.4052
-224.3534
-131.8338
243.0125
-6.475621
-112.9714
-759.2726
-357.2691
-65.61721
-423.4965
-166.6847
-131.1309
-102.9827
-46.10415
100.8755
60.60352
-76.36542
-59.44641
79.84999
-134.2639
-29.6841
-88.13292
63.42902
-937.6326
-265.1493
-154.481
139.4003
91.77477
-37.81017
-56.31321
-84.74589
306.5944
154.7541
18.66578
-441.9755
-154.5563
-62.2922
23.72228
-91.61697
28.52532
-94.88544
-134.4279
-676.7947
-110.3652
-6.5593
-28.07442
-26.79371
-299.4445
-137.0091
-113.4555
-151.3138
-97.50922
-341.7037
-134.5239
697.1395
390.5945
33.04767
-66.12361
22.93944
-106.4763
-250.3791
-104.194
71.43069
-118.2607
-4.439573
-66.03646
-178.6563
-81.44213
-87.21364
-153.5815
-142.3274
-756.3983
-93.23522
47.23956
-63.5215
-150.2668
-99.68959
-258.0331
1286.812
774.1722
214.3399
-49.4048
-46.75353
-86.34153
-118.092
-168.3015
-175.3687
-443.7116
-341.6997
-1042.447
-135.4214
-94.93059
88.23797
-511.8398
32.07539
-144.6642
92.33159
-256.6701
-283.1895
-271.878
-381.4614
-320.872
-206.677
-282.2537
-675.7768
-364.4496
-75.39931
-182.8135
-193.0573
-211.0648
-111.744
-7123.471
-2310.106
-1012.831
-539.2561
-323.7128
-370.3305
1415.052
231.0775
-195.261
-177.0141
-363.9733
-286.2063
-376.4831
1478.798
1474.424
367.5814
-204.9492
-370.3414
-371.9957
-597.351
-485.6849
-437.998
-374.9269
-165.4442
-359.7651
-374.0192
-260.0891
-387.9556
-454.8798
-516.2068
-548.3629
-573.2988
-517.9304
-492.3468
-553.6036
-239.5075
-525.1317
-777.1946
-694.6318
-675.7249
-683.03
-639.3428
-678.8379
-944.8018
-731.1288
-651.9145
-828.6683
-636.7411
-614.4874
-589.2487
-635.9836
-2805.933
-707.4647
-3191.875
-1346.4
-728.0464
-862.946
-890.9233
-856.5089
-952.0458
-1004.213
-938.8645
-818.3909
-712.6482
-738.7222
-762.089
-781.5399
-750.8894
-804.1404
-793.4915
-795.6064
-898.3611
-850.1998
-837.1682
-734.1341
-761.5567
-1031.65
-667.511
-737.945
-679.4314
-925.3654
-1431.943
-1016.319
-535.1447
-765.8904
-381.0593
-242.4
-725.792
-824.2044
-897.9304
-1099.836
-942.9273
-1013.549
-975.3294
-957.0974
-1093.571
-1159.446
-1288.879
-1403.038
-2500.953
-1497.352
-1129.771
-926.0415
838.7032
-399.7929
-755.3135
-887.582
-976.6523
-947.7587
-1016.391
-1055.942
1246.389
-220.1294
-372.1205
-1095.161
-1064.742
-1211.37
-1128.439
-1108.265
-1253.78
116.6349
-649.8568
-877.7586
-1680.96
-1048.589
-997.6356
-1049.331
-1097.673
-1722.86
-1238.268
-1061.163
-869.3917
-1346.759
-1381.353
-1294.545
-1180.09
2779.069
-37.08697
-744.0096
-1205.166
-1405.28
-645.6281
-941.4594
131.2032
-592.4287
-919.1031
-1260.997
-1183.256
-1161.614
-1176.306
-1128.079
-556.9592
-991.2842
-881.9068
-1080.463
-1162.385
-1110.112
-1349.913
-1168.882
-1102.589
-1085.099
-1115.432
-929.1301
-1115.407
-1966.142
-1375.46
-1107.051
-1234.528
-1115.835
-1085.005
-1092.183
-1078.851
-945.2485
-1083.631
-877.8399
-1090.735
-1304.623
-1359.533
643.1193
-546.1813
-1336.25
-1493.697
-1138.497
-960.8659
-1007.641
-1053.619
-1853.948
-1349.222
-1263.845
-1112.093
-1100.594
-1206.165
-1050.247
-2062.181
-1394.902
-1509.808
-402.4918
-962.4736
-1077.575
-846.3659
-961.6721
-940.7924
-719.0234
-907.4607
-1041.134
-1000.307
-1097.397
-811.9986
-961.4372
-953.4977
-845.69
-827.4179
-2075.466
-1221.988
-935.5039
-979.3776
-780.0142
-1559.001
846.6087
-362.0644
-1169.703
-863.4761
-863.1258
1318.296
-30.84419
-461.1545
-797.3398
-1042.739
-889.9178
-887.9799
-597.4465
-742.0433
-261.8068
-615.9933
-986.8417
-1050.211
-804.6155
-668.3411
-1257.818
-893.6095
-935.0852
-989.1369
-883.2862
-941.7071
-499.2337
-635.2095
-1061.963
-932.2613
-773.7477
-892.5938
-767.2155
-575.851
-715.574
-683.4645
-734.2186
-852.8863
-662.3288
-617.808
-586.5739
-532.0807
-608.5611
-538.8303
-663.4236
-17540.27
-5949.417
-2225.646
-1120.695
-401.2696
148.352
-344.4225
-632.5208
-802.757
-830.6277
4871.308
1273.326
137.9129
-6774.487
-3235.152
-1427.922
-868.5615
-598.6994
-599.3667
-619.208
-766.6243
-581.6042
-567.3939
-672.0961
-412.2065
-432.8147
-11118
-3707.552
-1485.854
-772.3825
-560.5015
-468.3276
-443.5005
-391.9538
-430.2031
-416.7562
-362.8447
-302.6836
-516.5162
-998.833
-587.2341
-58.97193
-232.6677
-1802.486
-804.3352
-456.3642
-271.6311
-274.2969
-505.566
-430.8936
-650.4964
-628.5837
-427.3954
7068.279
1845.688
274.5278
-159.6166
-333.5771
-292.4674
-28.97693
-208.9362
-303.3243
-328.0191
-390.9742
-307.8911
-282.5229
-203.7625
-110.1926
282.7724
-13.7897
-160.1186
-83.15819
-200.8932
-369.6628
-489.6224
-352.069
350.2961
-45.3656
-185.6136
-52.27909
517.047
-17.78492
-195.5628
-239.1056
145.406
-303.7975
-189.8854
-236.4813
-157.3905
-279.456
-158.1562
-195.0157
-212.3376
-851.7195
-576.6303
-345.6597
-404.4626
-262.5749
-54.13234
-99.47212
-201.0416
-82.36767
-623.0255
-44.89512
-187.5994
-66.43372
-156.2875
-243.3511
-432.5294
-307.2732
-355.3563
-332.0402
-237.6479
-238.298
-291.6159
-221.4898
-182.1894
-221.5621
-173.0976
-215.531
-249.4914
-307.3921
-312.1441
-58.99536
-756.7151
80.98038
-45.24791
-374.5826
-163.0617
-176.6028
-344.2824
-301.0809
-354.5385
-301.6635
-276.849
-212.507
-219.7469
-335.5729
-504.9743
-355.4395
-348.9734
-264.6067
-298.6656
-479.1544
-138.6166
-299.3151
-301.2808
-301.7017
-405.6171
-404.5513
467.2577
-214.7893
-310.1251
-457.5759
-497.8845
-404.4434
-399.5976
-354.0219
-378.616
-362.2284
-429.145
-343.1108
-338.3573
-590.1552
-381.6759
-381.6493
-330.5092
-214.8665
-216.7344
-328.4829
-419.876
-1472.897
-796.6906
-605.9736
-661.9395
-610.8103
-1000.627
-1899.227
-944.9374
-632.6237
-561.7634
-501.4559
-547.62
-638.914
-614.5819
-787.7636
-690.2619
-470.0111
-536.2091
-457.0338
-610.5968
-566.117
-623.4593
2480.342
246.4761
-353.7126
-554.839
-681.8641
-663.7443
-802.9374
-580.3145
-641.4165
-357.7284
-657.5877
-921.2791
-972.1472
-726.7152
-687.4438
-673.2489
-800.7375
-836.0073
-736.7417
-708.753
-664.2063
-1160.444
-1180.944
-970.8757
-1241.186
-1068.309
-909.0284
-648.274
-1351.419
-781.5571
-1452.75
-1250.676
-1044.621
-1021.457
-616.1838
-931.6155
-827.7739
-1111.853
-937.7231
-974.3935
-897.283
-887.3918
-820.9706
-897.8651
-911.6164
-752.7716
-985.8263
-1802.64
-1303.108
-1062.317
-963.3946
-862.3427
-995.8222
-846.7632
-1264.017
-1091.948
-713.5341
-898.5167
-1054.205
-714.4555
-768.3754
-901.3738
-967.6467
-1074.42
587.02
-394.2182
-891.6227
-878.6653
-807.5341
-1055.202
-1104.37
-1119.295
-1240.79
-1131.539
533.2747
-333.6863
-791.8005
-591.3719
-825.4213
-1214.823
-1145.321
-1528.224
-1294.723
-2808.901
-1575.74
-1277.068
-1247.769
-2098.754
-1691.773
-1282.024
-1297.811
-1198.276
-1172.487
-1108.875
-1149.941
-1087.475
-1531.474
-1202.567
-1397.572
-1352.263
-1395.914
-1324.141
-773.7821
-1081.793
-1183.857
-1340.037
-451.9578
-913.8795
-1110.287
-603.5585
-926.6582
-914.3092
-1143.112
-1253.379
-1226.994
-1232.044
-1181.224
-1341.173
-1251.102
-1363.339
-1392.899
-1336.513
-1152.788
-1111.741
-1192.076
-1238.126
-1231.548
-1322.565
-1124.741
-1217.882
-2165.133
-1570.254
-1354.377
-1219.571
-196.6653
-988.1596
-1201.142
-1198.389
-1258.876
-1415.657
-1381.039
-1227.732
-1193.806
-1301.618
-1146.674
-1358.216
-886.6156
-1105.74
-1189.473
-1238.116
-1646.942
-1315.101
-1124.309
-1159.288
-1464.331
-1291.715
-1503.296
-1409.568
-1361.487
-1266.792
-1386.371
-1403.54
-1467.513
-1219.985
-1266.321
-1083.353
-1226.125
-1216.391
-1121.418
-1246.324
-1267.773
-1108.819
-1112.919
15215.74
3688.271
369.8
-3343.773
-2248.245
-1428.135
-1162.76
-1167.661
-1089.758
-1195.984
-1019.64
-1201.95
-1091.337
-1137.85
-1177.742
-1151.387
-1063.921
-1046.256
-971.1087
-867.7545
-989.4835
-1114.393
-1864.771
-416.3098
-757.0083
-945.0051
-2260.093
-1425.622
-1182.258
-6094.441
-2566.15
-1606.228
-1034.467
-1155.534
-522.8651
-883.9013
-973.4074
-806.4701
-737.1034
-837.1309
-881.8772
-969.1079
-551.1009
-594.5275
-1575.257
-990.2701
-971.1146
-986.0138
-913.4971
-1085.706
-982.6986
-837.3666
-928.6917
-965.8405
-893.6982
-778.2079
-819.1774
-744.0837
-703.0385
-774.3014
-863.5028
-824.2749
-821.5203
-414.3766
-698.0356
-736.8113
-777.6732
-1418.442
-1266.105
-1225.773
-993.7749
-801.6222
-745.3438
-923.8396
-875.0857
-774.5296
-1636.493
-869.6656
-543.2321
-138.0914
-48.70335
-566.0285
-691.1033
-647.7718
-2593.694
-1288.067
-865.1553
-444.9653
-387.8765
-602.0827
-688.4413
415.0721
-372.5892
-339.0668
-327.6813
-716.657
-417.3217
-640.6158
-542.4418
-610.0742
-894.0654
-148.9322
-754.9281
-972.0166
-611.1567
-555.2988
-687.507
-1312.768
-728.7384
-483.7105
-446.8188
-523.608
-444.6659
354.177
-236.092
-487.7442
-659.3473
-593.2405
-615.0144
-487.3243
2522.252
205.1287
-242.862
-357.5594
-289.9297
-307.0153
-325.8044
-244.4774
-328.5714
-747.0201
-583.8995
-446.3672
115.1889
-384.6793
-535.2979
-599.9541
-446.793
-339.7262
-257.6228
-379.8543
-358.039
-499.9688
-640.132
-412.2641
-405.8374
-278.5499
-449.1362
-414.1283
-35311.56
-11054.74
-3509.583
-1293.051
-314.9995
-326.6464
-327.1541
-389.5679
-478.3006
-260.4329
-348.5543
-494.6024
-357.3076
-392.9561
-72.00491
996.744
308.5322
-159.2356
-186.4678
502.4039
-214.7668
-230.4151
-281.0224
-317.4583
-251.9303
-222.8929
-313.4615
-317.0053
468.2929
-61.17426
-36.04924
-353.8175
-477.457
-2622.35
-987.3629
-521.6531
-414.5535
-653.035
-427.4393
-1991.416
-1032.468
-497.7737
-289.125
-312.6406
-118.4817
-315.334
-390.7854
-421.0931
-493.0524
-415.5631
-311.4817
-390.9517
-360.4975
-291.2938
198.2296
-13925.41
-4307.581
-1547.38
-709.8333
-587.9122
-397.1516
-696.9008
-307.3888
-460.1774
-248.0742
-387.2998
-261.9729
82.58377
-329.5433
42229.92
12297.47
3406.619
617.2846
-93.51517
-402.2329
-430.0966
-494.0977
-125.9163
-276.0073
-509.2131
-468.5467
-677.4506
-626.0925
-704.3091
-824.4901
-642.1753
-609.774
-543.7999
-657.756
-606.7887
-621.9965
-570.8938
-479.4362
-513.2345
-591.8812
-693.6518
-675.7955
-971.3331
-713.3347
-852.9115
-1015.866
-785.3676
-732.2705
-594.0133
-633.8977
-544.0888
-663.9414
-672.0885
-643.357
-663.2546
-1258.138
-920.006
-749.2878
-728.0554
-570.6815
-612.9709
-683.216
-862.3397
-871.7278
-785.5687
-770.4863
339.5085
854.3557
-1312.166
-966.0861
-812.8498
-793.0739
-923.8947
-987.5722
-941.9579
-974.6955
-871.0959
-1183.375
-998.3616
-1200.352
-970.3362
-858.3631
-1103.948
-973.4412
-913.7066
-680.291
-821.8223
-431.4946
-1769.044
-1111.39
-1036.478
-991.0646
-1057.808
-1896.421
-1293.549
-1076.418
-1052.533
-1022.266
-1016.29
-1215.899
-1188.111
-1075.898
-1046.906
-1105.899
-1029.112
-1060.124
-993.8373
-1055.666
-1116.669
-1131.322
-946.9833
-1074.983
-1169.906
-1116.772
-977.8412
-1005.658
-1043.207
3476.625
233.4709
-1147.304
-1456.201
-1178.14
-1153.167
-1329.634
-1222.209
-1232.888
-878.0703
-1054.275
-3728.052
-1733.176
-1375.589
-1367.818
-1530.017
-1253.132
-1344.686
-1499.747
-1347.419
-742.3558
-1031.57
-1214.245
-1220.11
-1280.496
-1660.884
-1222.21
-1375.146
-1704.965
-1624.562
613.4493
-718.5822
-5002.946
-2501.914
-1724.191
-1507.183
-1358.71
-1352.951
-1674.699
-2336.077
-1436.994
-1328.706
-1401.06
-1335.698
-1361.556
-1087.86
-1219.584
-1306.763
-1277.087
-1484.429
-1375.055
-1252.608
-1630.671
-1167.642
-1162.147
-1510.308
-1463.489
-1581.191
-1248.803
-1258.075
-1338.227
-1363.33
-1746.066
-1571.011
-1407.353
-1440.633
-1559.087
-1603.421
-1497.186
-1409.787
-1286.112
-1556.49
-1845.083
-1667.007
-1457.327
-1403.785
-1596.972
-1852.162
-1647.005
-1449.163
-1145.765
-1716.083
-1510.576
-2749.496
-2071.863
-1674.129
-1621.948
-1499.463
-1299.68
-1334.836
207.1178
-888.4432
-1171.045
-1578.577
-1418.619
-1350.949
-1414.522
-1392.655
-1764.464
-1661.672
-1445.79
-1555.028
-1385.562
-1420.072
-1587.936
-1401.164
-1429.904
-1267.862
-1869.219
-1676.116
-1439.008
-1250.509
-2201.84
-1571.326
-1507.407
-619.3902
-709.6128
-1038.714
-1155.527
-1503.907
-1218.923
-1279.394
-1276.288
-1141.34
-1204.298
-973.1468
-1347.767
-1372.323
-1306.008
-1249.463
-1209.118
-1247.06
-1228.315
-1056.814
-1105.184
-1218.253
-607.2517
-939.1935
-1190.501
-585.7657
-763.5329
-1434.194
-1251.335
-1040.993
-1163.317
-1203.821
-838.9328
-920.7614
-835.8592
-1316.176
-1209.12
-1215.74
-1145.457
-1053.6
-1161.111
-999.9026
-932.5147
-1003.108
-1059.737
-1035.319
-1156.198
-1157.726
-1178.522
-1452.52
-1198.576
-1112.971
-1006.388
-953.7126
-1002.96
-1511.745
-1161.796
-1053.886
-1237.643
-985.6146
-908.3383
-929.6285
-903.744
-791.3278
-883.947
-942.3342
-968.0013
-741.0049
-1134.679
-1064.927
-1061.361
-934.5442
-849.9592
-906.2216
-965.0154
-1069.893
-1421.96
-1232.224
-2306.628
-1217.586
-955.3779
-924.3487
2958.543
407.7955
-387.221
-794.0602
-805.0259
957.699
-133.324
-616.07
-759.6034
-754.7008
-384.2788
-627.9987
-275.1618
-225.1354
-534.1298
-723.0247
-682.3583
-1198.598
-911.4273
-812.9522
-644.2142
-645.5762
-700.8624
-691.0056
-747.5784
-807.266
-949.293
-701.1659
-934.3775
-775.1081
-743.964
-751.1127
-222.0311
