-78.00992
-60.30132
-43.22473
-33.22303
-29.66764
4290.359
3940.333
3659.139
3578.637
3308.986
3030.04
2127.189
1983.395
1841.136
1650.434
1426.302
1290.847
1179.987
1087.293
1026.488
927.1057
886.7723
794.6526
715.436
688.5435
562.7466
627.4377
663.249
1085.827
1008.68
938.8125
842.6731
783.3767
767.1653
556.2107
542.3962
538.9919
508.6941
1059.704
969.9917
893.8526
845.3534
786.5125
767.5133
726.2071
669.4859
623.1463
607.0756
549.1828
545.3762
468.0307
192.6758
197.7679
207.2568
187.4859
264.8768
250.8957
289.5859
456.1834
418.7842
391.0321
446.384
430.7028
447.1601
396.1945
377.8415
363.5239
-45.96637
-48.33508
-42.36213
68.1236
88.3057
129.6029
-32.90874
-11.78135
-74.05183
7.975219
-106.4693
-52.05786
-65.91271
-96.97732
16.21168
33.63495
64.29691
140.3238
148.9078
38.86114
66.96323
73.55339
102.822
94.47268
127.6436
122.387
52.47247
51.38373
77.22109
101.9286
154.1341
139.2844
117.4271
124.5845
135.3811
216.2679
191.2207
173.0297
321.4226
302.3476
310.1068
358.3593
407.4823
381.9924
379.0147
351.8171
329.9773
288.0181
250.37
245.2509
231.974
342.1002
368.6477
389.4052
428.1943
375.6165
365.116
183.6063
175.5814
188.2546
199.8071
179.2746
211.8782
444.6684
426.8981
361.9732
354.0319
262.9494
492.0595
510.4839
470.0276
447.3182
612.2313
585.5774
540.0756
497.7344
434.0148
267.1604
266.8488
276.636
560.0567
530.7645
479.5325
467.0376
555.3061
528.2324
565.4223
583.8216
553.0729
423.3846
359.8128
582.0429
511.7256
518.689
392.7464
506.5614
1272.417
1044.376
990.9222
874.5286
814.1613
741.0412
748.476
741.226
681.0915
639.8096
605.5509
-241.2532
-241.3494
-232.651
-183.3616
-152.4541
-120.2779
-81.09548
-22.06119
-17.46026
28.8122
26.23323
51.17065
113.1471
127.0175
133.5672
55.36047
66.82716
-1194.036
-1087.295
-996.3631
-896.5424
-787.1669
-728.8336
-617.1274
-530.9769
-387.9591
-326.8505
-283.924
-341.2442
-336.8794
-279.9471
675.6724
653.2264
662.5182
626.1028
728.1816
787.2797
709.5906
716.1432
682.3227
-736.0204
-701.7809
-702.8711
-521.9571
-469.2953
-417.9633
-361.9809
-265.6599
-20.88864
-121.743
-84.94548
24.95262
46.32065
80.69937
83.74947
91.98144
105.0419
105.1558
73.6627
106.5178
99.50968
154.2853
188.6414
280.5792
290.1257
300.6101
297.259
310.8749
400.8317
412.6231
416.9536
429.8174
353.738
369.1761
380.0676
439.8391
422.9833
360.1501
273.1287
278.4877
-1931.012
-1745.832
-1584.394
-1437.473
-1310.665
-1138.494
-1206.552
-1295.734
-1231.426
-1097.135
-981.8804
-955.8361
-972.1833
-958.5475
-820.4684
-683.7229
-627.5472
-586.1747
-524.4464
-437.6688
-385.0131
-342.8942
-291.7347
-255.3585
-233.8652
-186.247
-130.4132
-121.493
-97.69586
-69.86585
-27.38668
-8.199217
66.95787
172.4237
205.3066
236.5626
246.5247
234.6752
233.5223
224.1518
213.9912
244.2113
373.0272
374.085
406.6039
406.4123
349.5899
333.1816
328.3967
263.8774
318.6427
307.8322
265.2503
273.5246
285.2819
268.9766
219.0063
162.0822
164.5997
165.874
187.3465
187.6007
342.9565
348.4273
369.059
364.5817
378.5855
368.4657
327.5667
335.0237
354.3166
338.3528
336.7294
330.9981
275.9805
-571.3203
-513.3277
-462.2014
-369.6717
-310.5098
-219.4266
-206.2839
18.28721
59.53533
94.59894
124.2603
142.798
156.7031
164.9943
173.0495
179.8744
253.2905
227.4726
207.8218
199.9827
328.219
1702.04
1571.758
1458.888
1368.722
1246.328
1136.118
1038.012
988.287
1005.703
913.6265
873.0427
821.1999
776.8277
758.9951
790.6723
804.8025
762.8731
680.8959
606.6431
-258.8113
-284.0386
-273.7455
-265.3998
52.40941
314.5988
297.8925
284.8975
-1094.457
-1125.688
-1013.28
-898.4538
-897.3362
-843.6452
-746.3333
-641.364
-555.1337
-457.6945
-394.9626
-442.4609
-395.2354
-313.2498
-243.6385
-204.686
-141.065
-886.8085
-687.0058
-598.2863
-644.048
-684.7641
-604.0588
-494.4018
-427.7195
-349.766
-290.9596
-242.1371
-223.258
-177.737
-125.4796
-51.77438
-113.4465
269.9697
244.0534
280.4848
214.4448
204.149
224.3196
220.6091
241.8359
232.5534
224.9016
183.5151
206.6717
49.53696
59.0876
55.01407
39.43899
55.01115
103.0471
144.3551
295.2859
303.6833
283.0973
222.0023
249.9074
242.7319
256.3897
-477.3183
-451.248
-335.639
-310.185
-454.0413
-369.2381
-306.6511
-274.0969
-10.78982
37.91177
53.98478
76.81465
-360.285
-213.3325
-182.791
-203.4029
-164.472
-134.9543
-121.8928
-84.72465
-11.84436
44.76615
78.34881
-89.599
-33.71611
17.09327
75.48191
99.7248
88.12826
127.8692
153.5576
92.8874
125.4826
196.5063
176.3461
273.6643
260.0099
289.1718
305.8099
303.5454
325.0268
317.8828
262.0321
97.18165
133.1333
206.0082
249.2812
186.1638
231.2402
172.6553
178.3508
173.7268
186.4646
150.5799
148.2635
189.1744
237.1821
264.8046
317.168
309.5727
290.9565
162.2275
230.4658
189.064
47.37366
67.27894
98.34822
100.2895
115.331
107.0609
117.4353
148.9418
187.2125
98.90122
82.58727
111.7816
-663.2379
-585.8193
-491.536
-394.23
-345.0155
-308.5891
-219.8657
-167.2199
-223.0512
-146.4669
-86.86769
-18.81867
34.1836
115.28
202.3923
74.35318
102.1967
132.8657
163.5274
188.7275
229.229
276.6482
282.1808
296.9075
269.8103
262.5331
104.1924
120.4664
128.8207
137.3836
126.0322
169.9506
205.0098
335.3549
482.0058
620.3892
554.4874
487.8527
505.8467
471.8552
464.9153
416.2924
433.1304
465.812
474.4498
546.4482
532.9322
528.3492
522.6227
528.9594
1013.23
943.5376
914.8798
858.8973
839.6982
822.6319
762.0252
728.1273
738.7546
836.8343
685.4313
718.2566
766.7634
729.1047
769.809
725.3494
705.1442
589.8724
572.9798
657.681
-2506.907
-2228.247
-1974.146
-1709.152
-1556.052
-1283.585
-1159.308
-1081.418
-940.4684
-806.863
-665.046
-630.2231
-562.4895
-212.2413
-118.0366
-57.67185
26.53146
-52.07764
883.5335
877.682
818.0479
807.9576
335.3982
2463.521
2298.119
2209.125
2056.736
1942.546
1825.296
1719.698
1654.383
1588.617
1460.848
1374.311
1459.236
1410.288
1342.178
1294.925
1229.923
2357.349
2195.193
1261.998
1499.305
1455.982
1364.694
1359.539
1284.56
1200.999
1180.887
1083.271
1032.982
958.6847
903.7034
893.734
907.553
906.6855
907.0239
866.5663
838.3293
835.1158
835.704
777.9994
789.9349
725.6885
727.0405
697.5475
701.9944
709.8977
741.3554
726.2782
915.4519
963.5418
925.9428
722.4162
707.8764
708.8934
779.9615
754.9732
640.6687
668.5671
291.9772
303.0691
276.4234
338.3678
301.9945
105.5783
251.4055
362.0981
380.3486
423.7309
467.3574
722.1683
713.9634
674.0987
716.6658
555.8493
817.9259
766.2864
769.7426
750.8572
759.4373
718.0036
718.7316
733.6748
716.5479
682.2424
708.219
630.5351
659.2581
665.4708
702.2691
797.825
-313.4781
-261.5781
-184.2476
-111.9324
550.6499
571.6705
542.2966
537.7649
577.1523
510.7295
553.663
595.5728
479.5378
507.5942
560.186
600.6616
499.3356
506.7425
503.1598
540.7562
545.3036
499.1091
560.6877
558.9325
580.0224
591.9562
2368.795
2209.94
2100.932
2014.369
1900.835
1772.97
1740.672
2074.036
2881.831
2732.179
2553.192
2415.726
2293.673
2039.137
1891.649
1802.353
1708.843
1637.727
1564.774
1461.907
1328.862
1325.568
1282.604
1225.446
1203.98
1166.107
1117.453
1073.233
1005.8
933.6305
1151.647
1138.734
1120.401
1132.008
1113.194
1093.216
1069.397
1024.914
1022.664
991.5192
956.7081
953.5777
1283.741
1242.015
1218.399
1106.372
1076.796
1074.59
1037.723
961.9408
983.9241
959.7704
1010.864
1017.861
956.1162
941.8197
958.3071
712.4956
644.5462
659.7341
677.3866
683.7628
698.6767
1869.39
1828.636
1831.215
1625.015
1559.989
1622.969
1550.944
1502.98
1591.888
1510.65
1483.562
1437.051
1355.276
1315.465
1288.392
1266.741
1247.464
1015.308
1001.262
1022.758
1051.092
1906.678
1810.872
1708.945
1587.725
1542.931
1478.008
1343.751
1301.666
612.7397
687.7889
798.2916
792.5297
1123.577
1089.552
1047.317
1036.119
1038.298
1111.483
1453.306
1368.739
1313.271
3620.398
3571.302
3322.388
3424.015
3253.537
3136.831
2953.348
3940.733
3693.154
3662.139
3430.711
3246.907
3047.252
2877.518
2701.015
2399.226
2268.598
2170.24
2116.062
2023.987
2162.422
2064.362
1951.282
1826.526
1747.885
1741.579
1680.412
948.5983
890.0375
932.4519
910.08
1361.389
1257.872
1173.025
1029.083
1037.499
1009.43
1074.062
1075.773
1075.274
1060.352
1042.644
1053.714
1019.307
1009.528
1009.568
1017.054
993.0431
-5898.186
-5114.09
-4627.513
-4168.77
-3751.522
-3333.878
-2995.438
-2620.827
-2331.73
-2041.364
-2221.826
-1967.371
-1726.951
-1545.374
-1356.887
-1137.886
-993.2616
-822.5855
54102.74
49789.86
45813.26
42152.8
38829.06
35752.66
32908.59
30320.28
27951.81
25749.28
23690.37
21832.81
20195.74
18586.21
17165.41
15882.14
14674.71
13592.43
9292.397
8613.392
7924.119
7365.93
6921.034
6459.493
5906.019
5503.264
5088.101
4713.051
4165.337
3916.535
3630.674
3404.834
2832.609
2601.114
2474.362
2432.876
2333.781
2215.636
2070.606
2018.108
1919.657
1801.723
1706.358
1926.48
1838.699
1769.563
1690.52
1586.663
1308.864
1265.992
1205.5
1164.936
905.1698
790.6025
759.4538
759.3874
751.0625
746.8431
946.6168
1047.806
837.6544
824.7601
838.2282
759.4219
777.5835
745.5946
847.2792
855.4012
817.396
827.9938
818.2941
814.7267
1056.029
1029.845
1032.832
1001.276
993.9166
987.5648
933.8445
2007.277
1889.692
1819.147
1660.923
1584.181
1478.915
1439.952
1383.338
827.1301
792.9989
787.6317
789.2907
926.5621
911.6229
922.9149
908.4675
912.3836
968.5434
951.5177
1329.45
1233.189
1210.06
1172.306
1163.377
1198.277
1153.519
1017.642
826.5735
827.3501
899.0139
924.702
907.8974
939.829
941.7179
960.1153
953.6785
912.4639
940.1067
941.8502
852.823
843.6249
852.3093
828.0349
974.7672
712.6749
694.5666
745.4013
784.5531
3070.864
2831.289
2654.771
2376.327
2311.414
2071.061
2001.007
1919.488
1945.075
1889.568
1851.018
1759.78
1765.233
1696.529
1668.038
2090.984
2041.461
1981.079
2038.916
1984.156
1901.648
1776.465
1753.392
1682.426
1618.932
1521.301
1478.009
1431.578
1258.233
1241.583
1183.121
1240.234
1174.248
1163.671
1141.763
1356.459
1334.655
1317.821
1237.772
1237.993
1216.43
1181.931
1167.902
1149.475
1169.875
1162.022
1175.144
1151.791
1127.962
1097.658
1059.762
1069.057
956.4515
981.2854
985.0728
974.6121
940.6032
911.2227
866.4402
890.89
895.8577
910.4949
913.0049
960.307
965.1691
943.8659
953.5215
956.9446
949.6865
970.108
942.6745
966.0329
915.5385
847.2244
777.3848
840.3654
837.6465
826.8554
874.4688
846.6037
883.105
729.276
768.9672
793.3736
814.2159
804.356
817.6364
878.8452
841.577
850.6437
1045.085
1055.517
1067.09
1073.214
1042.001
982.5068
908.9185
907.2843
900.5431
944.673
983.4927
1003.873
1004.021
1078.697
1058.476
1079.846
1053.497
1062.733
961.7966
921.9684
886.4446
898.5424
856.0691
989.8364
1022.904
1029.673
1052.534
1077.391
1176.427
1183.921
1195.336
994.0709
1026.963
1048.164
850.1717
775.9461
845.3293
845.5906
867.2846
871.6554
855.1489
878.2421
889.591
689.7658
709.2822
792.0774
801.2344
811.2484
865.9699
1434.872
1375.011
1368.35
1803.209
1747.275
1692.999
1527.494
-1610.972
-1330.698
-1033.621
-843.5932
-669.289
-522.4987
-396.5941
-284.1318
-197.2878
-102.0285
249.3306
370.1945
424.0043
501.4939
529.5535
589.5796
630.5774
421.2182
474.3207
524.9024
591.0805
630.826
660.3317
698.9723
717.8415
746.8756
778.8607
764.8397
792.1659
834.1189
835.6327
865.5474
948.6207
986.7206
1207.386
1205.761
1197.077
1268.367
1244.321
1219.319
2356.113
2248.879
2139.729
2049.292
1978.622
1936.39
1870.949
1847.811
1760.932
1801.471
1806.472
1768.189
1708.929
1648.98
1612.606
1574.689
1580.996
1556.339
1480.616
1477.955
1434.774
1389.45
1527.744
1519.002
1464.089
1406.217
1465.279
1444.744
1436.749
1433.122
1540.938
1506.026
1659.022
1623.348
1643.223
1567.033
1530.937
1501.435
1511.977
1482.115
1450.107
1461.557
1424.763
-829.8593
-692.8232
-513.8344
-355.1765
-229.2961
-180.0582
-46.36709
86.91902
186.9843
401.0774
460.6488
516.869
588.4444
658.6689
741.7203
826.8982
839.8011
909.0184
1011.421
1040.126
1094.071
897.5727
972.576
724.2272
681.2365
722.6322
758.6298
856.2421
876.3199
587.731
665.4203
421.8423
450.5244
501.4355
575.2452
700.8785
756.0507
661.3692
731.531
803.9658
1270.595
1251.1
1234.888
1187.898
1197.254
1179.903
1212.493
1597.304
-6315.608
-5691.017
-5140.319
-4667.32
-4197.816
-3703.261
-3288.661
-2933.966
-3007.323
-2649.212
-2334.889
-2045.024
-1762.19
-1475.38
-1265.566
-996.8642
-806.1405
-689.236
-511.8856
-359.6366
-243.1758
-171.0843
-23.1214
117.7884
283.3006
156.4394
61.76162
150.9801
234.3438
364.3139
422.16
484.5357
557.4879
629.9322
688.8261
530.8956
588.2468
629.5919
683.4836
719.6553
773.3162
796.4076
850.8588
878.0161
928.763
1013.193
962.2436
1055.361
1057.381
1450.875
1437.419
1432.905
1405.91
1398.007
1149.779
1155.27
1171.529
1197.622
1524.283
1496.178
1496.982
1526.565
1495.509
1489.04
1493.498
1514.717
1390.059
1379.153
1399.886
1477.865
1462.449
1529.925
1713.04
1692.766
1654.841
1632.68
1608.779
1563.275
1452.006
1471.489
1476.067
1434.243
1457.236
1367.681
1386.789
1410.334
1413.958
1372.439
1388.401
1420.989
1412.664
1398.731
1389.436
1394.089
1472.64
1480.145
1532.343
1529.056
1530.103
1328.516
1347.508
1319.224
1314.566
1465.968
1437.015
2385.422
2388.095
2275.039
2212.762
2142.669
2095.065
2009.573
1976.436
1929.008
1938.983
1843.644
1863.808
1798.795
1741.142
1693.264
1604.618
1561.446
1454.559
1468.12
1451.312
1496.223
1489.671
1484.676
726.8082
789.9243
854.9729
905.5542
917.3407
801.1477
831.1076
465.36
609.7814
679.1494
736.4565
828.0949
864.333
897.4809
973.665
1286.115
1315.174
1336.924
1402.748
1433.817
1478.323
1438.19
1411.6
1414.707
1427.662
1441.079
1422.974
1415.49
1516.481
1493.149
1499.414
1373.112
1371.859
1350.844
1348.746
1440.842
1449.494
1423.731
1548.922
1528.497
1552.919
1464.666
1682.254
1833.51
1810.709
1793.222
1767.13
1176.445
1236.988
1280.271
1290.276
1314.282
1325.852
1352.57
1369.622
1358.32
1377.126
1410.218
1410.113
1425.829
1394.929
1411.642
1459.677
1502.798
1508.047
1148.153
1409.967
1437.846
1448.188
1468.545
1468.38
769.8633
835.7209
897.6805
959.6929
912.3452
964.6941
998.1376
1032.313
1084.864
1146.141
1178.677
1214.743
1196.121
1212.795
1214.085
1209.043
1212.443
1203.818
1219.685
1233.693
1264.329
1285.714
1320.812
1349.156
1354.119
922.5548
965.2161
1087.903
1166.025
1213.426
1286.559
1291.3
1311.839
1269.915
1145.744
1132.636
1154.138
1148.803
3183.871
3043.233
2982.777
2863.04
2772.268
2657.031
2573.257
2531.508
2269.816
2210.106
2127.729
2032.837
1905.544
1803.328
2007.877
1963.227
1843.163
1827.305
2112.142
2011.29
1986.089
1966.108
1914.552
1960.425
1951.588
1921.934
1965.235
1933.637
1875.049
1841.176
1745.992
2070.409
2060.037
2036.751
2009.474
2503.8
2383.769
2309.762
2234.741
2163.81
2120.175
1860.622
1812.644
1767.462
1747.518
1744.804
1719.335
1744.427
1901.049
1878.86
1876.879
1788.981
1756.104
1945.729
1914.85
1895.345
1860.101
1860.393
1701.41
1692.545
1688.471
1684.902
1490.185
1461.185
1453.162
1469.307
1487.058
1495.356
1754.427
1753.802
1754.503
1717.481
1708.254
1697.674
1538.135
1532.73
1547.982
1499.079
1508.339
1510.03
1512.744
1430.247
1563.563
1573.722
1579.135
1600.197
1612.641
1708.758
1670.563
1678.065
1652.171
1481.859
1529.247
1502.453
1639.135
1631.61
1593.39
1581.684
1610.036
1601.38
1602.602
1637.529
1609.844
1625.652
1615.034
1614.27
1630.125
1622.061
1646.523
1537.262
1519.538
1521.712
1489.956
1512.594
1485.188
1426.379
1350.585
1328.536
1309.771
1344.427
1325.444
1334.114
1431.072
1438.433
1462.152
1497.082
1569.949
1617.192
1590.316
1493.481
1503.749
1470.681
1537.65
1559.609
1539.316
1562.571
1580.469
1585.79
1541.972
1541.839
1542.585
1566.097
1550.907
1529.344
1533.51
1554.465
1515.104
1505.584
1533.205
1535.631
1527.903
1616.262
1593.75
1667.102
1448.154
1442.819
1466.458
1488.446
1491.23
1385.809
1402.2
1435.671
1479.684
1496.594
1593.902
1474.765
1495.64
1588.676
1461.752
1449.246
1459.116
1495.518
1498.171
1087.502
995.0905
1064.048
1121.927
1248.574
1269.26
1292.253
1287.346
1340.235
1094.596
1195.42
1212.411
1293.431
1290.045
1316.03
1341.047
1374.163
1444.194
1194.451
1386.754
1303.157
1592.371
1507.794
1402.333
1404.045
1457.555
1489.194
1547.737
1556.237
1572.086
1576.072
1573.691
1580.735
1596.978
1635.622
1541.222
1264.916
1260.36
498.9658
-108995.2
-100620
-92316.85
-84713.21
-77679.56
-71103.77
-65313.06
-59916.35
-54940.31
-50299.6
-46058.49
-42092.38
-38278.15
-35040.04
-32073.41
-29358.9
-26902.07
-24611.66
-22409.08
-20446.72
-18997.4
-17327.91
-15780.06
-14398.88
-13097.07
-11905.53
-10810.07
-9801.593
-8893.101
-8035.693
-7187.387
-7192.027
-6482.72
-5790.094
-4750.482
-3795.003
-3324.34
-3222.558
-2801.971
-2576.013
-2249.43
-1929.904
-1668.556
-1390.04
-1144.639
-885.4313
-687.1376
-632.163
-459.8793
-352.3952
-261.948
-51.03992
90.478
216.8836
430.0664
506.4638
640.8022
732.6992
792.9893
873.3044
1029.184
1097.947
1037.474
1239.489
1259.633
1332.796
924.0656
978.2126
995.9459
1052.352
1106.225
1193.124
1207.886
1210.647
1172.087
1214.912
1242.846
1286.385
1335.305
1289.292
1319.868
1204.717
1499.382
1506.264
1548.958
1579.276
1609.344
1598.695
1631.733
1638.401
1634.785
1633.521
1620.053
2057.771
2018.848
1979.204
2360.556
2073.046
2179.541
2196.993
2090.164
2098.177
2021.422
1971.632
1969.812
1963.686
1951.403
1931.183
1908.996
1928.565
1954.312
1959.085
1943.88
1880.104
1860.658
1850.5
1696.679
1701.464
1671.588
1707.188
1723.917
1879.429
1882.623
1917.446
1640.292
1381.516
1418.345
1405.905
1440.07
1471.777
1520.168
334.7658
449.69
540.7657
636.3018
633.9504
450.3534
511.4662
605.4906
660.0836
774.6419
888.254
980.9617
1056.578
4016.49
3815.389
3676.386
3575.679
3377.926
3265.652
3169.307
3046.822
2966.25
2004.24
1928.854
1902.31
1898.773
1885.164
860.1215
904.5235
961.8728
1026.527
1060.054
1077.158
1119.991
1169.8
1209.522
1237.912
1312.328
1358.723
1362.427
1383.58
1437.02
1436.724
1455.432
1688.993
2201.826
2181.288
2151.657
2139.992
2137.2
2077.051
2058.44
2068.122
1957.601
1509.491
1530.193
1580.564
1637.607
1538.205
1572.588
1526.378
1496.92
1491.715
1519.182
1590.298
1580.194
1657.425
1830.048
1828.493
1865.462
2122.044
2653.043
2597.205
2594.718
2472.051
2439.159
2372.22
2274.04
2257.233
2227.31
2180.344
2196.885
2123.71
1939.229
1864.939
1887.7
1883.466
2003.761
2010.762
2051.194
1974.832
1939.582
2004.556
1802.652
1831.895
2192.018
2177.394
2138.49
2153.593
2159.205
2122.63
2063.577
2028.792
2012.096
2014.532
2014.345
2014.929
1926.335
1906.549
1926.568
1897.531
1897.902
1916.434
1990.64
822.5135
930.5026
1030.048
1131.878
1177.337
1258.002
1305.361
1351.315
1397.511
1460.039
1522.626
1492.852
1514.823
1586.557
1615.404
1647.868
2000.559
2026.463
2053.634
2078.837
1917.519
1927.691
1910.304
1729.528
2236.993
2372.313
2848.356
2765.627
4909.898
4727.702
4491.865
4473.34
4210.69
4041.56
3874.379
3720.695
3598.008
3480.917
3352.059
3242.417
3132.568
3097.161
2990.447
2887.183
2239.545
2226.647
2203.582
2966.978
2880.582
2824.254
2689.916
1238.908
1301.005
1355.651
1731.913
1664.697
1753.586
1737.228
1808.032
1829.154
1835.989
1794.555
1796.594
1989.4
2038.333
2001.019
2051.088
2052.023
1931.607
1930.288
1927.411
1807.731
1817.343
1836.347
1868.938
1858.166
1884.286
1817.548
1842.857
1862.013
1864.315
1903.714
1944.668
1969.088
1983.048
1941.268
1749.342
1768.218
1827.242
1795.344
1818.404
1845.207
1868.724
1866.613
1679.841
1751.679
1839.225
1869.413
1825.037
1871.504
1879.855
1944.509
1948.321
1955.978
1867.55
1856.763
1874.665
1261.566
1341.711
1419.238
1436.831
1492.086
1551.76
1592.247
1640.204
1690.909
1699.026
1648.472
1579.693
1596.898
1683.703
1713.629
1707.672
1697.338
1731.409
1762.458
1651.964
1700.031
1697.091
1629.992
1689.358
1708.747
1914.126
1902.069
1886.76
1850.698
1847.997
1929.938
1910.777
1897.017
1946.304
1924.818
1951.365
2028.539
2047.179
2023.61
2052.155
2064.146
2074.274
2071.268
2057.615
2117.907
2107.414
2104.247
2088.19
2077.007
2192.08
2865.774
2820.4
2821.988
5169.208
4915.759
4711.634
4514.195
4207.866
3787.028
3630.802
3517.488
3423.872
3339.899
3253.088
3145.449
3062.115
3127.434
3063.546
2814.356
3008.016
2874.502
2841.566
2778.072
2733.961
2676.044
2700.222
2662.518
2432.193
2411.141
2364.037
2485.948
2385.042
2273.133
2252.087
2170.325
2154.711
2075.665
2077.93
2070.487
2090.165
1937.576
1937.705
2062.851
2178.498
2087.219
2072.315
2053.649
2074.225
2094.044
2832.249
2782.005
2698.828
2655.055
2639.661
2562.6
2515.57
2539.833
2520.017
2328.939
2331.665
2223.358
2244.1
2221.612
2199.107
2200.781
2154.751
2070.918
2087.286
2110.821
2117.728
1831.073
1778.414
1775.265
1780.162
1873.273
1866.481
1828.968
1850.521
2190.716
2202.467
2174.177
2183.656
2203.644
2060.312
2095.547
2052.741
2063.468
2056.31
2095.371
2091.111
2092.763
2153.636
2167.511
2165.179
2099.816
1215.032
1297.93
1342.795
1435.117
1455.355
1470.722
1523.373
1596.534
1618.573
1680.47
1702.554
2037.317
2006.388
2013.908
2014.097
2099.752
2157.208
2184.091
2180.011
2197.451
2170.002
2052.186
2014.797
1943.574
2000.143
2018.852
1994.312
2002.196
1971.824
2009.015
1985.649
2013.969
2066.565
1823.722
1867.933
1822.131
1804.653
1864.142
1916.716
2815.251
2770.269
2725.331
2673.763
2622.092
2588.897
2395.132
2364.031
2379.922
2243.088
2237.891
2244.489
2283.904
2222.27
2228.42
2182.392
2190.329
2576.078
2493.177
2420.691
2422.954
2409.86
1150.631
1275.046
1347.424
1448.356
2662.306
2736.653
2621.264
2565.22
2415.384
2478.301
2371.633
2374.309
2732.917
2556.985
2534.931
2519.408
2501.331
2484.674
2498.471
2483.678
2464.727
2440.461
2327.395
2259.298
2252.978
2406.913
2323.886
2260.605
2256.818
2279.331
2245.048
2217.518
2202.908
2246.659
2163.813
2164.35
2129.494
2160.886
2122.729
2149.243
2150.014
2253.805
2412.605
2412.749
2476.051
2396.434
2529.891
2538.773
2472.375
2459.64
2463.24
2528.401
2454.973
2428.77
2458.099
2443.702
2424.63
2438.061
2437.506
2430.941
2405.236
2389.577
2371.48
2327.093
2306.918
2288.1
2251.075
2341.308
2370.734
2362.744
2351.605
2251.975
2253.676
2211.298
2173.428
2086.49
2118.762
2141.221
1982.077
2003.3
2270.218
2214.015
2217.337
2213.467
2211.677
2249.468
2260.789
2283.563
2482.038
2485.473
2454.803
2291.206
2320.419
2276.291
2274.602
2285.112
2192.636
2202.035
2129.456
2215.967
2207.647
2224.863
2301.677
2239.993
2188.887
2191.501
2206.843
2228.114
2241.476
2245.687
2262.5
2283.791
2289.382
2220
2164.78
2159.577
2157.835
2164.993
2221.269
2209.931
2222.542
2248.123
2126.819
2048.578
2082.027
2065.882
2062.197
2079.936
2134.315
2110.312
2095.015
2301.472
2405.874
2246.45
2203.115
2275.434
2259.826
2080.827
2097.242
2118.983
2113.196
2067.368
2090.359
2023.729
2111.385
2053.691
2092.327
2070.944
2117.846
2212.21
2234.702
2107.221
2148.162
2169.667
2182.675
2185.616
2216.948
1757.904
-8.503796
89.04017
273.1909
463.9689
583.1517
689.69
805.307
937.9503
1060.595
443.2195
600.3478
708.2539
813.5193
1035.699
1161.673
1379.177
1458.575
1522.358
1612.822
1648.528
1703.294
1740.36
1528.424
1583.338
1649.63
1695.523
1739.789
1806.403
1804.732
1802.109
1848.286
1846.157
1895.258
1935.341
2039.415
2218.149
2201.526
2282.569
2315.781
115.4966
298.1628
465.0637
616.8456
1041.768
1116.149
5077.349
4877.138
4566.869
4369.107
4231.143
3836.448
3748.97
3626.053
3539.458
3467.005
3357.037
3137.685
3094.795
3059.374
3002.445
2997.382
2875.64
2840.026
2722.949
2596.873
2616.532
2613.65
2585.734
2624.466
2556.753
2560.88
2541.686
2652.083
2627.612
2586.983
2541.935
2526.823
2498.732
2491.486
2378.473
2386.421
2329.658
2363.604
2348.528
2327.125
2348.846
2359.212
2357.549
2373.176
2373.711
2368.946
2372.834
2394.12
2392.477
2300.738
2316.536
2266.495
2291.374
2267.81
2323.866
2280.432
2219.783
2222.217
2259.92
2324.96
2344.186
2358.356
2154.842
2179.753
2319.563
2154.564
2218.779
364.5024
606.1269
735.1061
848.5924
898.9771
1048.662
1158.411
1265.809
1313.931
1364.036
1623.333
1334.028
1431.385
1527.994
1577.027
1683.847
1820.438
1891.181
1929.994
1943.102
1982.752
2005.178
2036.182
-1045.91
-774.59
-495.9176
-236.7505
-365.6314
207.9549
398.8357
558.8352
748.1576
889.5079
980.7527
1097.667
1218.745
1287.282
1405.098
1491.837
1986.499
2017.039
2164.286
1393.327
1840.612
1925.003
1978.118
2057.666
1942.265
1987.293
1320.892
1452.629
1376.041
1454.102
1913.177
2013.542
2132.434
2167.729
2209.96
2285.599
2411.257
2415.457
2471.311
2086.966
2119.166
2304.363
2340.388
2386.251
2447.551
2450.922
2662.942
2674.534
2790.562
2771.995
2772.123
5527.919
5269.399
5034.162
4777.361
4603.925
4446.123
4317.804
4171.886
4123.366
4002.75
3892.271
3810.803
3659.357
3573.113
3564.113
3488.378
3431.82
3262.798
3232.836
3168.716
3062.877
3010.585
2968.178
2965.891
2933.884
2823.338
2712.445
2714.806
2755.415
2740.412
2761.851
3283.425
3237.862
3154.332
3113.96
3045.761
3008.168
2993.718
2971.426
2952.263
2933.693
2926.146
3118.976
2973.616
10743.73
10103.04
9408.494
9055.694
8580.553
8112.085
7662.812
7351.285
6939.901
6380.566
6091.238
5804.475
5462.444
5245.187
5022.607
4802.791
4642.481
4491.864
4379.404
4246.542
4114.725
4028.481
3920.433
3902.808
3810.178
3696.155
3609.905
3581.589
3479.031
3387.321
2529.99
2614.542
2696.267
2473.922
2486.647
2516.132
2562.842
2558.065
2488.555
2496.389
2534.833
2560.14
2590.363
2674.846
2706.907
2730.253
2735.044
2759.932
2750.259
2705.964
2688.823
2657.902
2643.437
2789.625
2745.99
5515.861
5172.465
5023.851
4851.582
4898.467
4764.618
4531.745
4428.883
4301.41
4382.769
4240.585
4107.927
3940.102
3737.371
3674.268
3914.484
3822.094
3738.162
3698.536
3699.049
3610.123
3511.553
3469.28
3415.582
3349.463
3871.119
3779.139
3677.132
3616.903
3569.836
3529.557
3477.635
3423.134
3372.267
3343.494
4089.861
3955.064
3851.261
3733.017
3595.003
3556.736
3507.56
3453.444
3418.991
3354.319
3306.053
3213.54
2246.749
2285.049
2293.896
2340.117
7461.029
7118.078
6724.612
6400.234
6123.168
5852.631
5641.509
5490.749
5192.452
4996.987
4816.491
4733.355
4576.681
4417.858
4280.8
4164.477
4060.073
3967.563
3862.033
3799.504
3730.608
3641.077
3611.71
3503.943
3498.5
3454.082
3409.23
3340.972
3269.849
3186.177
3146.852
3337.363
3279.558
3132.073
3056.746
3158.703
3162.009
3096.303
3003.26
3044.205
2338.907
2405.119
2372.452
2412.641
2349.861
2379.307
2408.824
2431.032
2454.215
2469.817
2479.164
2504.619
2554.928
2559.945
2573.936
2605.292
2677.392
2716.468
2750.065
2746.702
2788.696
2830.716
2805.826
2808.292
2757.757
2781.704
2753.872
2798.475
2773.523
2800.088
2891.096
2884.741
2870.37
2855.461
2886.677
2892.753
2894.502
2892.424
2919.832
2904.797
2910.171
2926.875
2924.824
2931.204
2913.871
2899.289
2876.02
2808.574
2835.31
2848.992
2830.911
2830.34
2773.184
2694.082
2638.678
2644.462
2503.87
2482.121
2489.026
2481.392
2519.934
2569.922
2547.147
2665.152
2720.327
2718.194
2713.727
2757.083
2819.165
2833.761
2864.086
2885.777
2877.789
2866.662
2863.147
2771.392
2754.418
2702.476
2695.273
2655.733
2690.984
2659.066
2805.042
2792.142
2394.268
2421.555
2437.227
2462.778
2498.401
2571.041
2586.35
2475.859
2334.474
2385.534
2464.674
2485.52
2487.624
2451.708
2490.439
2442.876
2932.07
2962.66
2970.158
2988.468
2986.746
2940.143
3064.423
3095.616
3143.368
3076.831
2997.454
2989.512
2997.723
4587.928
4614.147
4446.447
4326.388
4214.627
4088.621
3968.088
3882.589
3701.928
3626.368
3577.997
3514.306
3467.268
3409.412
3354.269
3273.63
3235.92
3193.33
3118.042
10340.65
9849.001
9268.558
8786.854
8263.261
7829.003
7437.674
7054.307
6728.951
6387.35
6122.114
5876.957
5102.101
4971.814
4843.214
4709.9
4511.02
4360.268
4196.852
4074.287
3977.985
3875.962
3765.057
3760.933
4140.268
3946.688
3827.424
3731.707
3672.174
3724.304
4555.577
4427.874
