484.2365
-331.021
-51.66817
-63.06343
-66.20867
217.2445
634.1067
515.9376
136.5356
457.0084
-959.6797
-57.86121
236.4122
416.8756
1679.17
1082.261
592.2665
4346.979
2461.293
942.382
111.8619
368.933
675.5131
741.6597
650.1126
403.2539
1058.838
-5592.388
-1252.285
-41.54384
1327.709
1758.635
660.0135
599.3055
554.0848
739.1614
852.2119
674.4025
-584.2579
206.2279
-546.6813
132.0918
336.7141
972.9923
623.6433
760.4987
710.8011
903.0241
-2678.96
-202.6055
342.2592
-363.2834
298.0634
-167.4787
454.8938
556.4871
667.1277
814.4495
-3037.053
-354.1613
468.8365
268.4281
854.3597
961.0827
622.1312
-1599.79
-288.479
917.8044
1242.324
811.2223
176.652
247.8068
717.7613
610.345
10219.54
2717.602
2285.511
1262.731
1070.543
1279.053
1573.6
16765.96
5187.063
2088.955
6088.468
2061.488
1107.858
-26.60564
-2028.401
-302.4807
-3015.494
-262.0562
853.6013
1528.419
1560.303
969.0878
1041.127
-407.0383
1079.303
641.0562
813.6045
894.7405
827.1501
955.4898
973.8109
1493.722
1031.608
694.3249
678.9029
3996.031
1504.976
856.8157
1436.174
733.6445
847.7187
522.682
-140.5839
709.8844
1080.496
643.4044
274.9081
1346.569
643.564
212.1533
142.91
802.8929
667.9891
156.1841
515.2858
558.1816
2261.964
1540.377
1184.68
1658.365
1378.975
426.3043
795.7966
1037.956
8910.847
3443.123
1590.396
1118.339
2051.209
1091.011
589.446
816.8488
902.3885
982.029
1746.595
1129.329
687.1644
826.3033
1587.509
1100.926
1028.15
925.4114
1065.778
870.9539
137.6917
926.0347
852.0087
885.3634
696.6281
686.4291
1332.314
1133.364
1637.82
506.2653
649.3371
823.4286
10202.69
3339.755
1410.021
1488.171
666.7746
378.4377
985.4664
838.7926
862.6703
723.0546
836.1441
2628.281
1606.544
1276.959
1158.011
829.4146
-4448.433
-246.6478
5336.812
1887.519
1153.012
26.73472
-22933.78
-6128.15
-5249.252
-1234.273
117.2338
1196.045
1520.221
639.151
296.9562
1888.043
1061.173
693.1649
-199.3635
-2166.783
-9.124321
-1571.325
-1100.183
4128.26
7301.698
2693.652
2515.205
1071.543
921.8908
1113.778
702.8906
804.6289
622.3976
-220.5399
478.1298
78.61765
411.7444
-1738.883
9871.981
3145.223
1564.023
735.1715
618.1779
978.0595
687.5704
397.3863
395.6091
508.8318
624.7687
-556.246
378.565
590.5015
530.1028
343.5052
-7087.3
-1496.925
-411.8331
547.7621
418.5666
633.0723
223.8729
1361.85
715.0389
552.1852
1303.864
1200.724
654.8752
922.4858
715.8959
67.39767
384.6216
-66.99433
699.1344
164.2036
281.9604
1021.624
576.9615
613.939
640.4257
285.8368
294.323
17.72909
195.0536
-6.385655
219.145
-221.6758
71.76233
514.1617
440.4176
109.4649
338.5938
2094.359
9.102345
-109.6401
385.7795
329.2895
332.7953
176.7298
398.495
355.2515
76.06162
-468.491
19758.81
5571.577
1665.571
436.7446
377.0692
245.3396
196.0679
-1860.643
-73.83058
556.3665
556.7099
165.1487
76.54344
-367.7288
32.42278
321.0201
76.71605
1.200236
-262.6972
223.727
221.9469
782.9718
333.4817
117.486
228.4228
1246.348
233.1152
-13.71446
-297.5675
-218.8966
35.17744
-406.3631
-6162.25
-1113.957
-16571.83
-5776.329
-1526.035
-424.5427
-242.8152
81.4087
-26.35655
-471.4462
-409.7742
-88.27972
676.631
309.7999
521.4467
-1729.766
-531.1182
-206.1199
-137.9357
-287.8481
10456.08
2925.41
20.38654
-66.10114
720.5826
26.01407
-151.3248
-205.8286
-207.4288
-29.46398
-283.3853
-1346.387
-494.2679
-423.4389
-2498.559
-1924.507
-2138.81
-523.6211
-318.6107
-444.2909
-300.6792
-497.0497
-457.0982
-202.3557
-213.2965
-1994.038
-735.7443
-4371.816
-1394.337
-108.5264
-533.497
-398.0372
-379.604
-630.2095
-335.4325
8862.409
2380.13
937.3435
46.67192
-338.2546
-366.2773
-4780.564
-1464.848
-1876.256
-566.7972
-488.176
-414.9749
133.098
6726.983
-1001.879
-547.8656
-65.45325
-871.9857
-692.0476
-7437.282
-3047.488
-699.8129
-472.9142
-487.4564
-450.8952
361.7918
1140.961
-1174.952
-595.5068
-730.101
-788.0749
-516.6181
-490.1654
-2605.295
-1526.773
91.88877
-316.9779
-273.8544
-326.6679
-250.4544
-382.8847
-554.4992
-444.2661
-1084.371
-267.0055
-900.5225
-388.2829
-356.406
-606.6583
-599.1724
-560.7495
-848.0827
-1257.717
-1130.333
-847.1836
-938.5698
-710.1326
23.32709
-720.1242
-1233.532
-1207.732
-12754.14
-3732.245
-323.6272
-433.9583
-426.8298
-12445.37
-3552.908
-1564.927
-285.3492
-572.4609
-610.3295
-486.179
-331.6639
-539.0072
-266.2844
-980.2848
-769.4723
-172.5491
-457.858
-377.63
5008.742
898.0319
-154.8975
-48.6259
222.0608
-800.3223
-776.8075
-953.0172
-823.0629
67.96335
-244.5004
-246.1219
-764.5421
-930.1506
-666.2182
3531.587
-1569.17
-861.4606
-699.7648
-716.074
-927.6345
-273.3604
-604.9614
-612.4671
-851.0272
-3221.58
-1093.43
-955.0869
-1082.307
-1053.128
-846.4083
-899.8046
-685.1772
-689.1092
-683.2571
-1331.629
-957.2185
-574.0266
-728.9261
-704.7021
-713.669
-722.1548
-695.594
-562.2885
-519.8288
-625.1638
212.9624
-441.9436
-570.7115
-85.98936
-611.8809
6144.54
1359.366
205.111
-466.1099
-435.6838
-631.3686
-1116.037
-1670.55
-1565.617
-715.0011
-682.5483
-687.1802
-552.1879
-512.0649
-755.6011
-679.2576
-200.4188
-369.2549
1192.135
146.9629
-2510.786
-1384.559
11455.18
2550.992
-67.18823
-650.3467
-980.0466
403.6314
-256.4411
-635.0073
-614.5086
-576.1249
-676.6193
-504.4889
-902.6899
-474.2798
-942.812
-854.1919
-1127.388
-475.5493
-931.367
280.0285
-212.7716
-571.2693
-745.8832
-484.1243
-266.0643
-504.3348
-632.3109
2833.925
462.6694
3270.813
390.7291
253.7875
-46.10038
-277.6219
-421.2642
-2931.1
-946.1097
-546.0613
117.1625
-484.5671
-1717.498
-592.3979
-564.8574
-364.2908
-428.9736
-306.3356
-778.1511
-278.6968
-349.6307
1234.788
151.8369
-323.6255
-186.483
-230.3232
-223.4712
-695.1583
-163.2392
432.7715
-86.34003
-442.0025
-562.6266
-496.3651
-407.1411
-381.1142
-168.8574
-98.62808
-239.276
-475.5484
-1527.605
-711.0843
-310.0792
-8.580894
-164.3098
-458.5409
-429.3546
-507.5838
-89.70659
-1319.094
-636.5586
-361.4082
-131.9079
-365.8208
43.34421
-1514.105
-465.0301
-1045.807
-410.4037
-307.4874
-64.62319
-342.5736
-308.1465
-1554.621
-1321.321
-406.8554
-602.1533
2669.168
1183.791
6150.695
1853.126
405.841
-900.7341
-67.62912
183.8734
-752.0056
3612.724
157.9956
479.6792
-158.4319
-180.055
354.7608
-54.82622
-1772.31
-667.0296
794.2101
-868.5412
3892.462
617.974
289.8441
-1312.201
438.7179
153.9909
537.9826
1.540259
288.4405
353.5301
-162.8785
-213.2084
0.357018
-90.83756
8.658876
-114.3491
153.9166
207.5261
251.2757
693.2863
-191.3111
183.5917
160.075
-166.8358
-236.2233
-2399.61
-500.0906
-62.49571
13246.37
2662.965
-854.5868
208.3068
210.7374
265.615
518.5807
-266.4224
282.1966
253.2538
152.7711
165.0114
626.5319
344.4106
483.1082
563.6159
721.818
552.3182
-128.8731
771.094
958.957
540.9588
-3901.432
3913.553
2767.652
-543.4932
367.4218
581.4179
852.8646
1351.318
692.0026
964.6538
1015.287
894.1876
267.2577
414.3602
612.7864
-45.92574
667.4725
809.1483
1391.706
671.0482
795.884
-1339.861
205.8333
332.7846
613.655
814.786
931.5597
1309.435
769.0882
851.6005
806.5308
906.2328
-41.30792
261.0525
654.9749
514.0362
1265.824
861.9375
1070.585
775.9648
530.0432
1229.509
971.9122
1659.554
1142.011
1144.552
1076.381
587.6801
680.2219
384.9947
-2154.791
176.7819
542.9814
788.4363
626.243
815.441
413.1652
839.0618
1589.22
1039.527
1044.734
-19.44484
683.8227
898.7098
59.67637
-337.9579
390.5184
977.253
980.5515
1756.626
1428.192
834.5507
623.6251
921.9531
779.196
1574.303
3008.161
792.4594
1943.653
1082.161
1181.567
1161.751
1343.177
1035.687
1018.945
1291.491
1255.173
1110.516
891.2221
26728.39
8375.872
2798.478
1946.882
1245.501
1913.729
1266.143
1039.728
1128.379
1270.409
671.4109
345.2728
834.6619
994.685
1065.249
2740.95
1550.732
1170.115
-1144.242
-966.5415
754.5952
949.0885
257.1885
1009.03
855.6288
1016.953
1053.623
1180.966
698.6483
878.2834
1137.227
1157.494
781.6078
1206.886
1246.839
1182.246
2169.983
1335.365
1618.732
864.2957
435.5067
732.0845
594.2999
1631.41
1837.642
699.1796
1168.441
1212.544
1268.712
1030.34
-491.9709
793.7366
1023.079
986.008
1650.509
1388.338
2411.039
1448.031
2321.88
1737.578
1248.282
3408.676
284.3607
1177.883
6552.464
1829.257
1729.451
1230.03
3557.982
1826.162
1068.523
968.1391
1134.719
1370.365
1129.66
1158.633
835.6941
909.2991
1391.668
1114.298
1069.318
859.335
1554.999
1105.248
815.9486
940.126
2547.957
1832.745
828.1296
1182.939
273.9212
1372.459
1259.941
1081.886
-57894.93
-15263.16
-1077.892
474.8847
806.3414
1009.969
1314.523
1215.727
999.8068
2130.411
1495.412
878.5679
1319.345
1251.711
1666.143
1655.365
727.9709
773.8985
-1121.436
370.379
789.2011
1367.539
1257.441
2543.147
1527.048
497.4451
2738.812
2543.316
1591.706
213.2216
707.5657
963.871
888.7701
944.2453
1019.233
689.9211
1079.537
1073.195
1290.549
982.7255
1260.469
728.2855
2682.296
1128.649
684.508
1124.333
832.5149
874.4169
1562.08
1430.6
1137.091
1484.334
411.4608
-62069.58
-15053.89
-3702.379
-4.094492
760.4636
-260.1812
555.1618
1370.247
432.6592
830.0667
1277.179
-2154.27
1994.642
1044.301
752.5816
625.4507
666.9392
802.6718
990.8654
1065.925
4981.508
2195.851
1091.753
1065.625
532.4975
749.957
1086.732
1013.843
895.3483
843.5298
965.888
503.8235
763.2905
1358.976
513.357
639.2405
1290.847
-380.111
603.4306
661.3621
412.2165
693.4009
439.6264
2902.532
1330.992
1073.483
885.7747
836.5391
810.6258
904.983
982.4655
1012.656
711.6585
614.9009
431.498
452.0626
608.7677
259.4385
416.454
-486.2537
731.512
331.9788
104.4713
-6347.659
-1223.933
187.8682
405.6901
1017.525
718.6487
624.9299
518.9459
539.4488
603.5998
876.4425
573.128
731.504
31.11163
323.7767
443.7718
790.0297
775.8699
765.1371
-157.3864
223.4067
571.2204
1143.326
847.5272
398.2514
335.9596
4462.604
1459.952
385.6609
-0.008845839
281.7375
95.15244
666.4043
757.2033
680.246
783.7035
574.161
166.0174
132.2884
-1.496282
592.6051
118.0896
445.2762
1767.059
857.4419
193.6999
-119.4058
68.74172
283.7104
824.1139
-1993.976
-470.102
19.83169
218.6763
702.4289
679.1816
381.9724
144.2662
200.6194
15.48835
447.2302
363.9279
-60459.97
-16589.22
-4579.751
-1407.393
-7205.956
-2052.283
-413.8734
267.0545
144.4242
198.2152
309.3488
248.1537
-293.2296
-308.0623
-215.6726
1509.071
430.025
225.1608
-191.3565
-210.8078
-94.94116
-186.7627
1516.089
-327.5226
-181.8078
-1403.48
-1010.452
120.739
-45.37319
-54.22031
-167.9524
8.640718
-245.9219
-227.8666
-2005.327
-5812.703
-3141.557
-3111.898
5939.218
-1390.253
-485.9215
-49.69985
-168.713
-219.7798
-254.152
1267.194
289.8535
90.01159
-408.0519
409.57
73.27204
106.1785
-110.8928
-103.4376
978.2239
229.9744
-249.9381
-662.965
844.0634
87.84595
217.7611
-271.7025
-341.942
-391.0976
-1638287
-447670
-121399.8
-33248.95
-9011.687
-2232.407
-270.6969
-195.957
-446.1742
-749.8115
-331.2462
-420.6977
-101.9499
5201.356
1197.806
282.5771
265.7931
1238.929
37.73458
-41.12207
-897.4329
-474.8762
-542.1342
-939.8529
171.5463
-571.5044
-420.0851
-425.111
-401.9036
-792.4401
-540.1065
-592.8886
-209.1383
-234.3484
2661.974
344.6642
-197.2193
-302.1697
-808.2194
-6198.876
-2356.307
-716.3737
-334.437
-15.86866
-810.0823
-365.0255
-438.3789
-243.0512
-1379.551
58.2538
-125.4965
-509.4312
-475.5163
-2888.001
326.8874
-28.3568
-82.61094
-285.4266
-292.5596
-1070.489
-688.4022
-874.8176
-445.4521
-1074.755
-486.8197
-73.21958
-225.6429
-96.52463
-325.7803
-816.7253
-330.9692
-475.0632
-660.7035
-590.1009
-314.4328
-436.1694
-298.766
-602.3712
-1068.953
-907.6711
-847.9948
183.409
-757.6853
-390.4552
-817.5937
-549.6679
-385.0059
-189.2138
-277.6563
-179.7313
-215.7596
-54.6537
-403.0091
205.5645
-111.5857
52.20175
-360.7067
-322.7874
-988.6715
-501.6869
-412.2664
-436.9292
-631.29
-1493.066
-474.1753
-785.3577
-502.7351
-405.5195
-492.7809
-533.6312
-596.3843
-714.1234
232.2665
343827.2
93308.64
25079.1
6794.279
1357.319
66.77191
-2296.113
-1096.476
-569.4738
-664.7144
-231.3319
-361.3603
-112.0489
-332.9563
-376.1146
-510.1044
-1249.546
-204.6927
-264.3804
-296.5363
-31.68577
-1394.009
-1108.232
-459.5498
-493.9135
-1149.979
-563.9168
-522.7158
-324.1846
-238.0787
-204.3692
-330.1981
-1358.035
-816.938
-343.0852
1071.742
-96.84078
-235.9828
-1857.586
-885.6295
-436.4466
-185.6938
1217.087
-148.2349
372.0937
-139.9948
-115.4087
-201.7436
-234.2954
-47.3236
-381.3474
-78.49151
-213.3268
-241.9305
-211.7358
1298.85
195.6346
-475.2298
-220.8469
3764.654
869.4607
1333.717
513.6783
1469.833
1090.419
266.8269
-13.62548
-54.63357
12.22711
151.5428
1822.853
465.562
433.8682
256.1609
-16954.57
-4851.799
-1812.536
-858.3622
714.4655
-250.6943
14.0793
1971.447
527.2486
414.6501
18.47116
1160.135
105.2266
197.4014
388.7781
155.5207
-228.6371
-473.2913
-61.74848
143.9055
212.8327
1214.561
557.9436
446.9584
-64.45862
-52.82066
209.0407
441.6722
254.2547
-2140.722
-278.1905
349.1124
301.713
232.5886
461.2596
269.2922
-43.12584
-1335.185
-184.5222
113.2943
-5.794661
197.8048
-1481.084
-388.6952
-1973.753
-52.64073
-1469.538
-378.5253
959.9883
426.9248
438.6107
454.8409
102.4943
-403.5684
-227.4373
8271.921
2643.35
1041.099
80.76382
903.2947
290.0942
637.3693
-11478.73
-3052.933
-42.37702
271.8943
555.1901
886.7497
346.9898
322.0121
361.3953
456.3044
1606.251
796.1702
573.9112
476.5411
550.9692
-7163.09
-1300.662
85.26319
636.637
719.51
-420.9892
690.2104
631.1736
825.2002
929.7891
602.2682
855.3665
455.8079
247.8648
8319.183
2798.675
2622.171
1327.735
928.1189
720.8846
749.5304
624.352
-637.5996
415.3995
758.1369
662.0197
1014.732
1141.664
1188.525
812.575
1847.267
1047.889
-84.4416
604.8366
749.4108
832.3952
1279.306
803.9208
-103.7907
551.3004
57.63193
522.8594
-496.7687
311.2094
636.6098
693.7243
865.7255
1150.412
989.9507
1205.865
1114.285
33.40953
6229.718
3000.18
35.02884
190.9134
1813.593
1362.474
1867.483
387.0382
919.5095
1513.521
1077.799
-1167.214
593.3757
1280.711
1484.43
837.4591
617.9326
864.0908
1013.951
1033.216
865.184
1193.706
1371.714
1265.998
1206.183
1163.524
1076.669
949.6605
1047.055
756.7896
961.3639
990.5908
1349.571
1635.484
522.3713
660.5562
789.4096
1263.385
1230.954
972.5677
489.3744
3605.201
2145.028
1452.322
1488.632
1447.977
782.3587
1225.317
899.6575
1219.187
1436.179
1065.537
2534.965
2163.856
1595.583
1553.666
1107.212
1618.765
1628.445
2149.912
1813.631
1301.319
1742.075
1519.103
2072.239
-21939.07
-6336.008
-892.0225
915.4226
7259.937
2943.977
2120.068
7295.373
2907.846
2191.193
1918.856
1350.139
1141.679
1529.137
1487.049
1432.59
1505.506
1649.617
793.9124
1847.384
2385.397
1633.392
1542.413
406.6027
1292.749
1368.104
2146.728
1389.177
1361.036
1448.177
1113.893
946.3727
1095.152
2120.145
1716.97
1552.259
2023.112
1310.067
-1333.434
912.4073
1324.56
1096.556
1196.3
1424.355
1422.031
1376.17
1460.784
-308.5805
1105.747
2477.601
1592.958
759.5852
706.1891
1586.994
1502.459
1168.116
1100.452
3633.277
2134.001
1658.084
1440.382
1847.608
1826.67
2005.363
3864.521
2292.347
1729.168
1610.187
597.7751
993.9281
1421.365
1026.183
1292.19
1557.12
1457.418
1287.383
2262.073
1658.022
1684.161
1167.404
1715.102
986.1465
1167.787
340.2693
1086.764
1629.742
-404.4816
902.6483
2910.152
2294.591
-2359.368
264.512
787.6122
1890.167
1326.349
1354.269
-5491.799
-254.058
114.6423
8369.372
3189.178
1935.343
2004.18
422.2815
1317.954
1125.785
3256.835
2347.048
1508.853
1557.354
1330.44
1183.584
745.7233
550.4052
301.6104
2139.097
1383.736
1055.789
2013.441
-209.6843
914.4603
856.5605
708.7415
1472.853
1040.937
925.7181
844.6831
1094.725
1004.643
-18074.13
-2555.01
1235.203
1219.285
1130.348
721.7605
1254.746
1148
1356.145
-2783.516
-396.9319
69.7457
852.0225
1325.384
1200.322
1195.195
1395.182
1248.48
655.4666
-6142.798
-1642.58
380.7498
402.4057
1739.373
1266.907
1302.363
1107.43
1118.479
84.18988
1004.41
1227.684
1401.733
1180.903
1542.259
1274.24
14995.95
4880.426
2438.271
1458.892
1866.05
1715.063
2355.794
1199.026
1072.575
914.1262
1172.233
1307.89
1074.65
1194.342
968.588
679.0005
715.3888
827.3207
765.9124
580.5548
1347.819
1559.429
924.2942
932.782
1104.721
1010.234
620.773
1506.248
1542.204
1487.9
1403.475
750.0865
1149.707
1261.397
1115.6
1008.786
56.99109
567.0523
868.9375
1069.948
781.3611
745.4753
690.2096
754.0151
953.9883
840.9621
1253.79
3294.732
2285.355
1273.52
774.3365
-2181.184
302.9788
663.4256
603.1784
571.8666
990.6956
720.0372
761.4038
1095.643
924.7777
838.3542
787.6032
659.0476
643.6814
487.1665
995.7405
786.4006
-179.7444
-95.66886
901.8534
153.2839
490.8239
476.8741
-418.7039
615.4484
667.1851
585.7185
1002.995
6076.443
-7876.274
706.1047
162.8658
-531.2864
150.4499
435.594
1437.888
1855.473
639.8632
611.0248
771.186
420.3785
244.9002
1686.89
753.3895
7755.151
2362.332
1007.662
13830.12
4876.989
408.262
429.7076
383.4694
217.0953
363.2335
-74.66259
626.377
89.28525
110.9043
465.0009
430.7681
115.9143
190.0103
457.3418
693.3731
-283.4394
274.9896
281.6063
-225.6063
-312.54
1425.662
1339.918
960.0762
-549.2107
156.6352
2268.322
1404.686
520.6564
506.4819
366.4494
495.2756
545.5998
183.3382
295.3272
294.2372
1807.672
937.0632
493.2311
424.0014
382.4905
637.6318
-85.59706
91.32988
-51.24415
1365.769
236.3158
159.2944
8388.178
2134.266
501.7774
3399.123
1022.888
169.3588
307.2096
201.1031
-212.6942
-68821.46
-18978.66
-4708.678
-1054.794
124.5799
-35.72898
-272.333
-105.3884
226.1741
-1004.169
9.109671
-88.24103
-848.6813
115.9652
504.9267
-678.9739
-159.0865
-58.82803
100.7385
-3126.508
-1109.306
-314.7171
-314.3467
-225.4638
68.05116
-652.4787
-415.337
-73.2793
-4363.568
-1531.011
-501.1426
-282.9134
-675.7995
-224.242
-730.6448
-251.0568
-3.749251
-427.4322
-518.1845
-516.7017
-357.3147
-111.3062
-286.0733
288.4388
-1428.73
-466.6108
-192.0478
48.29164
-38.53112
76.63068
-375.2771
-23.17634
-127.1748
-214.7632
853.705
-22.54366
-155.1836
238.5632
249.8012
-236.635
136.2559
21.44493
-327.3068
167.2478
-231.6529
-544.2386
-495.881
328.9131
47.62479
-118.9259
-222.5783
-318.0312
-219.8249
3355.06
951.3802
150.8607
-37.74792
289.3485
-198.3478
-169.8731
-915.2098
-748.0414
-13.41488
403.0596
-1213.846
-552.7509
-320.6102
-52.81926
-245.2764
-64.50025
-281.6922
6838.761
1657.586
144.2515
36.3757
553.5567
-304.3418
-958.7417
110.5664
16736.4
4518.795
813.3786
130.4183
19.91393
-312.1732
4973.783
668.8334
180.2591
118.6415
-2.027969
-37.93033
-434.5332
-230.5428
-411.2668
-92.79275
74.61335
-673.6597
-268.7115
1315.105
33.37777
487.7969
520.2791
400.8442
416.9313
164.1138
-185.4253
-598.3786
-170.2969
646.6342
-260.608
47.44459
15455.6
3862.298
1399.151
97.22912
-14.86111
-77.06665
-638.1037
596.5824
202.5372
-0.3349515
262.2149
36.54109
-6.175548
-208.9511
1166.506
473.7199
306.2169
250.6735
-77.91026
-852.7298
-677.76
90.59645
-137.1734
-154.4292
-33.90597
63.17726
212.2547
-1161.985
-488.5411
-246.1729
2118.431
889.6364
1404.993
584.9438
101.7718
330.334
121.3628
-152.8226
-292.6459
11.48233
19.157
9356.859
2588.607
1385.041
317.6102
-202.5779
265.8617
-120.9836
216.1635
91.37673
20.75819
157.9164
-27.5424
332.2274
334.128
133.2597
268.877
173.9223
381.7934
2427.292
737.6977
202.5725
229.0614
262.0511
37.89075
823.2045
206.9867
181.8709
38.7653
-32.54449
213.3754
348.6795
348.8912
452.3417
706.606
473.5487
334.8071
339.9833
237.283
274.9296
1395.672
388.5635
385.1739
433.9638
-75.76037
139.2923
514.1581
348.4002
1838.374
636.5673
375.4742
657.7507
116.5736
264.8326
525.1778
2730.741
-1953.551
-84.37473
409.2229
204.3652
158.8792
326.5527
396.7255
525.3515
625.4496
681.0972
1495.884
838.3619
752.0393
631.3041
-458.7375
466.9706
266.107
22.42841
482.7631
600.8937
289.674
508.3868
785.7658
2271.664
1201.669
810.1742
-3162.955
-292.1449
297.2192
939.8438
922.5617
709.1175
1196.036
737.7942
575.0727
572.2126
634.7957
2034.289
403.9865
902.0225
743.8349
1294.229
686.6148
1237.331
764.1854
792.3447
519.9672
770.2529
926.5084
-37.52498
465.2887
909.1356
546.3781
893.6938
1002.211
1005.004
1512.592
869.4811
800.9976
-6173.044
291.9826
1170.423
874.4046
9189.208
2795.006
1383.088
2160.351
1185.445
1128.921
873.122
142.5135
502.1427
982.3114
829.2173
962.8533
1212.176
946.1393
947.3369
1084.774
933.2487
1057.823
906.2425
935.9966
1194.431
1326.734
1482.451
1181.292
1200.958
1072.164
1335.162
1340.607
936.0214
570.4196
2009.967
1247.091
1390.532
1170.803
-404.1215
997.9229
1265.973
393.229
400.3582
-558.8466
703.4751
1271.342
904.9514
1241.237
1277.742
1845.643
1396.85
997.1656
1029.46
1189.697
507.0931
1288.32
1170.182
1306.011
1664.956
1337.087
-680.008
1292.844
1039.879
1273.798
1070.748
902.6141
1379.801
1654.337
1287.833
1788.858
1453.17
1487.358
1167.011
1066.974
1557.495
1283.437
1585.539
920.0152
1387.712
1382.677
1484.289
1211.317
1814.73
1570.379
1621.863
2173.257
1267.709
1419.554
1517.423
2199.648
1496.381
1625.396
1165.272
924.1462
1190.446
1726.934
1670.927
2005.65
2703.705
1760.319
1561.339
2605.663
153.3566
1219.104
12801.73
5675.179
1826.248
884.4745
5110.629
3845.076
1673.526
1181.936
2317.979
2168.309
1697.549
1184.685
1371.192
1393.27
938.1446
1660.616
1832.763
1297.203
1981.138
2031.299
1945.102
1692.863
2029.489
1741.801
1857.959
1486.731
1477.088
1716.146
1682.481
1508.062
2122.419
1646.938
1581.722
1827.643
2884.02
2108.933
900.2479
216.2473
970.4238
1693.091
1220.309
2193.043
1702.073
-930.5559
962.5013
1271.074
1513.794
1839.674
34308.78
21348.18
6875.839
3241.099
3786.1
2190.431
1756.49
1644.962
1815.652
1865.324
8739.923
2218.784
1999.305
1570.717
1955.87
1641.16
233.7284
1171.592
1797.405
1774.797
1670.168
1719.543
4017.181
1252.946
1534.853
-1565.363
1083.752
1438.602
1599.705
1774.795
3859.472
2327.49
3946.974
1621.803
1706.009
1615.204
199.4614
1375.139
1447.813
-364.9865
1128.036
1374.126
1541.082
1691.411
1625.957
1633.742
-213.9336
1196.406
1584.776
1476.91
1877.217
1806.305
1700.889
1995.003
1984.558
1819.719
23725.1
7791.899
3134.724
1951.324
1446.852
1573.761
1663.753
1048.255
1690.366
1529.608
1129.204
1575.85
1381.977
1578.948
913.9532
521.5214
1449.756
2006.712
2100.273
1365.003
2458.564
1738.35
1521.27
1963.973
1829.485
933.4334
1264.775
1465.456
1861.417
903.7571
883.8579
1462.548
1520.36
917.3746
1413.683
3807.185
1039.845
1443.234
1045.57
1158.528
816.1315
275.3437
1028.373
4824.412
976.8205
1360.14
189.998
699.5713
-6139.908
-805.8637
424.6306
1128.1
898.2867
1410.694
1338.691
1503.937
1654.163
2309.245
1134.072
1601.198
2778.854
8766.43
5371.157
2852.44
1756.007
1465.969
1139.715
1201.176
1470.552
1324.566
1325.715
1256.05
69.79325
1360.057
1369.627
1318.031
1623.536
1393.636
845.7188
1226.843
1449.764
8764.622
2678.529
1553.76
1277.425
1132.152
1184.176
840.9233
1737.192
1772.689
413.8717
2442.889
1497.049
1068.941
1229.313
1605.936
983.9879
1159.498
1381.224
1188.502
493.6646
317.2467
829.8648
937.2977
903.0582
1552.176
1146.503
1100.363
1079.271
1354.634
1092.715
1140.634
1439.958
1169.501
1395.509
936.2889
905.9294
-881.4019
444.3343
461.5574
884.778
788.2001
1253.662
1003.166
1006.897
1332.967
447.8514
356.8223
959.7152
864.7326
1420.131
-37.02105
-2537.769
340.104
619.1963
565.85
1338.521
1039.708
634.5138
772.844
1234.829
751.1721
732.2598
559.1973
679.8337
195.363
779.5145
12682.96
4022.246
1654.004
1104.176
754.7965
710.1138
580.5159
785.6806
775.0963
1088.487
1298.942
1527.94
886.7609
820.2424
285.5227
486.3706
443.976
-9508.971
-2153.561
-107.2401
473.4639
398.9398
223.4636
590.2955
574.9066
703.8224
609.1494
901.8499
1580.026
836.5155
701.8
757.0268
605.4228
488.9625
-55.49768
268.6953
236.3615
467.9009
2184.243
1096.811
671.1599
314.7147
1338.404
-5768.717
-949.2368
-77.26722
477.7105
396.4463
278.871
454.8592
-110.9688
-1104.313
-84.98041
5496.884
1800.689
858.1166
554.9848
-2848.775
479.5876
400.1247
-916.9281
1444.496
587.6875
473.1155
-616.2742
177.9149
409.5398
-96.79587
81.36291
282.9767
397.5349
1104.267
2011.456
-62.16044
647.8497
545.1543
351.6351
31.9786
40920.27
11441.6
3866.894
1357.497
509.0615
364.1642
1800.835
599.8631
11.23249
1036.08
147.3667
81.99389
287.3096
812.697
639.0806
1790.829
635.2938
419.0154
175.8071
11.44455
994.7108
-892.858
-13.27134
350.8218
322.8268
227.9293
233.9703
-210.6002
-80.18912
591.793
777.1011
116.6736
729.4067
1090.464
-1288.47
-98.82233
-56.73261
-321.1946
148.5265
268.4893
-152.7202
-453.1972
110.4935
249.4291
-60.28958
347.0434
222.7895
48.55182
285.5061
-640.0181
8508.108
2840.139
1482.197
97.82251
209.6334
-2436.515
-624.7673
-364.5883
-4.795007
-148.4088
1028.026
-377.8971
248.4838
299.0375
480.9789
170.5105
448.241
4869.168
1685.448
137.6155
229.6559
-396.6488
-375.2247
14140.34
4163.093
29659.58
7916.283
2388.161
1115.287
8480.193
2156.113
685.7991
-120.1327
897.1746
1980.319
671.8206
110.8435
-24.35957
-248.6557
-8.031963
97.9963
-15.32588
149.167
-99.99202
183.6581
1068.889
591.5182
-496.429
127.6561
222.096
-326.7417
-15.72068
113.4046
152.7456
155.9123
-99.16193
129.9718
710.4045
1487.21
597.996
482.0563
617.4708
366.6746
306.301
351.1474
-44.39635
-435.8039
262.1815
670.5361
305.0214
53.7451
-26510.25
-5805.198
-1354.266
-340.395
66.41462
-994.1252
-169.8731
99.14594
-220.5132
-496.4323
-190.0345
278.6274
778.3545
848.1551
192.3435
318.2719
166.254
-39.8701
121.0754
-643.702
-792.0835
-517.0938
133.4138
16195.33
4506.464
-131.0475
209.2306
-12.33662
474.8285
298.7695
-294.4707
-344.793
45.55853
-1100.471
-220.8814
367.796
-946.8699
5472.205
1835.763
-830.8184
543.3413
-127.8104
340.0491
308.7388
244.7913
322.7218
219.2508
191.6468
-64.77582
-1849.87
1740.092
899.9421
-3009.323
-447.6025
139.1777
151.4859
254.2311
-580.1279
-159.9792
655.6404
470.3501
-1110.859
230.171
583.5919
426.0967
302.2781
-390.862
270.679
537.8591
397.3253
697.236
455.3346
565.0084
384.2045
361.4275
928.5164
739.2454
588.1426
904.7579
-0.08794172
1041.894
521.0386
935.7826
602.4178
3517.139
1851.64
1008.636
557.6349
663.0972
2252.145
-5551.477
-1549.576
-203.7851
627.3394
569.4176
420.4873
522.3743
903.1421
1093.167
721.4202
555.2446
814.732
630.6487
874.2147
528.67
1058.163
997.7409
816.4269
773.2606
533.0917
589.5687
996.8517
1650.582
907.086
631.5405
595.515
818.8286
641.6502
1567.231
981.0984
776.4522
831.3315
745.4396
871.4588
984.2242
958.2609
1008.776
1324.711
1086.183
1177.83
526.3142
1162.89
198.6905
210.747
667.4305
860.6881
1053.074
213.2045
-508.8354
795.294
1502.835
903.3539
737.0872
742.7726
-3125.996
-744.4992
1306.293
766.9855
678.1566
585.4166
1023.078
1096.209
1392.734
2206.475
1224.836
-11892.9
-4515.14
-509.5162
594.6834
1514.796
5565.033
1576.063
1413.442
1337.769
1012.325
1321.944
1171.577
1409.293
1644.653
1433.536
1224.073
957.4678
1209.235
784.1577
1365.568
1563.741
1314.008
1060.024
1443.633
1151.684
1150.71
1393.45
3380.919
1958.618
1306.085
1303.124
2326.045
389.1581
1220.4
1402.749
1640.756
2515.709
1801.456
1546.957
1593.081
1558.078
21071.47
9413.139
18857.53
6025.727
2221.767
2146.264
1503.624
690.8294
3950.786
2734.825
2127.848
1773.07
1528.712
1463.755
1390.5
1688.107
7052.959
4145.466
2122.369
2962.007
19298.82
6870.227
3311.467
1920.306
1681.362
1671.034
1788.879
1767.338
1457.501
1993.786
1911.441
1330.764
1956.829
1613.222
7817.095
4469.561
3041.296
1898.571
1771.468
1599.884
1956.043
1994.235
2064.255
2122.438
1878.868
1708.828
1352.961
1495.585
1980.574
2001.254
1944.65
1871.472
1777.728
1667.775
1711.913
4106.354
2554.879
2497.439
2205.926
1684.055
2185.589
242.1898
1354.367
1514.937
1760.839
1975.543
1875.38
1749.148
2026.004
2016.061
1896.507
1756.694
1717.183
1926.193
1875.277
1518.351
1767.783
2365.506
1766.657
1880.717
1796.508
2471.153
2175.868
1713.207
1627.918
817.7341
1544.462
1982.964
1913.663
3044.499
2283.687
2643.768
2135.579
2033.142
1894.274
1602.056
2006.278
1764.881
-1691.651
890.3869
1674.221
2659.281
2216.649
2051.521
2111.499
2038.172
2403.252
2340.929
2525.753
83056.93
23783.56
7960.587
3806.037
4569.117
2648.308
2276.17
2222.941
2178.596
1489.935
1975.142
1206.873
1412.325
2166.472
2487.576
1870.454
2030.324
2097.551
1323.762
2166.856
2458.22
5181.576
2769.25
2090.22
2178.553
2155.892
1721.949
1814.297
1924.932
91.61638
1579.367
1910.747
1855.713
1845.998
2166.189
