677.1449
691.0842
440.6075
455.3306
27.67515
34.35377
-38.81855
-405.9616
-28.06066
-226.1982
32.85242
207.9902
358.7076
211.9745
-136.4094
-36.59916
-226.5553
618.7559
10499.01
6281.848
6701.956
3162.301
2037.153
1725.509
1252.333
1990.636
3356.106
2253.294
1489.542
945.165
761.3975
423.4614
227.9151
232.0399
274.0814
934.5043
562.2067
548.0175
578.2615
229.1342
237.3436
-29.79949
219.7615
270.33
216.1141
47.21756
156.6851
424.9881
333.5672
239.4651
504.3615
496.8557
351.7274
646.6899
484.688
587.2322
427.4873
480.8104
-75.86073
428.3665
300.2714
2360.855
1542.118
1579.578
1138.766
958.4343
271.3986
351.7614
929.1117
869.43
887.9682
1380.057
1228.1
874.9831
785.2687
874.3065
1121.085
585.9668
1011.977
834.3877
959.7048
-967.8616
-113.8335
470.4078
669.1084
342.8538
431.6201
577.4113
185.0596
675.9781
545.7431
712.6436
55.90367
294.387
-156.3112
-9.861138
-1270.111
-676.547
-174.4424
40.64613
267.786
484.4101
757.6052
695.4025
609.9766
912.4687
767.5874
1323.095
397.6839
2179.628
1923.118
1371.637
1357.836
1161.214
1113.597
115.0519
-1107.49
-425.2524
-230.7356
124.3206
128.2625
562.0065
-730.3698
165.7822
389.5112
543.4852
347.4539
511.3175
564.7121
688.2497
1729.257
1374.949
1230.615
658.8025
579.8046
774.8953
694.52
1199.748
779.1535
810.6544
1098.125
736.334
812.8515
1171.677
921.1824
787.1003
756.7002
1248.295
1525.878
1044.595
861.2841
329.8675
521.7599
607.6917
-539.5366
-236.7018
103.061
630.2576
845.8536
843.2489
642.34
20185.03
11792.99
7209.414
4619.867
3083.159
1864.374
1808.078
2386.349
1682.371
1317.49
-563.8465
-37.73947
271.2568
169.0102
237.5015
421.6161
537.5393
571.73
348.8338
634.2153
159.3521
359.2762
599.5419
659.2447
889.0102
-217.7958
354.2324
471.2391
-705.0371
-633.5507
-735.961
-193.0844
180.3105
164.0665
-172.8562
31.01199
307.6797
82.18888
353.8369
1682.034
1247.171
934.535
968.1842
1255.094
1052.198
866.6243
1054.557
4900.147
3140.027
2221.961
1319.073
566.3288
464.9925
1919.95
1456.536
934.7845
821.3982
1414.293
1678.046
1113.273
898.4217
709.8874
653.1451
637.7217
1140.084
961.3594
911.6846
-638.2116
-430.4297
-46.3378
275.5508
934.3569
780.3216
663.8348
6440.554
4092.167
2957.837
-16630.25
-9765.469
-5818.216
487.2349
430.1765
629.8139
1037.772
711.6996
543.0101
1037.124
246.0815
263.3596
397.3187
340.6298
955.1184
1983.165
1315.113
3904.826
2435.09
1573.374
1518.176
1056.728
939.0505
677.5029
260.8813
85.70801
262.4952
865.696
778.9324
649.355
-193.1174
-54.92533
185.4683
246.2178
622.4725
385.0658
350.2812
375.642
533.7777
558.2202
138.7376
411.7491
591.4501
569.2765
-231.0419
87.37932
-362.9742
-142.617
17.31589
-1063.582
-619.4607
54.06442
9.484073
-463.0458
-133.1031
333.0917
-4652.897
-2622.831
-1471.492
-1995.279
-1384.726
-2470.827
-1241.752
-576.2708
-289.0231
-101.4273
640.3883
409.5723
415.3372
760.4164
537.8733
476.9872
-786.0858
-384.0819
736.8139
678.363
320.3933
200.5236
-8.588388
-228.6996
-215.4537
-84.21811
8.04512
832.3526
16.48259
105.9464
-5737.925
-2890.081
-2988.881
-671.2555
-738.9992
-409.8355
1321.291
890.5073
551.7948
386.2779
448.2207
120.8034
-102.0361
750.5943
130.9568
12515.27
7578.743
4739.533
3198.867
1602.356
2857.736
2077.881
1566.879
969.9296
600.0763
252.263
878.7635
657.5013
726.448
103.296
236.4853
347.9605
228.5457
-852.8119
-484.0632
-379.8121
-516.1207
151.3876
1795.567
875.8256
-467.5251
-1491.296
-1010.858
-723.6358
-605.1376
-369.9366
6.383272
1638.323
916.3786
813.9874
479.8732
254.8731
78.27726
-4.105822
-427.3874
-219.0052
-148.4908
7767.802
4375.07
2491.703
1810.859
1008.488
419.2298
224.1275
1099.366
662.2756
268.8159
-16.17172
-282.3782
312.6496
290.1891
163.473
467.9119
254.7991
149.8261
113.0523
15.91832
330.7905
130.6474
-165.0231
-169.0763
-117.5071
252.1369
36.16275
-74.01665
-97.26381
-115.0992
-1597.705
-1065.56
-385.171
-296.8756
-387.6396
-246.377
-207.6617
-293.6471
-332.9746
-603.0238
-545.4826
-1744.67
-1390.14
-723.5523
-638.0455
-411.3666
-295.3035
-269.9406
-321.2607
-300.7403
-307.9965
-254.4494
2113.021
1093.992
312.3951
218.7432
-32.60746
-45.7078
165.9115
-438.1855
-526.3246
-1201.031
2056.32
1181.731
47.42439
-645.8749
-6953.205
-3724.504
-1976.804
-1293.999
-2802.334
-1854.121
-1451.519
-1051.839
-1331.629
-1022.795
-919.0116
-771.3503
-892.9271
-714.4008
-265.3222
-433.1656
-364.863
-496.2698
-1029.915
-873.1631
-341.1622
-516.9265
-421.1119
-572.8403
-569.9205
-729.7302
-154.7595
-417.6455
-313.9468
-418.5295
-564.7122
-1194.884
3603.131
1888.532
756.3199
-144.3163
-313.4371
-645.4958
-598.2702
-799.0937
-752.6727
-432.7969
-553.5222
-488.1639
-879.728
-928.3058
-1437.629
-1311.862
4226.597
2621.061
1351.072
376.2984
119.1013
-772.5627
-734.6392
-16847.05
-9607.716
-6149.467
-5882.87
-4000.49
-2446.973
-1753.61
-1451.826
-1165.035
-941.6399
-907.6257
-143.7467
-8.614925
-409.3978
-402.5323
-270.1495
-500.0499
-714.5029
-3040.458
-2079.374
-1734.743
-1518.802
-1314.416
-1225.108
-1325.727
-1340.247
-1280.907
2887.415
1167.527
409.9094
-321.9268
-432.2955
-519.496
-611.3088
-545.1764
-696.1068
-1185.273
-632.5859
-822.2511
-1000.004
-997.3522
-223.9179
-762.4562
-915.2787
-813.8335
-175.8175
-829.6302
-970.1154
-1305.02
-1136.664
-831.7355
-869.4501
-814.7805
-1006.739
-1744.891
-1475.426
-1370.124
-1191.166
-821.0061
-1190.948
-815.8302
-899.9702
-1262.587
-1698.297
-763.633
-787.2921
-660.4579
-784.7282
-793.9756
-974.3336
-1038.99
-1238.512
-1181.14
-1163.937
-1183.56
-2594.027
-2151.434
-1461.046
-1350.032
-1345.012
-1221.702
-803.9618
2812.558
1208.72
-455.1124
-647.0865
-961.1861
-1145.711
-1287.439
-1031.174
-1060.658
-2036.678
-1693.592
-1690.267
-1742.956
-1178.434
-1338.01
-1126.814
-832.8235
-946.7413
-865.9145
2869.432
2082.715
-63.69925
-309.4762
-624.6003
-853.4966
-1077.876
-825.8006
-888.9216
-1396.875
-1248.064
-1290.041
-1253.287
-1016.206
-833.8785
-1496.502
-1503.662
-1334.241
-1329.034
-1430.641
-1235.748
-1393.941
-1222.045
-1279.843
-1659.724
-1466.604
-559.2464
-876.1439
-549.1161
-806.0462
-787.2962
-531.7476
-941.0352
-1366.895
-1193.247
-1177.676
-1284.84
-1505.095
-526.7733
-673.7829
-1061.487
-1091.441
-676.0919
-1061.376
-1299.576
-1288.12
-1270.161
-1173.611
-2024.275
-1715.165
-726.5045
-1002.303
-1607.308
-1380.016
-2673.6
3417.395
1371.147
397.9711
-245.3435
-490.912
-591.9588
-914.3893
-1041.973
-871.0057
-846.5256
-1396.68
-1088.57
-1057.889
-1143.499
-1687.17
-1006.546
-998.501
-1205.404
-1479.69
-1580.827
-1344.767
-1523.253
-472.3008
-1385.197
-1287.952
-1341.484
-1233.575
-1291.611
-1135.405
-1202.602
-2137.328
-1269.142
-1109.386
-1013.913
-1101.578
-1242.611
-1155.979
-1313.498
-1101.661
-1107.093
-1245.898
-1615.956
-1503.013
-1474.125
-1326.778
-1428.89
-1344.7
-1184.243
-1206.832
2365.339
1017.428
785.1185
-1.97557
-611.9075
-1808.156
-1561.961
-1480.14
-1080.611
-1494.027
-1265.073
-1257.064
-1239.021
-1255.206
-1394.491
-1015.526
-975.5624
-875.8656
-1045.54
-1231.682
-2029.232
-1707.452
-1478.405
-1328.692
-1243.268
-1189.8
-1350.984
-1067.254
-1408.108
-1379.882
-1230.954
-1969.729
-1609.925
-1373.102
-2531.192
-932.503
-1059.068
-2253.886
-1737.731
-1548.607
-1192.716
-1235.181
-1214.732
-1277.494
-1831.573
-1904.539
-1556.517
-1271.31
-1267.886
-173.0252
4857.207
2343.884
2255.034
1178.771
322.119
-244.2386
-599.5496
-767.3654
-807.9471
-800.1297
-821.1287
-785.5224
-695.6255
-626.9092
-1087.005
-818.5328
-438.6115
-577.4374
-752.2668
-594.8876
1290.569
392.6601
-9.698461
-669.9277
-963.1313
-1066.124
-91.26295
-1217.676
-1121.462
-1285.462
-1500.247
-1195.813
-1021.03
-1306.385
-1198.045
-902.5173
-1287.716
-1107.209
-1093.888
-1043.768
-721.1873
-693.037
-788.7916
-1269.101
-883.9328
908.9706
267.7711
-160.5206
-444.929
-2124.328
-1708.095
-729.3279
-1290.543
-1197.796
-860.2564
-1021.548
-1042.556
-757.9923
-425.5724
789.9527
103.1026
562.1973
631.7151
-1.907931
-123.0408
-1377.526
-1377.798
-1213.634
-1056.664
-1164.111
-953.225
-1131.187
-963.3123
-1364.593
-1191.013
6181.631
3877.509
2031.965
799.2089
208.658
-179.3858
-1173.719
-1211.165
-877.9534
-694.8771
-851.3502
-2229.802
-1520.013
-2826.333
-1951.103
-1535.777
-1220.602
-1403.917
-1037.869
-953.8482
-860.1128
-556.7525
-531.5828
-468.2498
-484.0593
-562.8342
-300.1955
-537.4224
-19.86736
-111.3298
-109.1748
-253.8797
-335.4649
-378.2972
-444.724
-474.9725
204.1257
111.1398
-213.7568
-286.7221
34.18581
-175.0162
-16.237
-123.1209
-74.94663
-281.1407
-104.3993
-720.0957
-422.3461
-567.2867
-617.6142
-426.0111
-408.2231
-566.3556
-2769.097
-1708.435
-1655.765
-1048.353
-1239.275
-851.159
-683.8523
-628.4383
-570.9345
-700.4168
-630.9329
-466.1929
-489.8388
-427.2104
-811.1149
-911.3453
-781.9745
-234.1792
-165.8422
110.2591
-469.2958
-93.32283
-65.05564
-910.0524
-663.0109
-373.1414
-389.2244
-404.2701
-579.8668
-550.8278
-518.6045
-266.2951
-304.6013
-63.94173
-231.2138
-417.3663
-446.3733
-329.5606
-379.0006
-626.2825
-638.2579
-188.4291
-233.0311
-196.579
122.2663
97.1965
-268.2973
2278.722
1521.846
954.3054
473.5839
254.1036
-256.7038
-265.1285
1830.92
603.5095
269.322
-149.2826
-214.2315
-49.43816
-146.9517
2087.33
949.2766
-82.48454
-521.1148
-194.0854
-200.4226
-108.9613
597.8643
-1148.681
-1637.263
-1179.041
-698.9602
-414.0125
-593.3185
-547.901
-299.0662
-4155.124
-2613.654
-1706.898
-3969.556
-2031.094
-1268.777
4966.476
4616.464
2427.204
1335.187
947.2018
489.5413
688.9058
1097.548
589.7013
-92.69749
-54.02807
17.47143
-175.6998
508.4533
283.4176
140.9379
56.96478
-27.2703
-146.7528
-305.4181
-165.0784
-683.762
-352.8999
-792.8161
-538.5268
-178.6611
-62189.03
-36933.25
-22165.32
-13300.51
-7096.112
-3709.834
1445.74
1131.8
851.8193
558.2535
-570.3513
-262.7013
71.25059
166.9477
244.1224
210.701
217.3525
355.6532
400.0107
-5969.98
-3672.816
-2321.41
-2786.285
-1807.557
1771.589
1178.293
660.1851
396.3143
114.0696
28.50165
3.187026
109.4064
149.9025
12183.33
7133.363
4207.84
2309.923
1564.823
1693.472
983.9316
779.8575
438.9549
257.1793
-85.6132
4676.463
2719.105
1734.942
880.9997
1149.085
618.7033
8088.02
4713.065
2201.777
1357.406
977.369
526.8792
357.4392
638.1815
401.8086
111.1343
368.1953
86.58346
242.3223
85.76115
-177.8989
-193.0665
146.2002
-275.2024
-396.9304
-184.6902
-36.49919
966.1511
464.7331
206.9885
176.6533
210.451
25.76591
-278.4945
-364.7905
-174.9994
-104.0287
173.7816
6.683922
-127.0467
-0.1566551
103.8994
213.0006
297.384
-5788.196
-3409.606
-1931.202
-1316.93
-706.8944
-175.7501
-157.8283
2283.65
1541.597
982.2318
758.2884
514.1628
362.8701
398.3549
63.24626
12.91409
-1576.268
-809.8855
-386.7754
-9.946503
-283.3472
4.486483
-119.6021
-679.3033
-404.4575
197.3765
60.54727
178.9885
90.00885
159.0039
265.5143
836.5352
940.3472
1400.888
713.0802
305.9
248.8505
-115.4502
-281.8634
-168.3419
-23.09591
-1.900644
-458.9645
-284.5327
-167.6133
-98.63074
129.1827
222.7779
318.8945
161.2764
183.1003
81.91299
118.8621
-2.464283
-160.7938
-675.671
-473.6713
-317.0767
-198.6205
260.3525
97.75362
62.60666
121.559
-97.40173
313.7626
171.1135
-1454.852
-986.9939
-670.8535
-507.9599
-647.9963
-219.3845
-2158.56
-1046.001
-1012.66
-403.3885
-81.47826
-599.342
-585.4361
-908.6963
-704.4608
-337.6586
-95.14714
-715.2431
-287.6553
-958.6057
-392.8543
-135.6713
-265.3322
441.1746
134.3383
177.1245
111.2413
91.28188
48.45184
-166.0675
0.5878382
28.59506
-89.82972
-141.2743
203.9398
860.2766
401.6302
92.55445
256.1617
347.6753
186.8794
860.746
985.7487
463.2416
207.8089
-36.08224
-115.8225
-232.5329
-338.0224
-255.24
-200.9732
-1597.074
-781.5829
-887.0162
-750.2386
-563.8219
419.9572
595.3841
647.7179
266.3166
-391.8107
-124.8093
-331.4694
-721.9764
-2205.918
-1679.137
-1242.554
-405.7929
-659.402
-467.7298
-4978.425
-2993.218
-1472.132
28.20517
-71.70189
-525.6341
447.8198
186.3987
93.27316
-130.5999
112.6536
-115.3616
-2479.79
-1631.57
-457.6077
-515.7588
-893.9004
-707.2587
-620.3818
-1383.88
-532.7901
-751.7973
-602.6471
-614.5994
-508.7611
-480.275
-543.2446
-453.8837
-474.3517
-480.7027
-1636.379
-1232.606
-869.0554
-625.9659
-1073.469
-1594.941
-1423.598
-867.8192
-707.3596
-2234.224
-1925.419
-2153.518
-2295.086
-1095.918
-1275.688
-951.816
-710.1145
496.7815
707.7472
-161.0174
-302.5977
-424.5787
-648.3035
-500.4971
-475.4845
-414.3251
-355.507
-178.3474
-329.1423
-559.3803
-684.1941
-677.1228
-525.7034
-1613.316
-1009.187
-825.7977
-150.4775
-19.52375
-534.9605
-617.5392
-696.9923
-207.6083
-342.007
-412.5629
-319.4842
904.5543
143.1127
-257.3377
-523.5913
-1165.004
-737.1849
1932.501
936.8965
663.6009
1741.223
468.2867
-9.298809
81.45048
-705.8608
-686.067
-758.9318
-747.2419
-875.148
-6919.757
-3865.06
-2756.455
-2376.305
-1807.759
-1051.559
-303.1099
-556.2931
-176.1215
-344.1914
-454.8702
-239.9432
117.4184
-534.5215
-628.0129
-684.674
-790.5947
-941.7287
-40245.47
-24138.51
-14807.82
-8994.617
-5826.929
-3974.363
-3070.009
-2169.174
-1674.097
-1370.91
-1169.989
-992.9858
-1208.096
-1088.489
-1114.776
-907.7172
-1332.761
-1309.976
-1077.814
-684.5062
-1036.693
-997.3676
-1225.9
-588.367
-1284.328
-1108.517
-2045.083
-452.5559
-673.4986
-926.683
-943.1915
-807.4572
-841.8108
-936.961
-736.9913
-274.4238
-812.0156
-1038.443
-905.1573
-1016.493
-1349.27
-1477.354
-1354.961
-1307.347
-1396.235
-1428.844
-1780.757
-1282.198
-1402.459
-1175.618
-966.0334
625.5349
-152.5364
-1109.428
-1203.304
-1205.114
-1165.598
-1215.824
-1198.627
-1735.361
-1533.532
-1847.731
-2917.732
-2191.504
-1568.921
-977.5853
-1766.802
-1470.239
-1427.545
-1387.876
-1112.286
-1591.755
-1735.46
-1766.127
-1598.184
-1117.455
-1311.319
-1324.197
-1267.981
-1400.339
-1317.679
-1311.981
-1451.178
-1227.652
-1685.197
-1693.558
-612.843
-405.9467
-884.1018
-1036.377
-2032.622
-1711.972
878.8498
-79.13693
-868.7648
-1308.324
-969.2441
-1256.076
-1221.485
-1656.306
-1446.901
-1420.236
-1446.155
531.7224
-241.6972
-468.2553
-892.8859
-917.4876
-1232.588
-1269.216
-1633.288
-1928.603
-1984.269
-2012.406
-1742.238
-1688.292
-1420.521
-1383.22
-1371.66
-1081.056
-2484.398
-2251.619
-2020.766
-2150.103
-1901.72
-1677.062
-1562.269
-1422.222
-1674.632
-1631.457
-1721.292
-1631.7
-2741.341
-2311.582
-1939.961
-1797.268
-1707.171
-1699.059
-2010.436
-1823.81
-3508.896
-1990.77
-1721.666
-1810.776
-1819.51
-1413.68
-2625.737
-2387.986
-2133.385
-1784.097
-1824.054
-1764.828
-726.7248
-1114.321
-1321.575
-1522.107
-1904.57
-1706.606
-1417.649
-948.9906
-1213.673
-1411.462
-1592.414
-1571.78
-1574.301
-1595.081
-1610.514
-1391.95
-1593.945
-1669.343
-803.793
13072.86
7270.278
4254.032
2789.435
670.8416
-461.0972
-1035.227
-1495.673
-1875.442
-2136.434
-2303.945
-2106.401
-1951.39
-1978.27
-8386.795
-6027.209
-4319.395
-3409.359
-2958.737
-2397.634
-2168.627
-3065.114
-2601.635
-1963.737
-2346.272
-2105.753
-2147.717
-2125.139
-918.1822
-1583.045
-1760.081
-1928.694
-1870.726
-1819.739
-2357.202
-2159.227
-1359.215
-1887.074
-1547.781
-1929.775
-1871.298
-1881.704
-1828.481
-888.7378
-1258.187
-1257.932
-878.2777
-1123.635
-1312.656
-1628.688
-1690.009
-1849.973
-1751.656
-1730.693
-1852.471
-1354.133
-1529.623
-1662.363
-1907.519
-2421.893
-3109.86
-3055.808
-2555.881
-931.595
-1034.935
-1428.9
-1705.651
-2075.055
-1842.519
-3002.697
-2617.206
-2420.383
-1160.853
-1582.314
-1667.894
-1593.619
-1039.878
-1432.37
-1542.427
-1716.877
-1725.082
-1001.935
-1389.403
-1737.731
-1262.578
-6093.944
73273.27
42980.98
24770.17
14460.79
7911.83
4208.04
2595.742
716.4709
-131.0684
-859.2497
-960.5447
-1218.413
-624.0982
-1052.5
-2017.429
-1856.979
-1722.237
-1670.68
-1239.511
-1573.57
-1910.097
905.4272
-483.3874
-799.9243
971.4204
-298.1409
466.5674
-270.7775
984.2604
-268.5587
584.0321
-483.9141
-1104.891
-1555.703
-1686.553
-1562.475
-1871.716
-3149.784
-3136.638
-2885.028
-2620.939
-2214.472
-6955.504
-4952.038
-3745.453
-5848.9
-4407.009
-3310.686
-3107.658
-2283.539
598.9512
-208.9284
-914.081
-1002.504
-1146.876
-1863.215
-1788.789
-2219.677
-2170.686
-1933.985
-1855.079
-1488.687
-1635.484
-1673.694
-1810.58
-1630.802
-1656.078
-962.1935
-1248.752
-1482.05
-1687.088
-1488.187
-1215.321
-1557.112
-1543.427
-1556.848
-3014.095
-2734.969
-2207.71
-1019.35
-2622.08
-2100.273
-1914.383
-1627.743
-2111.081
-2196.061
-2414.044
-1648.903
-1346.095
-1613.329
-1993.243
-1996.625
-1738.522
-1565.345
-1741.38
221.5422
-617.9047
-975.2002
-1407.145
-1586.808
-1761.683
-1495.231
-1624.772
-1736.801
317.2823
227.8444
-426.5697
-771.6121
-918.9441
-989.2036
-1387.232
-1529.942
-1425.661
-1563.663
-1071.728
-1307.606
-1067.151
-113.5689
-811.1277
-135.4908
-839.7776
-1053.072
-1171.855
-1266.258
-1552.381
-928.7608
-1145.684
-1353.48
-1375.029
-1115.725
-1199.207
-1756.283
-1663.53
-1389.067
-1319.423
-1345.407
-1051.649
3881.785
1033.779
-31.04441
-325.0528
-814.4951
-1007.665
-1341.381
-1270.026
-1156.279
-576.9582
-1072.493
-787.2694
-979.1548
-1157.235
-1297.404
-1169.222
-1474.861
-1145.416
-1210.374
-1245.116
-2271.439
-1832.511
-1292.42
-1195.172
-986.7709
-908.5135
-1372.725
-1335.138
-682.3836
-647.2138
-307.0698
-500.2418
-817.0898
-968.978
-517.3032
8220.982
5322.711
2614.908
982.2144
19.57291
-474.569
-1026.272
-1174.623
-1107.57
-1329.273
-1832.631
-3482.312
-2509.776
-1993.669
-1727.157
-1908.982
-1571.027
-1398.383
-1112.031
-1008.544
-1000.027
-1079.259
-974.2866
-1671.428
-4856.728
-3292.304
-2566.085
-1920.091
-872.094
-928.9249
-687.5611
-508.9654
1724.59
629.1787
-77.60973
-607.4355
-1146.023
-1112.534
-1181.398
-918.5361
-930.886
-956.8815
-932.945
-798.4127
-903.7512
-730.0523
-1940.818
-1415.242
-1398.285
-1171.404
-653.3822
-882.4901
-3517.596
-3150.592
-2271.223
-1762.498
-1469.003
-1633.962
-1426.176
-467.9137
-206.9844
-592.168
-497.7128
-1183.555
1093.102
863.5936
543.0029
1807.484
872.4746
155.6739
-258.7758
-700.5974
-43.83491
-789.3673
2531.878
1161.203
806.5719
82.84232
-784.0581
-898.8521
-1039.501
-3676.998
-2670.866
-1981.891
-1861.832
-3848.589
-5266.394
-3489.765
-2560.85
-1940.351
-1410.348
-619.8969
-780.5944
-853.5176
-950.0021
-858.1907
-768.0046
-283.8609
-784.3177
-357.243
-868.8536
-924.4364
-1164.625
-800.0437
-903.702
-887.1358
-590.9248
-636.9114
-270.9101
-285.218
-249.5524
-566.4609
-589.435
-901.4042
279.9359
83.87894
236.0401
-115.2848
-536.2755
-484.8533
-137.1063
-559.6328
-721.617
-736.2062
-855.3873
-851.4989
-851.1961
-737.8524
-795.8375
-370.5522
-2914.493
-3101.216
-2142.678
-1318.285
-1141.568
-1029.378
-1122.808
-613.2425
-690.8823
-732.1264
-465.847
-269.6271
-350.9182
1317.439
1026.714
89.3544
-124.0495
-127.5337
-423.7812
-80.32764
9552.94
5528.959
2925.526
1473.423
732.7558
88.3486
-209.4134
-239.8578
-373.5219
-406.9881
-151.6859
-329.4385
-78.23264
-649.1499
-770.3311
-729.2965
-197.1185
244.0026
-1501.329
-1054.204
-669.7135
-575.4534
-869.2786
-342.2157
-467.983
499.3305
-0.348271
-158.2071
-234.3719
-743.7908
-1297.718
-1046.666
70.39326
-413.6287
-135.5146
981.0423
367.2413
20.42916
-949.667
-1194.637
-1034.632
-1405.638
-1478.979
-645.4857
-357.6403
-60.42452
-684.8693
-644.1523
-324.3115
-1278.955
903.7315
222.4953
-129.1091
-439.914
-918.0156
-1036.963
1273.376
-744.1824
-135.9323
-850.4045
-646.1653
-401.2436
-396.3558
-447.627
-1112.407
-780.3358
-719.7972
-163.2011
-202.2621
-358.9834
-586.3205
-548.5798
-604.0081
-557.2667
-570.7622
-432.9015
-384.9731
-546.4567
-460.093
-138.3626
-402.8655
-481.3656
-528.3176
-351.4508
1251.832
717.9877
194.4234
-21.47774
-290.8777
-489.7433
-471.9902
-439.1724
1931.823
973.9627
153.8638
-431.4908
-480.3714
-264.5158
-127.5228
-287.4326
-401.6223
-502.5882
-60.59105
-192.1963
664.8377
164.0943
166.6266
-207.9254
-732.8019
-736.0483
-831.477
-657.7389
-314.1765
-263.3944
1688.992
848.8089
265.4181
4.274565
-736.1749
-486.1056
-280.5398
-1795.107
-1827.423
-1624.549
-1223.409
-815.0139
-276.1865
-736.0544
-528.2575
-356.4258
-469.8299
-450.4802
-1374.729
-1211.065
-833.4354
-966.346
-725.0959
-578.7758
-173.7556
-328.12
-350.8741
-592.7552
-1789.054
-1414.919
-427.8684
-781.8693
-636.8316
-720.4833
-618.5552
-596.0956
-509.4832
154.0188
-87.36934
-322.7979
-325.293
-426.729
-262.8673
-389.2038
-743.446
-966.5595
-855.5029
1300.368
544.4701
-238.5872
-444.5977
-602.9116
-1315.587
-938.9356
-857.5472
-819.748
-687.4794
-700.192
-855.8027
-711.7314
-1115.131
-5430.307
-3415.269
-2051.864
-1629.175
-1340.58
-1183.486
-1039.514
-984.041
-758.9795
-627.524
275.7833
-39.97992
-401.734
-590.8704
-635.9418
-684.509
-642.7396
-452.6604
-500.6795
1228.302
384.1068
-13.92756
-80.47615
-233.1799
1137.027
-12220.25
-7848.564
-4848.409
-3289.413
-2452.349
-1661.055
-3990.24
-2697.251
-2068.416
-1076.929
-1286.283
-1087.313
-906.4321
226.5517
-216.9257
-476.0562
-109.3155
-842.6852
-1904.054
-2272.916
-1492.161
-1083.599
-904.8145
-818.3138
-826.2822
-757.1594
-1116.957
-1175.78
-1878.443
-1804.437
-1434.232
-1316.757
-913.6666
-955.3178
-830.1025
-774.1638
-982.9568
-963.7556
-660.435
-916.9721
-963.6365
-1272.863
-1173.522
-1984.416
-2999.349
-2202.638
-1690.741
-1450.975
-1378.112
-1041.402
-963.184
-1500.41
-1352.943
-1258.967
210.024
35.09118
577.183
-247.3272
-605.9479
-714.2444
-962.4055
-1730.747
-1426.482
-1499.138
-753.8291
-819.0234
-1429.863
-1275.629
-743.5333
-779.0925
-883.0638
-814.3211
-466.1778
455.972
-172.6383
-620.8722
-663.2532
-1783.657
-1868.473
-1567.616
-1269.687
-603.9733
-1094.025
-1153.861
12256.8
7029.551
3813.839
2008.923
692.0758
-143.4129
-621.7594
-1043.641
-1329.155
-1395.672
-1287.358
-1278.124
189.7291
-4730.775
-3525.931
-2614.419
-5234.965
-3546.207
-4705.071
-3170.795
-3274.006
-2498.326
-2015.518
-1357.22
-1674.196
-1763.08
-2797.049
-2092.437
-18757.6
-11745.23
-7970.152
-5222.316
-3574.457
-2585.306
-2844.413
-2222.348
-1935.867
-1703.963
-1600.536
-1596.328
-1894.249
-1404.223
-1398.116
-1601.047
-1639.085
-1341.826
-1462.796
-839.4028
-562.9479
-847.5908
-1845.735
-1757.223
87.0506
3351.437
1246.536
352.5121
-331.2457
-1013.815
-1149.676
-1798.035
-1438.297
-1757.348
-1526.406
377.7513
-465.9353
-992.8366
-1189.842
-1230.798
-1090.898
-1676.647
-1694.528
-1280.672
-1519.191
-1597.635
-1652.866
-1429.078
-1285.67
-1346.38
-1198.481
-1374.706
-1346.408
-1477.534
-1573.388
-1649.654
-738.2433
-1382.787
-1672.65
-1848.233
-1871.948
-2532.475
-2296.003
-2040.517
108.4352
-314.9114
-1220.549
-1324.994
-1850.837
-2584.397
-2284.835
-389.2774
-932.6106
-1354.201
-11252.02
-7528.254
-4918.359
-3811.916
-3521.02
-2721.585
-2206.058
-1913.696
-857.2784
-1216.876
-1676.502
-578.0065
-992.7753
-1427.884
-1573.948
-1628.472
-1704.894
-2053.344
-2399.907
-2137.094
-2174.461
-1181.52
-1551.104
-1916.493
-1929.298
-989.3718
-1210.497
-1659.765
-1751.959
-2172.114
-2037.09
-2209.794
-4669.617
-3613.678
-2990.65
-2596.89
-2236.773
-13254.13
-8667.133
-5910.2
-4356.75
-3448.596
-2907.063
-2612.14
-2313.555
-2358.805
-2057.686
-2722.128
-2465.214
-2329.444
-2100.021
-2110.765
-2508.599
-2673.305
-3219.366
-2523.634
-2322.716
-2197.304
-2183.114
-1968.176
-1903.435
-2055.611
-1856.373
-3336.785
-2839.318
-2429.583
-2298.893
-2392.3
-2443.294
-2637.47
-2451.371
-2386.192
-2390.579
-2287.011
-2441.46
-2503.626
-784.8119
-1382.68
-1672.725
-1847.546
-2532.466
-2597.873
-2713.684
-2686.432
-2585.122
-2972.086
-2767.216
-3039.076
-2731.892
-2429.058
-2279.497
-2192.449
-2428.67
-2208.811
-2412.959
-2506.559
-2489.271
-2606.488
-2376.544
-2321.863
1333.391
-47.38502
-3280.885
-3511.773
-2826.689
-1672.667
-1914.513
-2397.98
-1228.872
-1576.053
-1814.013
-1950.826
-2223.947
-1923.49
-2030.263
-2289.365
-2426.385
-2287.259
-2206.522
-2203.679
-2276.469
-2533.185
-2482.115
-2551.41
-1574.441
-1370.158
-1753.566
-2026.921
-5811.408
-4085.135
-2959.866
-2619.086
-2670.655
-2361.499
-2121.07
-1054.061
-1787.582
-2181.433
-2390.647
-2668.66
-2450.853
-2323.896
-2349.73
-2399.276
-2482.832
-2360.566
-2294.897
-2352.01
-724.3173
-851.0348
-1474.35
-1773.046
-2095.524
-2197.656
-2314.747
-2223.933
-2347.723
-2385.588
-2508.001
-2356.554
-2644.514
-2034.023
-2342.435
-2110.006
-1166.851
-1651.13
-1942.032
-2224.241
-2140.902
-2240.25
-2386.923
-142.7114
-995.2039
-1729.853
-2023.344
-2215.52
-2351.377
-2154.118
-2472.279
-2435.951
-2935.402
-2727.073
-2567.954
-1863.083
-2007.628
-2804.294
-2709.793
-2599.187
-2561.138
-2275.743
-2722.167
-2714.059
-2559.615
-2553.26
-1948.691
-2463.797
-2480.185
-2392.415
-2369.772
72698.78
42563.31
24506.71
13668.78
7080.695
-886.9465
-1974.503
-2199.212
-2203.387
-3483.804
-2975.513
-2780.147
-2942.306
-2761.83
-2921.49
-2995.416
-2582.32
-638.6174
-1405.056
-2286.087
-2233.977
-1581.896
36938.94
21080.85
11767.92
6118.734
2464.728
-894.1041
-1637.337
-8607.981
-6045.07
-4422.024
-1608.584
-1694.861
-1603.038
-1888.491
-1977.41
-2525.966
-2942.474
-3321.416
-2921.713
-4166.991
-3416.343
-3140.77
-2719.275
-3179.333
-3172.075
-2626.869
-2042.621
-2231.77
-3522.143
-3336.32
-3005.1
-1638.85
-1903.885
-2044.796
-5524.967
-4397.607
-3551.924
-3028.057
-2935.062
-2727.341
-2705.4
-2428.411
-2948.228
-2716.777
-2823.263
-2078.747
-2312.563
-2559.943
-2912.063
-6446.775
-4418.202
-3833.946
-3314.249
-3070.409
-3045.498
-2313.175
-2249.129
-2218.232
-2224.289
-2154.142
-2102.834
-2047.72
-2170.97
-2070.78
-2135.729
-2661.019
117866.2
69673.63
41415.53
23974.48
13586.49
7285.499
3614.488
1625.602
138.5531
-816.8758
-2116.547
-2211.333
-2974.282
-3256.749
-2704.381
-1486.711
-1765.085
-843.6521
-1465.287
-1142.105
-1403.654
-1602.493
-1852.282
-1943.537
-2407.732
-2337.404
-2125.143
-1967.064
-1858.148
-1966.15
-1959.659
-1934.661
-1963.079
-1465.177
-1765.159
-1919.647
-2482.452
-1978.693
-2057.32
-2237.336
-2149.053
-2513.916
-2274.704
-2106.513
-3863.641
-3208.148
-2791.674
-2735.314
-2535.273
-2532.102
-2600.808
-2885.785
-2703.376
-2607.495
-2119.059
-1974.68
-1991.149
-2524.64
-2494.197
-2121.383
-2088.476
-1817.29
-2113.989
-2045.449
-250.5572
-1072.405
-902.0177
-1271.909
-2727.339
-2455.161
-2310.733
-2213.323
-1578.977
-2735.051
-2509.953
-6318.319
-4671.382
-3422.697
-2699.004
-2407.117
-3209.608
-2681.746
-2397.677
-2485.787
-2207.32
-2258.153
-2371.008
-2303.5
-2025
-1810.098
-1898.813
-1640.755
-1844.698
510.7561
-536.4701
-789.9664
-993.4053
-1453.609
-1643.563
-1523.043
-1626.576
-1998.67
-2180.499
-2026.509
-2019.2
-1972.44
-1906.206
-1789.964
-1768.819
-1624.029
-1596.608
-1791.716
-1678.323
-1718.782
-1781.091
-1130.925
-1348
-2396.494
-2241.786
-2002.047
-1913.979
-1868.704
-2012.635
-1944.711
-902.8155
-1080.244
-1242.67
-1662.227
-1487.412
-1571.424
-1614.782
4514.586
2000.069
632.2673
-288.3879
-1583.321
-2675.068
-2353.881
-1341.102
-1454.705
-1585.385
-1361.367
-1396.582
-1443.475
-1380.962
-1411.385
-1480.286
-1776.189
-1654.373
-1443.575
-1277.267
4117.884
1775.111
101.3634
-534.4542
-1072.012
-1049.611
-1663.771
-1645.921
-1621.493
-1467.224
-1470.533
-1555.481
-1433.89
-1387.265
-1387.31
-1252.434
-1517.942
-1469.611
-1321.307
-2827.184
-2381.158
-2215.513
-1709.161
-1545.183
-1571.124
-1746.494
-1725.876
-1631.467
-1402.819
-1351.572
-1384.483
-1438.259
-1490.151
-1546.339
-1448.784
-1320.625
-1281.069
-1689.172
-2480.32
-2095.005
-1769.809
-299.9264
-1316.459
-1456.634
-91.28382
-612.4172
-632.2806
-339.4622
-709.0516
-988.9206
-1254.124
-1374.739
-219.021
-668.1499
-980.7567
-1053.976
-1117.057
-1307.63
-1470.27
-1979.077
-1193.792
-1296.343
-1303.629
-938.0278
-510.1279
-714.229
-836.1805
-977.1163
-1158.123
-1415.72
-1776.091
-1674.96
-1512.15
-1639.533
-1200.711
-1380.731
-1396.89
-1583.366
-1102.208
-1103.657
-179.3471
-1146.628
-1180.457
-1196.607
-807.4855
-753.1786
-949.2675
-1147.72
-1283.213
-1244.726
-1200.646
-1288.914
-7534.313
-4727.947
-3332.214
-2340.404
-2293.275
-2053.042
1276.875
-27.44157
-247.7505
-510.1796
-851.5899
-880.718
-1039.935
-1207.511
-1396.808
-1540.806
-2126.118
-1644.55
-1393.8
-1155.691
-2045.148
-4881.475
-3371.584
-722.88
-858.7023
-1120.007
-1016.224
-2429.056
-2068.26
-1574.221
-1684.263
-1640.85
-1345.323
-1345.358
-1245.075
-77.49718
-457.4755
-962.7261
-1249.571
-1155.459
-1076.105
-2768.769
-1726.27
-1667.557
-1471.195
-1639.204
-1588.811
-1935.016
-1774.332
-1551.561
-1991.524
-1487.51
-1016.836
-1002.339
-1026.974
-960
-366.1241
-586.0856
-500.5344
-987.7752
-1136.713
-1249.368
-1157.48
-1313.794
-1185.459
-1055.367
1697.613
514.1689
-160.9308
-682.4199
-859.6365
-995.8815
-871.3078
-1131.091
-1228.824
-1150.01
-1092.931
-1627.591
-1280.342
-1147.147
10076
6198.35
3244.906
1291.622
490.3135
115.6677
-51675.27
-31669.95
-18517.04
-11429.42
-7633.127
-5237.537
-3623.554
-2530.12
-2133.586
-3060.853
-2089.591
-2641.88
-2088.431
-1607.87
-1297.772
-514.7865
-672.4248
-781.531
-143.8997
-623.1984
-789.9251
-840.4988
-1313.545
-1222.38
-1172.83
-1271.31
-1357.579
-1469.667
-1396.265
-1165.908
-1181.341
-1285.589
-1342.13
-1425.964
-1339.98
-1279.494
-948.792
-824.4705
-1280.682
-194.5487
-590.7329
-1003.396
-1167.716
-1028.89
-963.5974
-783.292
-1048.482
-1329.299
-2384.14
-1854.834
-1653.457
-2170.946
-2000.911
-1568.46
-1637.443
-1655.823
3521.906
2718.573
1179.235
858.2832
-48.85494
-317.3386
246.3894
-360.9772
-259.9469
-631.8874
-7360.344
-4874.605
-530.0929
-865.3825
-819.2704
-951.0288
-942.2833
-1149.379
-745.5098
-612.5852
-795.0066
-25.67065
-455.2625
-842.5538
-1252.572
-1221.413
-1850.386
-1742.864
-1733.393
-1643.792
-1590.802
-3842.277
-2781.326
