-136.5653
1043.607
69.52451
266.5468
155.9387
-490.085
365.8327
520.5047
156.9882
1121.472
-569.2256
-14.16881
408.5183
-88.56633
550.6904
277.6589
-103.9145
603.6429
747.1789
237.7512
-63.67519
124.353
-117.5546
324.9818
360.8309
169.8447
257.7115
-597.9111
-167.7186
103.9211
-464.9843
78.66339
95.08393
359.932
280.2803
188.3684
240.2097
292.1205
525.9483
7625.259
-7071.253
-1621.709
-3611.651
-1298.627
-565.3528
94.92686
61.64241
1815.229
811.6703
697.3738
414.9331
715.2516
144.8132
491.4955
343.3835
-140.8619
435.0802
485.1118
104.4565
627.4516
937.2873
596.8188
-369.51
574.7817
118.6815
209.9886
7573.403
2003.593
-1803.5
-671.0291
164.3944
826.8764
537.7788
84.3918
337.6394
488.5784
569.2408
12407.61
3403.61
769.744
450.4729
42.77553
-431.4215
-964.84
-19.2676
-289.8227
352.1822
564.7804
458.2642
564.3249
2130.485
881.098
482.9566
475.7791
830.318
877.9091
963.9398
1321.138
1345.675
768.9829
707.9363
738.6665
-6696.067
-1189.451
313.0113
645.4071
786.912
296.6145
-2209.816
614.5577
1079.616
590.3738
375.5936
583.3604
815.9507
338.5811
916.3967
698.6549
657.2424
984.2653
869.1287
1088.868
851.602
432.392
830.9785
731.0516
781.666
256.1604
690.1129
679.199
216.2246
832.7941
640.639
-512.6742
341.7595
1171.687
843.9952
822.6443
4.185796
547.405
383.2644
1357.451
1037.7
-131.9975
635.0746
686.5817
409.4705
1067.818
538.4466
615.0029
415.6633
593.2851
636.7331
430.3053
510.9327
781.5348
-1992.016
-13.22177
733.531
-875.1504
256.8361
645.1183
515.7833
1104.939
1513.928
1023.483
146.3936
8415.347
3951.681
1806.981
889.852
642.7054
990.5826
3767.609
1488.508
1129.439
353.1393
634.4438
652.366
267.5778
582.5308
688.7518
485.9412
-11796.61
-2376.766
-157.536
44.46256
-909.4867
-68.37646
8128.913
2214.134
50000.8
12346.79
3171.869
878.4344
544.696
593.0906
614.9977
591.7914
493.4893
71.05562
383.8173
397.5192
627.1837
317.4
563.8494
138.785
684.5424
1077.818
-196.1857
15330.13
3946.085
1029.235
1351.78
529.2416
-86.45867
2246.812
694.969
1567.923
1287.208
1337.684
788.9273
80.09048
640.8531
428.9615
-5012.689
-822.1703
366.9888
513.5324
203.7314
386.9935
18.69353
-272.2493
8389.572
2365.363
2512.092
439.3277
-194.3318
610.7385
-261.7157
102.4493
602.3928
445.4543
201.8222
114.4278
-136.778
93.01679
-447.3818
76.75741
-21.69445
953.2859
40.40264
-604.9778
-1593.044
777.6786
287.7788
32.85274
310.4982
238.5387
22.73861
-6.839976
54.31305
162.022
-114.1556
224.5199
-253.3062
-505.5258
102.6432
-292.6204
270.2978
-2.01772
430.467
176.3364
-27.88704
403.3228
15.66189
-381.1298
-68.65455
-1235.93
-559.8355
-397.9168
676.3798
79.42098
90.41676
-50.77666
-133.7782
-288.3527
-288.0677
-141.409
-242.3573
-262.943
-181.129
-408.5607
-427.0162
21792.08
4718.818
869.0728
-38.96855
-492.0781
-149.7544
-107.474
-31.86644
374.8461
80.45634
299.0988
14.48002
29.49874
-1534.861
-582.2762
-521.6592
-440.7494
-133.8041
-796.7693
-463.4402
-488.183
-358.9806
-574.9322
-802.0943
-561.0533
-1528.559
82.58346
-319.6049
-164.2777
-627.9703
-405.3843
-361.216
348.672
-178.1334
-724.8231
-616.6547
-2729.948
-847.2252
-2151.686
-924.1924
-757.2065
966.082
1795.58
133.9128
-1900.186
-831.4503
-691.0147
-607.1667
-801.1661
-142.262
-355.0646
-677.4527
-737.9269
-414.8158
-856.3183
-847.1984
-681.2579
-691.9661
-830.5378
-1950.237
3139.896
141.9354
395.8978
-347.141
-495.0439
-799.9643
-3631.327
-1418.814
-743.4316
-3604.133
-1417.659
-385.8983
-305.5717
681.3792
-501.5338
-1092.424
-1190.76
5.264376
-902.5738
-122.5995
-288.4344
-41.46485
-795.6489
-952.8854
42.2531
-566.8866
-542.1389
2818.23
5686.596
532.1575
-344.2464
-341.8016
237.3818
-597.6973
734.5994
-145.8806
-585.2149
254.3076
-637.4423
-487.1759
-847.3911
-948.8198
-30512.95
22131.63
4741.831
362.864
-11975.15
-3758.972
-1489.679
-1260.432
-1213.28
-963.9474
-308.0219
-577.5072
-723.6621
-1214.084
-496.3345
4339.641
434.1934
-608.4453
-996.3066
-1300.616
-1196.513
-1061.553
-345.2015
-769.6462
-1013.074
-1120.25
-842.6879
5351.342
754.6888
-934.8165
-1527.475
-614.2913
-1003.857
-1248.582
-732.856
-2976.794
-1508.721
-1034.154
-1070.367
-3298.644
-1517.574
-1178.909
-5866.778
-1963.868
-846.5813
-952.3261
-732.5676
-791.2894
-927.3252
-1064.972
-651.0605
-857.7344
-1040.383
-1371.231
232.2064
-617.3458
-1097.48
-1274.198
-1135.013
-258.4138
290.7704
-1547.337
-2686.337
-1474.702
-1134.642
-432.6872
-947.2211
-603.2403
-1844.323
-1159.937
-966.8066
-257.704
-597.6646
-1225.192
-1179.681
-919.4773
-467.3394
-883.3594
-2942.732
-1395.435
-1156.357
-733.5416
-737.285
15972.13
3101.501
235.1021
-2173.725
-1157.466
-942.4009
-947.9731
-1418.329
-1235.924
-1062.932
-1096.05
-831.4931
214.0402
-566.8458
-736.3549
-1258.473
-1414.533
-998.1436
-595.1649
-11658.23
-3251.145
-1472.241
-1250.253
-2428.879
-1121.221
-1514.241
-239.8252
-128.1948
-742.4535
-200.045
-740.0844
1907.505
-200.91
-875.7368
-574.507
1341.566
196.2677
-80.05444
-668.274
-834.5139
-983.9829
-999.288
-769.1516
-528.8193
-627.1235
-653.3962
-490.9697
-25337.58
-6315.646
-1987.703
-625.4172
-665.6373
-860.634
389.1979
-19.00431
-332.1943
-544.1
-794.8943
-708.0392
-720.5315
-630.6106
-405.0358
-454.7906
-2173.774
-893.1964
-512.9698
-383.8586
-46.92598
-339.5457
-634.689
-582.559
-5611.005
-1197.735
-678.4602
-437.343
4133.931
484.1502
-236.4641
596.4089
-738.731
-176.1855
-243.9826
-694.2533
-471.5341
-488.7413
-372.4933
-414.7429
-294.3137
-464.9918
-354.1267
-391.0272
786.6699
19.51934
-201.8513
-1356.175
-353.0576
-769.7848
-262.0858
26.37701
-283.8555
1198.176
-93.37736
178.6002
768.7638
-723.1062
-246.0882
-338.9076
360.5922
-34.60339
-270.1859
-12.24512
1297.005
421.6832
1005.044
-18.31899
-28.75613
99.17385
-336.5281
-120.4273
-236.215
5632.924
1332.281
317.3075
185.0043
87.98657
-77.45815
-502.1356
-613.8469
-601.36
-99.04639
-10722.96
-2449.697
-1359.75
-629.7429
-272.4698
-408.7398
-615.2128
-31.05225
-10.13701
386.4161
187.6014
-566.1889
-1062.22
3488.706
830.3198
415.7427
40.85984
159.2511
99.48655
34.54711
248.9648
96.58383
-612.971
73.21704
670.9493
898.5007
-1968.601
946.1435
-34.75211
2.428556
457.837
338.4315
114.1503
-280.6287
-285.1358
224.329
133.8066
256.8989
-2439.781
-443.1857
-6070.807
-1478.403
-240.7041
-720.0234
976.7726
862.583
1322.62
705.6439
514.3303
54.17862
99.12828
57.17976
261.0738
141.4371
-199.2861
-143.7234
557.7984
520.7061
46.66278
200.5523
443.9776
387.822
-4342.625
-757.7962
10.38997
-755.1316
65.43933
127.6471
618.4586
328.4029
646.5864
72.38291
-435.8057
282.4898
354.9725
481.1033
687.0516
423.6577
847.9198
6054.306
1773.687
767.6953
618.0763
377.4218
120.2812
-932.3291
738.8325
347.6641
-181.3798
437.7165
40.87342
604.452
431.0169
379.1918
362.2907
95.59857
112.46
282.0025
30.96108
169.471
748.4931
492.1133
342.9418
-4178.499
-811.4239
254.5514
478.2811
450.3737
331.8554
267.1857
369.1506
428.2411
1396.052
483.6048
325.3717
22164.42
5588.608
1139.811
787.8133
191.9152
348.1953
-0.0910856
867.9797
425.8661
424.3767
490.0925
-12.87602
270.8235
-166.3616
-498.1903
1976.146
-361.3581
-105.0671
-87.43462
-1609.93
-14.9031
192.5433
709.0625
633.6542
3189.369
1120.797
640.1296
415.7802
314.789
973.1328
459.3422
637.2842
393.8668
813.3613
712.2612
395.2431
611.5919
-482.7453
380.9846
1373.594
615.4743
-4388.779
-643.3095
322.2963
-422.577
872.9769
2643.736
986.7993
761.8251
4732.499
8054.844
1464.191
495.1411
256.2979
91.19866
-363.2035
-237.3482
286.9895
267.7214
-120.1368
-725.0112
-65.7353
-56.41166
279.6399
1113.167
344.1597
96.01437
844.7093
369.4534
-192.0432
370.9188
-338.7183
-778.9894
110.8318
429.1653
297.8159
189.2673
-77.61975
8298.087
1934.524
459.3287
-88.34756
310.1024
201.4166
347.6975
-197.0924
-109.5701
62.73768
-470.0451
-1358.309
-88.59539
-162.2743
205.1455
-52.2669
-11846.84
-2933.488
-712.645
-174.9511
-1157.267
352.0157
45.89901
-97.58734
-38.6901
10935.04
2844.6
640.0329
-262.4747
-164.215
-77.37589
185.3931
-827.1416
-470.5844
-187.6918
-409.8008
41.33359
-55.63607
115.8861
-98.79494
5085.732
1862.995
322.3001
-87.43321
-204.319
1.195406
63.35571
-189.7301
-96.36746
156.5171
-300.8975
-1211.927
-656.2334
361.5182
260.1956
-229.6933
387.9553
30.32221
1301.34
1029.1
-52.48567
1571.256
46.62003
115.6229
3461.944
673.6114
-21.50347
-622.2201
10541.46
1909.759
-22.93801
588.2363
-63.72292
-429.1741
9.010293
-134.1699
-137.6872
-528.1793
-642.829
-750.0973
-629.18
5521.135
815.9195
105.9766
-649.0056
-1377.978
-964.3286
-892.721
-231.7866
-651.1225
-758.3268
-299.6095
-438.2088
-701.0944
-822.2369
-622.1091
-596.6952
-793.904
-1004.232
-921.0045
-632.6389
-1213.887
-597.457
918.6958
-191.0555
-743.0942
-801.404
-441.6946
-462.9278
-966.0279
-751.8293
-1044.59
-689.5322
-3040.681
-1037.966
-665.3276
-634.9381
-409.2976
-1044.77
-254.703
-701.6872
-1009.312
-1454.394
-951.1933
-547.4295
3301.35
291.4419
-575.4601
-1270.77
-1279.469
-1060.694
-996.6168
-1035.291
-576.2191
-792.1755
-876.5189
-622.3743
-1020.977
-1244.792
-923.3497
-940.8031
-969.0284
-7509.002
-1907.442
-1517.852
-12050.22
-19021.41
-5367.678
-1661.651
-1127.464
-1084.833
-790.3565
-1198.003
-862.6228
-1099.12
-1618.263
-1054.479
-1314.841
-1149.671
-1134.917
-1315.213
-1198.265
-1113.837
-1255.957
-1579.489
-1510.1
-1082.494
-976.0625
-568.1336
-1067.241
-1225.201
-1084.425
-1092.044
-1297.834
-2264.428
-1565.23
-1715.564
-2156.213
-1204.813
-1144.569
-1172.023
-1167.856
-767.0709
-1039.213
-1292.427
-1540.761
-1428.215
-1009.419
-273.4157
223.3298
-843.686
-626.1285
-1285.57
-1744.846
-1409.449
-1240.897
-1304.376
-1230.062
-845.5828
-1049.043
-1484.077
-1430.717
-1498.65
-810.8563
-1204.025
-1254.357
-1321.554
-1436.274
-1495.245
-1249.237
-828.6977
-1827.725
-1236.405
-1696.205
-1279.62
-1351.037
-890.6997
-1058.583
-3510.598
-1498.157
1929.757
-531.4499
-1052.995
-1023.327
-1509.035
-818.4294
-601.9801
-1261.392
-1076.745
-605.2416
-1013.033
-1486.006
-1439.29
-2541.29
-1498.583
-1240.479
-2416.759
6468.984
616.8609
3399.813
-236.8977
-1129.887
-1208.211
-1078.606
-1463.648
-454.6276
-822.2523
-1441.345
-1376.299
-1028.262
-557.1139
584.8743
-780.9067
-1351.136
-1085.814
-807.8993
-1558.441
-854.6539
-1061.92
-884.2455
1894.349
514.733
-957.7152
-1075.321
-1377.484
-1264.64
-1137.27
-1126.156
-615.9624
-1009.102
-1010.3
-902.9165
-986.4734
-1174.458
-1348.163
-889.7273
-1353.087
-1817.222
-1198.984
54.01277
-861.1646
-1340.946
-712.6382
-849.7055
-1038.214
-907.8083
-517.3849
-1126.62
-1206.819
-2103.861
-991.4053
-731.0313
-927.9443
-1434.045
-1105.946
-1859.562
-1334.293
-867.263
1705.82
-68.34114
-555.6866
-983.5699
-923.5487
-699.5756
-924.3833
-1168.959
-1163.349
-1020.757
-991.1432
1196.973
-398.5429
-1034.283
8103.35
1148.819
-273.3133
-2460.122
-425.2597
261.0265
-892.83
-541.0546
-959.3153
-685.9745
-905.1632
-737.0457
-203.314
-1511.985
-967.8494
-937.4849
-609.2677
-109.6006
713.4799
-781.4092
-1146.629
-834.8803
-981.4886
-642.7524
-773.807
-701.6514
-604.7919
-652.69
-606.1366
445.8198
-378.8518
-1114.113
-164.7606
-844.3292
-744.1605
-1396.849
-1477.325
-827.2294
-786.9048
-867.3518
-1811.148
-1046.236
-937.1863
-443.5056
64.76894
-300.5937
-818.352
1388.666
-957.3878
-775.9604
-762.2173
-91.48882
583.2567
-246.532
-387.0269
-427.1477
-608.3655
-642.9907
421.9417
-404.6748
-486.4572
-196.5356
-709.0574
-465.1361
92.24603
5841.865
890.8139
-185.3145
1853.453
-28.58453
-403.0044
-416.4609
-165.6324
-472.6763
-539.2157
-330.4135
164.5381
776.4604
-62.82376
-955.7168
-221.2334
-443.704
-250.2944
-222.1065
-424.1166
-292.0522
-771.1502
-451.3553
-2006.733
-1104.714
4107.005
520.4506
-1611.615
-664.4922
-687.0143
-278.6381
-417.0932
-280.4704
-994.2749
-533.5413
-256.2624
-35.18495
109.4769
-913.7999
-235.26
-6661.19
-1306.854
-758.9554
-371.9789
-131.9992
-118.8528
-108.4537
643.3153
-26.42043
-60.96157
-571.5839
-176.488
140.8511
-34.96509
285.0467
357.0432
-191.5732
2798.472
664.1312
289.2792
5.096275
-261.2811
-141.4548
-322.7177
-53.33548
-186.4036
244.2144
165.4613
662.1247
1000.228
99.76064
1100.594
244.3561
460.7682
-446.8337
-15.01856
-149.2177
897.1467
729.6898
1002.146
-11149.02
-2993.812
-389.4056
1787.171
1117.013
144.1169
1130.697
422.8064
-15.16239
49903.19
11561.88
5836.853
1984.986
1803.129
492.7642
712.6573
8.437929
300.163
69.75695
206.1021
231.2137
130.0712
235.6306
165.7336
218.698
-16.37848
-87.08397
-1.649228
147.5899
576.4965
-42.93829
221.624
55.75202
132.153
150.0403
174.6257
-1672.288
-696.2698
-38.15275
226.2956
39.90138
397.4258
206.2268
101.1242
18.40918
15.67542
196.3442
186.564
584.399
417.2
135.4912
157.5333
17.5483
737.8241
406.2487
-131.1439
112.0101
429.0947
2314.279
739.9945
1344.922
224.9575
-69.6422
104.069
-64.35087
-94.70517
-925.4507
-259.0135
1713.878
18.1034
2181.509
78.95152
-260.6763
-193.9783
230.4141
176.0308
-134.1984
-12.3018
66.64728
98.30856
307.1829
-1012.088
-303.5104
-32.46552
-242.1763
144.8951
45.94074
-115.2226
1061.779
-608.3992
-780.7791
194.802
-94.29115
-24.68217
-439.6675
27.50255
144.5629
-142.7704
-277.4997
-216.6991
-142.6121
-281.4101
-615.9272
-406.4252
211.6869
-680.9317
363.2222
361.9059
-145.6882
-94.16427
-133.9078
-4211.518
-1119.916
-615.233
-138.4962
-549.893
-889.6693
290.6052
-551.0643
-537.3017
-12846.92
-4095.019
-1211.093
-705.2863
-1286.518
-477.6578
-301.9024
1172.955
162.3933
538.2865
-275.3021
443.9301
-58.72031
-223.4988
-1019.515
-734.963
-769.6217
-1201.429
306.7343
2.676697
-537.4281
-355.21
-143.9752
-134.8339
-280.4748
-179.367
-132.2431
145.5466
-2506.978
-9674.9
-2762.801
-856.5601
-572.3186
-206.7471
1391.314
-1098.903
-960.1744
-761.2168
-511.9475
590.9989
22.18836
-357.9247
-204.3035
-497.0064
-621.414
-328.3426
1400.041
324.8374
-365.7995
-1285.971
-553.9108
1353.655
751.0338
-211.2405
-658.9426
-522.2356
-686.8211
-564.7058
-623.4999
-629.183
-535.7641
-866.5507
-1078.51
-634.9812
-763.0364
-707.4091
-1391.535
-1098.758
-619.6114
-2178.315
-1056.761
-927.4484
-729.656
-862.6895
-58.10163
-2217.17
-924.443
-795.0274
-827.1895
11449.26
1982.412
33.5097
-499.6335
-786.0694
-768.3783
-494.7433
-882.619
-862.0053
-920.8014
-1273.497
-1041.049
-1038.394
549.6141
-319.66
-194.2778
-970.5204
-634.0499
50.79732
-684.7853
-972.3481
-1574.657
-1439.572
-1060.137
-1217.252
-1307.727
-1217.347
-1134.039
586.3955
-594.6653
-1553.925
-1267.31
-3733.9
-2924.571
-1574.109
-904.3815
-1406.494
-1513.995
-1333.871
-1286.63
-1092.322
-1257.162
-1112.485
-1144.399
-1189.29
-846.2389
-915.0689
-847.6211
-1137.474
-1034.687
-670.1177
-561.1885
-689.2612
-1251.202
-890.4591
-1388.168
-1453.856
-1299.689
-1140.19
-1045.093
-1358.481
-1353.782
-1651.603
-1184.522
-1398.371
-1122.745
-930.1093
-1287.273
-393.7591
-1083.251
-1332.973
-1316.089
-2112.964
-1231.916
-1428.869
-1436.865
-1193.948
-116.6767
-422.3719
-1113.495
-5172.183
-2356.752
-1549.852
-1672.258
-1780.856
-1402.641
-1454.669
-1640.174
-1532.803
-848.0318
-1710.711
-928.933
-1941.108
-1667.273
-1695.003
-1563.292
-1942.79
-1412.776
-1526.786
-1795.472
325.3844
-897.7909
-1494.838
-993.8833
-1337.476
5049.647
20.27204
-648.3042
-1373.626
-1284.973
-1556.826
-1485.016
-956.8992
-2552.361
-2269.879
1265.854
-410.3801
-1247.9
-1635.023
-1714.625
-1711.776
-1707.357
-1800.721
-1547.62
-1663.792
-1029.884
-1368.963
-1743.375
-3208.594
-1348.127
358.96
-1270.983
-1858.929
-1758.869
-1867.309
-1181.185
-1508.151
-1506.842
-1875.21
-1831.619
-1788.124
-1584.342
-1541.722
-1772.087
-1777.041
-1857.652
-1966.668
-1977.659
336.3467
1106.728
-1087.314
-1437.12
-1566.199
-1444.282
-1866.4
-1655.579
-2517.38
-1953.175
-2124.327
-1611.366
-1559.616
-3747.417
-2108.872
-1108.544
-1637.813
-1571.407
-1584.564
-1784.112
-2487.073
-1178.731
-1436.123
-1738.571
-1372.746
-1571.43
-1475.157
-1216.23
-1256.398
1586.439
-646.8624
-1380.229
-1385.178
-1206.074
-1281.175
-983.3852
-1999.794
-1667.285
-1350.741
-1579.873
-1653.838
-1501.656
-1729.04
-1357.678
-808.775
-2142.4
3045.642
-229.1418
-2379.379
-4811.029
-1331.651
-1473.451
-6286.149
1739.954
-869.0706
-1288.522
-1222.448
-1539.889
-1155.697
-1626.394
-1347.129
-1410.252
-1674.691
-1464.438
-8391.835
-2976.486
-1851.287
-1541.467
-1489.9
-1210.924
-1303.647
-383.5365
-944.7024
-1216.813
-692.0805
-1254.505
-1292.812
-1272.986
-1335.627
-648.179
2987
-301.0458
-1087.372
-1017.446
-1906.27
-1116.784
-1306.025
-1267.416
-1173.906
-1169.179
-1072.996
-1150.114
-2138.546
-1273.626
-1180.625
-1172.491
-1302.922
-1212.948
-1183.55
-2022.897
-1777.625
-2093.823
-1399.892
-1118.704
-786.5707
-2161.804
-1539.159
488.9411
-924.2861
-798.8068
-533.3542
-1207.601
-901.4439
-1280.332
-1280.643
-996.7528
-1456.505
-1231.023
-1100.515
-1233.413
-1046.656
-859.6257
-411.647
-994.473
-850.2758
-1136.053
-812.6733
-1050.091
-975.11
-1174.34
-2102.699
-7368.825
-2081.59
-1205.334
-783.8151
-1393.845
-603.3544
-876.0986
-1007.643
1528.515
-638.4204
-910.5189
-857.8827
-1675.058
-890.5416
-901.9017
-1084.403
-1724.925
-2638.57
-1285.732
-853.7111
-661.8404
-1137.535
-847.5022
-437.7346
-464.1044
-821.3132
-640.5565
-339.7726
-617.8737
-273.7271
-593.5811
-853.0891
-1039.209
-1103.207
8077.492
1569.495
-296.7385
-822.0054
-1426.269
-923.971
-1025.948
-547.9359
-773.0967
-333.8413
-1064.553
-279.7637
-741.648
-660.1613
-956.3766
-777.2065
-761.3743
607.6651
-250.6236
78.77637
-323.5224
-473.6079
-635.9144
-770.5727
-620.0467
-408.4558
-275.4422
-439.2063
-1197.239
-128.0068
-327.4153
-615.6153
-590.9129
-979.981
-385.476
-340.7238
-635.1064
-573.7943
-735.4037
3362.282
2848.767
123.5138
-2287.142
-512.6215
-671.1182
-298.0671
-722.6493
-393.3244
-3971.92
-870.7479
-201.7039
-230.4163
-295.0554
-290.162
-396.2111
-365.1865
-471.4741
-332.9458
-420.497
-1044.345
-685.476
-336.7376
-388.4659
-282.3987
-252.597
-264.668
1018.309
34.81429
-172.0919
-94.86102
-384.121
-215.2459
-140.7603
-190.458
-453.0446
-286.3875
-519.2444
249.5896
-112.9994
-495.8927
32.20394
-141.216
-285.1312
-344.3557
15.19964
-315.0399
-683.6592
-490.6005
-395.3154
-316.692
-349.5229
-158.2306
-127.7602
-557.4624
-378.5894
-153.5949
-1178.741
-562.7388
-314.0002
-75.55593
-444.1862
-383.2192
-1400.686
-493.9477
22713.67
5397.492
650.3077
-1187.083
-1794.911
-650.4566
337.8501
31.32582
-413.5689
-353.7348
-88.033
-199.2864
-673.621
-325.2482
-539.5596
-324.5846
-140.8896
-693.6485
-1498.032
-344.9745
-113.6632
-578.6884
-467.6961
-450.2396
741.6811
192.198
904.2533
-143.8481
244.9481
-312.0104
-451.3078
-243.0539
-129.9725
-879.0331
-593.112
-439.4565
-188.9694
-610.1444
-83.48951
-453.3469
327.8703
-513.7683
-2249.517
-352.0497
-185.575
-75.61648
-333.9174
-739.2591
-1052.985
-412.1699
-157.438
-449.845
-337.0326
-246.3805
-625.0139
-542.3055
-555.005
-325.8242
-329.4094
-318.7232
-229.5295
-352.1915
563.1659
2369.709
373.4094
-349.1114
-193.687
-235.6794
111.8783
22424.86
4568.713
585.5973
255.3431
32.50547
-706.004
-729.5994
-502.8549
-526.1724
1623.3
3626.544
-881.5314
-1738.419
-736.0926
-341.7198
-588.2266
-258.1034
-379.2168
-1632.159
-1758.196
2142.173
209.3702
-1143.105
-1344.959
-897.012
-531.0369
4900.823
4303.02
746.8721
-253.4158
-10388.11
-3310.21
-1904.323
-733.1811
-306.6828
-681.0401
-948.3254
-731.1128
-734.4224
-618.8638
-544.7964
-789.6577
-950.0597
-797.7271
-958.9988
-550.5855
-333.0283
-691.7023
-1286.133
-710.82
-1436.67
-994.0263
-526.2038
-686.2341
-875.2304
-1252.697
-2295.33
-1183.511
-5842.51
-2080.208
-895.9116
-986.3648
-748.4
-779.5846
-1060.608
-625.4195
-929.4754
-572.5299
-3654.908
-1519.789
-516.4149
-1502.473
-1078.188
-1220.868
-379.1706
-1388.676
-774.9624
-3456.673
-1790.276
-1130.158
-905.7545
-1794.013
-2872.053
-1540.584
-139.893
-874.6495
-1039.698
-1115.869
-966.5994
-687.8346
-1002.276
-1383.074
-843.6438
-1165.042
-1107.485
-900.1741
-2388.125
-1360.245
-1347.452
-1244.493
-1283.609
-1458.964
-724.3654
-1123.527
-816.5206
-972.5673
-1165.374
1840.673
-386.6419
-1071.509
-991.2062
-1291.051
-645.2657
-1360.731
-990.4261
-1199.658
-1346.616
-31916.78
-8323.682
-2764.34
-1738.79
-1397.651
-1201.72
-1391.683
-1485.061
-1704.005
-1338.02
-1479.15
-1486.984
-930.453
-9613.079
-6427.053
-2622.053
-1774.84
-1670.546
-1692.452
-1594.106
-1551.651
-1426.567
-1393.38
-1463.839
-1431.202
313.1545
-959.5
-1901.463
-1542.742
-1061.171
-2503.324
70904.04
13648.83
1236.397
-499.4769
-1234.273
-1649.748
-1616.931
-1452.445
-1489.976
-2047.568
-1768.422
-1560.822
-1074.578
-1558.715
-1490.298
-2155.587
-1827.77
-1606.371
-2832.528
-1864.188
-1780.915
-2006.901
-2039.301
-819.9335
-1914.496
-1721.759
-1686.546
-1560.947
-1591.193
-1571.338
-1977.152
-1907.763
-1898.988
-1737.307
-1802.646
-1470.614
-1768.512
-1962.035
-1961.862
-1822.05
-1834.982
-1813.788
-3006.877
-2169.235
-513.5551
-1620.993
-1374.357
-1612.726
-1811.598
4269.401
-280.3177
-467.5928
-1657.261
-1719.114
-1789.955
-1848.457
-1963.304
-2162.802
-1493.274
-2538.147
-2731.684
-1490.613
-2067.955
-2076.339
-1696.265
-2411.079
-1777.964
-2046.847
-2326.015
-2275.54
-1883.473
-1706.628
-1886.45
-2077.596
-1969.601
-1893.274
-3346.07
-2598.642
-910.3539
2254.657
-922.9605
-1633.307
-1868.418
-2242.143
-2048.656
-2165.201
-1693.814
-1847.548
-1901.668
-2220.976
-2077.503
-4519.278
-2596.409
-2127.467
-1919.317
-2024.085
-1127.019
-1629.581
-2200.601
-1505.828
-1757.518
-1835.344
-3194.036
-2207.011
-2355.746
175.5334
-1329.904
-1861.131
-1719.556
-4230.886
-1838.356
-1637.667
-1584.749
-2477.688
-3837.892
-2160.001
-1986.368
-2635.438
-3143.729
-1934.588
-6114.4
-2711.867
-2357.839
-2174.78
-1762.998
-2282.769
-1805.59
-2151.482
-1918.568
-1727.148
-1665.949
-2017.229
2656.701
-1308.637
-1042.391
-3586.106
-2260.371
-2177.68
-1798.463
-1559.182
-3212.78
-2998.255
-1725.215
-965.9475
-1451.686
3837.285
-660.2364
-1501.656
-1995.265
-1571.094
-2072.728
-1868.375
-1697.836
-725.9102
2509.626
-1194.539
-1692.983
434.4624
-1058.458
-1562.145
-1755.08
-1626.056
-1108.19
-1370.349
-1790.616
2369.722
-728.0459
-591.5359
784.059
-1244.064
-595.9073
-1878.441
-1418.114
-5071.799
-575.4917
-1613.3
-1989.319
-1684.283
-814.4453
-1239.563
-1269.97
-1707.511
-1569.472
-1565.776
-1513.571
-1705.657
-1208.126
-1353.515
-1267.298
-1098.741
-1297.875
-1904.595
-1505.469
-805.731
-1497.647
-2004.655
-2037.816
-994.2859
-1320.627
-2072.509
-3451.3
-1806.028
-153.042
-1112.903
-1365.76
-1129.779
-1428.172
-1298.796
1179.485
-747.2721
-1433.362
-1356.204
-1444.051
-1608.87
-2278.439
-1803.831
-1596.819
561.3169
-6222.753
-4154.956
-1547.875
-1450.466
-883.7654
-1368.671
-1175.672
-672.1618
-1339.244
7.621508
-1339.691
-1431.203
-1442.947
-1298.435
-1249.466
-588.1312
-1077.49
-1543.272
-1260.422
-3278.213
-1478.144
-1259.173
-891.4491
-654.9915
-1195.173
-950.7927
-1201.705
-949.1353
-570.5055
-1191.893
-985.3486
-1407.81
-1082.513
-1029.343
-1159.355
-955.0218
-23289.3
-6230.582
-2129.954
-1810.605
-735.3323
-731.2903
-1175.904
-964.9033
-918.7086
-771.9988
-862.5127
-845.2465
-863.3251
-1172.52
-825.606
-884.5851
-956.1574
1266.622
-399.2518
-980.4842
-210.3415
-811.6773
-715.4901
-909.6664
-890.0317
-1631.177
-732.9036
-686.512
-709.0845
-989.8105
-737.0976
-679.1944
-224.0808
-989.5459
16641.5
3104.845
-146.4392
-3879.716
-1213.363
-806.7147
-1193.136
-651.2814
-997.1549
-1130.602
-576.8033
-1789.256
-697.641
-920.1804
-1375.969
-807.1969
-707.0699
-1396.969
-1696.369
-1056.835
-490.5159
-1447.198
-1058.117
-842.5214
-512.2473
-848.255
15253.83
3075.692
261.4565
-522.2827
-721.8761
-388.5219
-598.1617
-945.6594
-515.3283
-642.1327
-581.7973
-961.7292
-816.0464
-528.4173
-619.1984
-781.5111
-677.3859
-758.9915
-658.8884
-667.9476
-637.9797
2691.521
560.4271
-197.1147
-12619.77
-3350.72
-1218.031
-911.6842
-1627.656
-7156.113
-1195.372
-1504.16
26763.34
5522.795
970.2221
281.0638
-1218.631
-364.6186
-441.5548
-3103.096
-1153.415
-428.8834
-698.3872
-3045.209
-5966.369
-1805.133
-821.2879
-1191.669
-651.8024
-866.6876
-549.5284
-94.0341
-57.34086
-2557.712
-1314.873
-712.8112
-202.0183
-908.7489
-780.3747
-405.7564
-252.6711
-493.2447
-220.5962
-498.6963
-1537.045
16255.69
-2413.512
-1078.834
-965.7872
-731.0926
-461.05
-376.6418
-442.0251
-430.9018
-743.5888
-586.2875
5763.578
543.503
-1852.039
-672.3043
-481.4748
-607.9962
-848.8401
-382.2826
-892.0309
-501.2945
241.4573
-1732.35
-680.9647
-595.0265
-814.3181
-623.7028
-840.3536
-574.7635
-624.3348
-3294.188
-1228.701
-1075.839
-49.98746
-399.9919
-609.5314
-982.8841
-652.7856
-372.9232
-402.3441
-82.9868
19154.75
4389.494
611.9034
-180.8545
-224.8971
-2045.296
-924.1572
-657.4899
-638.0443
-1301.962
-431.4215
2613.543
120.6099
-566.5421
1063.522
-263.9467
-647.8012
-5457.792
-1612.786
-968.4239
799.2485
-473.6218
-437.092
-1340.988
-914.1508
-1393.229
-1086.892
-709.2392
-872.1877
-904.0617
-1002.964
-609.8183
-562.0995
-772.1239
690.5307
-2084.236
-2205.801
-1524.673
-1054.56
-2944.999
-6327.079
-2556.841
-1414.61
-888.0514
-822.5045
-2406.252
114.9923
-582.2065
-640.6563
-497.5387
-1030.157
-856.5959
-1037.714
-1220.933
-1041.147
-3030.961
-1050.079
-1023.291
-1190.264
-1157.035
-708.9611
-945.3138
-817.5353
-652.9986
-1220.235
-1234.46
-1314.676
-1230.071
-970.4707
-1130.206
-960.32
-912.3057
-1068.967
-966.7369
-923.6957
-1227.106
-1165.717
-241.1987
-1085.513
-618.3839
-934.8875
-1445.799
-993.5043
-772.8242
-942.5566
-1163.88
-1037.795
-1041.289
-930.136
-1273.605
-1458.175
-1629.831
-1372.425
-1315.628
-1491.906
2531.971
1055.965
-1324.76
-1382.697
-1405.953
-2357.335
-2008.527
-1263.164
-1183.484
-1211.581
-1784.642
-1603.54
-1553.714
-1263.333
-1846.88
-2256.094
-2048.257
-538.1859
-1796.427
-1815.62
-3682.338
-1922.232
-4425.332
-88.76706
-1018.287
-1424.159
-1105.551
-1007.813
-384.3287
-2447.274
-4324.093
-6346.054
-2399.72
-1746.529
-1647.995
-1557.036
-1834.162
-1490.302
-1518.875
-1440.313
-1441.541
-1722.937
-4157.414
-2506.66
-3478.94
-2034.462
-1826.928
-1473.065
1264.402
-1026.265
-1561.856
-1649.547
-1771.87
2948.737
-597.0443
-1545.086
-1675.815
-1645.687
-1588.548
-1795.162
-2019.113
-2078.752
-84.15863
-1613.654
-1887.122
-267.1205
-1507.217
-4800.642
-2127.94
-1199.951
-1566.451
-1229.611
-22201.08
-4672.651
-2588.73
-2619.978
-1879.464
-4418.862
-2344.571
-5002.678
-2387.61
-2125.722
-2184.909
-1982.943
-2041.638
-1580.126
-1736.057
-2422.118
-1422.981
-1926.708
-2339.731
-2133.067
-1491.086
3526.781
-837.56
3001.021
-979.6124
-2515.947
-1828.435
-177.7033
-461.539
-2825.448
-2271.313
-2026.821
-1798.884
-1809.062
-4484.711
-2867.641
-2370.366
-3272.787
-2100.915
-1989.763
-1263.215
-2199.432
-2283.082
-2023.114
-2811.979
-2425.256
-1800.194
-749.2667
-1988.814
-2170.599
-2421.941
-1814.324
-2077.775
-2299.083
-2120.108
-2304.285
-2476.323
-1930.905
-2073.753
-3242.612
-2729.532
-3334.669
-3552.291
-2588.08
-2159.014
-2787.823
-2133.732
-1946.973
-2271.058
-2382.569
-2186.004
1792.681
-1196.119
-1817.42
-1880.385
-1560.387
-2303.248
-2814.459
-2423.747
-2121.609
-2145.923
-1638.285
-2525.085
-2378.169
-2016.738
-2390.782
-2094.721
-2226.173
-2018.199
-2245.742
-1919.78
-2142.707
-2041.31
-2953.872
-3170.234
-2809.76
-2448.321
-2499.281
15723.78
1935.609
-1427.484
-2420.615
-2287.345
-2467.451
-2061.967
-2201.283
17470.73
2547.942
-1131.837
2008.582
-3678.011
-2484.243
-2455.084
-2888.512
-2308.04
-118348.8
-29765.97
-8646.443
-3177.326
-1259.727
-1299.619
-2198.001
-2096.779
-2136.159
-2079.54
-76.89916
-2829.787
-2229.856
-2175.748
-2538.699
-2229.249
-2255.754
-1810.932
-1865.142
-1669.318
-2315.284
-2804.242
-1774.126
-1870.336
-1919.911
-1893.396
-2353.472
-2313.036
-2679.507
-2130.264
-1560.272
-1845.341
-2062.71
-2259.993
-2220.282
-2073.159
-1946.156
-2044.288
-1613.625
-1087.936
-1850.332
-2013.33
-5327.628
-2330.956
-2101.696
-2055.877
-1976.165
-2041.302
-2248.294
-2701.899
-2214.741
-2038.06
-1698.945
-1795.588
-1987.214
-2011.341
-1747.349
-1823.49
-2193.292
-2160.756
-4055.628
-2904.332
-2209.524
-2352.086
-1874.855
-1833.496
-1562.436
375.4659
-1244.498
-2182.789
-1928.32
-1999.604
-1843.768
-341.5745
-1636.373
168.8607
-1522.544
-1815.838
-1623.621
-1306.179
-1840.898
-1901.791
-2372.62
-1163.446
-1593.758
-1860.587
-1012.843
-1753.46
-2044.572
-1804.363
-1493.955
-1615.755
-1682.817
-1940.753
-1604.063
-1369.996
-1323.075
-1757.54
-1736.342
-1544.725
-1731.93
-1836.826
-1664.857
-1476.041
357.9137
-1106.903
-1163.992
-1503.876
-1748.81
-1858.343
-1504.725
-1500.458
-1419.953
452.1671
-1016.84
-1885.431
-3874.89
-2779.302
-2055.771
-1979.425
-1776.866
-1464.478
-1628.435
-1323.207
685.1346
-978.6454
-1163.406
-1302.617
-1731.338
-1655.393
-1616.166
-1456.472
-1299.274
-1397.31
-1197.32
-1390.896
-1349.172
-420.4789
385952.7
91049.56
19963.02
3668.646
-222.3504
-1247.993
-1638.337
-1392.753
-1816.107
33.07726
-868.2461
-1243.301
-1233.612
-986.4343
-1217.141
-755.4752
-1134.59
-1352.744
-1818.587
-760.9914
-2809.698
-1506.235
-901.3582
-1013.076
-2247.435
-1420.62
-934.9936
-892.0596
-1125.341
-1902.541
-1576.03
-1032.003
-892.7457
-1242.181
-1083.746
-1246.791
-1124.18
-1005.054
-1145.168
-1568.245
-1660.656
-1259.174
-837.1116
-981.1822
-1171.442
-1670.746
-1184.005
-1370.306
-1008.008
-658.4172
-860.9049
-724.3377
-1337.173
-1351.087
-1151.892
-3149.125
-1006.575
-1056.175
-647.8795
-883.0831
1362.562
-290.7566
-788.005
-569.0309
-989.2056
-1171.402
-1172.651
-1067.52
