-7295.804
-1614.326
-2530.088
-1133.887
-1758.126
-987.1213
-844.5364
-609.469
372.364
402.1732
-449.8412
-293.4805
1448.339
241.7976
-579.2356
463.7113
-379.6463
-1559.905
-754.4203
477.049
-221.3474
-1024.009
-5944.627
-2407.696
-525.785
-126.5494
-14.92276
-916.3522
-893.8786
-92.52106
386.3426
641.7911
2980.138
684.0125
440.8085
162.566
944.6321
592.8082
5797.58
5765.635
2709.684
1470.442
1621.394
1001.25
-179.4374
168.6277
-70.66954
131.6788
833.4686
114.562
-2743.676
-2514.103
-4487.189
-2198.191
-1363.006
-346.2187
1360.728
-1011.623
649.6205
-1758.141
-5242.741
1756.255
1847.374
438.7857
114.3965
12.29979
-2803.925
903.5291
-28.50667
-518.3188
187.4438
332.3919
670.677
-529.3527
1045.909
5694.787
2930.009
3715.081
315.2011
1275.894
-964.6488
755.273
1064.244
-35.59805
-13.79214
-3514.535
-1444.11
-706.7649
56.72267
-38.88141
-106.5539
-2719.379
1055.801
1473.737
159.7946
-605.2162
-456.301
460.8433
632.7059
786.2584
238.3721
-2461.242
-7557.122
-3491.934
36598.39
19484.85
9956.781
5468.981
3210.746
1323.736
435.4785
4.727511
140.4819
-883.1167
-1092.934
-879.2999
356.5102
14712.5
7696.725
4639.498
2885.254
9201.981
2445.176
1331.001
1028.527
2802.301
1695.029
-2157.698
-713.6718
-1352.471
376.3028
157.4296
-24619.53
4515.618
2554.661
1869.756
2383.915
1518.17
1199.25
1298.478
2283.545
1461.79
2165.03
1538.68
2071.137
1573.952
850.9078
796.1563
613.5694
373.9811
1930.319
467.4076
1300.407
619.3283
811.4656
2949.167
1804.54
1719.419
-7672.55
-3519.29
-1732.111
-744.865
219.7823
-85.89446
1913.258
-2648.561
-1636.028
-531.9287
-745.9475
2649.729
14487.27
9530.539
5344.712
-574.3963
-353.9685
1161.046
555.0163
460.0338
-429.4162
5529.921
2279.075
-6648.041
-3172.644
-1375.415
-889.9146
-1584.057
-2124.744
-1089.444
387.0715
530.8105
-118.9957
36.88643
475.9903
6758.11
4559.571
2483.822
-1507.941
-1488.529
529.7515
-348.7069
-508.6775
-7799.999
-4128.59
475.5813
143.9275
-2125.033
-2264.281
-606.7366
-654.7591
-2769.129
-5087.808
-1240.097
-637.1088
1448.217
902.4833
664.548
2015.563
659.5425
2810.021
-308.0108
-188.5643
-5580.975
-2862.901
-3461.033
-1585.385
-698.365
-2165.075
-2520.601
-2059.099
-2910.148
-645.8221
-890.0407
602.1323
331.1104
550.6276
154.8341
318.2953
772.1409
961.0664
2531.795
209.7003
-150.0435
451.8129
903.0326
238.0065
-113.0642
-292.5502
-1380.221
-277.6893
-35.65447
-3409.696
-1460.576
-1194.833
-426.1039
-216.7531
-779.8054
-1623.753
-475.4125
177.0576
-578.9518
-1499.102
587.0336
-1750.374
-2264.34
-786.3434
-448.0457
1482.582
-830.466
-1153.002
-2212.63
-1970.601
-444.3578
-537.516
-2615.057
-952.7546
-5660.714
-1059.239
-1012.289
461.0369
-1504.806
-350.3532
-1642.243
-1968.733
-2320.114
-1584.884
3422.562
603.9622
-941.2062
-1247.715
-1234.345
-1377.954
-4493.264
-1704.142
-1735.932
-1473.886
-10398.05
-5885.769
-3048.604
-1454.915
-1608.932
-2395.712
-1381.04
-1561.323
-419.2923
-314.9831
325.4735
-8401.921
-4656.931
-3427.892
-5633.001
-4074.03
-2701.668
4298.238
1157.211
93.43279
-1167.784
-1329.606
-1269.184
-1039.326
-809.6435
-519.7938
4711.858
3573.778
1927.099
1128.885
622.8454
-1559.922
-477.3412
-1934.517
-1123.948
-117.4955
-130.0622
-1084.414
-1952.49
-2196.759
-9575.722
-5864.265
-2960.877
-1434.381
-1251.07
-2013.082
11.42145
-202.3596
30.71491
-2408.695
-474.9135
-1464.337
-1976.877
-1041.398
-1722.455
-2115.594
-1671.85
-5537.887
-2879.391
-1519.581
-2923.25
-2519.118
-542.2089
-1176.795
-1261.547
-1725.407
-1701.539
-4786.613
-6263.209
-4325.324
-2651.356
-2357.26
-3439.246
-40.94871
690.8033
-244.9795
-701.4039
-3405.941
-5347.384
-2223.759
-869.5863
-2277.267
-1958.598
-1807.463
-1271.04
-1904.444
-2168.411
-22608.88
-12578.77
-6016.677
-3805.863
-2459.263
-1480.46
-797.8669
-221.828
38.24717
-1295.222
-433.8929
-6661.451
-4657.362
-2718.891
-1689.868
-360.0741
-2857.047
-2798.985
-5794.068
-3663.417
-3250.764
-3812.001
-2651.643
161.7351
4248.276
2210.924
1001.458
-2034.697
-1036.883
-2992.807
-2668.59
-1510.972
-1775.43
-243.2221
-846.4608
-1016.912
-1200.039
-4096.242
-7022.91
-3455.256
-1983.872
-2666.129
-1958.295
-2022.061
-4184.553
-849.2776
-1704.5
-924.3528
-688.4433
-1097.349
-239.4925
325.2428
-2622.821
-4157.484
-4315.046
-3461.088
3144.781
1028.663
-178.4739
-296.5702
-326.6177
15747.66
7921.247
4361.363
3826.155
906.8542
532.5945
-471.5061
-329.1899
167.0075
426.5832
3021.532
875.623
-870.3819
-966.3456
558.3177
-343.678
-153.4185
-223.2299
-5465.524
-2901.978
-2826.564
-8238.873
-5165.816
-2672.401
-3526.179
-2343.464
-1418.644
2595.674
982.7459
-630.5447
-1083.29
-1507.053
-410.2339
-2686.994
-4227.93
-1531.008
-997.6508
856.0258
4.846205
267.737
-520.3154
-514.515
183.4535
1114.636
-480.0819
-341.7028
2926.595
7572.032
4207.464
840.1069
247.1165
-601.466
-817.824
-842.2532
-116.1616
-2094.622
-1656.46
-13707.41
-3353.835
-2229.972
-2348.447
-1338.494
-546.8746
-1006.886
-2569.858
-2162.363
-2089.457
-913.5557
-1241.636
376.5163
2364.283
-850.9215
-563.1417
-1068.702
-1774.883
-134.5261
-1395.069
-1089.816
-1310.808
-2664.097
-2078.469
-1593.439
1553.899
121.3858
-319.3173
-577.0942
-624.3852
-1184.605
-1252.114
-1889.797
-413.6866
-1512.2
1510.322
2275.089
814.8567
66.82812
75.04703
-2279.568
-2394.387
-988.7382
-945.5843
1347.682
243.0559
1610.915
2129.934
1217.61
716.943
-213.879
300.5161
-1394.118
8750.324
3392.465
909.4482
-294.9101
-15.68896
3344.728
718.7494
-710.7195
402.4389
1.251839
-234.3321
231.0676
789.5852
-132.912
-371.9115
-585.6275
-584.5748
-424.7639
2539.507
-1230.165
-879.4857
-2429.35
-1866.604
-4905.861
-3004.276
3840.103
2950.021
10152.38
5302.376
1914.281
862.7467
1018.08
3978.65
1550.892
-309.9686
-1240.597
-296.563
-82.60239
198.5858
603.5217
-250.4038
2747.665
3904.754
7623.509
3091.395
78.68013
43.68445
854.8937
378.9277
17138.35
10798.02
99726.28
48198.44
24765.29
12670.48
4750.552
2476.566
1295.131
789.0741
-485.1215
-714.7077
-15.90177
-1700.197
3898.12
921.1966
-753.4706
-5134.418
-2383.969
-612.8124
-783.3259
-425.208
-167.4022
238.465
860.1994
293.5097
-233.9885
-1538.53
14684.1
7428.562
3655.974
801.5809
8.316688
-1910.497
-1395.506
-675.3377
-668.7451
-1150.62
-550.5646
-209.9148
-5016.288
-4213.779
-2458.526
-1056.253
5661.714
4739.887
1692.717
1429.525
-1012.427
-329.7957
397.6435
-2496.458
-3580.259
-357.0416
-669.5595
-870.303
-834.6767
-2536.013
-1363.693
-54.58239
352.8829
10855.36
38750.87
20344.73
9683.409
5545.867
-8637.559
-2602.4
706.2985
-135.7679
-115.9716
1674.646
887.019
-932.2867
-1011.447
10913.27
6245.342
5301.74
3727.729
3566.202
2319.21
1525.887
7.292701
-1330.735
122.8249
1067
833.4247
1791.147
-2687.354
-1826.819
-1008.521
1619.751
737.7318
2081.435
1324.139
-1842.643
-1020.494
-332.4004
442.4455
-979.2368
-848.7706
-215.7636
497.9458
-144.2854
-22.25226
27.24424
2343.38
1148.622
-342.8839
-97.0469
-605.7818
-829.0246
-761.6778
629.0012
190.7079
-994.8567
-3962.495
-2544.428
-1057.778
3187.698
732.607
876.3411
-1206.478
256.4431
1140.228
401.1848
271.8383
307.8223
252.3568
439.6817
-353.1239
239.8755
-650.6296
-1082.351
-4106.169
-1721.375
-1464.058
489.5656
-11649.42
-5487.92
-3404.66
-1282.393
-582.8478
-17.75261
1302.827
1417.76
833.3881
-1003.258
415.8013
781.3837
-1560.519
523.3855
297.6067
122.7306
-2471.154
-1629.805
-1096.032
-925.9152
-995.5644
98.45231
-89.80901
113.2995
-846.732
-1998.998
3554.706
1053.573
346.4683
-574.6744
-1338.34
-10663.13
-6385.905
-1582.378
-1636.687
-1878.106
-444.385
-955.6269
-635.8139
13.70607
-597.4534
1974.052
240.4407
-178.7544
4247.983
3039.996
970.7959
-91.48153
-2760.125
-3484.957
-1809.496
3229.234
1579.026
1764.227
106.9002
-593.3843
-15018.69
-8093.845
-8979.72
-5351.879
-1675.302
-20810.84
-10768.67
-6025.782
-3574.201
-1576.68
-840.018
-1244.117
1864.953
-702.2355
-318.6701
-620.0109
-380.2361
302.111
884.1128
590.8542
228.5845
27324.77
13853.6
7151.134
5207.706
1456.204
-1349.818
-525.7986
115.9295
-442.548
-524.8052
-2114.844
-1441.321
-434.328
-1042.937
-374.7829
-1099.891
-799.0714
144.5568
850.2631
-220.8896
-953.3527
-1106.233
-3880.73
-879.3632
-2535.503
-2423.721
-5208.198
-2997.848
-1389.331
-798.3609
-2536.515
-2314.551
7126.505
4552.051
3773.564
1475.876
278962.6
146510.7
76243.12
39775.85
20603.78
10406.57
19502.68
10081.6
4742.1
1651.547
-119.5861
418.7773
-185.3278
-460.6141
178.8351
-10.15402
-5022.63
-4222.184
-788.6465
-788.8017
-857.4362
-9022.934
-5390.477
-2964.135
-1665.408
-3304.173
-1820.796
-1376.606
-350.4184
-1270.764
1330.93
3.880952
-1860.036
28675.06
14339.97
5948.974
5893.124
1935.287
-1336.476
-1132.863
-1498.149
-19163.05
-12514.45
-9917.158
-2731.662
-1811.617
-225.9737
-874.1154
-997.2557
405.8524
-100.4868
3634.217
-4460.294
-2880.936
-1502.292
243.4403
1456.411
-11298.02
-13869.17
-7631.256
-4680.717
-3461.92
-3532.006
8690.545
3903.186
868.1718
-4111.725
411.0566
-486.1808
-991.9275
-758.6179
-1685.195
40984.13
21525.42
10706.76
4977.38
-859.8086
-1327.39
-1825.989
-533.7448
-473.0724
-605.4801
-1133.702
-82.61565
-294.8102
504.6448
-440.485
-1118.934
-3930.625
-2676.883
-2495.432
-1811.802
-2576.602
-1595.03
-2016.248
-2602.143
-2132.041
-447.6128
-2809.808
-1359.958
155.4293
-868.9848
-1155.131
-1879.342
-1454.261
-3344.09
-1253.505
1416.239
-2657.34
-1705.448
-1447.776
-1148.779
-2530.522
-1759.657
-922.6838
-731.0862
-749.0652
4071.722
1654.945
1680.008
-19.32669
-3694.173
-2925.528
-1233.254
-1849.211
-1955.026
342.284
-537.3769
-361.2922
-1247.278
-478.5216
-1138.218
-588.2808
-1722.267
-1727.193
-1790.024
-2064.764
-1378.335
-4045.626
-5279.703
880.2654
-1296.626
-1443.371
3382.052
928.4886
-59407.07
-30724.22
-16377.26
-9375.034
-5430.884
-3513.84
-2147.924
-2851.589
-9162.559
-5974.286
-3998.425
-1301.319
-1469.294
924.2873
-102.5212
-1071.178
-1367.463
-1636.544
-1761.404
-1364.607
5263.16
-10719.44
-7299.096
-4013.462
-3209.915
-2411.208
-1310.258
-807.8928
676.3451
-1744.657
281.1605
688.9348
-1104.562
-2011.401
-5438.649
6975.675
2956.431
1021.653
-549.4593
-696.9905
-1310.711
-1467.986
-1720.133
-2754.233
-1652.952
-2525.329
-2386.165
-2634.605
-2958.207
-3384.548
-5844.91
-4084.769
-1523.746
-2354.564
192.5173
-578.6734
-1547.999
-1595.002
-2168.236
-1806.743
-1630.367
-1075.39
-1329.882
2470.58
1577.941
-221.5767
2962.39
400.5991
-845.7607
-1571.39
-1666.228
-1745.48
-1747.924
-1038.317
1012.929
-192.0475
12078.62
4036.262
-5609.384
-5017.984
-3514.49
-3245.208
-1471.004
-1743.57
-1802.954
-2024.246
-2053.044
-988.9768
-6992.865
-5072.948
-3464.98
-2894.708
-1911.152
-1279.398
-4508.6
-2986.027
-2367.315
-1906.542
-1943.781
-1167.724
-1929.024
-2004.033
-2257.972
19501.5
10534.96
3570.325
7555.718
-65348.06
-36512.25
-19998.97
-11549.22
-6633.011
-4153.673
-4078.775
-221740.1
-117179.8
-63472.52
-34139.5
-19851.53
-11266.44
-5993.134
-3901.007
-6747.261
-5897.412
-3814.934
-2105.441
-2444.011
-1974.868
-2181.679
-4218.103
-2772.658
-1852.812
-13182.73
-5079.027
-3436.597
-2042.517
-2259.915
-5872.884
-4078.793
-3315.662
1822.772
109.318
-29.18508
-7443.898
-4982.547
-4309.11
-3572.356
-1621.561
-1976.152
-12475.32
-7416.581
-4478.097
-3512.011
-4529.534
-1694.695
-6490.187
-9046.046
-5628.515
-3653.62
-1585.298
-1085.95
-1395.549
-995.799
-3729.779
-2705.158
-1518.05
-2245.576
-1296.732
-700.7325
-441.98
3543.61
892.2765
9.202589
-369.1427
90.72731
891.9155
-334.4004
977.2932
56.12499
-1406.793
11041.1
5149.014
2526.024
-203.9659
-1241.569
-1305.811
-1101.113
-1988.925
-1232.136
-2277.183
-1011.821
-2942.791
-2506.897
-2910.992
-2362.781
-1324.694
-110.1673
-1043.334
-206.3636
-2767.621
-3579.778
-7657.474
-3567.666
-2189.709
-1551.621
-913.7896
-1056.027
-2537.389
-2186.925
-503.4205
-875.2401
-783.6794
-891.2014
1315.772
947.3804
-393.7205
5434.934
2081.486
4679.668
1886.912
739.4533
-1302.39
-2331.59
1571.789
993.6987
302.2903
-543.5613
-108.4983
-812.8192
-1123.916
-2932.621
-7223.818
-1524.559
-1893.511
-1884.888
-2505.57
-2195.988
1231.931
-649.1325
1338.56
-22.79303
-426.6923
-939.393
-2744.031
-12389.01
-6687.051
-1626.577
-2074.032
-7016.207
-4282.78
-7602.391
-4649.132
1751.931
3638.063
1498.946
-897.7836
98.993
-625.4378
1927.546
305.1114
318.1126
201.9728
-2004.849
-883.5189
-247.5594
655.0866
-171.3401
-1234.501
751.5579
-3774.99
-2438.874
-625.5669
-3054.04
-854.6877
-2198.937
231.9509
15101.61
7223.369
2716.524
-3748.945
-1173.119
1720.445
-712.8315
-74.31149
-242.8354
-1669.536
-1621.182
-1705.671
-1267.265
-1762.807
8620.174
2232.713
3626.641
-1720.402
201.7973
28472.72
13121.99
7579.835
3961.837
1596.338
-274.0659
-1054.594
65962.12
35243.7
18316.61
-410.682
-1603.817
-91437.4
-48737.98
-26550.89
-18835.08
-9687.162
-3076.251
-1132.426
-661.0654
1285.867
171.6438
-987.6606
-3470.839
-2225.901
-1077.56
-5815.055
-1364.989
-2165.591
-2121.669
-2808.512
9158.366
3603.536
2454.96
794.3403
-2521.887
-807.941
-355.8191
-4229.18
-15848.61
-7222.024
-10673.89
-11660.92
-5664.763
-2932.301
-1480.372
-1335.014
-1145.524
-760.8201
-627.9451
-751.2791
742.5049
-408.8528
-13883.8
-7821.79
-4653.603
-4134.496
-1982.362
-4756.618
-2783.547
-1565.629
-2013.465
-1218.306
-1037.565
3201.659
-1648.951
-963.7755
-231.7392
-799.9419
-2365.362
-1777.239
-2402.517
-1741.773
-1163.006
-1212.421
-373.0271
-21048.62
-11667.11
-9532.174
-6251.833
-868.8537
-1011.96
-924.7284
-860.5671
-822.4697
-629.2383
36.78639
-370.0135
5027.829
1387.447
883.7189
1503.204
-3.098815
2107.905
-119.4029
-13.81841
-387.3919
-576.785
-1236.436
-25057.17
-13451.9
-6758.306
-4389.332
20970.34
10556.1
4928.071
1699.752
302.7976
1008.802
438.7817
-270.2032
710.6215
-566.1138
2621.712
282.7317
-1340.685
-821.1421
988.7413
-2640.918
-1485.028
-766.7516
-2421.452
-816.0916
55.53013
-727.9819
-172.171
-2543.171
-1758.195
-3636.874
-2862.489
-2370.941
-1518.445
-3029.352
-1294.601
-1629.497
-894.4138
-25577.89
-14320.17
-8754.765
-5075.512
-7707.46
-3959.789
2778.536
1677.372
-923.3771
-5592.122
-23114.38
-13400.35
-8560.424
-3270.175
-2474.248
-1779.081
-1445.293
-2051.709
-2824.935
-1540.648
-2042.836
-1973.873
-2647.267
-2279.684
-3562.963
-23489.86
-13274.57
-8624.477
-4848.025
-1182.897
-556.4948
384.0248
2266.141
98.95288
451.3162
25.55168
-2275.346
-1636.876
-1165.542
-2737.601
164.1315
-491.0089
-2207.363
-1670.795
-1752.532
-1293.162
-882.6078
-1613.737
-2058.172
-1789.471
-184.8374
-5059.237
-3526.94
-2303.633
-2039.165
-1350.712
-1518.467
-2873.558
-2059.187
-3818.577
-2184.772
-16001.33
-8932.7
-5603.282
-3775.327
-3288.208
-2980.921
-1767.249
-3886.266
-2566.624
-1824.947
-1421.634
-2735.716
-2174.796
-1887.216
-1582.392
-1376.728
-1598.39
-325.7615
-417.5788
-633.0808
-1288.099
1543.672
-297.3672
-1331.786
-1334.658
-6476.354
-4722.482
-3763.267
-3069.244
-2239.114
-1848.646
-6221.645
-4552.36
-4178.374
-3756.393
-9980.403
-6314.023
-3664.544
-2857.871
-1829.356
-2667.841
-3551.43
-3291.015
-2907.287
-3044.904
-1932.52
-2148.743
-4831.289
-3714.86
-1052.452
-2016.68
-1975.691
-4044.731
-3299.586
-1370.13
1377.378
-605.8306
-3157.461
-5441.867
-3673.939
-3002.574
-850.7192
-602.9715
-1663.967
-1058.032
-2169.974
-1382.62
-3312.694
-3429.16
-2151.213
-2544.829
-5726.953
-4008.287
-2870.782
-1994.038
-2395.018
-2344.389
-1971.265
-1082.426
-3053.84
-3500.705
-2677.387
-4311.916
-4082.218
-873.0542
-1808.536
-2911.471
-1419.678
-2349.508
-2339.517
-2543.064
-4243.21
-3706.785
-3290.01
-1959.037
-2337.703
-1679.934
-7874.352
-4808.676
-3359.807
-2873.619
-8231.174
-4641.183
-4125.617
-3084.184
-3086.943
-4507.35
-3849.52
-5987.417
-4386.409
-3410.266
-3035.346
-3447.763
-1751.021
583.9088
-250.6061
-2558.583
-3653.287
-2943.143
-1867.785
-1037.534
-522.4533
-1538.255
-1293.557
-905.3244
-1288.032
-1380.609
-2264.187
4313.798
4237.094
1483.214
754.6311
-1533.978
-3186.647
-2566.766
-3213.707
-1120.56
-2245.575
-1991.204
-2480.37
-1501.719
-1192.118
-2032.383
-2286.769
-2457.063
-4507.763
-3490.551
-2274.169
-1633.515
1449.806
755.4859
532.6882
1097.414
364.3467
-2163.135
-753.0808
-1595.553
-887.3012
193.637
5102.518
1371.821
-619.8815
-1751.711
-3106.854
-2463.291
-5453.992
-5817.774
-6532.938
-4245.147
-4973.856
-4529.907
9044.259
3362.798
1106.483
4418.502
-261012.1
-138350.9
-74078.76
-39494.4
-21426.79
-12126.92
-6714.34
-12355.9
-5986.453
-3501.767
-8985.324
-7070.207
-13998.88
-9673.409
-6665.155
-5770.056
-1328.929
-2149.112
186.1833
1717.96
-1544.274
-1894.742
-1534.282
-2230.575
-2447.368
-2644.649
-2590.829
-2999.059
-4054.246
-2251.404
-4214.049
-3961.795
-4125.171
-2702.088
-3405.315
3135.713
1419.437
289.9064
-2063.365
-3722.598
-3243.111
-3343.037
-725.6988
-1866.398
-1541.066
-3035.892
3154.034
849.3975
2439.479
-3686.361
1884.273
178.9201
-1206.574
-1333.119
-2406.625
-1966.597
-3659.157
-4928.229
-2139.373
1877.149
864.4788
-1851.279
-2227.52
-5557.108
-4429.258
-2839.274
-2227.924
-2535.425
-367.2223
-619.9718
24614.95
11484.33
4792.794
1063.475
-1633.578
-3058.537
-6481.375
-9117.072
-6987.048
-5526.907
-3667.085
-3731.176
-3171.967
-3653.664
-4639.451
-3402.022
-3120.2
-1228.268
-2007.606
-2472.551
-2666.287
3231.526
77.7007
-836.0081
-2007.213
-1250.127
-1573.382
800.9567
-1273.113
-3460.432
-2689.365
-5370.73
-4024.488
-4968.271
-2979.606
-651.0226
1080.969
-2076.616
-2499.429
-4033.142
-1379.196
-1914.06
1007.797
96.16843
-3008.044
-2889.866
-758.9683
-1917.256
-1965.153
363.3182
-883.3981
-1463.549
-313.6791
-1247.647
-1931.553
-947.392
-1858.194
-579.5992
4660.83
1918.59
10.02637
1601.381
466.8924
-759.1523
-363.3897
-1180.785
-4069.965
-3448.42
-2713.524
-4846.542
-3428.768
-3585.644
-3187.308
-2363.212
-2511.611
-4517.842
-3721.128
-3894.224
-2219.397
-15583.5
-9346.431
-3609.991
-1518.314
-1717.766
-1152.344
-3772.076
-4482.299
-3173.06
-2397.572
-1137.891
-362.5557
-1868.822
-2849.072
-2828.511
-3024.442
-3308.867
-2964.688
-2673.464
-1945.335
-1659.841
-1256.457
-2532.517
-2247.409
-1704.789
-2018.425
-2092.644
-2586.189
-2702.455
-5218.839
-4039.538
-3643.681
-4280.868
-4933.983
-8163.673
-5477.853
-3844.142
-3662.919
-1597.356
-4409.889
-3165.811
-699.6489
-7017.367
-4150.325
-1384.744
-1546.729
-2016.598
1491.318
266.5952
-2379.274
407.9878
-565.7044
-3222.037
-3644.454
1035.803
-5608.672
-3663.872
-3246.313
-2318.185
-1199.904
-1599.363
-957.8518
-2360.985
-9491.151
-5489.744
-3882.706
-2822.285
-4038.054
-3599.007
-3283.664
-2863.301
1204.26
-377.3879
-803.3874
-2320.56
-1880.277
-1172.192
-2983.633
-1322.638
-2170.61
907.4384
-4446.804
-2899.273
-2276.276
-1652.977
-1371.327
-1170.546
-1658.21
927.2511
86.72814
-1105.509
-1023.883
-1617.558
-1732.107
-2743.939
-3944.305
-2694.389
-4461.432
-3817.513
-4088.953
-1422.713
-1622.587
-2730.162
-4253.294
-4847.252
-2784.279
-2559.618
-2144.111
-2282.599
1910.819
-195.4081
-805.6124
-5055.453
-3990.292
-2932.78
-2996.936
-2767.52
-3649.251
-4628.33
-2554.31
-1852.085
-2994.242
-169.577
-949.1648
-1264.142
604652.5
317369.6
166232.7
88429.47
45656.49
34435.32
18424.12
8353.694
4173.469
1564.48
5970.872
2745.52
15602.79
7702.28
4103.928
3247.689
-165.7976
-2579.122
-3350.984
-2406.724
-1246.626
-656.8253
-2590.698
-854.0418
-10103.75
-5759.244
-2461.42
-1853.025
19732.15
9770.29
343.1458
-587.2346
-1285.385
7545.546
4269.349
1411.976
883.7552
737.0206
-0.3902555
-886.9192
-1905.98
-6371.246
-5001.612
-3221.864
-4590.585
-3146.123
-622.6598
-1218.681
-577.9164
-270.2862
3089.92
1664.341
441.3946
-151.1765
-3861.981
-3141.492
-815.6148
-1689.685
91.99612
-1832.021
-2093.06
-11554.6
-6156.582
-4251.991
-4684.367
-3228.903
-132.6233
1328.875
4098.897
1400.52
764.5491
-1065.803
-1497.326
-2197.982
-1480.384
-1968.673
-6726.492
-8902.025
-5227.848
-3678.995
-2272.33
-1983.713
-14320.12
-8692.559
-5606.124
-3938.54
-2466.286
-1811.916
-1771.334
-5206.109
-4580.882
-3514.719
-1644.592
-1619.671
-1838.178
-6063.855
-5619.102
913.0509
-37.86347
-387.4051
-745.6258
-1192.277
-1172.126
-1511.706
-2931.507
-4224.042
-2986.868
6223.598
1788.37
125.2027
-2764.9
-2273.711
-2009.968
-1812.278
-1694.275
-1181.789
-461.3557
-1669.396
-1763.163
-2291.06
-1898.995
-2422.609
-733.9428
-164.3414
-1169.1
2574.844
813.121
-1300.415
241.1118
-25.08281
-1472.935
-1874.914
-1354.717
-2068.617
-1196.761
-1952.723
23712.9
11362.45
1660.845
-618.3449
-1857.11
-2340.694
-1445.551
-12747.46
-8017.909
-5658.096
-4144.044
-42559.79
-22238.68
-13211.08
-7665.036
-849.6191
-2052.858
-1319.165
-2455.044
-5418.709
-3424.884
-3345.478
-2778.399
-2910.015
-4917.74
-4157.55
-4391.809
-6431.466
-5935.682
-5116.769
-3367.943
-3250.275
-3088.453
-3002.187
-1442.001
-4105.561
-3351.077
-3146.497
21581.96
10372.08
1279.861
-666.7537
-1587.007
-7994.135
-4756.793
-4073.204
-2779.586
-1505.197
-2264.406
-1741.142
-2608.026
-1765.765
-902.7725
-1499.547
-1750.726
-20249.62
-10324.56
-5864.073
-16453.4
-10877.26
-6969.704
-607.5627
-1202.537
-1825.484
-1140.115
-6216.782
-5796.059
-4954.494
-929.6113
-202.4794
-1651.794
-2436.696
328.8211
-841.5108
-4015.595
-3792.453
-3935.984
-12602.65
-4531.177
10341.21
3755.749
253.5221
-769.8815
-3665.257
-1104.059
-1515.254
-1992.455
-1963.41
-3458.305
-10302.14
-5272.884
-3806.067
-2670.999
1475.387
-998.5176
-2364.254
-1707.826
-1962.446
-3818.69
-4334.316
7242.608
3083.695
226.5267
-2763.427
-3213.142
-4664.677
-3267.756
-2145.351
-460.6723
1954.795
-184.1843
-2153.825
-2044.268
-670.393
-1962.27
-4221.778
-9615.224
-6906.258
-5881.046
-4582.13
-4156.078
-4030.797
-3120.079
-3580.35
-2972.22
-3145.7
-4806.905
4241.373
159.5852
-411.3471
-1860.249
6431.898
-4155.996
-3478.702
-3451.192
-3443.45
-2089.929
-2464.05
-2771.347
-2927.473
-2606.472
-3001.339
9219.018
4163.824
1933.995
-766.0444
-1803.704
-1823.383
-3678.713
-3601.172
-15948.19
-8665.635
-6625.583
-5191.739
-7372.178
-7017.757
-6073.495
-3643.065
-3552.237
-4125.425
-3526.017
-2857.799
-1175.947
-2263.025
-3332.47
-3260.559
-2746.731
-4820.235
-3305.683
15121.03
6531.625
1061.385
-339.1345
-2581.828
-2450.195
-5068.497
-6045.413
-5249.11
-6824.946
-4113.733
-3451.151
-3577.019
-3559.458
-4345.756
-4028.557
33155.24
17921.31
8249.745
3964.031
309.0187
197.2823
-1151.471
-1467.281
-2889.422
-1998.013
-2084.264
-5574.316
-3932.244
-209.7026
-2791.19
-3572.171
-3915.691
-4014.578
-3943.553
-4373.224
-3639.49
-3098.908
388.3846
-1953.446
-3064.047
-37459.91
-21358.22
-13169.68
-8189.278
-6117.336
-16590.59
-10833.36
-6458.59
-5713.19
-3614.513
-3795.247
-3863.917
-780.0175
-1567.636
-18390.35
-55841.45
-31094.14
-18437.69
-11727.03
-8795.936
-6272.807
-4477.69
-6159.782
-5000.183
-3566.292
-2385.882
-9173.92
-5770.988
-5719.724
-5038.185
-2798.501
-4863.297
-5318
-4517.398
-3981.841
-3281.964
-2746.646
2373.224
494.1083
-1136.11
-823.849
-1757.338
-238.7687
-349.0598
-579.702
-3069.842
-3042.666
-3894.24
-4062.965
-4778.022
-452.6175
-1462.636
-17626.16
-12863.87
-8345.052
-5654.968
-3892.531
-2862.439
-3128.08
-2911.839
-475.238
-1619.436
-2174.618
-2481.31
-371.623
-2247.649
-1245.377
-3413.633
-2940.23
638.8978
107.4039
199.47
-429.7969
-1719.513
-2031.295
5332.139
1079.911
-1108.478
-1320.779
-1485.552
-2862.598
-2510.615
-3850.349
-3032.622
-3317.684
-1185.923
-2893.678
-3758.635
-2866.897
-3072.523
-3210.343
-3869.345
-1774.306
-2729.6
-1804.961
-2168.433
-1447.446
-2076.078
-2272.403
-2892.016
-3283.89
-2176.293
-2561.126
-1865.918
-36862.17
-15945.02
-9977.584
-6704.696
1976.943
-462.4422
-3474.45
-4335.359
-4581.03
-3411.426
-3724.971
-3578.84
-3480.747
-3222.587
-2680.705
-25920
-13251.65
-8592.766
-5790.195
-4729.572
-4588.888
-1494.42
2410.269
532.3829
1813.284
-323.0859
-1232.937
-2653.818
-3087.185
-3749.896
-3853.577
-3098.481
-3485.933
-2807.377
-2004.659
-2406.186
-2834.529
-2562.746
-3192.609
-3643.797
-4103.091
-4071.348
-23823.63
-9474.344
-16008.5
-5501.731
-5764.379
-3664.359
-2226.299
-6174.434
-5282.61
-3206.336
-2944.438
-7502.028
-5241.696
-3753.92
-2587.101
4230.971
715.7105
2434.829
-279.8252
-1797.767
-3174.427
-23334.25
-13432.24
-12228.68
-7675.877
-7872.165
-4477.519
-3233.378
-2043.956
-2386.55
-2202.794
-1763.619
-2927.139
-1802.575
-2035.468
-2921.528
-615.3557
-3183.802
-3764.58
-3005.413
-6932.987
5065.327
1207.221
-1331.175
-3201.577
-2551.534
1272.735
-2704.572
-1807.872
469.8742
-1311.847
-1932.144
-2111.841
-2059.474
-3008.406
-2689.668
-3075.035
-2859.183
-3537.84
-2350.347
-2310.659
-2570.585
-2355.356
-2625.439
-2985.749
-3210.203
-2948.092
-1014.719
-1675.145
-2990.612
-3251.686
-5487.794
-2860.857
-2801.602
-3057.339
-2592.479
-3433.262
-3273.15
-3104.439
-2885.076
-3170.637
-3253.437
-3376.402
-4069.702
-3733.952
-3097.617
-3032.768
-1855.241
959.8068
-425.8728
-717.6457
-2359.798
-2536.932
-2223.972
-1460.661
-2140.091
-1956.436
-1727.483
-2655.049
-2109.346
-2819.629
-2131.9
-2236.431
-2407.915
-5276.454
31971.82
9299.408
4270.242
31523.64
15954.65
8286.389
1898.839
-550.5952
-4735.95
-862.5194
13230.44
5694.088
4137.535
1261.698
-1414.709
-3218.474
-5263.233
1478.336
-1200.437
-6092.173
-5158.931
-4907.932
-6515.549
-4460.111
-12731.19
-7859.348
-5383.355
-4301.221
-2926.24
-79.23624
-2445.73
-2084.126
-3011.432
-4477.362
-3883.157
-3303.243
-5927.497
2608.655
-13.60548
-1438.797
-244.3568
-1124.398
-1718.098
-2845.916
-2292.573
-2918.761
-8396.841
-6697.212
-4083.176
-5012.874
-4483.137
-3455.92
-2782.286
-2238.852
-4358.12
-3141.928
-2571.531
-2300.065
-2571.985
-733.9779
-1593.754
-2087.185
-2973.684
-2949.241
-1091.265
-1814.814
-52314.66
-31326.59
-17781.84
-8439.174
-6030.111
-4410.84
-3365.383
2653.541
-88.91726
-1796.813
-1634.351
-2425.032
6823.688
3876.259
-347.2412
-3684.805
-6063.752
-5472.171
-4923.337
28765.97
13761.2
6254.606
1180.782
-909.3739
-2038.429
-2666.513
-2359.862
-2900.259
-2586.488
-3086.204
-3345.519
-3568.793
-2649.781
11656.22
7575.573
2518.492
-525.702
1016.737
6263.22
2271.053
-3374.291
-2561.211
-3016.594
-3153.837
1319.268
-866.129
-2009.695
-3587.086
-3794.672
-3926.35
-2536.699
-1768.48
-3489.553
-1264.348
-1447.197
-2796.354
-2787.061
-3846.213
-4898.135
-2968.881
-6533.624
-10406.41
-7233.041
-4345.355
-3946.198
-3926.736
-4657.793
-3902.731
-2897.967
-2264.752
-4414.999
-6266.174
-6967.497
-4923.865
139378.4
71490.61
31666
14707.2
-6201.802
-4031.77
-2245.95
-1666.888
4754.337
6022.335
2266.287
-121.9759
-15707.35
-9393.862
-3768.373
-3812.257
3155.221
282.5427
11170.69
5083.352
2027.208
430.4198
-1387.73
2887.944
456.0099
-197.198
-2235.354
-2568.277
-3189.846
-3358.326
-4327.156
-3729.436
-2864.559
-8341.993
-5824.28
9252.859
-858.6306
-2939.864
-2725.751
-3430.676
-3305.954
-3206.861
-3398.637
-2674.528
-3418.88
-3563.014
-2569.929
-886.0626
90.43021
-328.2509
-879.7129
-141.7119
-1204.948
-2730.094
-2935.886
-2030.279
-2905.915
-4319.671
-2623.863
-3004.256
6017.947
222.519
511.0544
-1256.475
-2352.43
-4056.619
-4119.476
-3207.388
4651.869
669.5524
-875.9484
-2316.301
-75933.68
-41721.28
-23935.29
-11237.05
-6492.438
-4560.113
-5494.473
-10177.11
-7435.94
-5564.874
-6680.748
-5174.039
-3998.676
-3299.257
-4479.912
-4995.419
-5255.339
-4520.126
-4269.08
-2896.88
-3125.409
-2777.178
-3245.873
-2329.21
-2828.375
-3547.461
-2172.118
-3150.712
-6362.43
6426.533
447.4362
-842.2908
-5329.351
-5063.366
-14813.41
-9831.905
-5182.277
-3310.075
-4058.228
-3086.405
-3297.662
-3083.874
-2687.584
-3603.637
-3590.475
-5771.873
-6570.585
-4880.202
-3356.259
-3607.406
-3167.939
-2557.694
27253.19
17022.73
6917.262
1580.053
-3613.752
-4493.992
-5080.771
-590.7315
-1898.746
-13611.27
-10558.1
-7052.609
-7634.402
-5780.63
-4227.342
-809.4993
-2743.275
-3924.016
-3739.383
-3316.95
-3783.961
-3972.132
-6208.147
-5492.246
-4433.601
-4047.843
-3755.464
-4075.036
-3583.843
-3891.691
-4388.189
-3782.316
-4082.022
-4036.485
-4648.527
22696.81
10527.33
3216.814
117.0781
-1928.545
-3150.412
-3023.414
-4401.181
-6735.155
-5653.574
-5326.456
-5205.703
-4377.05
1565.308
-1833.126
-2116.137
-2783.671
-2858.36
-3074.148
-3994.695
-2534.925
-3559.681
-3832.989
-4421.942
-3611.873
-4211.846
-15368.92
-10560.73
-7170.737
-5345.402
-4544.263
12185.08
8558.837
2841.126
-2310.184
-4214.371
-416.1344
-2026.403
-2463.111
-2609.852
-3689.533
-4343.566
-4328.477
-3777.162
-4114.809
-3115.957
-3539.484
-2979.994
-2382.959
1107.384
-1095.279
-3065.541
-4307.268
-3168.862
-3325.541
-3601.51
-3491.898
-3507.308
-3902.421
-4579.336
-3973.917
-2719.815
-4505.766
-4762.451
-4329.812
-3498.367
-4452.39
-4099.545
-4587.888
-4689.236
-4588.9
-4048.353
-743.3864
-2338.527
8871.442
2802.345
-558.945
-2922.976
-2307.553
-1705.818
-2109.976
-2557.92
-3062.425
-3648.634
-4084.46
-1877.007
-2863.416
-2386.768
-3639.874
-8347.355
-5894.299
-4195.325
-4231.541
-6237.251
-5600.631
-4981.717
-6552.004
-5570.338
-4845.156
-1328.188
-6437.07
-4308.257
-7371.347
-5964.376
-682.7506
-5892.901
-5570.455
-3613.487
-2705.709
-8428.515
-1054.526
-2558.793
-3069.889
-3607.175
-3609.692
-2510.224
-2819.603
-3286.396
-3218.674
-3444.748
-2277.346
-3426.75
-2763.152
-3549.605
-4409.095
-4122.772
-4732.257
-3398.343
-3883.099
-4692.139
-4548.968
-4657.175
-5377.561
-4888.144
-3568.372
-3280.85
-7552.958
-5111.243
-6117.373
-5227.342
-4415.684
-4397.89
-4354.53
-3420.806
-7024.599
-5874.264
-5729.862
3581.475
-569.9653
-1442.666
-2060.67
-3010.743
-2945.666
-3727.93
-3600.27
-3560.222
17.45634
-2054.645
-3650.623
-2915.118
-3243.473
-3672.518
-2781.833
-3170.928
-4592.115
