407.9376
422.2791
510.5743
498.5279
495.0346
476.8283
465.4283
482.3751
449.6894
304.2516
373.4425
105.8335
422.9215
466.1632
449.0886
458.1097
494.6375
520.5718
510.1639
456.004
473.6914
471.7797
494.4228
495.5849
496.6938
487.6908
498.5017
503.6263
502.2001
500.4159
490.4554
506.7695
497.6493
502.5714
503.3705
500.9391
513.5761
499.0523
523.0614
545.4549
536.3379
509.518
510.6297
461.8903
520.6697
495.9359
488.2252
485.0894
482.8573
474.0816
469.1286
478.6504
471.5119
466.4099
377.7209
424.7968
424.9024
449.3621
438.7274
479.3006
450.9659
439.4074
461.9336
445.2734
663.0951
510.9955
455.2127
412.0068
399.3482
447.8862
422.6185
398.7862
343.8094
345.6986
365.5884
353.6867
360.417
359.7075
335.9679
315.0525
310.134
299.7782
343.3629
334.3008
318.8911
290.3377
286.6342
188.7751
222.0759
244.7163
252.1408
236.2115
215.748
166.7781
185.0004
493.2783
331.1969
225.0592
205.317
162.6581
170.2961
179.0882
184.25
154.552
188.3397
133.4131
112.9744
104.6642
89.36936
93.89517
63.71074
61.84343
61.94173
70.35339
46.44918
-129.831
-81.25222
-33.6318
-19.95265
-23.30524
-15.01274
-33.56214
-50.18036
-61.09317
-69.68613
49.4836
-23.162
-62.25729
-114.0049
-122.3838
-935.7288
-554.7067
-89.85433
-115.6339
-173.6526
-184.0592
-219.1986
-225.8456
-236.988
-292.4144
-292.8431
-294.1341
-290.1909
-284.7806
490.1898
89.86482
-21.84378
-148.9211
-249.4203
-300.89
-360.9829
-363.6005
-382.0412
-430.9621
-575.0256
-528.0094
-514.6744
-484.2238
-474.6169
-564.7086
-503.4822
-567.4235
2535.036
1095.548
286.6352
-102.4865
-316.8073
-338.253
-492.5634
-553.8519
-485.0287
-560.8518
-597.4745
-610.4836
-531.4636
-908.7537
-829.3426
-766.368
-747.5671
-758.36
-755.6284
-737.6664
-811.9978
-788.6758
-776.2243
-890.711
-803.4116
-780.7685
-782.1294
-993.7325
-918.0795
-892.0435
-848.5153
-852.0057
-637.0005
-789.7341
-818.3554
-876.5006
-876.9734
-1234.196
-1094.969
-1024.598
-966.8409
-670.4385
-784.4727
-874.2558
-929.7292
-946.3079
-931.3082
-943.3942
-1038.664
-1031.068
-1025.496
-2226.052
-1654.355
-1420.11
-1227.473
-1141.743
-1075.427
-1052.577
-1097.518
-1097.178
-1083.121
-1058.037
-1086.156
-1136.225
-1135.971
-1094.509
-1117.741
-1121.523
-1127.478
-1081.696
-1097.153
-1112.72
-1095.802
-1092.759
-1105.753
-1141.885
-1237.616
-1220.405
-1191.802
-1332.86
-1341.54
-1259.863
-1197.355
-1202.439
-1224.386
-1204.169
-1205.21
-829.552
-1015.974
-1121.628
-1172.095
-1173.477
-1199.864
-1216.7
-1215.443
-1208.714
-1757.428
-1506.508
-1359.298
-1323.369
-1240.693
-1241.062
-1280.497
-1233.567
-1228.841
-19624.12
-10958.92
-6367.104
-3946.485
-2665.808
-2007.753
-1639.035
-1389.928
-1313.696
-1284.139
-1268.356
-1413.403
-1309.79
-1263.752
-1256.563
-1248.562
-1235.435
-1224.713
-1204.967
-1216.625
-1213.706
-1184.096
-1214.154
-1208.163
-1197.979
-1213.185
-1207.956
-1207.696
-1238.037
-1253.956
-1222.043
-1187.69
-1147.621
-1153.736
-1148.344
-1144.383
-1137.835
-1144.016
-1061.908
-1061.181
-1082.957
-1109.569
-1084.561
-1090.578
-1124.922
-1114.162
-1115.567
-1099.614
-1101.033
-1087.017
-1093.91
-1104.909
-1091.486
-1085.797
-1053.943
-1048.582
-1030.004
-1048.152
-1099.912
-1158.04
-1133.084
-1005.235
-1027.851
-1013.324
-1013.271
-992.4267
-989.7457
-980.5695
-983.5542
-963.4396
-756.7073
-869.6763
-910.8577
-447.1793
-660.1845
-881.8163
-917.5868
-906.4793
-919.2017
-911.3485
-881.5931
-874.3821
-895.8254
-861.2731
-831.1763
-632.2072
-708.8134
-771.3761
-803.5176
-803.3252
-812.7804
-813.1089
-792.4838
-810.5378
-800.3172
-786.439
-781.3863
-799.3935
-777.9036
-764.0175
-766.7652
-756.9348
-747.9902
-758.0982
-741.0619
-731.9997
-727.1128
-700.3423
-694.171
-698.6242
-697.1936
-666.1546
-673.0151
-641.7442
-653.3454
-653.0923
-651.1077
-661.2606
-484.2462
-635.6887
-671.8324
-670.264
-663.7625
-618.2536
-621.8765
-601.9781
-610.5522
-625.3851
-1102.481
-854.0648
-716.2524
-654.2331
-599.2109
-572.2112
-683.9381
-623.7735
-579.1193
-568.171
-563.4506
-548.1842
-554.7388
-547.6349
-527.4356
-562.4865
-531.3252
-507.8949
-522.6018
-524.3544
-516.9383
-513.2457
-527.9022
-503.5668
-493.358
-498.4655
-481.0834
-461.6318
-489.9914
-526.3166
-533.6447
-507.2193
-499.4536
-469.4359
-450.7946
-465.9393
-471.437
-477.6451
-955.8848
-790.4193
-566.1853
-513.4844
-494.4194
-466.021
-477.4973
-490.9158
-473.4883
-483.8216
-499.9319
-490.2847
-486.756
-629.0286
-572.5053
-624.5353
-564.0035
-541.8662
-519.3196
-585.5005
-580.0558
-540.1725
-512.6693
-502.2397
-511.7333
-529.1742
-632.3744
-585.7632
-1241.329
-909.4861
-725.2266
-626.4637
-624.7141
-706.2919
-635.9695
-525.5122
-546.7679
-552.1535
-551.7775
-566.9738
-571.8367
-563.4673
-630.3459
-601.8458
-557.0067
-577.2117
-572.952
-213.7122
-414.8917
-512.018
-564.9952
-607.555
-607.5518
-631.2247
-632.7887
-652.163
-639.9119
-664.8099
-780.274
-741.9424
-728.069
-716.6458
-715.131
-713.9074
-725.8527
-733.1821
-720.2887
-742.083
-778.8258
-772.1585
-773.1105
-784.3962
-771.9472
-756.1672
-579.1129
-696.9798
-819.525
-838.3158
-850.1296
-867.5053
-884.7114
-950.6191
-927.9022
-974.6179
-948.7647
-946.2937
-969.7518
-966.1108
-974.937
-1055.615
-1016.297
-1012.697
-1022.268
-943.9733
-980.7712
-980.1613
-1027.356
-1043.961
-1027.704
-1055.898
-1081.244
-1071.361
-1065.031
-1099.994
-1134.314
-1140.875
-1136.026
-1173.157
-1199.643
-1192.617
-1182.726
-1209.179
-1360.42
-1306.251
-1337.087
-1241.906
-1257.444
-1619.79
-1481.717
-1393.819
-1362.801
-1390.96
-1375.216
-1368.569
-1375.1
-1362.561
-1383.201
-1388.344
-1419.062
-1421.719
-1427.786
-1404.685
-1505.258
-1503.415
-1442.211
-1452.404
-1511.756
-1523.303
-1559.023
-1549.845
-1561.778
-1551.569
-1575.715
-1589.428
-1596.729
-1605.117
-1721.109
-1669.314
-1647.084
-1672.975
-1695.993
-1685.871
-1688.016
-1582.513
-1625.054
-1675.575
-1709.861
-1698.525
-1704.686
-1721.944
-1757.197
-1757.334
-1816.228
-1831.512
-1829.983
-1827.405
-1825.581
-1836.005
-1837.677
-1839.079
-1865.43
-1853.935
-1871.407
-1878.779
-1863.122
-1877.749
-2025.286
-1956.26
-1914.895
-1925.97
-1944.466
-1950.054
-1929.033
-1957.236
-1968.09
-1978.693
-1998.112
-2027.324
-2012.973
-2010.985
-1996.744
-2022.273
-2085.526
-2060.741
-1988.167
-2040.305
-2079.245
-2074.494
-2074.973
-2064.208
-2078.659
-2087.656
-2112.294
-2108.669
-2128.161
-2126.302
-2128.236
-2231.209
-2093.3
-2167.862
-2143.724
-2111.219
-2126.253
-2089.192
-2167.127
-2165.239
-2153.681
-2152.536
-2155.28
-2154.215
-2164.678
-2179.095
-2180.824
-2188.313
-2184.376
-2157.548
-2172.87
-2123.239
-2133.513
-2152.624
-2177.254
-2179.039
-2208.453
-2246.166
-2218.902
-2211.788
-2188.989
-2162.525
-2181.851
-2194.014
-2186.765
-2186.024
-2179.718
-2197.578
-2203.788
-2199.47
-2196.045
-2159.751
-2167.601
-1321.514
-1703.854
-1941.558
-2065.802
-2149.767
-2172.641
-2202.406
-2199.617
-2182.143
-2197.23
-2206.814
-2197.084
-2167.93
-2198.604
-2120.281
-2149.144
-2166.929
-2173.616
-2166.871
-2159.793
-2183.228
-1933.525
-2322.929
-2288.837
-2192.373
-2161.601
-2141.878
-2142.541
-2142.484
-2020.654
-2063.814
-2063.212
-2090.279
-2097.142
-2100.026
-2094.774
-2105.612
-2142.996
-2115.997
-2026.615
-2047.643
-2053.722
-2047.068
-2048.903
-2038.821
-2035.659
-1999.703
-1989.409
-2007.422
-2022.394
-2035.116
-1967.333
-1988.861
-2049.524
-2062.526
-2018.263
-2013.504
-1992.845
-1983.666
-2037.499
-1918.977
-1639.213
-1774.508
-1833.109
-1870.096
-1816.414
-1849.208
-1872.985
-1899.951
-1906.201
-1905.425
-1457.564
-1650.703
-1748.477
-1708.126
-1770.636
-1753.343
-1818.299
-1824.141
-1409.912
-1602.48
-1692.667
-1749.043
-1746.848
-1814.245
-1793.569
-1771.633
-1770.927
-1764.924
-1763.395
-1760.208
-1758.511
-1743.512
-1686.322
460.6043
-565.3795
-1106.816
-1398.374
-1531.772
-1583.323
-1652.763
-1662.301
-1713.067
-1692.975
-1677.031
-1675.333
-1657.77
-1657.832
-1648.386
-1621.519
-664.3707
-1104.429
-1345.68
-1465.13
-1529.759
-1552.707
-1577.533
-1621.601
-1598.445
-1581.206
-1564.032
-1568.456
-1516.873
-1357.776
-1449.891
-1494.204
-1529.225
-1521.563
-1566.546
-1548.212
-1538.154
-1535.514
-1624.805
-1582.769
-1548.599
-1547.289
-1529.978
-1505.802
-1511.254
-1515.174
-1501.127
-1500.15
-1508.187
-1515.422
-1496.622
-1517.188
-1487.648
-1480.907
-1480.264
-1482.796
-1489.579
-1444.325
-1455.61
-1450.397
-1418.294
-1445.794
-1463.691
-1317.13
-1390.138
-1426.942
-1447.955
-1478.341
-1470.214
-1585.388
-1515.813
-1499.347
-1488.11
-1432.747
-1453.06
-1516.392
-1511.154
-1475.154
-1404.277
-1436.183
-1460.982
-1467.088
-1477.395
-1480.054
-1494.475
-1498.341
-1471.076
-1487.249
-1474.358
-1505.844
-1555.651
-1526.927
-1382.299
-1448.767
-1468.434
-1681.12
-1604.907
-1637.414
-1579.088
-1511.272
-1524.332
-1545.96
-1600.714
-1569.442
-1518.417
-1542.5
-1559.351
-1566.891
-1597.941
-1579.48
-1565.083
-1573.44
-1587.443
-1581.097
-1606.248
-1609.644
-1647.09
-1586.766
-1608.424
-1623.942
-1648.221
-1644.692
-1694.376
-1771.415
-1738.15
-1715.704
-1707.545
-1745.885
-1724.834
-1781.719
-1766.927
-1696.134
-1731.904
-1751.506
-1710.91
-1746.019
-1782.995
-1808.418
-1796.601
-1808.485
-1825.742
-1828.081
-1853.509
-1858.354
-1889.712
-1878.543
-1902.147
-1908.167
-1908.339
-1876.681
-1904.685
-1927.012
-1931.567
-1914.05
-1938.614
-1895.646
-1932.095
-1992.625
-2006.182
-2090.38
-2042.982
-2057.915
-2054.875
-2044.729
-2052.575
-2082.887
-2203.039
-2161.689
-2122.008
-2163.746
-2366.004
-2194.425
-2191.48
-2183.808
-2281.572
-2235.441
-2352.627
-2281.011
-2250.347
-2244.757
-2265.026
-2245.906
-2204.363
-2219.099
-2259.069
-1502.923
-1881.499
-2096.972
-2186.648
-2282.309
-2324.544
-2373.435
-3434.306
-2939.639
-2690.57
-2564.61
-2459.502
-2457.845
-2422.897
-2480.42
-2475.146
-2485.504
-2519.842
-2525.403
-2535.171
-2533.165
-2507.313
-2564.158
-2570.212
-2559.094
-2582.248
-2554.737
-2588.5
-2549.376
-2555.295
-2598.33
-2640.097
-2655.64
-2697.627
-2704.08
-2708.396
-2716.25
-2716.739
-2735.25
-2760.105
-2750.502
-2756.452
-2710.798
-2764.519
-2782.543
-2782.145
-2779.765
-2777.775
-2800.933
-2812.769
-2819.607
-2839.096
-2854.156
-2873.428
-2880.319
-2886.487
-2895.821
-2916.643
-2658.966
-2776.788
-2899.749
-2935.046
-2875.828
-2932.703
-2921.502
-2948.754
-2965.346
-2989.538
-2945.239
-2949.598
-2776.898
-2887.417
-2956.59
-3004.747
-3019.4
-3022.113
-3061.539
-2999.013
-3078.592
-3070.72
-3066.665
-3052.049
-3035.142
-3077.182
-3147.931
-2643.855
-2902.097
-3075.371
-2870.527
-3010.162
-3209.139
-3165.508
-3059.828
-3111.431
-3136.212
-3133.104
-3146.329
-3145.588
-3142.042
-3187.083
-3176.983
-3172.383
-3260.262
-3207.633
-3121.347
-3225.973
-3206.938
-3190.053
-3200.573
-3199.554
-3291.168
-3224.467
-3203.503
-3309.014
-3288.276
-3422.389
-3314.936
-3245.058
-3193.758
-3195.343
-3195.32
-3178.521
-3196.52
-3196.581
-3234.093
-3233.715
-3217.676
-3188.353
-3153.348
-3199.003
-3200.267
-3203.488
-3473.605
-3325.32
-3261.673
-3472.017
-3332.229
-3262.209
-3211.822
-3186.875
-3098.318
-3123.761
-3171.013
-3150.475
-3153.036
-3150.176
-3146.369
-3136.041
-3142.63
-3139.052
-3336.495
-3239.07
-3191.473
-3272.134
-3199.356
-2882.89
-3023.662
-3055.394
-3091.477
-3094.031
-3094.182
-3086.795
-3097.269
-3091.732
-3124.771
-3103.253
-2756.241
-2907.844
-3028.687
-3026.381
-3021.468
-3021.941
-2969.185
-2993.724
-3008.397
-3012.412
-2704.33
-2844.59
-2913.676
-2950.217
-2958.632
-2976.872
-2984.449
-3010.152
-2990.551
-2992.536
-788.9418
-2946.24
-2929.379
-2955.176
-2938.697
-2944.22
-2877.342
-2902.366
-2927.441
-2903.073
-2894.119
-2861.644
-2868.683
-2856.315
-2780.473
-2836.169
-2842.756
-2834.573
-2826.438
-2839.161
-2828.66
-2824.806
-2812.763
-2785.07
-1441.656
-2045.792
-2391.666
-2573.408
-2676.371
-2698.036
-2715.844
-2721.573
-2634.673
-2679.833
-2708.083
-2686.536
-2654.905
-2686.095
-2694.403
-2687.559
-2688.135
-2649.624
-2643.875
-2682.938
-2657.032
-2645.176
-2644.81
-2950.234
-2849.668
-2731.488
-2672.535
-2629.091
-2620.728
-2624.213
-2632.609
-2629.395
-2603.642
-2588.565
-2576.222
-2574.412
-2573.019
-2574.638
-2555.917
-2570.481
-2561.681
-2512.748
-2531.786
-2548.726
-2485.591
-2501.574
-2542.271
-2523.513
-2494.857
-2502.523
-2491.613
-2478.771
-2469.932
-2486.389
-2469.724
-2583.561
-2522.044
-2508.159
-2505.246
-2531.976
-2550.352
-2506.733
-2491.827
-2478.01
-2421.381
-2437.043
-2485.343
-2460.457
-2431.265
-2389.235
-2414.437
-2351.88
-2397.098
-2413.363
-2439.06
-2406.51
-2411.995
-2431.241
-2834.27
-2672.164
-2582.675
-2500.273
-2538.505
-2483.709
-2475.792
-2459.867
-2437.368
-2454.956
-2455.116
-2452.566
-2455.73
-2444.212
-2442.946
-2415.959
-2444.324
-2456.313
-2481.587
-2486.796
-2485.181
-2500.508
-2486.979
-2489.517
-2481.473
-2485.925
-2493.087
-2485.335
-2515.002
-2505.48
-2506.692
-2498.736
-1771.225
-2087.458
-2292.649
-2406.423
-2501.94
-2477.47
-2535.507
-2892.75
-2729.408
-2650.58
-2619.322
-2619.456
-2589.762
-2590.408
-2587.432
-2590.79
-2611.126
-2612.891
-2674.686
-2621.321
-2626.631
-2639.956
-2658.946
-2657.509
-2662.59
-2642.079
-2660.314
-2690.97
-2712.263
-2698.434
-2712.372
-2712.688
-2713.133
-2738.52
-2718.332
-2730.02
-2743.944
-2767.328
-3118.856
-2989.642
-2871.714
-2835.221
-2834.265
-2809.698
-2813.938
-2822.704
-2853.839
-2499.022
-2614.257
-2711.717
-2807.065
-2851.433
-2955.732
-2940.035
-3127.09
-2989.726
-2969.883
-2958.839
-2976.364
-2456.784
-2722.743
-2746.133
-2887.568
-2955.832
-2971.754
-3003.141
-3055.157
-3065.64
-2404.141
-2725.61
-2887.004
-2916.618
-3034.249
-3077.016
-3099.566
-3109.859
-3112.332
-3093.834
-3141.343
-3167.476
-3162.926
-3196.6
-3224.04
-3231.33
-3242.066
-3262.773
-3267.982
-3279.942
-3301.079
-3315.008
-3299.628
-3330.606
-3332.028
-3352.251
-3367.018
-3383.2
-3417.484
-3411.162
-3412.216
-3413.165
-3587.461
-3514.807
-3491.155
-3516.615
-3443.299
-3459.472
-3519.861
-3582.659
-3545.229
-3546.429
-3471.212
-3514.724
-3465.032
-3527.924
-3551.918
-3587.746
-3606.821
-3615.124
-3632.368
-3656.623
-3646.7
-3661.914
-3670.333
-3665.533
-3691.152
-3716.508
-3781.953
-3761.584
-3768.657
-3781.045
-3763.084
-3782.622
-3786.352
-3803.704
-3803.865
-3810.781
-3828.384
-3824.175
-3833.658
-3879.713
-3758.857
-3805.539
-3853.29
-3857.866
-3868.863
-3931.041
-3934.71
-3977.277
-4052.327
-4011.158
-3988.993
-3985.637
-4454.79
-4250.188
-4084.921
-3767.046
-3885.34
-3885.984
-3960.646
-3988.376
-4002.258
-3997.494
-4008.311
-4030.227
-4033.229
-3727.597
-3853.938
-3962.409
-4023.526
-4132.889
-4129.699
-4137.671
-4241.543
-4173.688
-4251.842
-4196.203
-4164.658
-4131.835
-4107.459
-4100.746
-4113.127
-4106.365
-4077.36
-4090.451
-4099.306
-4148.737
-4195.802
-4159.458
-4156.432
-4127.25
-4137.435
-4152.323
-4179.035
-4250.361
-4234.61
-4207.566
-4559.048
-4316.76
-4323.547
-4236.179
-4200.866
-4234.735
-4216.758
-4166.067
-4272.157
-4276.301
-4219.442
-4207.829
-4159.614
-4128.887
-4198.521
-4172.589
-4134.02
-4145.502
-4103.788
-4138.796
-4133.646
751.2399
-1576.919
-3321.346
-3592.105
-3858.867
-4003.818
-4066.702
-4118.807
-4146.964
-4140.851
-4154.976
-4145.206
-4159.72
-4153.23
-4146.963
-4196.994
-4172.32
-4142.783
-4136.639
-4130.969
-4128.051
-3945.928
-3851.133
-3907.559
-3993.614
-4034.846
-4074.94
-3986.851
-4175.058
-4194.509
-4129.325
-4101.174
-4117.325
-4066.835
-4160.78
-4110.827
-4085.518
-4069.265
-4052.996
-4043.666
-4079.47
-4076.789
-4056.519
-4035.793
-4022.051
-4009.301
-3995.523
-3993.881
-3994.685
-3991.934
-3984.586
-4021.255
-3992.164
-3971.947
-3968.105
-3957.77
-3944.825
-3944.082
-3930.08
-3955.084
-3940.415
-3980.867
-3931.811
-3903.482
-3911.155
-3887.006
-3886.581
-3862.158
-3860.259
-3873.804
-3845.118
-3830.424
-3845.143
-3397.449
-3571.625
-3644.279
-3724.908
-3665.195
-3735.125
-3749.444
-3685.289
-3733.057
-3616.149
-3669.11
-3698.635
-3710.086
-3597.215
-3626.185
-3672.226
-3705.256
-3705.713
-3721.478
-3691.469
-3677.912
-3693.271
-3678.609
-3684.525
-3723.018
-3668.396
-3664.026
-3663.381
-3585.117
-3599.902
-3623.807
-3532.835
-3528.246
-3578.14
-3558.714
-3577.87
-3585.396
-3590.339
-3575.565
-3953.289
-3806.686
-3688.063
-3621.781
-3584.389
-3584.321
-3583.597
-3536.034
-3558.607
-3548.848
-3536.992
-3540.111
-3533.127
-3535.404
-3601.448
-3853.219
-3666.825
-3591.041
-3545.61
-3521.54
-3477.138
-3438.575
-3461.832
-2759.433
-3077.796
-3255.273
-3346.643
-3410.599
-3426.982
-3432.258
-3456.59
-3438.194
-3450.213
-3457.571
-3448.746
-3443.183
-3457.569
-3450.368
-3441.66
-3434.15
-3420.516
-3417.332
-3429.508
-3425.771
-3431.231
-3439.146
-3438.157
-3379.308
-3386.417
-3369.867
-3352.293
-3376.556
-3334.969
-3326.111
-3295.915
-3364.332
-3397.901
-3408.242
-3421.049
-3467.9
-3257.073
-3346.345
-3433.715
-3356.863
-3407.337
-3425.035
-3364.109
-3395.349
-3411.471
-3360.757
-3437.518
-3515.948
-3485.824
-3473.691
-3480.977
-3488.151
-3496.473
-3819.652
-3892.399
-3696.995
-3616.495
-3518.108
-3533.559
-3519.753
-3515.721
-3157.715
-3500.829
-3827.407
-3700.818
-3667.443
-3763.575
-3678.009
-3620.539
-3615.016
-3632.062
-3610.987
-3596.416
-3606.499
-3595.162
-3591.369
-3595.219
-3617.937
-3627.06
-3634.208
-3637.733
-3588.825
-3569.716
-3614.4
-3661.084
-3686.518
-3567.081
-3637.879
-3522.375
-3631.691
-3663.307
-3700.954
-3712.901
-4545.931
-4172.932
-3999.044
-3911.756
-3845.931
-3820.312
-3814.911
-3817.369
-3833.416
-3840.48
-3888.099
-3883.368
-3879.192
-3879.819
-3884.849
-3933.192
-3930.293
-3934.549
-3954.929
-3979.915
-3976.677
-3988.827
-3992.92
-4000.598
-3996.204
-4047.073
-3986.378
-3918.537
-3988.933
-4012.351
-4127.305
-4110.233
-4073.595
-4082.84
-4094.111
-4113.991
-4134.748
-4152.903
-4143.207
-4127.538
-4150.822
-4172.602
-4218.478
-4221.456
-4516.821
-4434.634
-4356.447
-4336.123
-4295.705
-4297.055
-4306.953
-4321.499
-4367.547
-4353.063
-4373.458
-4391.153
-4376.692
-4347.403
-4390.921
-4459.24
-4282.269
-4346.523
-4391.275
-4390.011
-4501.041
-4515.663
-4496.645
-4494.174
-4547.634
-4822.68
-4685.711
-4624.09
-4516.629
-4536.734
-4564.29
-4569.632
-4602.069
-4614.548
-4590.386
-4585.987
-4606.951
-4631.69
-4690.756
-4722.472
-3782.614
-4243.26
-4459.555
-4583.118
-4642.595
-4619.191
-4683.659
-4724.076
-4744.629
-4749.355
-4772.091
-4676.23
-4639.142
-4729.425
-4714.477
-4786.626
-4809.755
-4814.924
-4859.96
-4867.575
-4868.908
-4896.304
-4924.424
-4922.886
-4992.473
-4906.871
-4912.406
-4927.347
-4931.045
-4931.759
-4926.464
-4932.948
-4953.733
-4972.049
-4971.754
-4950.689
-4993.356
-5013.047
-5013.244
-5017.401
-5007.702
-5021.165
-5025.32
-4445.265
-4730.62
-4855.083
-4967.804
-4997.527
-5032.455
-5046.574
-5061.463
-5073.811
-5029.647
-5072.243
-5071.308
-5064.898
-5231.971
-5169.766
-5137.054
-5129.409
-5129.024
-5149.633
-5143.64
-5136.452
-5125.123
-5105.628
-5121.375
-5120.303
-5124.791
-5139.352
-5147.624
-5146.945
-5152.057
-5138.156
-5120.448
-5220.941
-5280.299
-5227.406
-5342.322
-5265.519
-5208.347
-5182.352
-5172.663
-5174.106
-5140.324
-5163.704
-4269.709
-4693.348
-4916.483
-5176.51
-5163.973
-5160.857
-5142.942
-5196.718
-5176.74
-5367.538
-5247.778
-5202.11
-5137.426
-5255.047
-5193.077
-5179.967
-5151.221
-5137.747
-5142.012
-5149.053
-5137.402
-5156.522
-4683.537
-4866.986
-4973.746
-5039.495
-5075.915
-5101.703
-5104.583
-5061.719
-5083.335
-5087.71
-5084.045
-5252.046
-5369.152
-5232.281
-5172.417
-5105.493
-5099.762
-5077.767
-5165.835
-5080.086
-5285.377
-5170.931
-4852.09
-4921.186
-4990.205
-4993.626
-5020.572
-5010.489
-4998.279
-4942.962
-4960.276
-4948.363
-4965.069
-4960.516
-4940.615
-4984.945
-4950.13
-5013.346
-4974.527
-4960.237
-4937.663
-4946.099
-4926.704
-4850.732
-4905.275
-4907.374
-4905.95
-4745.765
-4817.419
-4878.829
-4909.522
-4886.713
-4881.777
-4826.04
-4766.355
-4819.445
-4815.165
-4829.603
-4815.506
-4667.477
-4718.848
-4666.443
-4752.082
-4772.15
-4760.981
-4812.601
-4770.894
-4758.732
-4753.584
-4741.525
-4739.755
-4731.425
-4724.398
-4722.975
-4709.162
-4703.318
-4671.159
-4671.354
-4664.289
-4658.063
-4647.851
-4630.984
-4635.875
-4622.697
-4624.116
-3790.967
-4191.773
-4394.066
-4476.9
-4546.502
-4568.145
-4680.4
-4646.173
-4620.915
-4566.358
-4481.339
-4519.556
-4547.034
-4486.49
-4494.269
-4518.747
-4559.225
-4584.694
-4552.922
-4552.859
-4533.346
-4536.124
-4519.219
-4690.189
-4632.45
-4527.511
-4508.905
-4481.417
-4470.315
-4468.745
-4450.967
-4463.749
-4455.916
-4454.595
-4462.85
-4444.826
-4469.627
-4484.912
-4466.536
-4416.489
-4376.68
-4416.893
-4467.998
-4442.901
-4474.585
-4735.72
-4597.494
-4528.955
-4487.817
-4454.576
-4449.122
-4431.22
-4423.867
-4430.794
-4395.819
-4313.614
-4360.439
-4379.495
-4279.196
-4343.332
-4379.033
-4393.391
-4379.189
-4436.064
-4404.017
-4432.57
-4428.578
-4424.266
-4422.309
-4423.183
-4468.391
-4437.132
-4426.449
-4464.45
-4367.091
-4412.329
-4426.08
-4426.077
-4466.443
-4436.458
-4434.326
-4439.523
-4442.958
-4420.473
-3986.788
-4222.167
-4377.706
-4390.735
-4393.78
-4447.407
-4404.285
-4440.806
-4468.698
-4469.125
-4484.466
-4488.649
-4487.324
-4462.112
-4499.939
-4538.849
-4560.301
-4546.241
-4543.364
-4522.966
-4539.181
-4526.994
-4521.946
-4539.732
-4560.683
-4572.966
-4601.641
-4611.669
-4565.007
-4594.946
-4639.134
-4639.152
-4642.948
-4611.288
-4651.198
-4633.235
-4627.304
-4676.883
-4679.01
-4669.058
-4652.921
-4690.351
-4693.157
-4694.97
-4727.601
-4747.464
-4727.354
-4763.614
-4756.75
-4726.288
-4784.419
-4801.81
-4803.352
-4818.006
-4819.601
-4832.322
-4675.946
-4770.817
-4821.426
-4853.701
-5050.969
-4957.17
-4928.672
-4874.637
-4807.561
-4879.523
-4914.791
-5019.381
-5358.812
-5194.64
-5095.89
-5069.129
-5057.96
-5032.913
-5050.019
-5046.636
-5081.448
-5064.616
-5074.03
-5062.611
-5101.188
-5096.153
-5132.351
-5140.336
-5148.491
-5160.785
-5189.103
-5218.189
-5208.649
-5205.59
-5206.592
-5185.241
-5202.818
-5227.516
-5311.917
-5290.841
-5172.642
-5265.389
-5299.373
-5245.008
-5275.748
-5319.814
-5390.901
-5535.501
-5439.136
-5416.602
-5436.73
-5423.366
-5424.284
-5460.883
-5318.976
-5333.99
-5392.873
-5552.267
-5543.4
-5526.723
-5527.754
-5518.712
-5461.668
-5498.429
-5520.464
-5518.013
-5807.439
-5718.369
-5683.194
-5648.246
-5641.227
-5637.054
-5630.165
-5637.52
-5634.36
-5684.4
-5682.856
-5607.662
-5647.162
-5677.897
-5672.013
-5697.704
-5721.314
-5747.14
-5753.094
-5769.421
-5774.398
-5741.22
-5788.61
-5874.556
-5867.846
-5831.653
-5827.302
-5835.802
-5840.713
-5773.359
-5822.248
-5839.754
-5874.222
-5896.98
-5892.255
-5903.118
-5930.376
-5909.176
-5904.901
-5872.363
-5899.033
-5965.139
-5957.021
-5979.079
-5988.674
-5982.963
-6018.634
-6070.078
-6039.132
-6301.929
-6127.086
-6052.867
-5975.384
-5990.049
-5991.167
-6021.458
-6039.722
-6048.985
-6100.442
-5706.94
-5895.298
-5977.273
-6027.892
-6053.852
-6073.675
-6071.633
-6086.614
-6081.114
-6089.676
-6105.849
-6100.28
-6118.369
-6116.81
-6107.653
-6119.944
-6116.252
-6131.278
-6129.064
-6122.749
-6134.882
-6108.167
-6121.007
-6129.877
-5879.402
-6134.541
-6126.51
-6144.256
-6153.306
-6080.939
-6105.802
-6126.456
-6134.021
-6207.371
-6175.522
-6148.906
-6143.48
-6136.603
-6113.75
-6097.84
-6103.437
-6121.402
-6134.805
-6133.235
-6132.467
-6156.368
-6162.627
-6159.59
-6137.581
-6124.96
-6118.659
-6096.593
-6096.22
-6166.046
-6131.024
-6089.68
-6100.315
-6099.113
-6097.216
-6136.634
-6113.911
-6102.379
-6090.432
-5789.459
-5972.409
-6037.576
-6052.446
-6082.991
-6086.326
-6032.345
-6054.89
-6043.274
-5877.31
-5952.414
-5887.298
-5980.981
-6027.585
-6035.971
-6255.841
-6137.351
-6608.84
-6311.132
-6173.162
-6094.321
-6050.712
-6005.588
-5990.776
-5986.437
-5975.545
-5986.43
-5951.925
-5793.397
-5890.583
-5891.397
-5903.314
-5917.608
-5926.547
-5939.492
-5925.35
-5983.428
-5935.466
-6599.14
-6233.94
-6051.634
-5949.787
-5839.774
-5831.852
-5830.283
-5821.007
-5834.458
-5778.767
-5812.632
-5805.169
-5895.463
-5790.552
-5784.841
-5795.513
-5761.638
-5767.091
-5714.633
-5740.423
-5746.736
-5755.952
-5839.341
-5804.734
-5752.429
-5708.601
-5706.757
-4687.191
-5160.182
-5398.128
-5515.457
-5547.495
-5605.479
-5624.791
-5620.271
-5648.399
-5637.27
-5638.72
-5631.837
-5659.896
-5644.225
-5643.34
-5623.35
-5627.036
-5615.271
-5610.531
-5596.048
-5581.45
-5575.964
-5568.44
-5562.676
-5501.537
-5520.917
-5531.272
-10349.17
-8085.926
-6871.761
-6216.954
-5855.908
-5704.624
-5631.944
-5639.051
-5630.224
-5712.876
-5591.952
-5547.602
-5525.221
-5465.896
-5471.21
-5459.041
-5449.797
-5450.956
-5457.081
-5260.006
-5547.635
-5490.374
-3793.276
-5048.66
-5245.992
-5266.619
-5365.957
-5401.568
-5422.997
-5411.785
-5419.008
-5403.61
-5410.885
-5376.796
-5379.523
-5408.188
-5368.371
-5395.051
-5400.412
-5409.297
-5393.651
-5390.63
-5387.24
-5402.099
-5398.752
-5373.172
-5376.107
-5388.666
-5373.396
-5388.06
-5360.8
-5378.275
-5382.258
-5394.843
-5317.596
-5363.196
-5379.58
-5379.875
-5394.289
-5396.645
-5398.755
-5419.255
-5405.941
-5474.25
-5492.355
-5455.42
-5430.181
-5412.054
-5423.647
-5420.525
-5387.34
-5435.704
-5432.183
-5439.626
-5438.782
-5445.676
-5445.783
-5454.373
-5475.206
-5560.455
-5527.463
-5499.373
-5463.289
-5495.268
-5490.939
-5528.52
-5507.683
-5487.219
-5493.477
-5511.099
-5507.838
-5530.666
-5508.272
-5521.104
-5538.565
-5545.054
-5575.112
-5566.846
-5575.491
-5499.507
-5534.96
-5586.154
-5607.645
-5604.946
-5633.406
-5638.337
-5639.964
-5654.242
-5639.086
-5661.062
-5666.098
-5683.252
-5696.77
-5709.511
-5696.02
-5711.327
-5711.385
-5752.765
-5725.308
-5727.171
-5796.043
-5779.999
-5777.671
-5788.165
-5787.842
-5771.951
-5775.294
-5811.935
-5830.454
-5852.262
-5887.864
-5871.882
-5859.206
-5883.773
-6009.092
-5940.036
-5935.445
-5934.439
-5878.288
-5923.973
-5945.915
-5959.009
-5973.673
-5990.258
-5979.312
-5990.834
-5987.813
-6011.946
-6028.905
-5940.357
-6073.046
-6080.198
-6084.688
-6088.401
-6099.925
-6127.359
-6143.148
-6130.916
-6143.535
-6143.612
-6164.448
-6062.112
-6124.986
-6139.552
-6185.927
-6157.39
-6148.544
-6211.6
-6031.199
-6183.384
-6244.022
-6270.357
-6329.024
-6312.453
-6298.581
-5882.465
-6144.686
-6245.853
-6403.109
-6412.798
-6410.466
-6371.505
-6378.072
-6422.619
-6461.547
-6465.156
-6698.32
-6600.333
-6554.895
-6507.628
-6506.648
-6534.239
-6547.817
-6558.752
-6589.679
-6592.02
-6665.458
-6632.681
-6627.015
-6608.76
-6637.383
-6647.808
-6641.045
-6649.401
-6645.997
-6655.658
-6998.021
-6858.023
-6789.462
-6765.164
-6751.557
-6758.91
-6756.081
-7006.685
-6890.582
-6841.987
-6853.228
-6851.086
-6825.265
-6836.433
-6878.059
-6850.938
-6853.778
-6877.772
-6857.513
-6861.985
-6893.889
-6886.088
-6872.98
-6938.41
-6926.418
-6924.925
-6898.361
-6913.777
-7071.206
-7003.066
-6974.068
-6982.538
-6975.842
-6992.338
-6973.899
-6976.651
-7073.173
-7040.935
-7034.744
-7021.566
-7041.171
-7030.549
-7022.873
-7037.103
-7032.007
-7046.576
-7000.748
-7029.911
-7084.091
-7060.346
-7073.817
-7086.337
-7103.139
-7097.763
-7096.999
-7100.278
-7072.11
-7083.261
-7065.573
-7038.873
-7062.196
-7081.914
-7082.145
-7138.089
-7166.144
-7151.359
-7335.09
-7235.442
-7183.539
-7152.596
-8955.497
-8106.296
-7609.189
-7374.651
-7238.421
-7176.193
-7100.109
-7121.131
-7054.109
-7062.807
-7094.562
-7104.589
-7101.975
-7099.822
-7186.104
-7157.077
-7141.274
-7137.386
-7127.715
-7124.634
-7128.067
-6691.927
-6895.05
-7000.788
-7049.18
-7121.549
-7104.611
-7110.53
-7096.964
-7133.294
-7113.738
-7079.357
-7097.636
-7096.031
-7145.182
-7112.455
-7065.026
-7080.671
-7061.026
-7098.26
-7098.254
-7050.309
-7049.794
-7046.007
-7035.265
-7039.361
-7003.391
-7044.576
-6934.81
-6965.325
-6996.907
-7003.589
-7011.534
-6944.494
-6973.702
-6987.762
-6999.899
-6996.879
-6988.354
-6992.836
-6986.074
-6970.085
-7176.162
-7068.545
-6990.373
-6953.909
-7019.882
-6977.227
-6951.697
-6933.129
-6782.811
-6809.904
-6873.079
-6838.647
-6831.513
-6856.658
-6852.898
-6868.88
-6848.773
-6849.157
-6855.284
-6978.783
-6939.126
-6608.195
-6711.285
-6755.791
-6759.465
-6782.79
-6794.947
-6790.878
-6773.279
-6777.125
-6768.015
-6697.618
-6632.712
-6699.238
-6506.047
-6637.027
-6623.669
-6630.019
-6673.129
-6676.587
-6736.03
-6705.567
-6683.532
-6691.771
-6674.718
-6655.272
-6639.255
-6643.296
-6639.491
-6635.7
-6630.636
-6623.052
-6646.525
-6622.101
-6629.414
-6612.644
-6593.574
-6586.874
-6609.154
-6605.089
-6584.614
-6552.308
-6558.915
-6560.504
-6567.029
-6575.451
-6556.393
-6546.6
-6535.959
-6560.861
-6541.685
-6471.329
-6464.077
-6522.827
-6556.613
-6546.843
-6519.039
-6492.156
-6480.282
-6445.072
-6458.788
-6450.511
-6448.669
-6574.605
-6457.546
-6449.275
-6445.198
-6437.293
-6434.793
-6486.761
-6468.524
-6391.12
-6400.996
-6451.033
-6437.148
-6427.162
-6434.714
-6423.239
-7269.583
-6746.508
-6590.492
-6495.727
-6414.962
-6429.277
-6400.142
-6405.869
-6409.062
-6375.687
-6351.967
-6354.21
-6362.289
-6366.078
-6356.312
-6360.004
-6379.647
-6391.841
-6377.244
-6407.413
-6265.164
-6289.335
-6331.841
-6350.054
-6365.317
-6371.161
-6304.12
-6342.449
-6698.275
-6531.054
-6451.382
-6447.367
-6418.045
-6405.771
-6411.079
-6395.981
-6339.2
-6363.358
-6410.658
-6427.088
-6408.842
-6403.257
-6392.8
-6437.975
-6418.05
-6430.898
-6436.908
-6436.538
-31799.15
-19880.94
-13555.74
-10183.78
-8441.095
-7510.281
-7022.222
-6806.175
-6651.92
-6638.222
-6562.222
-6523.667
-6538.191
-6533.054
-6545.376
-6538.308
-6533.06
-6490.724
-6516.063
-6519.239
-6586.49
-6580.312
-6563.273
-6568.113
-6586.42
-6576.577
-6574.898
-6566.399
-6574.468
-6603.745
-6643.047
-6653.258
-6637.294
-6645.135
-6629.714
-6675.254
-6683.601
-6626.708
-6652.749
-6673.919
-6671.092
-6692.075
-6710.476
-6783.028
-6767.155
-6691.65
-6798.162
-6914.478
-6729.422
-6757.256
-6816.596
-6820.189
-6837.799
-6844.437
-6877.059
-6876.659
-7178.967
-7038.226
-6962.33
-6921.066
-6917.877
-6883.798
-6875.662
-8299.967
-7656.753
-7331.126
-7162.117
-7065.094
-7078.887
-7048.633
-7036.352
-7055.921
-7044.067
-7042.276
-7072.995
-7067.794
-7041.629
-7104.501
-7109.512
-7089.57
-7115.256
-7073.391
-7103.42
-7137.632
-7170.329
-7216.776
-7211.556
-7212.484
-7275.418
-7263.08
-7252.099
-7257.767
