-1083.158
-278.0971
-67.88592
-201.8034
526.5014
842.9226
531.8837
-195.8024
208590.6
84762.06
33883.35
13443.24
5601.596
1971.099
1674.015
-5768.878
-2455.724
-553.2644
-101.1348
1380.165
2099.588
-841.8714
-6096.981
-2023.624
-879.4367
1491.572
3642.707
-1254.212
-820.4072
-179.36
-521.7483
-185.2395
-490.6843
-13142.3
-5056.906
-3638.115
-1336.493
-307.8873
240.8257
4744.523
3215.46
1045.688
490.3633
-3309.645
-1174.347
229.7866
-813.012
186.1688
-731.6182
-844.5841
-465.5703
-364.8091
-738.0597
-201.6634
-154.6196
-588.6285
2957.657
2553.135
1423.972
190.3183
818.442
511.5193
-151.1352
-199.7145
-173.7768
-165.0434
-44.10172
179.2195
544.3489
1874.672
-13.75791
153.7175
595.4113
-2592.255
-235.5942
-676.1092
-172.1048
-314.4761
-2421.009
-6192.461
-3662.231
-11500.01
-11647.08
25095.4
9115.073
2553.894
1129.373
163.9229
289.178
-199.8746
2699.337
963.6873
638.8454
-112.7563
-4765.456
-1083.723
-201.6724
-862.4097
-68.60171
-157.2127
-6286.985
-2928.952
-1264.192
-742.5661
-1694.435
-1447.421
-7571.574
-2623.562
12608.36
4935.047
3477.109
1492.51
-24.11545
-105.5256
1763.74
962.0607
2713.575
1412.168
308.2452
188.6423
-117.894
-202.1472
-116.1176
490.7487
-924.1986
1559.067
338.1978
-86.44982
-9340.987
-4924.505
-212.4302
-754.7538
444.2236
194.4743
-194.962
-4699.571
-1768.613
2566.871
1506.118
498.0949
779.694
468.6043
-2437.177
-186.124
533.9703
396.7332
390.3651
478.7456
-280.2608
-228.7113
24.75066
-91.05069
261.0778
477.8302
1039.742
896.6221
81.93288
-598.1923
-131.2778
22772.48
9520.321
4245.689
2707.345
153.5129
-1171.17
-582.9078
-252.5514
-317.0947
-942.2578
-149.2967
-3724.273
-1414.917
-511.5119
-293.0921
21.10726
103.2335
-345.5825
-864.1743
-25.92318
654.1465
497.3336
876.4525
-488.7248
38.26164
587.7321
823.3919
-1137.08
6542.921
3063.49
1655.836
266.7997
34.12003
289.126
23.915
-1276.933
-700.0593
200.7296
328.3852
450.4847
-60.64896
1202.854
361.1245
256.7232
378.814
971.2549
724.388
925.1791
821.1261
458.6352
529.1157
428.3148
969.4996
691.4409
599.6095
-299.641
512.5001
461.1321
472.7152
324.3229
571.0268
641.1609
504.0643
1315.115
31.14006
-1616.707
-328.6512
191.687
683.3791
1094.388
5203.968
2291.123
1643.888
954.4751
558.5322
653.6111
-1263.846
6142.128
325.1275
-8.15239
-2389.051
-103.5141
991.7318
1383.766
772.2978
484.1401
-87.97188
449.9999
264.3176
609.1185
-497.0672
665.9886
1966.718
1528.425
1281.576
832.0173
1818.27
614.5411
790.8445
315.3879
-35.73945
1825.732
925.1773
1343.354
906.0145
537.7828
1263.881
710.5562
11734.43
3707.38
1710.306
1188.546
-307.5246
-2949.736
-748.2999
2559.993
-123.822
296.3927
720.5269
39687.69
21237.29
8607.257
4514.973
1924.188
871.9248
880.2687
989.1492
1719.094
1635.508
1333.17
1839.385
3537.999
959.6903
782.9003
1250.209
679.3442
-1187.637
-22.07333
-2393.859
593.752
-544.1095
994.7513
429.0811
1179.868
853.6276
275.8762
-2219.328
-819.8999
791.7746
930.1759
952.1152
380.7998
4464.258
2951.08
2844.232
1466.24
10562.92
3614.213
2708.012
-105292.4
-42134.08
-18295.57
-7245.672
-2128.994
54.96914
469.3867
449.1554
-1696.462
389.3323
383.9398
131.0167
-1376.245
-586.3069
10.62202
670.1325
810.747
2507.206
-8817.308
-1799.256
-345.699
-381.1991
595.634
351.5028
-2725.16
-806.8633
-100.9205
47.3756
174.7846
1327.166
-722.0237
301.1633
686.6401
-168.4344
159.1964
-33.67116
237.9943
642.8786
256.2535
-120.1753
2229.092
1013.497
-210.2863
-421.9295
-82.7685
16819.63
7448.691
4776.57
2914.466
975.0834
1982.74
-186.1815
-339.8622
-470.6668
210.0483
246.7975
721.0565
-113.8346
-233.0407
-20.31365
211.3253
459.8413
451.3141
-22.41119
130.2896
23131.65
11167.08
4276.142
1881.547
871.6411
1050.857
1225.393
-65.88611
222.0115
-140.7018
-75.28968
22.93646
194.1141
-421.7141
-154.7714
565.7744
314.6787
656.5776
-2766.167
1437.699
1075.575
856.4869
711.7843
690.0061
2144.241
5961.747
2469.789
658.6527
-1314.214
-1228.714
-544.5497
731.6395
797.9791
1186.141
7898.209
2843.132
1117.59
1121.491
2197.964
276.0929
85.54303
867.2872
381.0889
-1973.9
-260.772
575.129
1548.722
93002.59
37198.7
9428.986
4263.915
2503.679
1990.529
771.0674
978.0927
912.6122
442.6769
838.7772
3839.49
4307.381
1830.408
622.6116
-431.9388
922.1932
917.666
584.5608
700.1453
1978.788
1342.941
666.9143
396.8684
81.33929
331.7566
917.5777
809.2515
918.4686
973.3711
-670.1129
-193.4091
760.6447
-482.2475
1171.544
-363.0628
123.2058
388.0056
575.941
1003.965
475.6371
1363.331
1221.932
1583.093
1939.635
-743.0533
-593.1591
467.1981
-709.1749
-50.21664
752.6633
370.4425
1067.968
12129.92
4086.195
2696.711
2326.94
1393.235
106702
43198.77
17099.12
6986.338
2958.789
1532.338
1101.087
1088.732
279.9337
292.4129
17.80951
576.74
3623.541
1589.406
1209.612
996.8772
999.3552
704.2586
996.7889
396.4686
921.0781
919.4137
1084.65
825.6126
865.0153
864.7876
838.9686
1541.898
1768.525
1369.766
962.3937
968.1904
-7765.285
-3054.228
-548.5985
560.0623
1571.436
1569.737
2164.637
1669.726
1483.635
3788.669
2290.771
2077.29
3551.405
2036.494
1531.027
1173.41
1036.148
-4518.762
-1429.132
-1556.935
-1518.059
-622.1106
1281.522
560.7948
-963.5236
1868.434
1149.335
1350.193
-290.0168
433.657
856.1483
-2240.338
221.0835
3837.238
-59157.04
-23029.83
-11283.55
-4271.258
-1806.728
-1692.087
-55177.55
-22197.51
-13889.5
-2279.952
-692.9776
363.8946
1409.074
484.6576
587.7404
-209.9477
577.1432
574.046
1314.228
336.9236
677.1005
1436.909
1220.989
3984.825
1752.216
929.5551
-7232.967
-2642.766
751.1052
1001.656
529.8569
2289.29
1067.712
926.3006
498.7462
1259.573
780.8579
1596.224
799.2041
484.7079
754.4172
-376.2793
223.8846
611.2095
797.6011
139.2224
213.3712
491.21
-10687.13
-1462.696
279.5915
491.7245
239.3739
487.4373
132.9442
-359.743
-382.7445
71.4657
678.8333
215.0862
7083.689
2756.799
1728.187
3927.455
1663.964
805.4117
-1263.041
-287.2473
38.22517
-706.5291
518.3694
997.7438
-777.9517
7606.449
-389.667
-705.8689
1875.184
427.9317
84.65199
3184.677
-11308.13
-2398.628
403.4992
-4598.553
-1614.122
180.3529
-141.1995
-3475.614
-1723.925
99.72288
59.69034
203.577
147.5392
287.9632
-5809.065
-1358.439
-85.06805
257.4805
823.5928
-2899.346
-43.73583
790.873
595.9629
3617.563
1272.042
1916.385
875.9333
8.338263
-87.53522
-760.571
932.9557
59105.58
23832.5
10077.44
12046.24
5137.448
2250.114
934.1009
964.1603
813.046
860.8835
802.3428
555.6636
644.6932
680.3336
-816.747
-5867.62
-2487.64
-989.3351
426.0108
1082.118
739.8942
14960.68
6256.466
10978.42
5444.156
694.0427
832.3776
9220.712
4653.43
-876.1682
315.1609
1389.256
1056.577
1205.155
803.0003
284.5416
548.4124
906.58
760.6927
1142.493
1117.88
1365.696
1288.101
2484.211
3308.393
534.7289
-1074.628
380.4775
-234.1681
108.066
705.7938
2793.187
1714.826
-995.8483
698.7168
680.5901
-8742.001
-2649.498
-54.16767
977.7161
1661.037
2260.952
1657.402
1661.414
-6292.814
-1723.824
-460.6698
-1686.251
389.1496
-206.9089
328.263
801.89
1339.459
1210.875
971.3478
2931.669
1623.09
1144.058
1374.734
2014.459
2769.092
-5465.934
-1563.198
-128.3517
1165.29
1081.573
1548.704
2358.763
2031.848
1959.036
1690.424
1366.87
1459.309
1549.455
678.4861
1995.473
2777.521
2371.347
1546.7
3289.932
1943.479
10465.27
4913.047
2897.859
2471.242
-46.84116
585.6836
1483.472
2405.231
2717.262
1914.723
-2919.323
-188.6647
849.0879
3549.24
2353.517
1941.49
1698.32
1412.222
1525.014
1869.819
1672.217
529.3537
2900.257
1693.252
1905.634
-21050.68
-7621.443
-1922.971
44.07102
11943.92
4721.294
3624.163
2292.068
1030.9
-187.2031
730.564
786.8991
546.74
983.1332
1433.82
2156.728
1550.278
1495.206
422.3401
364.3692
976.2439
1187.256
164.5016
7659.715
3771.842
2191.959
858.0658
1692.712
2108.203
1596.957
1049.407
777.6284
4414.25
3233.885
1251.8
-495.3647
297.1899
1810.351
1355.145
1872.413
1974.756
782.9877
757.8303
1362.649
1304.675
1414.22
1211.572
2795.822
1759.734
1442.02
1071.191
969.9373
238.5062
759.7416
376.5119
1699.236
1694.043
9059.377
4653.568
2326.489
1668.619
718.6364
1001.165
560.5778
739.9717
849.0644
353.8062
646.2593
1611.497
1060.421
-140.8666
6351.202
3691.366
1870.798
1376.379
911.7943
1219.624
1341.328
744.0242
1077.39
118560.9
47318.19
18750.91
7984.329
2287.894
1375.952
1446.308
530.9329
627.6857
1064.84
1137.03
667.5356
678.6195
797.8124
381.6803
1166.66
3697.61
6440.53
3144.177
1442.376
1260.042
33850.95
13569.23
7997.862
3814.634
-445.2607
3052.562
1636.453
1519.111
1271.424
1388.141
1143.788
1289.756
2298.727
1352.229
89.1398
-605.4478
953.4851
-868.6176
-81.83551
2.704165
1501.679
1040.417
9144.788
7294.135
3304.583
1810.234
1014.606
1229.146
989.3622
964.501
828.9542
921.3977
1660.298
-3165.999
-243.1235
-1115.851
1121.632
1793.216
1686.249
2091.011
1822.454
1812.577
1535.285
2276.392
1329.092
826.1905
62.76152
582.7982
416.7165
625.7316
357.322
1924.785
1097.414
770.9698
5224.268
2482.76
1443.495
2009.117
1512.106
587.1507
-2380.861
-554.9428
659.9541
1248.075
1894.558
1838.609
2096.217
1821.107
1758.23
2837.388
-1820.238
364.8819
1872.734
1546.043
2252.856
2375.756
1762.419
1622.01
2634.335
2133.334
1390.254
1917.238
1951.745
-1616.171
1138.624
1807.579
2639.831
2354.825
2021.259
1724.463
1720.555
4452.659
3158.71
2399.124
2283.956
2527.21
2629.227
2167.596
2151.913
1982.92
1652.075
1894.34
2281.993
2307.696
3998.808
3120.673
2394.01
1981.947
1718.097
2105.009
2394.179
1801.573
1440.625
1311.497
1731.687
21857.4
9450.979
4177.28
3196.125
-1294.374
120.3892
1136.74
834.854
1287.044
1336.152
1484.58
1140.549
1866.276
2230.4
183.4612
1660.706
2673.426
4078.765
2730.185
3284.445
2087.597
2202.357
1487.097
1710.378
1661.537
2092.493
1941.639
1772.434
1397.261
1135.753
1454.178
13938.1
6858.813
4958.863
-898.8364
653.0458
1783.05
7890.864
4147.266
3129.728
1917.844
1573.194
1379.283
1729.736
2516.872
2558.875
1988.885
5931.631
-19899.15
-5181.333
-1214.405
-142.4745
104.0958
1043.026
2000.089
1976.66
1786.746
1388.122
1661.734
1772.377
1852.16
1676.792
1725.319
380.3681
1135.496
1746.471
366.4807
3319.236
2520.445
3331.832
7482.074
3817.71
2907.707
1353.033
-12795.56
-38791.96
-13199.51
-4579.36
-1283.851
-228.1107
2288.625
2472.038
1829.674
3092.114
-2975.424
-693.8482
-800.6704
-344.2226
727.8105
242.1458
896.0778
973.9038
870.0883
1091.179
8167.36
11137.01
5231.278
2785.045
1785.49
6051.623
2967.582
2566.413
291.5814
778.9984
-1555.766
34.55357
525.6655
213.9611
764.6643
975.7764
1453.269
1136.811
1876.095
1947.253
1606.23
1626.654
471.8186
1007.027
1570.625
1239.483
1124.546
4581.658
2469.584
1388.258
832.6602
-244.0632
744.1078
5887.053
3185.329
2214.477
1115.085
590.6704
1204.894
1535.472
889.2657
646.0552
3152.594
23155.42
10332.98
4985.407
4027.352
3175.352
2118.993
2319.046
3112.74
2337.164
1480.216
725.395
1236.515
487.1803
913.4919
935.8486
1009.928
1584.872
1441.168
1499.324
2685.248
1582.349
1425.195
1379.02
1370.08
1827.958
1221.966
1961.286
1322
2132.705
1670.303
4936.52
2891.588
2027.047
1783.503
1048.689
355.4734
9065.542
4727.485
289.7966
1155.271
-168.6749
826.6929
1284.089
841.5281
366.2331
2007.301
1546.741
1700.323
1387.177
1549.133
957.9923
2500.191
2278.017
1580.719
1498.656
1380.379
10733.74
5389.883
2013.399
1140.44
535.9283
1446.833
1492.172
1357.908
1376.462
1264.346
2034.663
1893.777
630.2862
1318.878
-250.2708
2490.124
2337.48
1818.228
-332.1052
1054.368
1649.251
-1476.83
444.5381
1106.24
1602.484
2209.513
2920.628
1887.335
2095.795
1221.305
1661.904
687.7133
860.2971
1218.182
1575.777
1251.556
4943.853
3744.631
1841.887
7592.377
4468.533
3570.08
2619.216
2784.862
1952.054
2299.705
2375.466
1521.681
1858.432
2082.591
3780.709
3285.88
3921.518
4683.978
3778.73
4531.072
3368.602
1233.13
2338.505
1573.562
2270.244
2172.979
2290.599
966.4513
1500.885
2380.575
2074.733
1457.289
3698.329
2468.436
2235.088
2885.641
2939.407
2353.824
2170.601
1925.164
4027.031
3055.561
2518.625
1969.49
1440.325
1103.932
2171.282
1899.21
2299.158
1554.148
1976.369
2148.674
1411.941
629.2738
3041.26
6030.064
-2721.255
-1619.492
706.4405
1914.877
2066.699
1723.437
2256.409
2322.155
2031.518
2155.891
1736.281
2437.074
2011.09
3304.4
2744.794
1956.994
2092.054
2829.036
2138.401
538.1748
1984.849
2006.474
1285.638
1193.85
1703.991
1719.499
2228.233
2295.13
5396.491
2952.673
2583.317
1967.398
1494.349
1489.075
2029.085
723.5227
1597.392
3328.326
1992.107
2787.941
3159.056
2586.307
2698.926
2566.491
2050.258
1745.332
1152.757
2082.198
2108.449
-9250.441
-4022.991
491.5831
1292.141
1731.936
1133.263
600.5453
873.9884
1166.178
1301.539
1782.14
1860.405
3581.699
3844.529
2650.87
1827.886
2354.139
2781.291
1819.092
2262.128
1546.698
1059.548
1912.247
1350.931
525.9048
1652.253
1348.576
1849.949
1468.156
1637.054
14804.26
7537.398
3694.621
2476.772
1810.036
1944.318
2840.496
1840.634
-601.7044
1178.678
1799.706
631.6158
1120.794
1585.214
1705.315
1902.275
2443.782
2175.379
1070.317
1094.826
-1927.682
-629.8127
81.21874
1178.753
1021.831
1386.293
1474.305
1660.183
1639.66
1371.589
1140.639
1236.463
1285.161
2724.879
6131.066
4081.831
-392.5269
1893.369
3690.317
2529.937
1869.876
97.83686
938.0733
1307.857
1401.146
1472.247
16080.06
6935.914
4368.739
2471.444
1682.51
4185.578
2001.121
1829.291
1725.503
1873.772
1060.764
1637.982
1716.929
2127.16
2131.206
1150.982
1932.447
1597.668
1108.183
1681.107
1631.152
1542.48
1160.28
764.527
1447.325
1900.602
4569.493
2514.642
2431.698
987.6735
-530.1632
-380.7608
936.374
3568.658
-2489.147
326.683
1548.525
1474.848
2593.907
-603.1233
954.2275
10233.91
4678.97
2904.82
2292.888
1803.792
1715.499
1990.116
2394.595
1252.433
963.7548
4973.595
3015.248
2861.868
1936.612
2294.565
2470.166
942.984
2209.03
1410.619
1558.526
1117.956
1845.304
1969.595
2174.876
1926.745
1832.747
2128.116
1305.4
2037.501
1544.862
2133.992
963.3432
-2167.378
-33471.49
-12199.08
-3321.415
-272.1887
2048.836
2361.584
2371.755
2263.793
14156.92
6520.874
4216.562
5494.435
3987.259
2798.624
2493.242
1728.015
1473.579
1742.955
4464.095
4094.028
3043.668
1990.295
2061.036
855.419
3139.93
2936.891
2652.483
2516.14
2089.977
2823.496
2888.747
-3139.859
171.9208
1428.233
1230.385
1748.481
2268.356
2410.686
2750.978
2364.625
2302.633
2121.653
3748.703
3001.983
2630.682
2425.02
3271.123
1955.304
1870.715
2174.83
2211.049
-791.3739
1161.997
2178.383
6120.478
4869.083
3565.066
2431.388
3125.525
2923.806
2617.362
2524.741
2111.542
2686.028
382.0337
1399.083
1825.751
1820.919
3172.629
3114.883
2476.734
2577.156
4156.85
3041.668
2774.275
2515.067
2283.861
2553.467
2590.025
2116.833
9306.002
3420.177
2686.788
5791.526
3949.289
3685.295
3069.317
2624.278
2410.328
2024.286
1355.311
2159.643
2455.13
2431.651
2886.021
2438.955
1187.246
1667.734
6116.489
4043.835
2881.567
2827.987
5437.066
2693.449
2145.714
2294.97
3910.292
2845.035
2321.428
2078.495
4185.278
2836.684
-13742.09
-4338.51
-636.0583
328.7774
-1553.462
-5051.037
-445.8722
944.1206
1949.047
2480.202
2543.793
2701.607
2054.912
2238.168
2372.293
2115.532
2418.668
2553.071
1254.697
2282.935
2501.332
915.8782
1517.653
1790.387
1928.868
2248.207
1882.85
4716.765
2971.892
3325.419
1984.658
34218.44
15058.6
7584.628
3223.875
2705.128
2144.077
1956.606
2518.099
2125.234
1692.846
59179.16
27848.27
11866.86
7196.159
3771.573
2135.247
1981.675
1884.785
1462.308
2079.192
2931.567
2203.882
2283.409
-11456.16
-3807.169
939.2908
8.487929
1124.109
-856.1883
1719.576
2503.79
1622.685
1911.362
2187.273
1860.763
2285.223
2130.083
1697.55
10203.93
5258.469
4367.487
3356.308
2028.615
5042.191
5682.274
2872.082
2210.813
1737.612
2028.213
659.0479
3020.892
986.1632
4951.14
176.153
-129.0131
474.2243
179.472
1264.106
1541.622
1811.771
2175.191
2108.443
1940.882
2179.724
2376.079
2173.725
2109.625
294.4185
3834.354
8503.195
3836.45
2778.233
2357.271
2981.133
2639.841
2396.609
2546.897
1564.034
2620.523
2772.67
2608.235
2231.994
1453.531
2244.281
2234.665
604.5065
6550.374
4416.526
3207.082
1320.007
2191.738
1816.504
1689.281
2098.871
1559.319
1601.062
2779.452
181.2822
-749.3033
1129.454
1609.717
1878.972
2136.321
3121.142
2571.467
1391.409
1390.698
2537.422
2500.5
2366.025
-778.638
681.9643
1977.536
2491.184
2399.747
2859.702
2494.578
2629.304
2226.457
2514.595
2203.091
1947.059
2253.326
1235.532
2517.538
2489.065
3098.166
1187.43
-69409.58
-26290.77
-8604.54
-1784.22
-4057.752
440.6592
1487.43
1501.796
2211.432
2565.422
3902.266
4213.299
3245.532
2262.48
2642.389
2584.923
2686.587
2365.382
2982.854
2259.861
2537.962
3026.746
3551.731
2081.03
2581.901
2921.806
1612.864
1266.63
2804.813
2676.466
-18168.45
-6140.441
-592.1371
1188.413
2570.153
3246.141
3485.283
1942.422
4566.637
2504.214
2532.173
2107.804
4133.172
3992.701
2529.43
2466.793
2928.651
19162.23
9143.178
6318.456
3897.769
3056.387
4032.824
3424.52
2928.954
2975.37
2436.331
2930.121
3187.201
61.41518
810.4457
1688.21
1573.087
2141.402
2537.802
2708.725
2477.108
2819.435
2910.236
2740.483
2811.118
2447.456
4664.08
2267.558
2952.608
2729.618
3488.44
2426.928
-1677.847
-361.9112
2124.02
2893.242
2449.285
2698.264
-1048.895
1297.921
1369.641
2066.967
1353.3
2639.253
2621.97
-2692.726
893.8331
1367.078
1453.991
1461.081
3516.917
2874.961
1402.244
2725.809
2530.442
2550.312
3331.118
3192.341
5158.393
949.7434
2356.892
2051.039
2752.733
3682.052
2935.596
2921.464
2236.172
2248.358
1800.449
2026.842
2309.57
2313.593
2810.857
2477.952
2429.579
6621.58
2846.564
1648.306
2424.652
3104.811
2436.108
2533.479
3916.874
3327.663
7178.301
4927.634
3834.936
3987.028
2583.445
3091.76
2471.554
2172.684
4702.622
2566.449
2017.224
1977.84
1819.77
1976.668
1587.83
1821.828
1391.591
5055.057
2775.854
2855.375
2357.96
2126.071
2417.062
-1349.846
85.91037
1052.924
-3717.757
527.5775
1310.75
-9411.946
-2307.449
374.0441
1747.038
1770.491
931.8346
2067.028
2181.301
11611.29
5947.184
4664.686
3393.55
3970.716
3479.5
2545.937
2425.098
2703.98
2805.844
2664.733
2696.618
3285.56
3061.125
1316.691
1946.89
1903.696
2721.535
5096.96
4061.747
2243.058
2737.363
2710.781
2327.17
1497.622
3101.622
2810.828
2279.885
2796.715
2556.34
2344.905
2464.772
2449.782
2584.972
2224.6
2616.912
2660.118
1738.619
2643.938
2753.958
2296.63
2927.373
2340.424
2258.292
1952.186
529.6871
2589.08
2785.588
2744.699
3275.011
2771.631
2834.776
2621.393
2948.538
2345.769
2147.371
2680.7
2395.806
3610.43
3605.875
5227.537
3848.102
50711.08
21879.45
11011.66
4787.045
3287.492
1846.195
2628.042
2282.182
3013.813
2868.8
2929.274
3221.553
3024.45
1873.125
2450.831
3048.368
3271.71
2809.636
2887.794
3717.273
29050.68
12948
8096.452
8172.126
5264.884
4205.601
3959.472
1335.093
2297.87
3743.47
2657.882
-3787.674
-105.8088
1420.189
2841.754
2638.967
1474.149
2046.41
-2451.016
3770.259
3445.869
3203.526
3274.374
3122.281
3129.758
2382.189
2778.272
2812.111
2446.838
3247.157
1792.661
2622.142
3291.765
3135.177
3301.479
3257.808
3031.279
5985.087
4873.644
4390.621
2216.819
3168.803
2829.328
2634.875
1962.115
2790.985
1086.452
3469.709
3197.103
1905.204
2236.63
1610.043
2454.658
3085.028
2536.223
3440.381
-7969.554
1116.354
2329.63
2499.843
2096.957
2707.637
2908.028
3108.531
2474.432
-3624.829
335071.3
134617.4
55646.72
20659.84
9805.297
5989.403
-14565.3
-4799.651
-367.3891
1787.062
2720.838
2906.005
2707.05
2420.445
2389.854
1695.623
2359.396
2587.274
3625.019
2684.315
2668.446
3053.009
2988.975
-5057.26
156.839
995.6305
2811.108
3102.643
3118.779
2548.393
-33394.34
-14949.65
-4279.169
-278.5169
1502.559
2592.305
2895.652
2925.187
3336.016
2268.068
2266.99
2714.123
2688.329
3062.868
2970.298
4140.716
1784.403
2393.842
-221.854
1938.315
2508
2615.524
-3575.485
835.7637
-5162.162
-347.7598
1142.833
1918.382
1750.586
4452.199
2506.833
7753.756
4500.318
2732.321
3087.007
2973.045
2464.984
2127.384
2412.432
2506.563
2009.44
1330.216
1901.086
3288.347
3131.332
2033.812
3040.205
3637.818
2933.214
2526.82
2512.969
2445.885
2748.096
2149.515
3297.072
4099.16
3127.79
2855.512
2577.199
2641.546
2329.499
2340.577
2281.014
2475.727
37250.69
15573.74
7384.659
4659.003
2148.445
3021.286
2696.276
2395.985
5836.577
2670.44
4004.084
4230.833
12415.75
10663.69
5213.345
3651.127
9182.962
4985.363
3406.453
1542.41
1883.456
87.5372
1062.326
1640.534
2613.729
5140.622
4822.576
3512.218
2979.318
4452.348
3432.276
2836.657
1974.621
1273.583
3427.524
3003.17
2796.345
2187.805
2183.865
2238.745
2605.816
2962.262
2836.07
2420.239
-812.3765
1830.227
2585.42
2666.433
3271.996
5545.542
3640.694
3517.245
2730.9
3014.705
3239.608
3065.431
9019.067
5158.084
2100.341
1809.56
2435.695
2812.138
2735.05
3598.869
2625.467
2329.026
2424.862
2308.327
2743.987
2864.954
2751.837
1649.839
2460.862
2448.2
2900.83
2960.171
2485.559
464.5156
1861.886
2509.481
3036.312
2734.479
3070.457
2883.946
5809.372
3926.239
3841.31
3156.582
3219.679
3517.336
4378.742
3504.687
-8763.935
-1332.025
1326.3
2873.236
2902.321
3602.547
3280.735
3199.008
3321.638
49070.42
21529.92
11141.01
6986.316
4212.742
3630.168
3364.008
1470.473
2166.132
3134.915
3315.712
3619.748
3072.396
2688.066
3790.001
3260.989
3005.252
3382.862
4230.444
5358.935
3709.495
1957.337
390.7336
1811.139
1574.728
2584.297
2578.023
3261.613
4127.066
3612.122
3560.71
3627.34
2800.914
-151.8794
1728.695
2831.222
18026.23
9309.093
4794.767
5984.926
4255.402
3985.928
2515.307
1800.619
2973.085
3707.143
18410.44
2083.195
2413.628
2576.223
3004.893
3841.606
3728.443
3532.134
4172.569
4194.201
3719.135
3516.864
3384.679
3569.761
2997.203
3307.12
3346.419
2182.248
3391.734
4032.535
3689.798
3129.718
2706.793
3662.345
3762.379
3212.074
3269.038
3960.113
3052.602
3401.713
3068.949
3326.083
4021.487
3755.695
3812.58
3412.629
4226.833
3112.038
2922.339
4194.692
3276.475
2971.43
-1045.322
1340.202
3850.494
3926.611
2970.674
4157.965
3844.113
3071.191
2869.024
2762.89
6457.236
4537.472
3657.7
3002.333
2855.326
3768.394
3492.157
3419.95
3965.667
3007.911
3179.306
-4432.029
-250.799
1897.935
2722.336
2784.814
3097.916
2505.337
2715.448
2984.567
3167.457
2993.056
2959.436
4326.628
3461.37
-6794.001
-1442.592
1077.865
2074.252
2505.786
1643.467
2600.184
2574.577
3024.394
4400.412
3664.475
2620.778
2661.756
2976.012
3683.035
3419.53
3304.132
2449.657
3966.024
3448.784
7794.473
4843.844
4783.786
3770.903
10455.96
5793.699
3938.307
3251.339
3279.965
2248.436
1623.98
1456.683
2800.166
4609.624
3641.515
3091.793
3043.264
4329.776
3954.346
2009.902
2410.708
4294.852
3013.506
3336.991
2523.436
2826.42
2738.57
3135.138
5901.142
3131.821
3513.086
3369.536
3443.445
3593.437
3184.696
3459.743
3209.211
2943.481
2959.916
2037.365
-2289.528
573.4395
2611.286
3043.917
4168.025
3623.68
3011.744
1196.075
2575.091
4009.839
3536.495
2936.526
2159.495
2518.228
2097.655
1821.551
-27942.11
-8762.903
-2695.51
-2882.367
613.3713
3093.406
3674.979
3025.272
3783.007
3378.357
4036.227
3511.568
2925.043
3278.734
2475.412
2902.079
3151.822
3193.315
3452.893
3249.693
2567.65
3295.012
2937.87
3563.052
2860.941
3298.788
3471.655
3761.691
3697.684
3877.143
4121.094
33639.58
14249.51
8346.085
6351.876
2949.916
3617.724
3022.627
3296.604
3403.611
3589.436
3860.083
3591.369
3581.018
3480.995
3786.058
2944.844
4520.689
9062.381
3800.767
9314.482
6619.132
4396.598
3539.234
3110.917
3395.77
3461.364
3452.133
3625.513
2587.45
3716.441
3793.75
1964.869
2310.387
3109.993
3528.028
3691.971
4395.235
4090.861
15778.69
8888.647
6154.383
4312.246
4223.255
4179.43
5030.85
5451.349
3901.949
5106.784
2670.83
2430.46
5600.203
4443.557
3827.992
4086.139
4015.425
3515.619
3830.34
3494.642
3748.34
3699.486
3475.41
4213.361
3871.683
4017.665
6332.974
4581.762
4131.243
3760.417
3479.878
3304.672
3071.404
3987.511
4762.409
4266.112
3597.38
3192.579
3940.476
3421.609
3517.634
3720.07
3523.805
5453.88
5307.524
3851.572
3946.566
4110.614
3561.763
5066.316
4482.461
3696.282
3879.873
3570.044
3508.471
3948.254
3243.723
6992.505
4799.364
2766.696
3198.758
3644.895
3048.032
3213.47
3167.422
3350.696
4177.323
3074.285
7612.252
4291.754
3975.041
4003.04
4117.788
3089.192
2463.327
1923.513
3182.029
3907.344
3437.322
4973.313
-10051.44
-1618.176
1467.875
2674.397
4116.057
4271.144
4437.47
4437.446
3597.548
3504.615
3072.878
3698.154
3732.872
4348.917
3364.676
3111.279
3227.081
4335.213
3523.491
3399.533
4425.796
-29123.7
-9354.991
-426.5529
1205.204
2470.621
2021.784
1975.475
1913.034
1771.092
2212.446
3433.755
3358.87
3173.141
4080.691
5753.01
2424.017
2502.251
3402.688
3404.459
2062.187
4752.988
4071.595
4174.378
3550.578
152.4931
2306.584
2657.534
2980.806
3081.794
3610.744
-11556.94
-2572.696
1463.925
4068.795
3357.811
3920.081
3461.929
3784.379
5321.593
5175.336
-13308.3
-3086.881
1934.521
2429.703
2440.79
2435.408
3146.861
3787.214
4902.8
4136.418
4523.76
3867.182
3768.162
3562.155
2233.11
3113.671
2965.303
2990.545
2900.151
3729.123
2752.46
2747.885
3129.106
16956.66
10150.21
3966.323
3675.592
4375.111
2837.06
3438.416
2859.566
2397.737
946.9768
2136.608
3286.53
2481.098
3065.809
3988.196
3905.685
3774.029
3809.43
3545.404
3335.04
3035.869
1748.081
3734.387
4061.181
4058.513
4044.629
2973.327
3329.973
3162.918
3599.782
3764.941
3390.295
3499.93
3354.032
4094.434
4110.694
3921.132
4854.9
4403.785
4114.256
3688.697
3381.957
3637.193
5141.175
4240.579
4285.419
3653.757
3649.416
3966.388
3598.958
3748.478
4860.513
4314.067
3778.265
3435.82
4033.842
3908.664
3886.808
3935.934
3932.593
-5501.87
312.6854
3554.464
3108.952
5914.883
4717.185
4792.497
1715.704
3151.78
3752.994
3449.627
4017.983
1766.838
3066.796
3294.156
3082.293
4188.648
4303.288
4425.041
3066.109
3687.457
3455.019
3338.528
3230.465
3353.431
3318.34
4152.267
25025.78
12238.12
9267.003
3109.639
3831.023
6638.943
5054.976
14467.05
8400.466
5733.507
4306.991
4152.666
4394.422
4404.292
4121.741
3255.42
3044.264
3751.582
3743.751
3666.016
3950.138
4042.651
3385.573
4369.402
5970.283
5609.521
4112.95
4243.856
4980.695
1614.876
3109.742
4052.198
3901.28
3700.867
4637.697
11755.19
5799.573
4753.948
4564.628
4321.664
4409.691
4186.029
3790.217
3841.39
2356.675
2962.676
3209.384
3691.786
4057.404
15381.2
8854.516
5987.251
4920.324
-1293.63
2093.633
3429.851
2970.426
3910.495
3910.335
3424.236
3243.086
4156.429
4261.009
4609.938
4572.017
3821.337
3883.134
6705.385
5507.44
3929.974
3822.078
3750.197
3900.685
4274.789
3991.857
3837.195
4231.826
4363.282
995.2316
2556.069
4287.351
3959.729
4045.053
4637.061
3578.216
3846.7
3664.865
2936.546
3735.017
3604.271
3766.165
3584.11
3601.976
5768.777
3801.071
6030.026
4736.027
2076.999
3484.453
4740.82
4183.352
2675.34
3273.237
2810.427
3302.598
3767.094
3652.498
4569.296
3806.088
2459.981
3274.03
3036.722
3341.874
4189.891
3247.725
3386.849
3627.225
3725.214
4033.045
295.6382
2561.452
2593.089
3437.332
3272.999
3650.336
3053.967
2746.129
12305.46
4802.877
3971.841
3979.114
3588.242
3596.147
3456.939
3249.958
7789.326
6380.897
5302.925
4630.736
997.1119
3641.349
3550.059
462.2054
640.1451
2457.953
3358.757
12018.03
7228.805
4672.626
4395.225
1852.414
2773.699
2805.904
3560.423
3979.302
116180.9
48640.81
21389.73
10677.14
6727.676
488.2719
2333.697
2785.988
2546.711
2803.872
3153.242
3255.71
2019.544
1644.819
2086.82
2740.753
8533.009
5391.626
2686.767
2618.491
3620.687
3264.054
4005.492
2985.457
3417.533
3856.368
4469.532
3583.331
3336.453
3489.324
3825.093
6521.921
-1428.519
1567.817
383.3075
-6195.788
404.4311
3285.104
3615.211
4579.821
4721.849
3470.179
3444.826
3640.505
3217.782
4910.901
4544.024
4215.74
3902.505
-409.805
1040.209
2594.334
3649.933
1920.299
