331.4491
810.9025
932.923
645.7893
509.072
1297.917
944.5746
527.1107
914.9402
111.0357
469.4936
362.8689
609.5283
1602.54
368.1762
-1128.209
300.7918
1410.84
330.2978
583.1445
415.131
2067.552
1659.797
790.872
502.7523
556.3002
737.5484
538.7116
1008.189
674.0138
682.2584
611.8968
934.8097
496.7698
902.3112
295.8725
606.7772
144.4837
737.2289
812.0333
662.6031
15832.01
2582.873
770.0471
-4516.65
125.5571
917.8083
609.7984
821.135
726.066
646.8958
132.5784
1486.9
946.6243
621.8962
759.232
783.7491
398.8846
758.9119
166.719
645.0549
-12325.71
-866.0762
463.9487
958.3054
841.4914
103.7969
426.8028
1712.478
874.4829
1199.856
997.221
2827.45
1360.61
-303.3143
1578.295
1063.385
980.5856
779.1729
830.5221
774.2679
762.906
695.3557
150.2369
-926.5634
515.6468
622.6646
-2267.485
819.4548
377.9487
1744.006
912.4165
777.7813
932.9299
1126.63
571.1643
1097.24
679.874
660.4746
1511.155
1012.865
1405.567
2329.295
-4344.745
498.3798
825.9813
990.4816
1209.08
1287.791
993.7591
981.0788
1058.81
1044.536
650.3328
958.381
805.0549
1462.41
998.7587
1502.851
1089.017
1436.37
989.4938
1067.318
362.3526
868.0564
646.2804
959.5397
691.7147
3548.166
1501.691
1631.897
1107.559
488.3725
445.5312
1850.196
796.304
731.4054
1038.134
1504.224
1141.481
1043.336
656.5156
-1607.893
672.1914
-190.5901
989.8637
1109.257
2272.813
2121.936
1584.207
870.6876
1854.467
905.4529
8919.006
1975.462
923.134
710.1507
855.1824
978.5463
806.3382
805.2502
-2148.75
-1401.683
189.1831
1359.339
1033.222
1097.372
1250.936
966.2896
1509.862
843.3907
1158.606
1019.926
1042.779
920.9835
1115.308
1133.969
929.2808
500.7375
1270.58
-1139.615
-2101.636
391.5019
755.2699
855.5066
1004.669
986.2031
925.9121
1215.193
5813.478
-5835.469
60.69605
4067.571
1253.181
1397.639
961.7
1476.644
-2523.301
230.2643
832.769
1366.487
1176.481
1156.523
1331.376
929.8223
136.9465
1022.372
974.4136
1258.937
1272.797
1226.771
1133.681
947.1593
1292.567
1170.235
8810.004
1838.848
1029.322
889.64
994.5348
1306.348
994.2443
994.8654
812.3816
703.062
576.4641
601.4807
1126.061
713.7273
1152.895
1218.682
9332.474
1853.992
1157.739
815.5073
482.3175
530.5495
829.8401
644.6018
898.0942
797.3766
376.8961
750.4831
-2311.317
421.9358
457.5155
680.1995
1151.877
997.0678
920.979
668.6332
775.5186
1148.798
882.2233
-1010.467
611.0006
867.3465
1043.677
672.0392
772.1747
790.3736
518.2141
1793.565
1187.103
910.2395
1209.773
440.2165
646.9801
150.1139
1705.719
1945.908
596.4192
440.5313
750.8749
660.2069
645.1133
2947.499
2653.809
795.3991
22.74971
289.3761
1318.526
697
369.8058
-273.9616
629.6826
755.0505
967.028
323.7924
549.6896
411.4018
198.2944
353.1582
529.4092
805.4372
682.2221
700.1175
1143.542
188.0768
535.3708
421.5163
883.4985
715.8119
531.1202
626.6141
732.6774
924.4916
1108.424
533.2608
405.8624
535.1879
-6193.738
-383.2768
460.0855
629.2242
629.7782
628.4675
362.4227
350.6537
-97.28144
43.19708
512.6436
361.8953
621.7919
622.4995
-13748.51
-497.2629
302.8569
84.54841
496.6247
3861.085
-489.0654
357.4439
1311.126
-3964.919
5.383104
280.7218
918.6706
2778.408
-377.8426
161.1201
405.4493
797.2493
394.456
-4.340205
326.6631
211.4823
57.85565
349.1474
-9917.656
-1289.611
-45.04185
507.3897
920.3015
348.2025
427.9964
564.4751
506.1467
465.6322
321.7416
547.387
-508.1746
341.8304
423.9583
111.1935
343.0841
-919.6504
-1038.281
61.31755
352.7692
-215.4643
-55.78872
154.2187
582.3448
-330.9159
-837.3978
403.207
-10227.42
-1309.517
-126.6323
153.3412
103.5395
292.9959
537.7538
206.8289
-448.8954
1878.44
435.8442
193.5743
-596.439
-540.788
141.0929
-56.99332
-397.531
-565.5109
-109.1404
43.04274
317.9424
162.5883
346.5224
-114.6468
1480.227
155.2918
5.237286
861.3708
63.2244
-378.8718
-114.6745
-2440.285
87.18401
-50.59563
448.308
3131.732
372.8845
-350.2685
246.39
-168.1401
-110.652
-115.5131
-994.0683
-360.6718
-49.25574
129.9381
85.92658
-181.7498
95.01004
881.3859
898.2042
55.91083
183.79
-195.0447
-95.20541
-139.1515
-2572.048
74.88825
416.5729
80.87758
-79.7966
172.0229
-336.0013
643.8148
-147.858
-48.76527
48.15564
-305.1749
-78.9332
-352.6793
-1497.534
-915.2142
-375.6321
-98.94648
-289.2791
-210.6098
-149.7467
-135.7924
-254.6119
-311.9164
-1241.801
-51.20644
-260.6246
-218.634
-996.4072
407.8393
-339.1128
-272.9948
-1015.452
221.2781
274.1909
-873.9926
-562.7278
-251.0921
-180.8408
-474.4236
-464.6623
-351.4056
-323.7585
-359.4191
-227.9187
-294.8928
322.5919
-422.5582
-539.3275
-439.4743
-2178.971
-593.4471
-76.01473
-411.1582
-264.0557
-433.6831
-885.1909
402.902
-184.9536
-191.666
-488.3121
-671.1486
-532.573
-471.6388
-461.3885
-525.4679
-432.9735
-752.6923
-655.4375
-657.2892
-369.1947
-377.5257
-593.3628
114.1481
-347.3218
-1089.582
-568.6317
-1176.869
-665.8268
-114.2999
-266.1582
-688.9155
-568.5193
-471.2202
-386.4572
-514.435
-1622.535
-412.0777
-620.9216
-501.1528
-1378.894
-1471.084
-949.6661
-503.3293
-830.9582
34.88641
-443.0286
-569.3772
-4864.512
-1318.818
-556.1766
-613.0894
-376.9272
-1147.61
-994.908
-558.342
-474.6773
-971.019
-2013.694
-723.48
807.8809
-367.3951
-67.56487
-282.1843
-536.3808
-548.0041
-1630.183
-846.2393
-76049.2
-9892.827
-1748.748
-1181.724
-359.7052
-287928.5
-35562.11
-4782.308
-1142.07
-2164.741
-804.9843
-601.761
-651.5203
-404.5083
-419.6332
-18.36704
-492.0636
-683.4478
-402.8223
-380.6564
-347.6502
553.129
-341.2214
-553.2061
-601.118
-546.2748
-697.8923
-393.2539
-61.36436
-460.5893
-711.2046
-491.6161
-370.9179
-631.2892
-1536.849
-458.2652
-352.95
-3109.981
817.2891
3673.366
167.7253
-155.4329
-460.6746
-449.8812
181.5467
-698.9816
2019.502
61.62959
-358.5466
-238.3903
-438.9869
-522.6531
-790.4601
-763.8275
-539.8992
-308.4926
-157.1881
-444.7012
-464.4228
-363.0157
59.20005
-615.7927
-530.1989
542.0098
-115.4505
-277.6449
-477.0436
-439.156
-625.3444
-369.8655
-573.4776
-535.4404
-478.5864
-454.7911
-490.4355
-249.2235
-418.6159
-496.0464
-1026.224
8982.953
863.9064
-238.2718
-236.9354
-425.672
-432.7077
-68.49904
464.4009
-133.7074
-455.0146
-305.1742
-1148.61
-1192.85
2604.802
1197.306
-228.927
-430.8353
-552.6511
-203.4429
5.498449
-490.3077
-372.9512
-1041.485
-571.8727
-1692.092
-604.5562
189.1127
-382.7642
-87.95593
-872.9613
65.08776
-342.5627
-454.4012
-702.7842
-133.9162
-241.0748
-197.6329
3156.672
230.2158
-660.943
-687.4026
302.732
-290.0496
-880.4475
-720.704
-71.23273
-126.5033
-95.46064
-217.7692
539.291
-197.8556
-248.1465
10.44972
-698.4378
426.7568
-234.8492
-84.32473
209.9671
-383.4828
-287.7708
432.8385
-687.6848
338.3698
-353.1235
-2324.061
-285.7214
-2332.635
291.9351
-382.9324
-25.40422
-20.741
-183.8699
-696.7767
-896.7246
87.36547
83.30834
104.2027
110.9193
-35.53
45.31744
62.37313
103.4116
-149.3808
29.44411
242.8394
107.4189
-264.7214
-36.30807
-49.24087
-86.58143
91.85136
274.0312
1377.755
272.8657
-3532.401
-599.3593
137.9904
121.2289
-201.636
132.9958
154.652
172.1007
211.7613
-94.95467
666.2908
371.9841
175.3591
2639.642
279.4476
454.0694
32.80779
216.0334
-403.7862
531.3373
573.4162
-15.01634
136.2221
211.1848
352.4532
922.7174
556.5563
635.9649
548.5582
291.3751
127.4642
363.6334
436.9914
292.4276
725.5902
267.1134
262.6682
702.3904
289.291
305.6119
341.8779
488.4807
27.60156
2500.529
434.431
377.9905
1571.041
841.0898
252.0772
350.4516
954.5285
587.441
234.8169
547.0257
523.3843
494.9671
330.2985
617.4989
497.5359
740.1376
509.0961
417.3196
395.203
664.5864
-192.8113
475.8689
209.3811
629.7687
580.3879
1109.983
523.6922
536.7511
531.0371
707.2422
568.2384
539.1951
1260.348
3329.585
5107.746
1148.373
671.5003
324.0358
733.4221
784.2272
696.2293
599.6626
643.9713
705.5931
-2049.607
82.48386
447.4854
19364.17
3036.468
945.355
990.9769
1101.696
723.3896
767.2646
115.8401
647.7736
592.9306
835.317
924.0457
334.9317
879.4647
642.2069
835.279
736.6982
635.6315
1037.115
791.1709
1935.108
873.6148
-1418.49
538.883
741.9636
1260.155
847.0152
1311.832
751.0379
901.8422
1070.108
675.0364
714.1636
967.5356
952.2883
18247.83
3139.654
1129.276
667.7241
1139.665
3196.811
1190.631
864.716
1108.285
1480.871
1293.671
117.6109
974.8761
772.4702
872.8333
1077.482
1035.766
1173.974
189.6084
1075.198
10997.45
-3649.1
554.0544
5317.458
3043.098
725.2531
1752.255
822.172
1384.642
1810.233
1140.594
1719.289
1253.187
895.0441
1186.637
955.8607
1133.968
1084.179
283.6501
898.9252
1268.216
1380.442
1619.167
1134.701
1206.482
1205.486
766.8981
1285.838
1100.258
1300.316
2965.271
1417.705
1096.995
1223.113
1216.359
1742.994
1467.297
1423.76
948.0631
2088.95
1384.273
1159.255
1033.316
882.0876
928.5614
1335.175
1370.872
282.1985
1230.554
1401.115
3822.368
1518.29
1362.385
1233.698
1345.791
1540.691
1735.882
1254.863
1094.957
1322.075
1434.253
1717.755
-1129.13
1223.079
1113.949
1671.394
1416.634
291.2323
523.2463
1366.266
1507.722
1233.348
1252.883
1484.21
1307.357
1228.047
1436.135
2794.964
1675.928
1270.217
1423.43
1398.086
1102.849
1828.356
1387.065
2625.132
1640.837
1326.476
1411.888
1589.857
1344.84
1390.814
1525.621
1541.218
1005.044
1056.555
1671.727
1229.622
1432.708
698.5404
1368.529
1251.947
1396.928
3790.517
1750.877
1655.511
1706.128
2203.285
2436.909
1554.087
1440.116
1668.693
1762.82
1540.025
1468.141
1678.096
1482.769
1833.067
2799.144
1224.276
1575.595
2145.434
1881.375
1906.105
1579.281
1522.066
1368.612
1151.727
545.537
1942.141
1587.635
1614.591
1860.71
1421.774
1571.979
2184.377
2064.346
1663.101
1269.145
1548.154
1041.181
958.4916
1464.976
1081.894
1477.662
1560.576
1428.76
1136.088
1519.741
1591.253
1722.114
1927.69
1224.282
1324.844
347.7264
1346.56
-684.2513
1291.516
1666.766
1275.465
978.2061
1427.019
1682.577
443.6705
1833.922
1961.439
1529.921
1639.699
946.6757
1637.507
-5164.436
789.7235
1189.451
1180.629
1436.481
1302.48
1435.495
1424.422
-570.5564
1139.467
1479.646
1449.823
1670.42
1780.262
1466.482
1438.462
1470.607
1422.059
1768.556
1549.108
1544.407
2162.841
1269.598
1122.454
1623.008
1679.682
605.7574
453.3179
1521.488
1569.31
2054.896
1541.415
1249.74
1464.659
1296.741
1486.561
1662.268
2122.475
1757.867
389.9645
1319.131
1674.851
1537.872
829.0431
1464.657
1429.51
1342.174
1839.671
870.4627
6763.93
1765.427
1366.957
1205.778
560.307
1343.754
1464.938
1148.466
1348.951
1465.303
1209.912
1454.457
1754.94
1715.794
1357.628
99.64998
1318.267
1595.144
1543.604
1514.153
1305.591
1711.299
1054.012
1200.624
1031.688
1322.875
1350.49
1372.325
1136.464
15808.57
3191.378
3078.278
1809.482
1417.084
1137.873
1439.459
186.842
1049.013
1565.518
1283.483
1304.377
1248.66
-597.8045
1649.486
-6276.213
381.8122
1088.151
-7561.209
1302.055
1832.112
1008.537
1299.703
1459.989
2417.313
799.0558
1108.443
1482.315
1059.676
1187.535
615.2849
328.6534
702.2055
1098.992
1283.223
2076.716
1460.123
1213.386
1974.886
209.8639
1328.669
679.4076
831.8781
967.317
1396.418
-5409.534
253.512
1700.2
-1096.986
-2735.193
494.6123
1276.017
563.0855
1073.914
981.292
1069.028
1159.003
741.1548
1114.846
3285.798
1180.258
885.4895
469.3813
972.1773
1003.526
931.8025
1315.079
1100.932
932.412
680.2808
817.2933
648.4807
1784.027
1059.954
953.5961
942.3989
767.0593
1122.323
1088.916
1316.851
-3284.762
418.9308
902.3974
477.692
839.5983
2022.877
914.7283
852.1603
1308.036
646.0623
876.6645
773.7485
383.2817
877.6994
617.3468
568.0973
814.7111
903.5881
3312.992
1120.677
781.5655
693.3085
1118.283
809.0893
1010.551
764.8575
703.9322
339.1124
752.7344
614.9215
1805.434
996.003
11794.06
1855.671
743.8143
8883.479
1469.416
752.1782
769.8438
1036.366
785.8794
998.5138
788.9883
828.3243
721.727
769.6503
1066.036
684.1478
758.1621
1211.871
660.764
692.9558
710.4959
575.5825
656.5195
2252.659
-5705.922
-31.70223
610.9845
4640.63
1057.919
-633.6216
114.892
-19.93983
625.5464
-191.8267
306.2287
2653.235
879.9987
73.51282
658.0262
559.9054
-1421.238
-130.5675
1218.911
942.6202
603.7466
470.2438
-69.74277
458.4467
285.8761
4039.703
872.7182
480.5004
12.32339
-119.2973
651.629
417.3413
383.1454
395.2159
475.0233
-557.5856
-664.3465
-154.7529
-130.1268
482.3185
-1746.606
106.2429
453.3486
405.3337
-6.650642
213.6011
697.1769
1276.314
892.1923
478.6315
133.3794
1436.744
439.2455
187.4708
3155.247
586.1005
513.7713
-1454.328
-741.0396
106.3877
695.6203
173.4101
137.2588
-398.2266
470.8304
328.01
-206.0972
85.96724
208.1807
427.5721
218.4309
207.8651
246.282
-83.98959
-790.5035
-259.2012
-1886.224
28.22274
322.0361
-38.79819
166.4591
-493.7807
-21.36806
-391.8705
1643.645
-398.4716
193.8431
-38.87042
255.3086
299.316
-553.6728
49754.86
6234.75
1060.055
443.141
29.6036
24.92247
81.00672
326.5319
9818.883
1497.121
473.9529
-282.4692
49.01438
314.4505
56.47882
6967.852
1198.782
202.0084
-245.1975
2562.977
1099.619
244.2544
-18.47863
-176.0117
-98.36239
-2088.153
-2731.349
39.58358
103.2456
-42.01005
17.89993
-183.6213
51.11689
50.54747
171.1888
355.3555
-44.35865
383.9155
67.41407
355.4899
260.3021
7659.462
1307.071
-195.9429
138.9753
296.9764
673.2918
123.7887
62.58855
239.5202
144.898
712.8501
-44.51732
-401.8718
128.9465
100.092
47.36401
69.0856
31.70731
-252.8638
338.3491
-11047.08
-1954.067
-120.1897
913.2088
532.8548
43.67072
300.6291
78.42137
-133.387
-194.986
432.7836
550.2203
35.31953
325.3544
-696.664
-314.2948
77.46376
-423.772
833.8277
483.6237
-209.147
-8.543537
1216.237
213.1098
247.0327
198.5415
126.1301
194.586
135.975
1344.911
274.0923
132.2546
-27.05789
-185.6485
5.255681
-100.2154
-3158.376
-562.755
-68.00195
256.713
185.1809
691.3761
750.7761
180.19
-0.967506
-90.61961
-9.324873
47.15895
261.8112
238.4017
-76.73257
-37.51811
-194.5621
237.0029
525.8234
6066.581
489.7142
143.3553
2522.268
-1227.528
327.569
619.7732
316.3121
181.0233
186.3298
-28.44517
142.7686
264.0639
494.5727
348.6983
180.9426
-63.78992
66.6835
251.138
101.6553
-1131.119
-343.1248
944.8579
-34.81797
35.87852
-56.5637
-109.7807
205.366
156.5979
-42.56942
539.8066
494.4411
159.7683
404.8073
170.9801
270.1096
75.33619
5497.342
925.4919
471.5698
234.5047
-575.892
241.1971
218.3388
178.6354
-466.7943
747.4888
1600.711
332.7722
314.6487
275.7199
226.0081
59.11192
-624.2114
-1351.499
-115.4942
0.7636118
14.97537
240.5261
457.8329
362.3825
415.3372
275.3286
176.742
927.8493
1228.378
552.8834
161.4809
-1095.76
375.4182
1407.06
383.774
-481.0691
-753.0525
123.275
-300.4321
-43.48813
216.2414
339.575
-698.6681
268.7893
-581.3018
1082.602
-1678.505
250.4559
360.4547
405.8398
856.1325
474.4705
625.7006
237.9695
732.8463
509.4146
103.967
380.731
746.4875
-614.465
451.9222
374.8664
645.9255
781.1684
739.3545
580.4574
719.8333
814.8772
424.0354
721.9974
353.2107
515.2609
531.3987
480.2791
371.3836
576.0517
548.4268
604.693
565.3023
828.7662
820.0203
-4515.903
-59.73589
434.7536
535.8139
111.2898
-1203.287
844.8806
1511.963
1451.277
1375.275
858.9903
813.5933
774.1555
1063.189
574.0361
846.1658
895.7869
263.7249
578.6431
738.8401
887.7051
1163.867
2483.304
-6704.9
36.69921
49.01324
817.3193
805.2357
747.2224
809.4777
894.4833
903.9954
850.5605
490.1122
767.3776
497.7428
1184.065
-197.23
694.6982
665.7915
22427.05
3297.855
1289.771
567.3738
503.5421
-1707.786
773.7427
943.0497
965.2236
519.5008
-1478.493
-5741.737
149.6242
798.9334
1035.2
1129.673
1036.81
1307.783
953.7036
1027.28
787.3668
1052.141
15037.27
2764.835
-3229.824
1021.579
1576.237
1237.531
1027.551
912.2868
1275.17
687.5527
1177.959
1335.378
1104.972
1293.96
1011.018
719.13
1059.344
1532.47
1417.618
1004.342
1137.987
1473.581
1105.55
1265.177
1121.145
8059.361
3194.115
1496.229
1424.169
1386.128
1795.16
1351.467
2794.28
2132.55
1481.759
214.1115
1045.246
1442.888
1324.747
1397.321
1336.648
1320.29
1832.116
1329.301
1759.757
1555.132
1467.462
1454.926
1527.004
7271.748
-4215.544
1895.419
1640.498
1221.879
1405.793
1256.114
889.9415
1390.702
1542.003
1524.07
1438.618
-1519.251
1168.87
974.0301
1361.245
1579.514
1479.023
1015.101
1283.207
2114.355
1726.568
1401.642
1816.351
1815.565
1825.325
1637.829
1615.085
1571.396
1658.366
1003.206
-1707.129
1078.414
2087.536
1733.553
1716.032
1699.626
1428.86
1626.979
1970.012
3313.766
2559.566
1773.362
-850.9299
3451.262
2447.585
1778.703
1715.473
3053.427
1889.959
1816.749
1709.405
1703.666
1573.336
1594.755
1412.563
1472.784
1970.577
1882.388
1250.735
3379.006
1853.254
2550.964
1897.468
2578.197
1266.907
1679.815
1926.154
771.7884
1533.76
1934.147
1913.379
1844.107
1827.803
1252.717
2069.698
1818.866
1890.226
1891.234
2027.742
1750.008
1777.694
1899.94
2128.061
1900.339
2270.855
1835.013
1796.276
1905.166
2440.049
3828.495
2391.424
1936.768
1228.826
2279.054
2561.754
2179.984
1962.089
1842.112
1858.317
1663.449
2629.668
1835.366
1909.973
1787.69
1842.194
1938.205
1760.409
2154.65
2612.441
5771.524
2466.948
763.9181
-944.7733
1225.515
2106.875
2255.353
1872.907
1957.229
1942.126
1820.397
2220.751
1953.865
1923.05
2165.359
2118.452
4364.273
2009.353
2183.919
3657.852
2073.725
2092.68
813.4799
-2460.656
1589.612
2348.53
2028.104
2212.691
1604.471
1850.972
1847.238
1396.707
2245.215
1209.32
1274.801
1943.497
1965.434
2579.322
2085.335
2090.404
2710.751
2317.382
2182.44
2112.766
2180.839
2188.529
7213.055
2960.349
2326.512
2201.825
2063.776
2864.963
2090.131
2089.849
3027.558
2020.836
2007.314
-7535.725
-5728.64
1066.847
2309.989
1986.169
2202.092
1681.174
1346.692
137.9589
1835.391
2217.91
2251.208
1621.215
6484.51
2716.29
2150.044
2179.388
1983.963
2031.633
2142.018
2198.262
215.88
1746.339
2214.578
2225.348
2315.237
2052.588
2177.913
2007.506
2397.872
2740.661
2414.798
2282.938
2183.662
2336.472
1946.726
2427.088
2044.846
2844.201
2307.237
2191.517
2322.906
2158.999
1860.707
1075.229
1993.841
2172.186
2247.737
2036.331
2025.879
2296.484
2913.686
1966.663
1870.957
1993.176
2323.83
2215.784
1801.607
1998.865
2023.844
1976.63
2095.745
2067.278
1862.624
1579.618
1803.886
1041.507
2275.992
2099.48
2052.463
1969.757
1738.54
1430.166
-2684.471
1370.046
1696.471
2150.523
2281.976
1951.48
1954.78
3963.899
2274.615
1835.299
1874.798
6697.05
1746.822
2236.16
2115.522
2041.47
2076.269
2119.212
2216.274
3019.288
2095.808
1760.981
1830.68
1899.05
880.1611
1608.05
2013.257
1992.441
2628.39
1961
1691.018
1767.086
1517.589
1599.82
2159.719
6178.812
2356.631
2231.275
2411.06
1222.386
3725.167
2331.48
2321.203
2010.785
1982.441
1888.447
1845.85
2099.672
1735.955
1851.853
1740.166
1966.746
2158.07
1932.422
1595.816
1779.878
2056.318
1939.052
1684.898
1436.927
1766.133
2160.678
1768.859
1339.98
1509.15
2132.482
1255.706
1642.473
1858.063
1601.499
1697.251
1793.314
2248.045
2029.397
1960.316
691.7943
1789.019
1857.334
1580.381
1781.012
1747.165
2006.302
1323.068
1989.892
1173.612
1276.591
851.4428
1343.636
1885.773
1335.419
1666.74
1618.187
1521.177
1715.473
1683.066
1584.5
1596.757
1617.793
2088.179
2375.596
1666.794
-142.6041
5324.423
1972.037
1436.471
1645.417
1641.133
1529.291
1713.391
5552.508
2100.077
2431.706
-977.8834
862.7786
914.7773
1504.824
1455.349
1518.262
-9463.202
212.6178
1262.206
1505.081
1397.886
3044.39
1698.412
1510.005
1415.089
1274.485
425.678
484.6522
1253.306
1221.111
1446.247
1363.668
1376.517
1215.699
1382.315
1289.067
1298.786
1925.045
1309.786
1460.683
1479.579
1338.885
1427.536
1395.424
1259.679
1080.536
1893.38
1426.447
1352.246
1312.143
489.9248
1425.421
1233.366
1431.866
2375.457
1609.98
1402.401
1168.434
1264.298
2374.685
1267.438
1261.996
1191.555
1435.895
1999.828
1196.25
1101.71
1060.563
1240.594
1446.31
1596.158
1162.955
1500.512
1116.715
942.5849
1417.97
2081.996
1362.399
953.233
1109.061
553.1122
761.6758
841.836
1233.76
-471.6207
931.1238
823.6153
1624.205
1010.846
427.2114
759.5612
1118.549
370.3274
1042.319
1463.863
1160.549
-303.4316
1021.742
-185.6913
891.1834
1724.53
1018.701
999.8517
852.0283
1050.66
1038.768
1537.284
1447.384
1199.867
790.2761
781.6521
857.3108
817.2939
1117.256
364.4298
2094.362
948.7745
974.3416
809.3565
1322.91
1437.182
958.3506
-522.7955
630.1798
985.6018
4059.973
995.5636
3182.144
687.6216
465.3452
1018.707
1005.627
1345.753
7905.005
2478.207
1582.21
687.9153
1074.325
2370.654
1373.147
793.5221
590.422
853.5156
715.224
840.3831
832.7228
940.519
778.8178
1153.028
857.8583
655.8291
874.5668
1439.146
366.2375
1836.335
958.4827
1091.583
1019.694
-77.24331
492.9985
407.8548
902.4943
1731.015
876.5588
644.4194
951.3625
802.2666
585.0793
1147.536
1437.235
1467.953
-536.8505
2286.924
727.8723
457.6207
545.5502
622.9733
925.0344
1310.987
964.5918
783.3769
2538.316
-198.173
733.0453
360.5215
737.3571
677.4271
757.4598
554.0883
555.1606
925.4465
591.1439
506.0114
292.0353
631.8947
878.3548
-885.9734
503.4888
532.2678
738.1427
742.1281
743.9743
-211.7815
467.7373
794.577
227.2063
365.8948
401.8381
773.4046
4382.971
1171.876
95.61784
214.3966
1169.165
2134.647
686.7545
637.0394
3773.38
1244.066
726.9209
597.1545
514.9949
547.8194
1767.042
780.6391
1198.043
522.084
1253.69
568.5312
902.9278
796.268
658.9244
3004.9
890.4257
828.5121
952.3302
620.4356
848.2152
833.3653
459.6626
720.9053
576.3371
-698.7067
448.0968
631.4803
744.0278
716.6516
945.4733
-546.7252
474.2989
4068.934
649.3223
160.165
428.7476
688.1421
559.6285
424.3297
857.8815
332.1799
323.3308
636.2365
608.8486
752.009
341.7342
1047.776
976.3326
1010.384
-322.9817
614.0554
599.2889
776.5184
650.3324
205.1371
1024.383
761.5227
519.1497
343.7719
1081.154
639.2947
577.1921
674.8769
1180.862
593.67
467.2696
143.858
409.8529
1353.099
627.2639
666.5346
-8954.467
-334.844
237.2673
-571.8514
478.83
318.2113
2073.055
817.6642
393.991
771.0795
896.1514
1375.493
-77.91283
696.9186
760.9568
667.443
716.8223
806.4913
698.7987
598.6027
671.9845
454.7313
196.3007
752360.5
93150.81
12009.06
-5435.898
-31.5605
477.4795
512.5725
837.5831
-249.287
672.3495
1559.164
769.7204
740.3673
716.4664
974.1294
793.8732
1160.946
749.7559
1106.682
43.61511
-29751.48
-24640.28
-2130.749
446.0318
1493.869
958.378
779.5703
28797.62
5067.324
1705.298
1021.509
1140.526
1657.448
942.1675
798.7622
861.483
951.0077
865.5382
654.0286
927.1251
858.1296
80.87703
506.7209
-698.1623
842.8856
1301.294
725.4193
1005.381
-4077.795
275.2759
667.8775
639.4539
984.0611
595.4065
986.1004
871.3857
902.4949
784.8191
1551.325
590.3687
867.9244
4013.106
1434.325
1246.661
459.5826
463.9848
1121.37
705.4132
940.1353
1368.699
1162.225
-384.0392
1036.418
1375.869
1025.45
1289.361
-122.4545
-657.1816
877.7917
235.0483
1181.786
1435.887
-2039.452
353.2549
814.8707
1169.187
1302.63
1398.644
1084.865
1217.72
1043.616
2371.917
970.2849
232.9967
807.5926
1320.529
2940.468
1702.713
1299.371
1570.83
817.7631
1212.602
1164.47
1943.767
2522.339
1537.431
994.9126
1351.357
1421.06
1324.588
1398.782
1385.358
1357.696
-1177.741
-298.8025
1229.564
1725.389
1454.386
1181.03
1258.577
1740.062
810.9166
1465.418
1523.096
1515.327
71.5146
1395.014
1363.217
1287.094
1469.087
1424.23
3993.984
1640.148
1446.086
1541.689
1889.025
1621.235
-125154.1
-14554.58
-654.586
1395.01
1331.895
1399.152
1417.497
1617.177
1634.836
1810.069
1485.939
1597.634
-19300.92
-860.2238
1470.13
1443.686
1675.508
1355.532
1340.965
1752.808
1400.094
1620.725
1685.748
1227.7
1208.53
1520.241
1241.143
1460.235
1904.8
1654.835
1609.26
1536.912
1609.535
3436.764
689.6704
1592.545
1718.018
1940.089
2442.807
1653.628
-990.984
1521.615
898.289
-488.6288
1549.698
1410.956
1791.004
1786.904
1647.892
1851.132
1676.297
1888.556
1937.106
1404.318
1759.956
1779.679
2423.078
172.1715
1178.3
2019.881
2872.024
1860.874
1974.869
1943.09
6821.962
1864.156
1692.325
2261.85
2893.168
2104.403
5895.536
2365.492
2228.665
2912.967
1337.114
3471.998
1766.276
2077.681
2309.668
1797.372
2162.601
2218.878
1267.688
2241.521
2091.295
3221.32
2171.131
2228.342
-1065.904
1440.482
2296.552
2124.096
2051.98
2122.529
2531.154
2316.598
2197.963
2210.223
2825.198
2320.791
4895.566
2426.284
1793.414
2896.801
2296.703
2299.355
2340.901
2260.324
2487.839
2156.212
2434.014
1877.921
2402.75
2735.298
2124.651
-15381.35
-522.3222
2026.643
2055.405
2062.264
2029.105
1335.881
2775.362
2290.07
2451.547
2290.791
2462.428
2361.023
2143.884
2615.539
2777.141
2373.184
2402.89
4330.568
2575.093
1943.365
2108.78
3511.1
2787.207
1580.078
2231.174
2372.628
2612.57
2290.278
2122.283
2267.914
1737.188
1659.442
2407.998
10053.79
2833.605
3082.474
2875.149
2019.878
2343.834
3384.499
2535.491
2255.183
2541.63
2825.502
2492.074
2418.138
2658.934
2605.675
2481.086
8615.034
2810.198
2453.495
2047.421
2619.805
2631.556
2774.013
2547.072
2590.889
2336.938
2570.527
2602.953
3011.411
2128.362
1771.858
2656.117
2361.181
2749.683
3105.203
2504.582
2827.564
3010.671
2404.33
2559.895
3721.831
2921.204
2196.329
2157.668
2735.258
2756.905
1427.648
2623.484
2488.229
2037.84
2610.183
2651.369
2945.11
2421.476
3369.553
1776.693
1395.884
2809.23
1500.912
2246.594
2466.017
2557.685
2624.934
4444.181
2778.542
2586.616
2873.355
3103.306
2862.024
2588.532
468.9584
2897.098
2798.264
3901.77
2946.87
3418.625
2533.759
1237.403
2932.964
3397.436
2995.564
2483.66
3483.466
2277.137
2771.053
3459.672
2688.568
3152.437
3644.982
2668.51
2939.327
2613.118
-11307.84
1445.662
2580.527
2129.834
2645.489
34351.06
6386.211
3134.915
3218.715
2719.498
2856.051
2490.141
2699.687
2845.11
2694.037
2109.451
2198.773
3119.522
2557.235
4344.344
2828.826
2780.56
3280.471
2798.164
2713.867
2792.732
2668.181
2599.399
2461.693
4574.467
2688.625
2994.203
-260.571
2246.706
2600.174
2834.46
2705.126
2956.222
2767.77
2440.991
4095.688
2720.887
2579.374
772.4394
697.2959
2406.151
2522.771
2488.349
2427.878
3183.36
1678.845
2570.128
2771.784
2769.634
2392.126
2394.744
2623.832
11094.42
3696.091
2735.783
2650.412
4480.064
819.5773
2474.496
2541.277
3008.953
2617.831
3645.693
2807.4
2799.855
2463.643
2316.126
-2053.563
2201.314
2207.868
2568.568
3008.266
2657.95
2753.488
3885.482
2905.54
2191.731
-6800.369
1271.843
3054.742
2113.372
2386.815
2700.437
2509.02
2354.361
2402.71
2459.351
-2064.135
1855.675
1984.648
2318.292
1626.335
2209.774
2749.302
-9161.718
1471.763
2558.534
2548.012
2088.966
2519.485
6199.408
3230.117
2663.817
3398.487
2806.47
2683.736
2895.538
2883.267
2531.433
2306.331
2402.093
2008.396
2113.944
2189.041
2234.77
2481.816
2437.558
2321.423
2546.233
3033.99
2594.549
2074.903
2113.186
4372.453
2534.29
2329.169
3611.485
2282.609
2339.034
2253.921
2197.301
2115.027
2201.132
2414.167
2250.2
2148.727
2079.692
1621.063
2847.524
2350.662
2221.787
2440.688
2608.505
3031.65
6987.382
3782.955
2488.045
2147.783
1061.687
2016.462
2008.791
2539.683
1909.827
2262.473
2228.447
2164.668
1955.362
1690.261
2486.618
2147.044
1252.4
1303.835
2124.558
2290.052
2131.051
1965.718
1736.796
2165.005
2177.913
1807.649
1217.334
1904.662
2057.518
2201.827
2011.593
2316.711
2841.509
4165.77
2078.22
3235.791
2515.891
2026.962
2102.665
1991.654
2051.406
2033.703
1941.008
2123.852
2147.926
1438.625
1727.053
2079.133
1957.13
2228.589
1821.395
1657.581
803.0672
1501.125
1847.876
2043.849
2072.926
1746.692
1659.589
1663.73
3165.538
2105.406
2218.189
-788.2967
1462.948
2007.6
1786.209
1995.538
2008.636
1845.568
1454.502
1651.236
-1009.72
1218.444
2894.696
2724.411
1874.604
2470.065
1041.57
1289.188
1500.864
1327.674
1841.063
3816.556
2977.124
1984.543
1325.647
1757.221
2302.743
1457.761
1919.054
1086.444
992.638
1624.139
1967.994
1951.925
1235.377
1437.398
26027.71
3693.274
3111.119
1944.519
1714.016
1453.488
-9463.426
-139.5589
1248.061
1494.666
2058.595
1789.698
1553.728
1613.714
1292.512
1716.25
1534.166
1608.405
1820.584
1645.611
1566.083
1674.358
2131.19
1669.992
1546.511
1674.159
1714.286
1614.301
1477.155
2026.668
-535.2537
