103.9229
104.584
114.517
132.0744
143.1614
148.2489
160.873
-40.78835
145.6643
179.8136
194.5341
209.4623
212.0075
230.5098
237.0468
155.4382
256.3019
263.94
268.976
275.9664
290.0414
292.4927
300.8865
324.1783
302.0728
342.5369
341.635
337.099
454.9842
395.1775
375.2188
367.9981
385.494
398.9064
409.4772
416.7849
428.8346
505.6679
469.8412
253.571
415.1006
435.2111
454.8691
457.562
468.1764
494.375
499.9228
516.3685
515.5058
521.7121
525.73
518.1304
522.2756
543.6786
524.0335
592.9036
642.5616
590.3746
573.2186
588.0817
589.2979
560.0999
590.2402
651.4672
619.3484
626.1071
646.3519
650.5231
636.0841
636.7217
664.2883
670.0366
661.7045
608.7778
657.4003
652.2531
667.5271
689.4266
682.1194
689.9549
757.4676
715.3617
714.0186
740.6283
712.986
725.5181
693.1888
705.4621
727.3939
730.5251
730.2355
723.5785
736.2002
735.005
763.4236
794.2717
756.5919
713.6535
747.8552
756.8809
753.4391
773.2891
754.5154
755.4044
789.422
779.7323
768.794
778.4416
759.7548
765.3008
768.3884
772.9044
784.3655
768.5836
769.3078
767.8932
889.5613
796.738
789.7814
775.0512
817.1365
777.4927
764.2772
763.6932
765.6067
763.5918
752.52
752.165
788.8157
757.7179
748.008
751.2597
757.1834
732.9391
738.2975
747.5118
781.9559
782.6915
743.3532
738.2438
721.2948
725.982
789.6584
738.4257
723.8465
642.0074
702.0743
658.786
-1715.252
250.3198
611.154
802.3705
705.36
690.4931
682.0729
671.5981
650.4359
663.7258
670.4375
656.4355
663.1536
644.9619
640.4607
625.9742
614.6495
569.6785
607.1907
604.0512
598.5651
593.3644
577.6168
606.8883
583.6107
578.7188
550.2634
554.8056
495.8947
538.0858
526.8821
512.4796
514.2706
526.4062
523.2113
501.2245
493.6229
2464.841
869.9768
532.4472
456.0989
438.9776
445.4399
420.3012
413.0817
458.8574
491.6166
416.555
394.9847
377.2741
361.8521
363.4357
358.0026
392.354
345.9787
322.126
319.8578
287.6942
293.632
279.0399
267.1646
274.4988
257.8089
252.842
227.8716
220.2011
207.7196
231.9431
178.28
181.8594
176.6238
150.2196
148.7159
183.7313
242.8042
133.7618
124.3666
823.3882
204.1557
102.7988
58.27828
35.58281
49.16097
22.05179
10.45849
8.778231
-5.674995
-35.2258
-35.62605
-40.8943
-27.95504
-59.87691
-65.37412
-52.06631
-102.3108
-116.2062
-129.4644
-155.1527
-134.8228
-164.7377
-174.9937
-189.6136
-142.6016
-202.3792
-221.0041
-235.5604
-210.1306
-392.0725
-300.7491
-315.5042
-330.8642
-312.4283
-320.026
-343.056
-348.2538
-383.5906
-387.5718
-389.5272
-225.8201
-372.2827
-405.52
-426.9389
-429.0108
-453.649
-457.8508
-421.5384
-484.1226
-494.5454
-511.9191
-514.1956
-534.7507
-548.28
-570.2518
-577.233
-576.1695
-607.3433
-603.2843
-700.3846
-655.9141
-651.1224
-626.8571
-692.2258
-676.9611
-692.238
-699.4466
-724.6222
-746.1778
-769.3526
-747.7667
-764.8757
-756.7437
-742.3345
-789.6668
-830.9099
-827.972
-846.3065
-854.4861
-850.0911
-860.9399
-876.8793
-838.617
-1063.628
-928.0866
-918.8375
-936.7284
-897.1745
-937.0127
-960.9791
-971.7391
-862.6471
-974.6843
-1106.43
-1030.35
-1033.578
-1031.469
-1064.383
-1070.419
-1067.427
-1241.061
-1121.237
-1108.4
-1117.629
-1114.682
-1134.555
-1135.338
-1143.909
4366678
806890.2
148331.5
26465.65
3854.952
-261.9468
-1016.816
-1177.535
-1216.636
-1239.107
-1184.81
-1224.977
-1243.787
-1256.206
-1267.649
-1282.273
-1276.255
-1286.365
-1390.98
-1317.8
-1292.681
-1329.368
-1330.451
-1339.407
-1369.229
-1383.351
-1377.62
-1357.851
-1366.115
-1430.279
-1382.894
-1387.41
-1444.118
-1405.832
-1404.246
-1417.239
-1439.245
-1415.014
-1418.781
-1453.208
-1432.248
-1434.805
-1439.968
-1437.404
-1446.794
-1452.695
-1464.397
-1464.244
-1461.734
-1470.94
-1477.526
-1494
-1455.502
-1493.982
-1479.214
-1510.304
-1503.903
-1503.32
-1433.731
-1486.34
-1510.936
-1487.51
-1350.749
-1493.489
-1517.968
-1508.658
-1517.813
-1530.655
-1524.714
-1538.797
-1532.557
-1505.688
-1493.458
-1607.65
-1542.579
-1540.687
-2060.121
-1631.225
-1562.722
-1542.234
-1487.852
-1513.497
-1517.121
-1540.883
-1534.94
-1517.052
-1482.106
-1519.771
-1510.24
-1516.145
-1515.826
-1528.129
-1518.413
-1517.558
-1509.69
-1516.804
-1510.407
-1520.749
-1508.781
-1533.003
-1511.364
-1498.876
-1480.776
-1527.476
-1501.581
-1534.539
-1495.343
-1490.374
-1494.931
-1480.284
-1430.355
-1467.315
-1241.017
-1421.967
-1431.342
-1459.303
-1456.28
-1449.59
-1472.801
-1430.309
-1443.699
-1439.31
-1436.531
-1539.28
-1442.035
-1447.844
-1422.152
-1432.88
-1402.756
-1380.118
-1377.193
-1390.259
-1375.131
-1383.48
-1360.798
-1355.953
-1348.931
-1352.927
-1365.962
-1240.181
-1304.628
-1246.981
-1311.671
-1352.984
-1284.072
-1300.845
-1324.366
-1281.821
-1249.679
-1263.537
-1245.968
-1248.05
-1241.178
-1235.582
-1218.055
-1283.635
-1223.82
-1242.87
-1205.081
-1209.933
-1183.679
-1142.441
-1165.851
-1157.128
-1142.325
-1163.277
-1143.465
-1120.589
-1073.579
-1103.02
-1095.993
-1094.494
-1088.515
-1078.745
-1054.237
-1058.968
-1046.693
-845.5433
-988.0754
-1020.587
-1014.04
-1009.056
-1002.193
-990.0983
-993.0728
-969.8739
-965.4438
-946.8839
-960.7555
-931.2444
-919.0385
-1083.331
-938.6526
-904.2515
-897.2039
-879.2024
-863.2094
-858.6692
-848.2487
-831.7456
-826.1295
-777.0133
-792.8914
-795.1344
-785.1477
-386.7498
-700.5741
-754.0428
-752.0643
-747.8651
-734.7398
-729.9279
-733.0573
-640.996
-626.2909
-677.6226
-277.3507
-601.4351
-653.6642
-648.8431
-676.8
-645.4813
-665.3629
-614.5954
-589.8051
-592.6604
-546.1533
-566.2238
-569.3084
-351.7477
-508.0251
-605.905
-1201.957
-654.748
-562.4082
-550.3571
-515.5367
-523.4648
-489.8551
-470.4789
-465.158
-528.9979
-468.7043
-412.4978
-426.4522
-419.9896
-456.2287
-416.355
-410.3966
-385.1401
-562.9899
-423.9684
-377.4228
-368.1771
-338.8924
-300.5003
-327.7209
-324.8133
-324.0621
-307.2563
-304.8825
-302.9464
-313.8651
-289.5715
-251.7478
-271.0418
-375.7298
-284.5242
-262.8043
-250.5545
-239.6881
-212.7529
-231.2586
-216.2716
-202.9176
-204.6612
-171.0915
-190.1849
-177.5076
-200.9455
-188.3618
-198.2448
-170.8525
-166.0863
-83.85846
-135.6158
-129.0169
-159.1969
-136.0702
-124.5853
-138.3098
-122.1304
-36.7991
-104.7847
-102.8324
-101.1107
-90.17105
-101.2331
-92.70164
-89.9907
-85.99772
-76.78424
-66.92855
-76.84293
-72.52601
-1.003902
-54.7916
-59.33696
-55.49676
-54.10499
-48.46163
-8.115953
-28.06719
186.8083
1.936203
-63.17026
-38.03574
-40.73729
-28.24579
-18.61053
-44.50122
-23.37895
-89.06661
-33.29649
-41.32392
-228.9968
-48.59317
-20.93077
-3.551428
-22.08465
-24.6891
-3.162959
-59.55235
-22.29292
26.13842
-22.35031
-20.28308
-27.92466
-28.27243
-23.85386
-27.58998
-9.754179
-22.37708
-28.79529
-30.10087
-33.28513
-35.65118
470.4341
54.5533
-40.71245
108.2253
-131.978
-59.65924
-55.58984
-58.59998
-52.67625
-43.67323
-49.72331
-65.73481
-49.97647
-71.19596
-47.10459
-6.836166
-74.00588
-204.4894
-108.7947
-488.9173
-162.741
-111.0528
155.205
372.9295
-29.29529
-104.3511
-112.1496
-125.0187
-124.3475
-135.9161
-139.7965
-157.8865
-160.8198
-155.067
-169.8028
-184.4921
-330.5343
-212.4183
-199.8082
-191.5252
-206.9919
-211.4794
-212.7113
-209.8995
-226.3497
-246.3299
-221.4588
-251.9501
-259.9908
-266.0214
-266.9036
-307.232
-291.6623
-314.4828
-309.8478
-317.7966
-302.9467
-327.0906
-337.5195
-450.5132
-384.7437
-367.6789
-376.201
-384.3545
-381.2145
-398.7818
-415.3891
-418.3781
-437.5218
-437.2033
-447.5077
-450.6879
-449.8004
-470.7586
-481.4934
-491.0059
-511.1135
-517.7914
-520.5234
-528.9986
-508.6464
-539.8047
-569.6911
-573.0716
-584.7751
-604.3836
-604.0661
-612.5882
-344.8064
-607.2703
-654.5995
-660.3859
-703.8142
-684.1599
-705.3931
-710.0609
-721.5405
-790.8799
-749.2821
-747.9422
-756.0769
-782.6638
-795.0477
-764.9206
-808.1646
-808.1788
-836.708
-846.038
-844.8935
-889.6667
-889.0651
-897.5282
-892.0444
-941.6258
-938.1768
-952.5618
-954.3338
-1002.677
-1038.186
-1002.6
-989.2506
-1018.539
-1027.97
-1040.819
-1202.265
-1090.174
-1059.211
-1089.723
-1097.586
-1107.133
-914.042
-1112.236
-1143.807
-1162.83
-1170.805
-1179.106
-1200.347
-1204.908
-1231.231
-1173.249
-1235.033
-1260.163
-1143.064
-1260.894
-1284.558
-1314.516
-1321.269
-1353.063
-1339.854
-1449.806
-1323.601
-1364.906
-1392.71
-1396.683
-1420.848
-1440.528
-1444.816
-1451.735
-1672.65
-1521.354
-1495.163
-1499.17
-1510.285
-1538.996
-1522.023
-1553.43
-1307.005
-1524.051
-1568.973
-1567.977
-1592.05
-1603.597
-1658.398
-1671.098
-1649.977
-1658.354
-1634.98
-1669.355
-1762.288
-1718.599
-1707.834
-1760.034
-1746.716
-1761.567
-1760.081
-1848.668
-1783.779
-1793.704
-1802.216
-1805.671
-1814.672
-1831.1
-1846.582
-1868.226
-1857.302
-1894.819
-1787.946
-1872.249
-1884.811
-1893.523
-1898.033
-1910.165
-1940.24
-1938.361
-1946.168
-1935.913
-1959.566
-1883.503
-1970.072
-1983.019
-1994.914
-2014.69
-2017.655
-2026.667
-2036.37
-2026.78
-2035.829
-2048.953
-2076.355
-2076.369
-2076.278
-2083.47
-2085.376
-2109.435
-2109.179
-2111.577
-2116.407
-2140.682
-2135.328
-2139.086
-2147.809
-2136.184
-2159.84
-2163.07
-2173.659
-2185.482
-1062.431
-1982.811
-2163.351
-1917.546
-2155.05
-2210.321
-2196.715
-2216.637
-2223.807
-2222.523
-2242.195
-2240.652
-2502.572
-2248.165
-2255.9
-2327.39
-2589.541
-2315.604
-2273.925
-2013.132
-2230.113
-2326.269
-2290.565
-2139.796
-2334.026
-2282.091
-2293.782
-2297.968
-2305.626
-2354.316
-2318.246
-2325.745
-2312.898
-2308.28
-2307.234
-2308.344
-2350.027
-2314.973
-2334.306
-2314.885
-2317.577
-2328.41
-2322.196
-2323.912
-2298.626
-2312.187
-2327.502
-2344.807
-2324.721
-2321.609
-2306.843
-2321.598
-2324.252
-2341.536
-2321.416
-2310.401
-2306.32
-2320.255
-2308.6
-2324.595
-2301.653
-2340.66
-2309.402
-2301.192
-2273.742
-2295.218
-2291.497
-2286.818
-2298.904
-2299.331
-2287.848
-2287.192
-2277.915
-2279.476
-2281.383
-2279.428
-2243.457
-2272.438
-2257.957
-2260.034
-2230.375
-2225.282
-2292.344
-2247.328
-2233.714
-2225.294
-2280.072
-2236.289
-2224.002
-2213.777
-2213.05
-2209.724
-2188.432
-2179.301
-2191.62
-2190.725
-2184.49
-2223.97
-2181.928
-2171.751
-2141.711
-2206.211
-2159.304
-2142.832
-2132.364
-2129.261
-2121.372
-2113.862
-2070.823
-2096.963
-2096.763
-2107.449
-2068.461
-2098.873
-2080.879
-2075.321
-2092.479
-1978.521
-2032.193
-2015.376
-377.6962
-1655.558
-1908.863
-1991.125
-1951.956
-1982.088
-1978.717
-2012.945
-1704.159
-1909.716
-1860.802
-1895.826
-1919.262
-1913.628
-1922.116
-1908.715
-1907.021
-1886.757
-1871.447
-1862.295
-1870.928
-1862.711
-1849.384
-1855.779
-1826.603
-1745.94
-1793.621
-1831.551
-1792.326
-1785.803
-1909.476
-1790.37
-1654.131
-1736.898
-1706.233
-1719.56
-1720.208
-1704.913
-1709.709
-1698.442
-1690.205
-1653.426
-1663.579
-1609.881
-1631.041
-1628.025
-1622.03
-1682.66
-1611.365
-1586.089
-1520.836
-1567.148
-1573.852
-1594.771
-1557.325
-1548.828
-1541.919
-1479.105
-1527.694
-1512.714
-1523.448
-1482.806
-1470.275
-1482.347
-1463.409
-1453.219
-1490.432
-1437.579
-1421.985
-1413.694
-1527.097
-1414.153
-1382.772
-1369.509
-1305.591
-1340.757
-1349.2
-1344.08
-1336.17
-1326.959
-1314.122
-1348.452
-1307.979
-1260.99
-1280.233
-1224.816
-1256.951
-1265.628
-1235.206
-1280.852
-1241.019
-1225.345
-1205.575
-1229.487
-1190.935
-1189.093
-1195.155
-1168.318
-1157.547
-1154.639
-1140.831
-1180.241
-1141.397
-1109.218
-1107.69
-1115.09
-1108.983
-1099.703
-1084.017
-1082.3
-1077.206
-885.553
-1029.597
-1051.508
-1062.142
-1003.574
-1004.438
-1015.674
-1026.42
-1025.863
-1005.91
-1013.731
-994.861
-1057.784
-993.3524
-977.3898
-969.876
-963.3594
-961.4858
-934.9677
-944.7407
-967.4074
-970.9587
-842.6945
-907.2435
-921.0435
-918.8586
-903.2537
-903.1532
-878.1726
-899.8778
-971.5108
-886.9197
-858.6929
-882.2943
-875.2521
-872.2723
-901.73
-911.321
-863.5202
-921.6394
-864.9404
-854.514
-855.3226
-848.7747
-847.884
-833.6615
-835.1196
-811.3875
-826.7464
-825.8778
-629.6891
-791.3154
-821.3609
-933.0668
-830.0649
-816.0952
-822.6697
-817.9588
-826.1619
-839.0629
-815.3792
-816.3066
-815.3655
-808.3431
-793.8595
-870.7451
-821.1854
-813.873
-852.9497
-818.1894
-793.81
-812.2955
-811.6934
-836.3098
-814.3721
-816.2587
-816.5211
-869.7253
-840.5545
-837.6461
-891.0803
-838.6098
-817.4838
-857.6285
-713.2527
-829.2145
-811.0209
-824.3063
-829.6465
-844.6617
-834.8931
-835.5218
-848.0213
-842.8805
-842.5703
-1059.17
-890.047
-866.1847
-803.9599
-859.6122
-878.3903
-846.6836
-881.7227
-889.228
-898.33
-896.309
-900.3176
-892.6489
-918.2075
-912.9935
-932.464
-927.3359
-927.0512
-916.1274
-939.7433
-953.4708
-947.1332
-956.584
-963.9835
-961.4151
-978.9889
-985.4428
-918.8969
-982.5521
-1012.991
-1010.264
-983.9595
-1023.261
-1009.18
-1042.995
-1067.65
-1103.732
-1069.992
-1079.096
-1042.426
-1093.274
-1095.391
-1101.968
-1107.565
-1081.386
-1113.633
-1138.917
-1132.446
-1145.921
-1160.956
-1126.853
-1182.413
-1188.449
-1353.667
-1234.19
-1220.428
-1236.59
-1221.528
-1224.38
-1235.21
-1251.239
-1260.194
-1274.547
-1282.754
-1286.597
-1315.84
-1325.339
-1361.626
-1346.351
-1350.274
-1345.37
-1374.118
-1378.674
-1381.621
-1398.723
-1397.673
-1426.075
-1432.538
-1442.629
-1450.387
-1455.082
-1477.892
-1478.406
-1489.111
-1497.168
-1509.106
-1544.081
-1549.246
-1547.883
-1560.395
-1579.474
-1588.57
-1599.413
-1631.051
-1638.519
-1643.595
-1379.647
-1594.325
-1647.981
-1679.694
-1706.589
-1713.209
-1700.672
-1714.664
-1763.059
-1759.816
-1769.941
-1778.321
-1791.754
-1802.891
-1800.552
-1844.565
-1837.816
-1851.875
-1860.686
-1875.066
-1850.141
-1898.027
-1911.426
-1719.773
-1897.44
-1953.681
-1952.556
-1981.036
-1987.486
-1990.469
-2007.658
-2020.2
-2029.607
-2042.485
-2066.281
-2097.536
-2057.309
-2090.155
-2089.084
-2103.684
-2125.084
-2141.301
-2145.939
-2178.642
-2192.052
-2128.507
-2176.953
-2204.788
-2196.609
-2240.598
-2235.312
-2254.065
-2283.761
-2210.405
-2285.159
-2313.015
-2324.756
-2330.091
-2347.362
-2357.42
-2363.639
-2441.87
-2401.005
-2411.541
-2419.974
-2417.504
-2432.85
-2441.232
-2457.481
-2450.375
-2475.602
-2436.199
-2495.943
-2508.475
-2513.638
-2538.576
-2502.544
-2555.999
-2550.433
-2578.107
-1943.327
-2513.005
-2599.247
-2612.162
-2626.726
-2638.1
-2643.496
-2662.966
-2655.491
-2689.511
-2678.048
-2700.135
-2698.569
-2707.352
-2742.42
-2706.895
-2720.951
-2736.445
-2663.224
-2749.743
-2775.291
-2780.265
-2784.043
-2866.983
-2820.064
-12918.32
-4721.489
-3198.924
-2876.688
-2829.62
-2831.63
-2876.326
-2869.567
-2894.425
-2912.061
-2892.784
-2903.962
-2910.721
-2912.303
-2921.036
-2937.667
-2932.768
-2937.14
-2942.781
-2918.777
-2953.569
-2958.028
-2962.311
-2982.119
-2959.681
-3008.265
-2994.581
-2980.564
-2994.276
-3007.036
-3003.901
-3013.262
-3022.841
-3023.456
-3030.861
-3502.954
-3126.372
-3037.061
-3043.38
-3044.748
-3062.312
-3065.645
-3064.817
-3093.438
-3083.35
-3066.65
-3081.859
-3074.439
-3074.051
-3084.671
-3139.757
-3105.45
-3088.913
-3090.157
-3090.469
-3114.411
-3118.613
-3087.579
-3103.205
-3100.246
-3096.412
-3134.078
-3112.55
-3101.504
-3054.57
-3296.086
-3153.368
-3117.772
-3126.285
-3024.175
-3143.657
-3127.521
-3102.713
-3105.654
-3197.733
-3125.418
-10441.98
-4465.718
-3372.309
-3163.366
-3118.278
-3094.469
-684.2348
-2657.123
-3021.111
-3081.532
-3093.254
-3088.414
-3052.719
-3091.653
-3088.544
-3054.098
-3112.824
-3096.566
-3072.231
-3262.211
-3102.654
-3027.358
-3070.329
-3029.893
-3045.618
-3073.122
-3057.597
-3069.486
-3051.835
-3034.793
-3040.058
-2997.298
-3013.949
-3015.406
-3016.979
-3014.724
-3012.164
-3001.687
-2988.071
-2993.179
-3001.867
-2999.197
-2985.206
-2965.88
-2959.455
-2965.404
-2964.439
-2981.949
-2947.933
-2938.15
-2934.781
-2922.035
-2917.919
-2918.037
-2903.631
-2907.034
-2892.903
-2888.75
-2901.555
-2869.408
-2867.194
-2759.195
-2849.669
-2842.542
-2835.633
-2831.295
-2846.349
-2787.825
-2792.905
-2740.73
-2682.078
-2769.931
-2743.315
-2822.622
-2806.21
-2758.593
-2779.819
-2738.958
-2790.826
-2725.41
-2692.378
-2693.559
-2686.093
-2678.487
-2699.794
-2675.102
-2717.867
-2650.05
-2649.176
-2635.567
-2628.158
-2630.444
-2605.869
-2575.671
-2612.606
-2594.285
-2559.846
-2569.178
-2559.864
-2557.349
-2491.198
-2525.363
-2513.14
-2495.436
-2498.752
-2492.571
-2491.217
-2428.129
-2465.419
-2446.038
-2449.414
-2436.659
-2432.609
-2419.414
-2408.627
-2471.569
-2404.685
-2397.225
-2374.757
-2366.169
-2348.959
-2337.127
-2340.526
-2359.648
-2339.037
-2324.078
-2305.422
-2270.381
-2279.693
-2270.534
-2249.664
-2238.934
-2238.696
-2220.552
-2213.017
-2238.335
-2209.612
-2127.356
-2153.913
-2178.098
-2157.034
-2177.056
-2149.242
-2145.678
-2159.425
-2052.835
-2096.528
-2135.942
-2108.981
-2091.437
-2085.12
-2074.339
-2215.653
-2070.226
-2044.852
-2032.408
-2022.947
-2011.498
-2006.968
-1982.247
-1997.059
-1786.937
-1924.863
-1976.75
-1968.905
-1954.418
-1944.215
-1932.285
-1936.152
-1889.457
-1918.089
-1905.306
-1905.079
-1892.864
-1914.712
-1875.86
-1692.32
-1837.157
-1825.61
-1932.168
-1857.173
-1824.426
-1823.169
-1829.539
-1822.76
-1826.09
-1803.134
-1770.392
-1807.134
-1776.925
-1770.607
-1767.861
-1757.314
-1767.44
-1790.269
-1697.472
-1727.932
-1735.891
-1705.054
-1762.988
-1733.839
-1710.313
-1732.155
-1705.511
-2548.207
-1823.143
-1725.408
-1698.572
-1676.93
-1854.32
-1713.419
-1685.189
-1633.655
-1659.315
-1658.793
-1673.664
-1648.422
-1644.371
-1650.43
-1637.546
-1638.655
-1611.371
-1624.826
-1633.44
-1647.029
-1622.491
-1629.525
-1598.071
-1610.935
-1621.151
-1623.694
-1604.494
-1606.613
-1569.304
-1599.938
-1630.602
-1641.615
-1606.616
-1585.654
-1608.372
-1597.624
-1586.185
-1611.616
-1627.454
-1604.811
-1602.623
-1562.399
-1594.192
-1595.388
-1603.427
-1683.913
-1609.604
-1626.041
-1756.042
-1627.478
-1599.724
-1605.711
-1603.535
-1620.387
-1612.296
-1625.236
-1620.714
-1626.225
-1626.173
-1645.057
-1618.795
-1648.008
-1626.332
-1014.92
-1534.381
-1601.603
-1632.168
2803.788
-833.6131
-1482.307
-1621.783
-1645.019
-1646.938
-1658.486
-1670.858
-1661.438
-1671.682
-1721.246
-1688.136
-1697.738
-1698.591
-1698.42
-1740.841
-1715.004
-1708.255
-1718.704
-1730.583
-1756.737
-1749.028
-1732.111
-1733.201
-1743.24
-1765.167
-1764.228
-1771.424
-1776.116
-1795.258
-1795.102
-1803.274
-1811.146
-1794.052
-1828.363
-1835.632
-1835.85
-1818.096
-1837.312
-1860.164
-1869.565
-1882.514
-1872.731
-1883.781
-1905.297
-1980.776
-1937.898
-1892.946
-1931.649
-1902.097
-1935.583
-1950.852
-1959.802
-1998.192
-2024.867
-1995.878
-1996.263
-2022.871
-2049.824
-2021.643
-2029.768
-2040.583
-2070.749
-2082.993
-2091.472
-2090.016
-2079.811
-2104.416
-2116.735
-2143.478
-2135.974
-2144.439
-2121.698
-2163.328
-2184.481
-2190.871
-2192.94
-2198.094
-2214.224
-2224.111
-2240.574
-2266.467
-2265.324
-2281.914
-2292.408
-2319.107
-2311.844
-2313.505
-2331.82
-2325.31
-2342.068
-2363.726
-2407.933
-2400.093
-2415.26
-2421.81
-2429.059
-2459.794
-2443.096
-2452.728
-2468.348
-2478.946
-2528.678
-2511.914
-2535.866
-2539.307
-2543.219
-2548.984
-2576.254
-2578.108
-2030.013
-2473.243
-2593.355
-2636.997
-2636.192
-2657.574
-2675.352
-2691.426
-2699.229
-2692.116
-2816.197
-2730.697
-2741.817
-2746.339
-2761.235
-2782.319
-2780.057
-2789.941
-2822.143
-2863.84
-2851.685
-2849.675
-2825.642
-2871.394
-2888.884
-2896.685
-2917.182
-2920.06
-2931.682
-2973.982
-2961.14
-2980.732
-2957.17
-2992.929
-2934.247
-3002.7
-3026.609
-3197.045
-3091.544
-3075.827
-3076.056
-3091.15
-3116.492
-3119.818
-3114.328
-3125.497
-3146.364
-3157.258
-3157.909
-3166.472
-3169.502
-3183.166
-3211.797
-3209.246
-3244.878
-3248.334
-3276.608
-3279.65
-3286.878
-3293.903
-3303.658
-3310.096
-3400.251
-3345.103
-3335.395
-3354.406
-3359.64
-3288.82
-3362.343
-3385.831
-3400.766
-3464.841
-3431.036
-3412.385
-3444.545
-3456.027
-3465.76
-3497.553
-3480.012
-3491.026
-3495.881
-3513.761
-3523.925
-3486.818
-3523.166
-3548.71
-3566.738
-3562.343
-3596.779
-3555.69
-3618.123
-3805.244
-3632.059
-3690.748
-3749.53
-3244.292
-3461.147
-3630.466
-3634.711
-3610.438
-3595.544
-3692.398
-2814.61
-3521.051
-3685.617
-3690.609
-3701.455
-3710.382
-3719.383
-3725.283
-3827.416
-3753.347
-3733.798
-3743.276
-3771.16
-3711.612
-3758.689
-3743.904
-3770.516
-3813.252
-3788.624
-3804.378
-3813.23
-3808.414
-3816.422
-4053.924
-3864.346
-3842.984
-3834
-3822.414
-3821.295
-3836.205
-3839.199
-3880.172
-3866.936
-3860.744
-3836.785
-3863.001
-3861.363
-3877.407
-3873.306
-3874.651
-3913.235
-3836.067
-3870.545
-3886.23
-3883.699
-3850.548
-3878.261
-3888.187
-3880.71
-3882.881
-3864.394
-3893.279
-3894.871
-3892.546
-3895.518
-3897.939
-3893.142
-3905.942
-3908.514
-3894.035
-3911.847
-3909.251
-3855.017
-3897.134
-3897.333
-3864.517
-3890.77
-3886.91
-3893.355
-3889.131
-7385.911
-4540.722
-4013.452
-3830.729
-3859.468
-3886.417
-3895.185
-3850.821
-3874.705
-3888.612
-3878.122
-3894.318
-3873.103
-3873.103
-3855.539
-3860.667
-3866.612
-3863.154
-3858.395
-3829.687
-3854.68
-3867.499
-3826.839
-3829.701
-3825.045
-3821.256
-3768.782
-3802.863
-3803.48
-3815.052
-3806.291
-3807.104
-3796.924
-3789.629
-3750.915
-3760.993
-3772.945
-3770.661
-3734.087
-3764.808
-3767.262
-3750.997
-3738.712
-3745.56
-3735.208
-3737.759
-3728.039
-3708.409
-3716.979
-3683.771
-3697.295
-3683.77
-3688.628
-3683.717
-3673.895
-3639.22
-3634.731
-3644.519
-3641.043
-3641.403
-3632.78
-3619.311
-3575.804
-3601.259
-3591.877
-4436.622
-3735.068
-3610.489
-3560.007
-3576.624
-3553.766
-3534.421
-3533.793
-3523.247
-3522.325
-3474.325
-3497.347
-5530.657
-3862.295
-3537.617
-3475.698
-3493.1
-3493.906
-3449.404
-3392.853
-3437.222
-3409.288
-3407.868
-3393.396
-3337.293
-3374.2
-3371.256
-3366.265
-3353.622
-3351.339
-3333.108
-3315.947
-3242.842
-3294.769
-3271.392
-3275.953
-3285.257
-3283.469
-3257.337
-3244.079
-3239.13
-3238.582
-3223.102
-3255.249
-3215.73
-3192.797
-3192.123
-3180.431
-3170.808
-3171.131
-3153.009
-3146.334
-3130.457
-3116.887
-3302.892
-3143.017
-3101.583
-3079.296
-3059.459
-3074.367
-3057.519
-3005.464
-3030.793
-3018.375
-3008.172
-3033.128
-3071.86
-3000.694
-3007.943
-3167.708
-2992.348
-2959.304
-2947.869
-2906.92
-2469.284
-2846.191
-2900.061
-2904.527
-2786.448
-2866.75
-2896.27
-2856.313
-2855.262
-2821.386
-2940.572
-2852.083
-2807.817
-2815.079
-2807.269
-2797.128
-2778.499
-2772.125
-2777.946
-2766.313
-2755.841
-2754.901
-2745.975
-2731.088
-2727.363
-2720.429
-2721.78
-2697.026
-2658.377
-2712.754
-2690.342
-2669.604
-2656.851
-2656.951
-2617.729
-2634.67
-2670.211
-2649.585
-2633.404
-2601.321
-2601.735
-2591.459
-2588.726
-2597.424
-2594.117
-2578.87
-2587.543
-2582.672
-2569.442
-2550.687
-2542.003
-2595.185
-2549.701
-2538.56
-2530.132
-2518.554
-2505.612
-2500.362
-2506.059
-2483.491
-2488.527
-2496.345
-2271.185
-2436.615
-2465.027
-2468.813
-2459.959
-2462.188
-2458.761
-2453.986
-2457.49
-2448.17
-2442.256
-2444.312
-2427.726
-1842.313
-2315.802
-2593.334
-2454.977
-2427.979
-2467.268
-2422.892
-2415.036
-2416.541
-2404.807
-2404.22
-2397.871
-2402.95
-2399.773
-2384.682
-2383.655
-2394.905
-2354.077
-2403.701
-2383.32
-2407.928
-2368.288
-2358.032
-2413.942
-2397.134
-2389.578
-2425.896
-2396.053
-2391.775
-2446.398
-2404.747
-2382.726
-2449.917
-2606.896
-2424.026
-2397.281
-2393.133
-2349.698
-2354.316
-2390.392
-2376.505
-2415.557
-2403.692
-2405.511
-2396.064
-2411.486
-2404.818
-2409.755
-2418.383
-2479.725
-2370.556
-2405.736
-2455.293
-2438.163
-2426.945
-2454.41
-2411.974
-2424.741
-2401.741
-2443.904
-2430.299
-2456.816
-2461.498
-2424.704
-2461.91
-2483.195
-2465.257
-2471.474
-2475.539
-2464.724
-2494.989
-2501.366
-2473.155
-2542.121
-2525.048
-2527.08
-2548.784
-2533.394
-2495.449
-2532.247
-2659.27
-2588.42
-2572.871
-2573.584
-2541.714
-2572.695
-2547.422
-2594.777
-2619.128
-3253.279
-2713.506
-2643.348
-2639.886
-2706.101
-2666.941
-2692.232
-2696.473
-2693.013
-2680.841
-2703.558
-2696.546
-2712.902
-2713.989
-2727.409
-2702.33
-2726.178
-2716.922
-2757.052
-2787.877
-2759.648
-2790.522
-2776.839
-2799.677
-2804.73
-2824.272
-2817.141
-2831.224
-2856.59
-2814.931
-2869.167
-2885.988
-2883.793
-2892.443
-2913.814
-2921.799
-2938.112
-2945.456
-2947.171
-2952.802
-2982.319
-2974.793
-2995.596
-3022.388
-3035.098
-3111.237
-3049.456
-3055.922
-3061.261
-3059.162
-3079.826
-3095.54
-3094.006
-3120.905
-3131.845
-3143.808
-3133.382
328.0403
-2513.769
-3066.122
-3298.485
-3220.463
-3228.093
-3234.204
-3243.309
-3268.944
-3281.516
-3295.191
-3292.167
-3305.174
-3318.704
-3332.651
-3357.863
-3359.899
-3361.595
-3377.696
-3375.559
-3405.502
-3429.43
-3431.06
-3437.656
-3451.295
-3468.681
-3481.621
-3413.272
-3485.911
-3544.313
-3471.943
-3703.617
-3625.588
-3546.17
-3543.954
-3590.687
-3602.391
-3628.431
-3604.995
-3604.614
-3643.843
-3653.872
-3644.898
-3681.515
-3695.431
-3635.138
-3723.618
-3719.717
-3741.521
-3754.84
-3783.273
-3786.578
-3782.207
-3799.378
-3833.934
-3833.858
-3828.179
-3847.947
-3863.159
-3860.717
-3883.51
-3940.443
-3915.009
-3916.695
-3930.363
-3925.03
-3944.292
-3957.822
-3955.822
-3997.141
-4003.708
-4012.777
-4025.742
-4038.053
-4052.746
-4055.697
-4061.404
-4081.623
-4087.579
-4107.383
-4141.796
-4129.542
-4135.807
-4135.338
-4153.08
-4159.82
-4137.25
-4180.576
-4191.218
-4179.343
-4231.789
-4213.995
-4229.425
-4240.111
-4175.767
-4223.662
-4220.291
-4247.741
-4272.341
-4317.396
-4299.248
-4309.281
-4336.509
-4325.116
-4347.267
-4384.749
-4366.453
-4520.186
-4418.028
-4414.01
-4434.116
-4405.202
-4400.827
-4405.658
-4396.221
-4452.125
-4424.39
-4448.99
-4455.72
-4611.072
-4508.238
-4476.288
-4491.066
-4484.923
-4470.123
-4461.339
-4501.621
-4507.565
-4521.259
-4352.012
-4504.284
-4534.109
-4546.785
-4522.246
-4543.925
-4562.318
-4564.447
-4573.953
-4560.008
-4594.099
-4588.829
-4598.958
-4613.673
-4609.246
-4448.826
-4583.348
-4613.699
-4605.4
-4633.627
-4632.761
-4638.387
-4624.465
-4637.123
-4642.516
-4653.369
-4635.938
-4654.514
-4653.306
-4667.121
-4662.888
-4704.707
-4669.909
-4665.954
-4671.453
-4668.765
-4669.607
-4684.554
-4669.25
-4675.254
-4690.214
-4692.405
-4486.022
-4626.442
-4678.631
-4686.396
-4701.745
-4670.243
-4698.284
-4666.054
-4679.619
-4664.942
-4596.559
-4666.869
-4684.039
-4689.568
-4678.698
-4706.097
-4676.123
-4697.381
-4680.689
-4687.679
-4735.113
-4683.391
-4690.776
-4699.858
-4674.952
-4672.968
-4636.796
-4662.634
-4679.423
-4660.763
-4660.683
-4661.772
-4620.047
-4655.866
-4667.816
-4665.721
-4646.558
-4630.251
-4627.368
-4633.977
-4646.012
-4612.781
-4615.302
-4631.517
-4624.871
-4612.442
-4610.004
-4610.927
-4598.715
-4614.248
-4606.051
-4597.852
-4579.898
-4567.664
-4563.63
-4505.925
-4545.874
-4534.217
-4550.686
-4587.217
-4533.242
-4531.729
-4489.71
-4527.142
-4511.448
-4531.346
-4548.945
-4488.476
-4444.797
-4438.314
-4471.621
-4476.084
-4464.731
-4465.687
-4506.419
-4534.495
-4458.571
-4430.938
-4416.642
-4469.114
-4412.82
-4145.314
-3484.129
-4491.705
-4428.69
-4362.353
-4379.398
-4366.795
-4339.312
-4348.542
-4331.435
-4425.769
-4319.719
-4323.029
-4343.898
-4297.899
-4289.857
-4271.979
-4323.117
-4293.965
-4262.039
-4246.507
-4241.373
-4226.082
-4225.986
-4191.701
-4219.288
-4204.649
-4200.446
-4166.831
-4160.215
-4150.005
-4146.542
-4129.491
-4647.905
-4216.396
-4116.672
-4081.42
-4097.52
-4078.599
-4074.161
-4065.018
-4064.83
-4039.417
-4032.221
-4034.56
-4007.683
-3999.175
-4052.466
-4006.36
-3977.453
-3984.655
-3936.516
-3952.537
-3948.822
-3933.778
-3914.494
-3916.143
-3908.513
-3899.142
-3899.071
-3877.481
-3869.8
-3893.039
-3841.65
-3838.722
-3831.026
-3821.894
-3827.674
-3803.158
-3820.355
-3788.147
-3784.619
-3764.011
-3789.988
-3747.97
-3734.287
-3721.098
-3749.659
-3631.909
-3685.697
-3682.46
-3689.711
-3631.378
-3676.724
-3647.56
-3663.662
-3640.451
-3612.753
-3614.752
-3609.066
-3606.864
-3592.216
-3591.835
-3526.727
-3568.207
-3516.436
-3544.829
-3594.525
-3585.07
-3544.087
-3555.006
-3557.583
-3519.078
-3480.516
-3342.992
-3751.948
-3529.077
-3498.281
-3434.288
-3457.301
-3478.583
-3445.799
-3476.45
-3453.025
-3360.171
-3417.081
-3404.619
-3374.443
-3378.185
-3380.835
-3391.229
-3380.139
-3345.448
-3360.338
-3178.696
-3299.092
-3344.688
-3329.864
-3341.32
-3337.53
-3321.143
-3318.945
-3311.625
-3303.738
-3279.445
-3315.737
-3280.217
-3294.251
-3260.68
-3275.5
-3271.92
-3268.943
-3259.476
-3263.369
-3255.349
-3246.536
-3246.199
-3221.73
-3242.464
-3234.085
-3213.129
-3247.287
-3228.985
-3229.177
-3134.606
-3280.964
-3215.026
-3196.861
-3091.933
-3184.603
-3199.07
-3198.085
-3187.718
-3198.257
-3191.705
-3187.93
-3189.783
-3095.237
-3173.833
-3179.134
-3174.375
-3186.506
-3169.759
-3177.313
-3178.178
-3183.117
-3171.434
-3188.925
-3175.686
-3177.065
-3190.253
-3160.409
-3187.867
-3186.458
-3175.743
-3191.98
-3181.453
-3193.27
-3187.944
-3181.966
-3181.773
-3168.132
-3173.269
-3181.781
-3175.713
-3206.048
-3189.16
-3195.995
-3204.19
-3195.965
-3547.079
-3266.869
-3236.384
-3216.779
-3166.358
-3212.987
-3216.517
-3223.606
-3229.062
-3217.786
-3248.626
-3234.81
-3228.727
-3239.918
-3254.963
-3138.09
-3215.905
-3245.057
-3286.437
-3272.789
-3290.502
-3277.267
-3271.464
-3271.528
-3306.901
-3299.548
-3327.341
-3322.086
-3312.963
-3276.848
-3408.879
-3354.482
-3330.9
-3338.206
-3354.443
-3345.636
-3332.68
-3388.164
-3380.66
-3387.184
-3396.57
-3399.927
-3408.617
-3419.287
-3432.887
-3438.188
-3440.418
-3449.349
-3422.873
-3453.245
-3470.855
-3503.119
-3479.44
-3513.453
-3512.225
-3518.596
-3524.004
-3525.643
-3526.082
-3520.614
-3542.216
-3517.985
-3561.677
-3581.107
-3591.771
-3582.162
-3607.17
-3632.655
-3631.757
-3639.488
-3663.644
-3661.716
-3680.434
-3683.788
-3686.689
-3712.535
-3715.463
-3721.134
-3735.219
-3745.245
-3756.017
148.4815
-3056.537
-3652.378
-3784.57
-3830.51
-3816.019
-3827.125
-3832.788
-3863.92
-3861.017
-3868.157
-3887.35
-3902.162
-3907.994
-3918.951
-3944.351
-3946.678
-3960.257
-3971.15
-4000.486
-3935.739
-3990.895
-3996.82
-4027.181
-4048.606
-4054.483
-4039.461
-4059.371
-4100.152
-4112.1
-4054.343
-4111.025
-4120.251
