595.4851
569.9299
568.9372
556.9548
555.1496
579.3431
7954.189
6447.927
5245.233
4284.576
3513.185
2895.294
2412.429
2046.604
1755.223
1500.347
1301.954
1129.159
1015.414
918.4264
834.6303
775.1193
721.1596
667.5765
752.2091
697.1875
669.708
650.7727
499.6014
503.8272
558.0578
647.3745
628.8018
610.7499
588.9717
643.4885
665.3326
625.0811
625.9713
515.3209
504.9133
501.8205
493.5748
479.4262
458.4431
290.4926
330.1255
356.6526
379.0325
403.9389
404.406
374.516
77.32575
145.18
187.2132
251.3075
-39.61603
16.85354
85.7142
137.7732
182.6608
224.7084
263.6477
315.437
523.5772
503.8593
477.9732
458.9163
426.4003
438.8558
417.0097
400.2604
381.5755
372.7986
341.3293
324.6339
-150.4945
-123.3399
-67.64917
-2.461087
37.44481
121.9834
158.526
151.9153
154.7389
186.9518
193.5867
226.4365
215.3622
-58.36395
-26.5813
185.8492
262.7329
227.6924
196.4248
177.1184
180.1736
151.3102
144.6647
122.6109
115.0288
120.8009
121.1659
120.4912
63.12483
96.82922
97.11267
88.24581
80.47015
80.56088
123.7778
104.581
78.94466
-54.05894
-46.35822
-40.94043
-28.71863
-26.41103
-23.72191
-23.07328
-78.08818
-37.42522
-3.261714
-7.894607
-35.61555
-57.3755
-50.53522
-254.0239
-211.6611
-178.6159
-143.677
-128.9413
-155.8813
-132.1697
-113.7003
-118.6797
-139.6936
-139.475
-152.4737
-134.4128
-136.4236
-139.2313
-142.1273
-156.4876
-149.7355
-186.3791
-197.0091
-199.0572
-184.2337
-199.0341
-196.8188
-195.4732
-170.1375
-189.7597
-190.8766
-197.7591
-197.583
-242.6117
-238.9845
-215.7463
-213.6028
-226.3155
-232.3939
-166.8752
-174.4893
-187.1384
-218.3297
-221.4371
-248.5302
-247.5362
-236.1092
-258.0002
-259.6804
-269.557
-269.7589
-254.3131
-231.9602
-163.7152
-102.8894
-143.7367
-165.8042
-397.9365
-375.5902
-350.6115
-332.3669
-107.4802
-242.9913
812.1233
602.6916
444.741
298.9116
101.9769
11.45517
-42.18774
-104.1723
-135.095
-167.4225
-215.9945
-224.9915
-241.4049
-239.8735
-220.4351
-249.748
-261.0244
-270.9098
-302.0545
-295.471
-320.279
-314.0069
-287.7728
-298.6045
-280.5086
-208.9466
-221.6744
-221.1527
-213.2775
-196.7555
414.9393
279.718
190.3043
167.7165
724.278
339.8415
236.5152
169.9889
107.5467
44.64524
40.10357
-1.811012
-37.18375
-39.14532
-49.65538
-58.77685
-77.36029
-83.98361
-61.61712
-50.81098
-47.99437
-13.12991
-13.5099
-22.11863
1.040761
-4.738115
1.554645
5.358763
-11.48503
77.49732
70.10757
68.84292
109.1108
226.5532
168.8634
145.7351
134.7685
131.6409
121.197
137.7876
118.9494
147.6344
129.5505
129.5713
150.0803
158.9486
161.8782
56.42875
79.29074
128.7885
140.0505
150.1051
175.8726
193.4105
212.1447
228.8654
299.7246
280.7734
285.0617
297.5124
297.2212
298.8737
300.816
304.8323
357.4158
382.2638
396.299
388.0969
417.2974
416.3456
407.8606
411.9968
429.9958
314.0495
329.5223
315.646
441.3157
452.8256
456.8179
456.6607
496.8714
517.3259
533.0529
531.3101
518.4026
513.2919
525.3314
535.7647
558.1996
548.6412
569.8302
572.519
579.1425
615.0249
619.5647
644.1313
651.6389
654.4221
644.4046
667.8466
696.8663
695.4388
686.632
655.3303
667.6153
660.0568
931.6177
858.5047
775.7594
765.3539
836.9641
845.017
829.2036
824.9666
793.5522
749.4725
810.3657
816.5112
809.2581
798.2009
819.1251
805.4132
784.4702
785.0874
794.9474
814.9267
829.1991
824.8466
857.7854
857.9518
852.7237
858.628
882.9244
898.0484
665.181
712.1108
2534.127
2603.86
2247.161
1971.46
1759.297
1620.446
1442.262
1329.108
1254.285
1190.619
1129.002
1033.128
1011.106
998.1167
979.8577
993.8613
945.3817
936.3477
868.8305
902.8924
908.3808
906.4849
894.7813
899.6437
970.4247
939.6843
920.1511
882.6142
929.8206
895.6085
901.0894
899.6182
898.6911
913.917
903.4028
887.4179
4021.06
3387.64
2891.757
2456.235
1857.247
1696.151
1541.101
1412.632
1342.543
1243.334
1159.286
1069.147
1016.866
969.1255
860.9244
840.9265
821.2389
878.2677
884.5325
912.9153
944.232
874.995
849.6288
841.6063
808.3171
795.4685
791.7076
767.3241
764.0477
718.7919
742.6458
749.3026
746.133
743.3928
740.8886
738.8233
728.1622
726.7973
819.531
751.5269
740.9428
697.1962
665.3489
662.9455
658.2561
656.36
633.7645
634.4555
623.1249
620.5499
620.6531
647.9286
642.3749
631.6605
618.1254
592.8223
573.0641
542.7748
543.5577
533.5959
472.1963
477.6818
516.4955
526.8077
528.8326
508.9242
482.3978
549.4395
532.7934
504.3206
503.844
471.0666
411.7763
372.9851
391.0442
392.3265
383.0949
509.3349
478.8807
479.385
458.1836
392.1313
382.1495
401.7314
369.3378
325.2576
-242.7637
-156.2977
5.000046
66.97692
118.2608
158.5874
113.0833
137.8714
184.8242
204.7331
187.9356
199.7523
207.9592
243.3514
256.0882
256.1822
244.6681
806.6133
706.5153
662.4394
573.5237
494.9217
438.6828
393.0315
362.7716
337.3054
288.205
283.7566
261.4465
235.7119
202.3437
193.1577
117.6603
126.9172
117.014
131.6661
139.1233
145.0276
143.9207
132.5968
132.8479
176.2268
165.6535
155.3678
133.9756
135.8203
144.4716
141.7335
125.2879
126.4439
116.4238
79.18851
82.76975
243.1363
214.0031
319.6226
273.3659
-3.137936
-48.28792
-5.316608
-23.27982
-69.6996
-31.80448
-3.032705
0.1259024
34.63971
55.154
96.94195
107.1455
125.2435
94.19022
93.99831
99.03659
94.76316
110.4835
126.5137
131.1659
144.7388
150.102
167.1174
-140.9509
-79.16223
-17.17568
16.70388
43.82182
153.4966
173.402
180.6463
224.9869
235.4841
209.4596
174.7529
15.55414
-18.85121
11.97555
-262.6561
-166.3648
-87.2242
-20.61753
29.96536
-1181.34
-938.5468
-695.7636
-515.1589
-351.996
-227.9195
-130.0144
-32.08963
17.21112
148.2908
127.8551
210.1377
227.4967
245.9883
285.2934
44.48944
104.3197
160.904
150.0336
193.44
234.0862
262.4191
285.9789
322.3245
333.1911
409.9715
432.904
378.9537
480.5181
456.545
417.6783
448.6742
459.1328
475.8474
491.6995
503.8349
516.3587
523.9181
522.2726
530.3317
536.3708
547.8588
549.7453
564.381
585.6472
593.6795
595.5205
613.9243
618.1049
596.0508
606.1491
617.3896
632.2747
654.7426
670.02
650.9251
655.8192
675.9423
695.3875
702.991
736.9334
763.2027
761.0357
772.5134
826.8438
847.9802
223.9712
360.6603
471.115
491.5987
573.4076
644.3279
746.4034
733.2651
757.2043
779.8859
813.8662
847.1174
875.9865
-1268.395
-838.5535
-281.4999
-20.25471
110.0769
282.8479
432.3304
576.1106
666.65
726.8766
577.7456
661.6975
748.4036
823.8551
880.8681
918.8667
905.2558
936.6099
938.5137
1033.257
1065.351
1090.67
1095.367
1084.496
1821.139
1709.007
1643.701
1548.299
1457.519
1462.701
1410.71
1625.865
1543.076
1469.738
1427.891
1402.637
1318.402
1301.439
1284.779
1268.152
1255.39
1244.08
1228.862
1202.895
1214.265
1217.692
1228.165
1243.453
1246.214
1254.223
1357.184
1343.934
1330.19
1326.152
1306.984
1280
1276.63
1273.455
1277.739
1264.387
1270.11
1265.4
1278.939
1287.739
20.00094
292.0152
490.2041
627.8149
1068.512
1090.194
1256.816
1260.047
1272.061
1277.293
1282.632
1285.395
1279.259
1276.733
1269.704
1242.075
1242.507
1257.092
1279.265
1167.838
1184.814
1127.887
1152.476
1173.772
1207.975
1230.43
1242.175
1254.354
1273.443
1272.883
1275.922
1259.496
1251.13
1277.657
1240.829
1247.226
1239.431
1244.948
1281.428
1284.954
1230.362
1230.472
1264.566
1245.063
1115.787
1124.139
1141.587
1178.556
1169.059
1154.694
1125.112
1132.233
1134.314
1121.126
1095.636
1133.395
1127.569
1150.753
1140.277
1134.269
1153.381
1138.807
1114.066
1093.188
1087.281
1090.917
1076.926
1061.567
1063.018
1048.657
1044.138
1035.889
974.4631
977.8088
984.7466
943.4303
944.1458
943.9831
953.7039
959.766
939.8006
932.6182
918.1892
927.0836
898.1395
1289.59
-75.37044
84.32361
263.1505
395.861
481.923
518.8467
593.4581
619.4927
644.5434
692.9591
718.8008
740.8776
750.5394
752.7603
748.7499
714.9346
725.7754
700.9474
689.5581
692.0883
686.3336
698.7765
716.5505
711.7724
733.7299
724.2459
721.9263
689.1386
691.964
671.4612
697.5554
695.5793
631.4048
664.2263
645.2753
623.7661
627.4152
630.8272
643.149
622.2959
626.1003
617.4967
617.5469
622.2646
630.1809
605.3367
618.6652
627.2305
644.1837
568.1955
458.1742
481.9976
493.0329
497.4532
518.0679
496.0817
505.222
507.2328
505.506
509.3472
513.2128
523.0861
485.3898
494.5574
497.8111
509.1535
512.6337
518.3902
518.4409
512.1311
766.3643
732.8506
702.6981
676.4231
641.2125
622.5551
598.6127
1915.903
1630.597
1389.684
1211.177
902.4418
814.1798
722.0716
721.5364
674.0236
646.3958
603.0502
584.1677
537.8619
540.3371
547.9467
513.5548
528.2498
526.6592
573.9318
571.084
565.1806
559.9944
375.9022
400.0293
432.3651
435.2205
459.3551
481.6279
582.2868
560.6004
592.9446
600.6064
595.8538
602.3638
574.4405
580.4643
588.4258
586.0836
661.491
648.0148
640.5252
640.5857
612.7884
613.0437
632.1295
622.5856
629.3865
638.0809
651.2986
635.2972
635.1597
682.0875
701.9388
699.1558
707.4366
684.2974
687.8258
683.9976
710.7234
754.1756
744.3003
742.7506
746.8202
744.5516
750.9264
760.222
753.4
764.6123
773.7142
799.0569
794.0536
649.5669
681.5985
723.4094
747.3922
778.0096
791.7737
824.7687
845.5607
852.0179
867.3399
878.5135
908.2784
925.238
933.6077
942.9512
944.8673
957.2916
984.8326
995.7495
1015.686
1028.325
1056.818
1055.334
1045.056
1076.265
1079.988
1422.155
1360.419
1315.511
1283.013
1252.892
1223.337
1213.692
1216.362
1224.766
1210.998
1227.554
1235.595
1236.673
1245.116
1242.236
1253.112
1254.057
1273.494
1276.287
1819.712
1801.646
1692.939
1618.565
1565.628
1523.865
1468.66
1456.284
1443.195
1382.242
1384.543
1400.961
1402.352
1405.287
1395.272
1393.782
1425.949
1420.782
1429.399
1482.212
1222.063
1272.443
1315.093
1320.143
1360.49
1399.659
1440.26
1478.583
1477.98
1486.464
1496.435
1483.584
1502.028
1504.858
1509.898
1492.318
1516.043
1542.935
1518.115
1525.254
1541.895
1562.224
1572.795
1606.562
1599.27
1604.158
1613.533
1631.809
1674.122
1583.4
1590.159
1617.461
1572.587
1637.778
1645.679
1646.309
1636.165
1553.339
1667.127
1648.028
1649.75
1691.31
1683.836
1684.687
1699.045
1706.271
1785.211
1768.94
1731.175
1730.415
1766.642
1750.949
1756.928
1733.469
1732.172
1726.997
1719.599
1704.563
1706.828
1708.3
1716.901
1735.478
1732.629
1726.361
1720.077
1710.613
1708.773
1704.443
1711.674
1708.841
1744.241
1733.069
1697.743
1683.241
1695.902
1662.526
1668.982
1622.966
1625.446
1630.739
1632.76
1652.016
1650.649
1643.067
1640.853
1644.504
1618.596
1638.965
1634.758
1629.801
1628.315
1625.166
1613.409
1602.602
1597.962
1573.019
1999.24
1916.522
1865.48
1816.815
1760.505
1719.403
1687.796
2154.238
2027.476
1926.321
1838.875
1770.198
1715.807
1636.756
1611.204
1581.024
1640.621
1624.196
1604.59
1592.013
1536.101
1565.492
1541.288
1504.802
1483.421
1479.109
1466.031
1462.007
1423.608
1440.633
1444.27
1436.727
1415.074
1384.313
1400.517
1362.584
1340.868
1329.326
1337.78
1338.556
1356.69
1345.402
1321.099
1313.621
1289.725
1289.542
1280.829
1259.708
1287.16
1276.902
1270.299
1260.076
1262.273
1253.067
1267.897
1273.74
1267.079
1251.808
1224.565
1220.558
1207.553
1183.522
1169.941
1085.844
1080.811
1090.228
1096.343
1118.928
1110.868
1003.637
1093.45
1090.405
1094.849
1040.04
1043.592
1044.401
1073.373
1068.018
1052.882
1105.132
1096.391
1085.361
1076.015
990.0882
1011.122
1004.931
971.6456
959.1006
965.3476
963.0885
5114.633
4268.837
3585.301
3046.462
2597.925
2267.712
1964.907
1022.772
1153.38
1106.146
1082.011
1060.041
1037.495
1016.338
1008.264
988.0654
986.7122
975.813
968.6355
969.1407
910.2693
906.8164
908.5205
901.0723
892.7336
886.4843
854.6764
894.0725
130.7818
285.518
460.3531
544.3057
609.1909
672.3425
720.477
742.1032
751.2944
853.612
837.5414
845.4208
853.0927
853.6676
768.0987
789.7561
813.7679
795.7908
811.5111
858.2665
873.7911
883.542
899.8607
895.1263
901.9492
901.0854
832.1529
852.9041
865.9245
872.9348
893.0965
917.5485
943.277
949.6745
956.494
937.1637
914.3224
928.9612
1018.703
1012.191
1008.058
1057.387
1057.626
1084.557
1103.872
1087.606
1080.242
1063.564
1058.071
1059.688
1058.837
1165.904
1182.295
1166.233
1154.079
1200.629
1188.433
1182.106
1183.837
1165.112
1161.004
1160.075
1133.296
1133.016
1143.611
1132.94
1132.937
1147.968
1151.448
1162.893
1161.94
1182.45
1193.416
1231.851
1144.293
1116.519
1145.351
1162.773
1207.417
1219.129
1239.586
1252.552
1248.288
1265.34
1280.832
901.3408
992.2773
1069.622
1169.404
1210.972
1252.43
1294.008
1311.074
1322.766
1308.969
1338.495
1376.879
1392.946
1376.254
1401.868
1438.611
1484.707
1508.648
1487.408
1492.024
1458.578
1493.265
1520.581
1545.971
1555.947
1583.099
1594.513
1608.628
1611.382
1627.508
1634.501
1589.385
1654.133
1653.335
1666.33
1668.025
1682.594
1663.019
1808.806
1800.059
1775.749
1781.932
1783.753
1812.365
1813.112
1765.322
1771.808
1748.826
1770.225
1795.751
1776.59
1801.352
1816.764
1827.16
1832.467
1839.595
1856.534
1853.091
1872.719
1889.673
1899.579
1892.457
1954.429
1913.798
1924.813
1926.731
1934.885
1937.498
1939.655
1944.239
1154.763
1347.346
1472.356
1662.186
1689.982
1757.083
1798.974
1775.483
1839.556
1859.379
1888.086
1903.224
1913.026
1991.554
2002.125
2027.741
2025.981
2033.911
2017.857
2029.448
2041.67
2039.884
2034.777
2044.006
2055.561
2059.737
2006.488
2037.188
2059.53
2053.693
2064.43
2071.826
2089.043
2123.07
2167.996
2164.287
2154.821
2160.939
2149.182
2021.73
1999.445
2007.04
2022.717
2043.233
2061.933
2092.372
2080.833
2087.113
2083.802
2092.181
2078.836
2068.879
2066.971
2053.164
2078.119
2048.513
2059.474
2053.136
2067.41
1956.322
1988.422
1976.853
1993.117
1994.102
1986.906
1998.561
1976.362
1979.195
1980.774
1988.729
2404.557
2330.971
2269.391
2217.392
2118.483
2094.968
2049.755
2037.661
2026.337
2004.101
532.2043
404.551
719.657
960.0863
1163.149
1357.32
1470.828
1593.692
1714.331
1751.898
1751.718
1806.914
1833.069
1833.923
1844.174
1927.3
1900.494
1896.228
1897.28
10220.73
8622.452
7257.253
6165.941
5218.056
4525.148
3963.673
3512.114
3079.909
2814.14
2591.449
2416.67
2290.856
2182.009
2094.198
1999.947
1935.475
1890.623
1868.084
1803.389
1819.236
1797.356
1753.171
1770.387
1759.249
1741.061
1748.371
1726.385
1719.437
1709.269
1689.185
1669.071
1656.452
1644.848
1642.2
2358.063
2200.115
2028.707
1934.526
1870.131
1805.783
1745.363
1730.175
1698.292
1658.119
1628.257
1550.841
1525.849
1402.17
1422.93
1295.299
1325.494
1391.23
1424.389
1414.472
1422.538
1427.844
1418.585
1415.959
1440.447
1413.562
1458.877
1424.168
1353.386
1351.828
1360.393
1363.512
1368.017
1288.069
1204.864
1227.667
1204.826
1094.542
1154.266
1200.225
1219.455
1235.675
1257.84
1266.169
1243.442
1297.553
1309.892
1279.78
1324.754
1325.408
1318.507
1316.486
1322.627
1321.689
1314.454
1284.765
1271.94
1279.545
1297.897
1298.885
1306.48
1290.294
1284.841
1266.172
1297.61
1287.976
1274.211
1283.268
1308.05
1301.895
1306.336
1305.511
1300.249
1301.456
1292.442
1295.965
1288.592
1281.373
1276.85
1253.799
1245.976
1261.152
1277.297
1266.133
1254.105
1269.571
1324.906
1274.136
1309.776
1282.757
1303.292
1322.869
1318.764
1300.997
1309.369
1313.208
1320.165
1329.801
1328.207
1342.344
1370.276
1384.732
1382.44
1380.453
1358.46
1427.624
1429.794
1433.919
1425.556
1438.103
1431.2
1456.24
1426.259
1464.842
1405.038
1419.87
1421.296
1442.838
1447.556
1464.506
1524.145
1565.09
1552.367
1597.291
1575.449
1629.986
1616.348
1634.152
1595.52
1791.411
1789.718
1761.526
1723.258
1701.779
1676.344
1907.647
1879.202
1841.771
1805.252
1690.193
1707.733
1714.11
1716.641
1684.852
1696.783
1710.387
1725.132
1709.481
1723.26
1734.687
1763.817
1770.532
1765.695
1779.588
1790.84
1784.378
1788.173
1804.39
1827.021
1833.573
1833.496
1838.889
1852.871
1853.126
1866.795
1895.482
1904.525
1928.191
1943.971
1890.055
1900.409
1914.522
1929.967
1945.105
1967.727
1975.692
2086.495
2105.526
2087.414
2091.592
2057.676
2063.242
2024.462
1953.493
1991.871
2014.186
2039.395
2074.453
2082.477
2123.875
2183.134
2188.681
2188.392
2189.999
2175.441
2194.75
2188.516
2193.394
2207.141
2222.412
2235.252
2315.246
2370.92
2347.932
2332.362
2335.333
2338.322
2368.294
2345.108
2521.908
2582.467
2541.523
2539.62
2471.393
2454.886
2436.396
2417.009
2407.273
2407.858
2399.357
2370.504
2367.52
2437.577
2448
2444.024
2413.302
2410.358
2409.502
2355.363
2435.197
2458.32
2301.59
1944.964
1978.65
2071.381
2101.635
2150.878
2487.721
2477.606
2491.02
2483.396
2489.431
2496.264
2502.139
2503.927
2499.658
2431.546
2785.775
2720.736
2665.481
2634.748
2601.505
2585.397
2559.582
2550.074
2512.184
2514.255
2519.107
2476.834
2432.662
2459.137
2427.338
2452.105
2454.036
2447.825
2469.358
2474.234
2465.406
2480.515
2467.598
2447.757
2512.663
2503.636
2484.261
2476.386
2530.295
2505.598
2509.152
2501.385
2478.026
2468.5
2454.588
2445.135
2448.949
2445.064
2440.538
2417.042
2395.488
2423.314
2414.822
2385.935
2380.66
2393.047
2383.31
2361.439
2504.798
2471.524
2450.728
2674.133
2606.894
2519.171
2484.008
2482.671
2462.257
2423.046
2411
2395.89
2380.54
2500.74
2455.711
2419.377
2393.945
2359.183
2370.767
2344.318
2324.864
2333.168
2320.084
1905.925
1999.175
2043.934
2072.718
2096.557
2112.217
2098.777
2181.418
2173.744
2168.295
2157.893
2147.297
2219.298
2208.613
2970.668
2841.715
2730.143
2606.62
2463.514
2397.731
2347.547
2289.414
2232.709
2115.074
2076.72
2095.826
2092.681
2075.923
2054.604
2067.25
2035.679
2036.476
2025.574
2012.882
2004.948
2120.263
2090.247
2066.661
2045.083
2270.294
2179.436
2126.665
2072.928
2047.732
2027.009
2067.938
1825.363
1843.669
1842.15
1872.439
1868.526
1839.963
1813.979
1823.414
1825.407
1835.578
1819.212
1821.246
1830.394
1859.532
1871.691
1866.49
1852.337
1839.159
1816.947
1809.02
1795.21
1803.417
1783.817
1785.255
1784.938
1782.829
1769.9
1769.659
1771.175
2832.243
2658.575
2448.472
2298.321
2177.598
2143.374
2053.629
1998.2
1938.352
1897.874
1901.516
1872.939
1841.573
1839.19
1873.091
1844.395
1810.808
1769.131
1734.6
1731.529
1714.634
1691.519
1689.468
1695.987
1692.435
1621.059
1636.851
1642.053
1646.533
1664.994
1638.245
1651.048
1677.069
1680.65
1679.033
1686.235
1713.579
1724.676
1712.58
1722.784
1727.288
1730.737
1723.411
1692.952
1679.262
1692.327
1786.743
1782.44
1635.612
1671.852
1693.164
1743.816
1743.04
1805.457
1750.81
1743.192
1751.212
1786.159
1775.863
1771.378
1786.603
1790.103
1764.77
1784.382
1743.335
1786.042
1785.188
1820.548
1825.852
1843.865
1825.545
1829.606
1839.372
1842.044
1836.457
1801.499
1837.494
1850.613
1840.159
1883.762
1888.605
1897.901
1921.558
1986.77
2006.197
2000.7
1990.062
1969.965
1985.729
2071.14
2065.872
2028.73
2033.603
2046.775
2059.914
2058.457
2062.378
2063.703
2068.092
2061.659
2067.162
2079.528
2091.733
2106.43
2122.096
2129.191
2136.464
2143.285
2158.342
2170.391
2176.349
2483.78
4943.869
4407.164
3969.238
3616.158
3354.813
3138.167
2971.139
2835.521
2695.445
2689.396
2596.341
2537.391
2557.859
2496.323
2482.565
2399.864
2401.314
2460.561
2468.236
2449.357
2498.978
2484.96
2474.635
2470.148
2463.552
2443.162
2450.805
2889.1
2813.477
2773.375
2719.06
2684.5
2648.216
2567.989
2563.589
2582.338
2571.161
2595.099
2591.395
2587.804
2600.792
2594.068
2601.802
2627.861
2476.564
2535.716
2638.184
2639.776
2694.691
2696.922
2700.471
2684.148
2685.481
2686.415
2686.083
2689.5
2699.188
2713.004
2714.779
2730.481
2724.524
2718.817
2735.354
2717.63
2721.528
2727.496
2744.6
3150.607
3074.588
3022.952
2971.463
2843.125
2791.613
2786.57
2803.014
2771.221
2797.733
2859.548
2871.654
2603.728
4494.513
4166.738
3937.169
3689.476
3527.289
3385.964
3283.446
3174.541
3116.123
3042.224
3012.28
2979.588
2776.049
2781.8
2804.79
2825.788
2830.802
2871.089
2874.57
2904.512
2914.459
2871.901
2858.713
2844.984
2855.804
2841.338
2916.33
2909.775
2900.037
2897.334
2885.547
2885.755
2883.828
2891.177
2904.744
3420.856
3241.453
3150.404
3089.426
3080.112
3052.297
3355.001
3263.803
3174.544
3036.473
2998.202
2961.245
3585.896
3425.224
3305.272
3181.842
3104.886
3029.119
2985.409
2934.077
2843.047
2587.021
2619.217
2664.428
2678.074
2717.916
2718.493
2719.318
2730.582
2668.144
2672.074
2695.493
2676.312
2687.396
2573.692
2590.868
2615.9
2632.302
2650.947
2652.373
2663.957
2637.129
2640.461
2632.407
2628.66
2640.581
2657.736
2649.223
2634.921
2632.926
2618.473
2608.035
2612.238
2610.363
2610.204
2578.066
2577.838
2579.744
2710.276
2689.467
2676.762
2645.676
2624.714
2577.747
2569.614
2528.478
2534.893
2536.952
2535.245
2512.472
2519.489
2519.668
2507.066
2489.062
2475.885
2461.003
2458.201
2374.056
2296.656
2330.718
2339.195
2344.011
2337.133
2346.997
2355.458
2354.006
2339.36
2335.779
2354.257
2341.374
2328.753
2311.914
2298.125
2281.107
2273.644
2267.029
2269.771
2285.252
2237.292
2473.158
2427.713
2360.539
2326.315
2297.881
2288.218
2272.481
2262.491
2250.78
2224.717
2217.37
2221.622
2248.19
2221.584
2204.108
2194.397
2198.444
2215.113
2200.624
2189.82
2180.607
2171.492
2103.818
2701.637
2572.678
2469.268
2358.216
2311.797
2253.873
2250.076
2294.398
2261.323
2226.999
2205.8
2100.211
2098.674
2955.223
2717.726
2594.91
2497.184
2417.344
2359.134
2383.089
2331.246
2844.947
2661.129
2545.737
2484.097
2422.713
2345.798
2311.507
2260.258
2223.797
2188.112
2167.615
2155.344
2130.586
1905.328
1930.473
1952.49
2026.667
2041.63
2076.982
2080.05
2096.695
2140.899
2135.939
2155.289
2146.871
2165.269
2138.012
2147.746
2151.223
2148.392
2132.592
2128.885
2134.759
2125.295
2139.743
2132.544
2203.48
2176.801
2174.831
2139.649
2140.457
2143.471
2163.914
2179.961
2185.584
2198.982
2199.53
2198.287
2188.411
2200.475
2222.668
2200.229
2208.82
2159.198
2185.835
2236.148
2110.226
2138.281
2170.661
2203.119
2211.251
2266.896
2253.952
2263.356
2284.47
2303.756
2316.605
2313.633
2347.591
2339.487
2339.811
2343.731
2356.115
2898.454
2814.714
2730.257
2666.727
2675.751
2614.517
2584.943
2562.161
2555.843
2526.652
2535.784
2541.756
2560.757
2566.686
2550.307
2522.117
2536.137
2544.962
2552.78
2547.553
2575.547
2575.067
2609.597
2614.812
2608.143
2609.16
2621.114
2609.787
2688.347
2738.899
2230.193
2322.792
2423.813
2483.133
2533.371
2566.209
2613.855
2611.86
2655.883
2687.709
2699.559
2729.427
2765.194
2768.492
2786.27
2790.409
2826.933
2811.186
2806.742
2773.208
2803.168
2838.501
2837.577
2847.552
2872.082
2854.686
2879.05
2912.051
2915.905
2940.154
2895.241
2898.889
2911.064
2946.34
2944.939
3007.108
3007.008
3028.109
3033.308
3052.863
3043.958
3050.396
3060.339
3078.096
3084.117
3068.319
3088.078
3092.581
3118.118
3110.477
3115.27
3116.108
3129.1
3137.174
3131.487
3796.324
3683.118
3551.069
3482.236
3478.72
3435.075
3392.232
3339.84
3303.657
3284.86
3283.02
3281.102
3244.979
3241.774
3262.045
3229.609
3244.484
3104.857
3134.351
3179.157
3193.848
3222.82
3238.497
3251.561
3259.929
3264.208
3257.642
3136.835
3158.062
3142.284
3074.38
3099.325
3136.248
3137.189
3169.034
3174.65
3207.896
3215.895
3228.176
3233.829
3245.34
3262.545
3261.868
3269.898
3263.65
3259.465
3268.859
3285.246
3276.898
3286.656
3273.756
3222.53
3228.068
3243.935
3267.943
3261.259
3263.67
3218.303
3230.111
3236.623
3244.845
3234.063
3229.872
3232.099
3223.42
3123.39
3175.451
3145.409
3144.584
3189.77
3288.543
3266.293
3224.771
3197.899
3176.111
3211.582
3137.459
3151.271
3149.986
3161.596
3162.131
3148.887
3147.709
3137.41
3371.092
3322.167
5498.694
5028.076
4637.187
4315.033
4060.725
3867.368
3733.653
3592.926
3506.875
3410.124
3322.072
3251.493
3218.553
3187.467
3168.017
3129.856
3087.003
3070.065
3038.111
2986.174
2984.28
2966.965
2957.847
1408.363
1681.377
1931.647
2116.997
2268.727
2395.069
2465.576
2575.443
2626.35
2671.122
2715.869
2751.663
2790.331
2788.627
2789.832
2776.114
2798.391
2866.918
2850.742
2843.537
2840.939
2838.942
2829.207
2784.61
2775.125
2788.493
2765.273
2772.772
2761.644
2754.288
2743.342
2754.54
2775.13
2779.097
2758.136
2767.561
2712.032
2705.263
2629.98
2639.485
2642.294
2614.515
2626.96
2593.909
2629.704
2594.301
2624.079
2575.659
2583.063
2591.228
2582.709
2565.687
2563.685
2558.693
2566.842
2567.789
2569.573
2576.597
2563.143
2558.244
2605.177
2579.249
2556.159
2642.895
2614.336
2600.999
2739.408
2688.753
2664.982
2652.597
2620.409
2590.161
2576.265
2700.279
2698.538
2639.606
2595.594
2556.884
2539.917
2532.796
2501.424
2538.576
2535.013
2494.526
2478.191
2465.982
2493.448
2476.498
2474.466
2667.103
2614.171
2549.987
2535.142
2451.124
2476.932
2490.344
2483.747
2508.475
2499.504
2531.09
2543.588
2522.526
2551.415
2538.951
2513.08
2521.972
2549.011
2543.777
2554.018
2546.338
2536.738
2534.081
2533.348
2541.588
2536.765
2522.69
2564.484
2577.322
2581.711
2563.251
2581.518
2562.94
2566.772
2577.005
2552.759
2542.628
2556.453
2550.874
2603.081
2639.559
2646.288
2639.96
2766.542
2737.347
2722.142
2708.363
2776.123
2763.239
2769.675
2779.683
2755.056
2727.338
2744.568
2732.907
2719.557
2718.616
2719.341
2729.083
2718.833
2728.588
2728.641
2724.516
2750.3
2758.978
2768.528
2776.98
2783.286
2975.527
2943.837
2928.132
2912.295
2902.348
2881.842
2890.165
2887.688
2882.674
2894.576
2926.714
2921.979
2924.131
2931.421
2921.808
2927.897
2935.249
3007.376
3036.78
3046.455
3042.97
3038.805
3028.775
3037.127
3033.744
3030.731
3038.005
3051.615
3065.605
3122.94
3233.917
3210.587
-331.7888
362.3124
959.5864
1401.066
1759.153
2050.809
2340.655
2502.685
2720.782
2816.294
2908.616
2967.273
3016.524
3061.507
3152.673
3217.143
3216.855
3433.633
3418.99
3407.681
3388.661
3385.446
3385.803
3369.417
3359.25
3368.205
3359.361
3362.643
3368.071
3906.359
3800.509
3717.644
3714.982
3681.467
3620.966
3589.441
3567.326
3486.769
3487.404
3481.445
3487.911
3426.617
3456.16
3468.211
3484.239
3491.662
3514.894
3513.823
3628.587
3542.787
3541.782
3538.594
3551.907
3555.345
3557.096
3558.183
3594.724
3588.794
3585.374
3523.505
3530.676
3545.328
3559.707
3566.311
3573.403
3581.057
3584.9
3589.655
3593.378
3602.411
3615.121
3625.399
3631.371
3625.391
3605.821
3615.651
3643.569
3647.916
3639.753
3657.489
3654.25
3648.846
3660.151
3667.55
3685.698
3724.191
3710.802
3642.57
3648.885
3626.945
3625.92
3633.419
3654.7
3667.509
3644.33
3726.809
3682.911
3682.656
3669.7
3674.157
3671.814
3687.168
3678.157
3709.244
2708.699
2898.009
3048.396
3169.422
3280.726
3327.278
3450.792
3478.057
3528.105
3550.109
3549.98
3528.851
3557.888
3680.403
3669.864
3644.543
3633.457
3634.657
3617.186
3604.089
3540.953
3555.339
3541.889
3558.765
3549.777
3625.98
3629.884
3654.862
3626.011
3584.002
3566.237
3510.87
3511.025
3712.907
4853.683
4577.987
4359.003
4082.666
3975.797
3868.18
3747.127
3687.66
3649.139
3599.654
3622.84
3585.824
3573.41
3569.711
3540.628
3508.16
3489.207
3469.786
3453.43
3434.614
3418.1
3420.605
3402.678
3356.449
3328.678
3326.776
3335.116
3332.467
3318.916
3313.016
3322.826
3271.157
3270.927
3265.15
3270.497
3266.583
3280.925
3315.822
3251.337
3250.22
3254.328
3277.384
3257.978
3221.858
3221.05
3232.021
3204.055
3191.758
3178.231
3181.916
3179.338
3148.719
3136.703
3130.326
3123.879
3119.419
3119.126
2996.288
3033.238
3050.259
3013.119
2975.333
2986.151
3008.689
2995.335
3001.166
3013.133
2981.695
2996.814
2994.622
2992.547
3000.045
2988.097
3027.17
2990.597
2995.068
3005.048
2975.001
3082.923
3260.007
3177.847
3077.944
3083.399
3061.114
3041.168
3017.946
3012.779
2990.321
2990.854
2984.872
2966.163
2940.353
2864.33
2871.928
2888.624
2903.544
2917.784
2962.097
2944.029
2927.886
2956.646
2956.9
2934.72
2922.132
2903.638
2915.465
2926.847
2916.247
2918.619
2898.267
2860.998
2850.695
2866.15
2512.11
2571.078
2638.716
2693.852
2737.675
2767.341
2849.371
3142.489
3090.175
3059.337
