-3161.11
-2486.532
-1673.056
-1737.631
-397.3008
-684.983
-680.518
-649.7744
-547.0963
-3166.604
-2918.931
-3031.019
-2745.359
-2796.458
638.6236
747.1989
1105.633
4701.089
4271.811
3038.229
3068.138
2350.335
2269.325
2377.417
2353.383
2172.111
2285.182
1810.698
2031.35
2186.045
1534.526
4070.352
1424.647
2415.243
2999.426
3031.548
2783.563
3403.347
3395.961
871.3113
844.3627
1166.788
782.3918
529.8835
2973.946
3425.693
3448.377
3483.192
2102.022
2688.177
2825.046
3888.477
3533.884
5229.726
4584.813
4258.311
4002.317
3573.063
3776.469
3577.541
2922.659
5651.105
5411.678
5203.662
4972.054
4612.035
4465.141
3609.411
3139.712
2786.367
2423.806
5811.605
5585.448
5752.044
5497.257
5035.767
4800.199
4439.798
4133.255
3778.73
2857.857
2792.214
2694.331
3072.644
3657.724
3611.349
222.9239
270.6451
427.9094
833.5582
763.379
617.4874
420.4079
399.7081
760.8456
891.585
-275.5042
-221.7076
-341.0149
573.0382
-3.904348
-218.281
263.1545
548.4196
1585.617
-75.28892
-165.3722
-651.3129
192.6022
182.7848
42.81595
-172.4563
4083.506
3269.599
3218.329
2938.804
2993.734
2997.34
3328.674
2536.376
2423.286
2033.244
1990.683
894.3584
819.5281
870.4269
225.3219
711.3596
170.6637
91.68794
47.00574
165.6697
1066.716
944.2842
-114.2177
-2156.375
-1955.442
-1346.72
-1480.897
-1525.641
-1624.715
-1268.111
773.1496
511.5567
453.0151
426.4472
380.8725
286.4099
-278.9308
-401.5872
-569.1927
-520.9276
-334.311
-394.5701
-1553.525
-1254.942
-1030.132
-977.0845
820.7592
1329.871
3005.898
2756.677
2586.033
2393.611
1494.419
1308.079
1210.288
1266.614
1438.975
-4145.783
-4060.924
-3705.473
-3114.308
-2562.357
-2415.524
-2085.344
-2252.413
-1841.885
-1587.616
-1314.074
-1231.177
-1303.236
-18180
-16396.23
-14947.99
-13862.19
-12912.46
-12739.62
-11634.4
-2832.304
-2653.482
-971.6723
6382.23
6163.051
5143.363
5339.199
5345.19
4994.421
4970.502
4617.094
4355.608
3755.769
3069.606
2828.987
2557.26
1841.038
1735.247
1580.987
1488.324
1356.183
844.8654
1425.758
2972.474
2786.988
2546.877
2525.116
2320.046
2247.222
1279.25
1233.889
9800.712
8897.494
8479.985
7600.013
7078.854
6097.394
5741.682
4194.657
3523.253
3157.716
2817.646
2330.569
2082.608
4485.774
4317.581
2980.476
2970.522
2886.904
3020.527
1636.9
1497.865
1315.459
1028.96
1060.8
1612.784
1117.377
1226.771
1261.787
1089.567
-567.5114
-934.4042
-1314.277
-811.2537
-710.5601
-281.7626
-545.239
-1733.522
-1764.93
-1158.632
-997.5772
-1699.003
-1905.744
-1664.115
-1593.823
-1346.404
-1281.759
-870.858
-894.0042
-488.8935
-470.5088
-899.9108
-879.7796
-1010.398
-1223.055
-1004.864
-745.5715
-23016.22
-21591.73
-20519.3
-19688.26
-16302.16
-15242.89
-14151.19
-12228.86
-12213.73
-11622.55
-10879.24
-10005.09
-8879.074
-9610.459
-8911.642
-8315.505
-8137.673
-7270.611
-6963.959
-6429.892
-6031.001
-5902.941
-6514.254
-4782.542
-4782.762
-4787.861
-4464.619
-4654.5
-4324.114
-3987.701
-3495.854
-3394.225
-3184.005
-2866.636
-3003.643
-2890.067
-2857.061
-2184.981
-1968.238
977.6997
1805.049
-53.78541
598.2487
780.4874
667.8053
1367.286
1179.851
1123.613
871.8859
927.3221
247.6336
-37.24897
-477.191
-310.6729
-620.4493
1949.386
2193.88
2170.149
4597.576
4614.662
4208.331
4619.891
3172.163
2503.812
2045.716
2017.811
1911.714
1828.947
1438.207
1706.73
504.0936
379.4861
146.2524
-556.3811
133.2287
841.7724
-70.16899
8374.485
7965.558
7423.714
6664.537
6191.788
6060.698
5516.837
7007.953
6303.799
5908.545
5506.922
5306.413
4560.939
4399.59
4039.091
3746.739
3428.507
3229.457
3014.062
2918.352
2679.861
10745.86
10000.2
9417.319
8965.945
8605.605
8164.154
7580.307
7813.69
7481.381
7017.737
6501.305
6030.367
7194.817
6704.373
6546.042
6804.017
6272.579
5487.9
6159.448
5677.278
5307.984
5196.883
5631.432
7197.305
6951.874
6743.732
-1196.354
-1555.857
-1431.814
-1529.618
-2118.502
-1904.514
-1140.564
-3139.891
-2042.421
-2157.825
-1941.005
-3290.815
-3839.247
-4118.357
-3048.371
-2748.647
-2520.167
-2193.849
-2229.743
-2242.015
-3322.582
-2623.179
-2702.796
-2684.332
-2343.526
-1830.214
-1643.632
-1577.79
-9431.83
-9205.18
-8506.093
-8015.351
-7277.362
-6609.485
-7308.815
-7012.313
-6585.652
-6144.629
-5628.95
-5073.279
-4621.092
-9234.86
-8113.027
-7129.786
-6346.258
-5588.726
-5496.695
-5054.217
-4858.874
-4276.225
-3929.708
-3360.418
3197.993
3027.705
4041.931
4009.049
5254.967
4857.2
4402.256
4196.432
3758.273
3690.141
3161.351
2995.909
1423.331
1491.561
-1241.99
2596.527
2759.51
2526.505
2350.673
2389.662
6115.74
5871.068
4820.675
4462.756
4540.851
4230.338
3759.239
3799.082
3401.587
4779.901
3813.267
3629.808
3515.673
2916.017
2590.266
1605.702
1512.737
864.0462
828.228
797.5321
708.4615
1356.709
937.3685
891.1219
-679.5137
-655.283
-436.6201
-423.7762
1742.293
35.17035
4.854098
718.9674
200.3515
-3282.609
-2913.132
-2320.756
-3810.103
-4581.487
-3925.921
-7876.861
-7344.476
-6897.596
-4966.522
-4711.083
-3938.52
-4081.619
-3835.765
-3548.02
-3281.673
-2459.219
-2397.448
-2097.234
-1830.894
-1701.824
-1077.175
-1399.49
-1475.928
-1191.998
-1478.483
-1188.464
912.3663
673.351
1086.18
1081.261
843.3083
592.1539
571.8678
957.0371
764.6433
1280.874
1485.95
1551.493
1380.453
1620.767
1972.794
2553.268
2544.982
2404.887
2159.916
2027.899
2573.563
2496.406
2007.058
1843.991
2438.28
2216.266
4426.905
4000.382
3205.353
9088.6
8218.057
-1525.845
-1432.647
-1025.177
1568.05
4180.963
3476.742
3330.681
5378.29
5129.311
4942.397
4861.792
40135.35
38018.56
35474.99
31709.25
29594.48
27610.65
26433.91
24549.05
22670.1
21467.26
20191.06
18887.44
17345.78
16259.74
56172.62
54908.09
51585.3
48107.06
44584.52
41954.86
39096.11
36342.2
33763.38
31712.71
29559
27676.9
25898.23
23986.8
20977.9
18853.47
17851.7
16500.31
15668.02
13270.71
12358.95
4971.435
4123.172
3756.473
3729.04
3734.288
3372.574
3274.997
3229.685
3165.726
3026.908
3185.674
2892.692
2578.238
2546.082
2690.681
2453.762
1413.598
1356.906
1059.424
1059.189
1169.459
1206.954
1115.769
1543.373
1284.277
1788.209
1813.813
8464.059
8319.972
9797.685
9666.671
9355.387
9084.545
8315.245
7847.077
7374.794
6773.254
6293.91
5870.75
4764.854
3601.372
-11224.56
-19564.21
-18105.37
-16805.37
-15430.4
-14138.27
-13526.55
-12692.75
-12413.7
-17804.27
-16477.98
-14891.36
-13704.74
-12712.71
-11837.96
-11152.97
-10293.78
-8608.132
-7839.512
-8510.74
-7816.5
-6957.731
-6234.411
-5587.786
-4448.475
-5614.575
-5407.361
-4888.492
-3926.15
-3432.8
-3177.104
-2922.936
-2727.633
-2698.764
-2453.067
-2255.711
-1962.374
-1753.748
-3488.436
-1028.483
-1799.885
-1754.011
-1485.792
-1091.604
-595.6386
674.3373
652.491
147.3207
368.4688
574.064
708.5923
943.6137
426.7493
591.8151
-276.3179
-582.3914
-624.8858
-821.556
1353.522
1148.638
1203.956
1122.995
1144.03
1142.403
2908.148
2504.67
2491.662
2438.152
2615.399
1919.981
1990.255
1891.469
9270.511
8498.838
7945.111
7513.075
7038.988
6613.617
6063.29
5506.513
5320.13
6950.018
6077.787
5509.761
5278.707
4837.658
4693.988
2918.037
2750.486
3077.636
3092.286
4078.793
3482.37
3208.045
2944.467
2696.968
1383.549
1241.796
-32275.22
-30262.4
-27722.1
-27255.38
-25324.26
-23257.95
-21653.7
-20197.16
-20029.36
-14900.59
-13975.89
-12982.68
-12226.18
-11424.86
-10577.08
-7481.643
-6342.661
-5411.714
-5345.229
-5028.017
-4541.736
-4430.294
-3756.213
-3082.647
-2949.612
-2082.798
-1930.195
-2135.393
-1467.456
-1268.174
-1066.272
-903.035
-1778.388
-1540.943
-1579.336
8117.564
7357.185
4275.947
3782.789
3647.142
3325.632
3317.927
3757.134
3472.527
3470.249
-28507.14
-26845.27
-24340.42
-22933.39
-22145.56
-20885.35
-19366.49
-18017.12
-16912.92
-15854.11
-15166.58
-13498.09
-12545.23
-11714.01
-10918.08
-6367.354
-5650.349
-4603.709
-5968.327
-4169.334
-3234.334
576.6479
323.5821
170.2668
461.1963
484.1349
323.4219
336.6368
435.6138
1845.538
1488.993
1356.701
1473.221
1268.843
894.0747
881.9816
2489.804
2247.043
1872.181
1687.54
1628.759
1645.814
1384.796
1385.889
1070.126
906.6471
796.8715
1031.245
1577.271
1688.651
1495.634
1586.938
1574.813
1778.332
1964.205
2140.806
1986.546
1874.05
1441.085
1687.245
2944.777
8057.564
8032.548
7132.997
5900.722
5610.859
4392.307
3994.169
3460.346
3283.765
3071.899
2721.941
2225.519
1879.047
1868.251
2010.048
1462.537
1395.605
1314.527
1829.726
1607.96
945.0086
437.3386
-228.8592
185.6049
-8.805585
40.30054
-8.661456
-1229.993
-1626.949
-1538.158
-1014.452
-582.162
-310.0399
-64.85172
-106.0527
612.2763
4395.767
4089.303
3949.401
3798.514
2922.029
2960.678
2683.981
2423.864
2206.006
2306.949
2354.299
2134.022
1858.199
1699.631
1430.364
980.075
810.8824
913.433
-506.2002
-1137.376
-1156.446
-702.9934
-661.1328
-731.0404
-391.7912
-501.8949
-466.1604
-302.2263
-348.2602
-1295.264
-977.4702
-45.87647
-33.26716
664.4536
1791.518
1883.755
1602.191
-2676.962
-2488.34
-2409.485
-2157.81
-1041.227
-744.5729
-843.8083
-941.0944
-957.3446
-1351.636
-10.90943
-76.7999
-81.10573
-56.70664
190.0736
296.5753
381.7304
829.7351
-31723.69
-29725.64
-28561.98
-26477.89
-26833.45
-25656.16
-24052.67
-22485.93
-20992.38
-19507.99
-17649.43
-104319.7
-97633.14
-90677.58
-84839.39
-78837.3
-73154.38
-67909.77
-63180.4
-58754.33
-54875.74
-50754.89
-46820.62
-43537.33
-40539.6
-37663.4
-33397.1
-30826.75
-28515.93
-26560.68
-24628.12
-22923.7
-26512.57
-24705
-25172.67
-23314.21
-21669.63
-20059.81
-18756.99
-17607.46
-16562.13
-15878.15
-14371.78
-17922.14
-18650.12
-16907.48
-15971.77
-14858.78
-13051.75
-12455.37
-7859.657
-8292.168
-8676.264
-8306.395
-7694.94
-8607.775
-7588.34
-6945.098
-5869.629
-5709.131
-5342.469
-5131.998
-4645.867
-4326.035
-3530.479
-3398.063
-269.9899
-557.1487
-388.5508
-650.9795
-551.4426
-802.5765
-996.8296
-1379.153
-873.9928
-991.5306
-1141.981
-1112.919
-771.4978
-293.7972
-175.4042
791.9804
1826.228
1951.951
1886.448
1630.32
1399.946
813.4652
733.4858
608.3111
465.9087
445.7499
765.4676
210.8405
597.5439
787.348
857.9898
760.7109
801.2271
630.6167
555.1612
548.5979
649.6096
523.1944
8.710286
179.6338
68.42497
-1258.733
-1118.048
-1001.131
-1319.999
-1067.534
-344.748
-367.7925
185.6697
242.2954
839.3489
4180.481
3986.827
3805.973
4088.897
3849.954
3803.145
3330.182
2729.806
2971.376
2782.413
2858.167
2922.112
3521.845
-10.40579
681.8466
8269.161
7845.443
7342.845
5298.501
5156.475
4658.977
63150.59
58637.17
54590.44
50704.7
47470.41
44433.37
41434.71
39097.2
36719.47
34388.65
32001.21
29884.25
28269.76
26587.85
24720.94
22829.78
21518.4
20093.49
18733.22
17401.54
16685.58
15254.39
14393.28
13669.82
13755.33
13083.03
9648.258
9044.097
115618.4
75073.71
69694.99
66157.46
63136.99
58998.54
54483.35
50751.71
47562.04
44491.45
41075.59
38072.95
35174.81
32709.48
-20683.61
-19611.57
-18225.29
-17351.73
-15994.47
-14526.25
-12289.19
-11322.04
-10183.58
-9119.726
-8623.366
-8046.159
-9329.862
-8632.796
-8337.028
-7893.301
-7099.33
-6188.56
-5530.414
-6354.727
-6004.567
-5724.974
-5217.851
-7508.446
-6894.515
-10750.17
-8825.652
-8693.636
-7939.779
-6831.95
-5272.111
-4867.094
-4472.975
-3998.778
-3028.519
-2230.81
-1912.537
-1544.853
-1457.45
-1318.174
23751.24
17856.75
17220.43
16530.32
25477.01
19712.72
18376.78
16562.82
16240.31
15073.89
14153.33
13161.64
12470.66
11605.08
10998.91
10265.08
10008.58
9425.251
8875.171
8091.63
6998.327
6800.737
9051.793
7766.836
7515.48
7229.347
6747.872
6204.19
5526.485
5511.902
5519.082
4948.983
4745.359
4906.229
4741.214
4445.272
4312.29
4530.899
4739.107
4587.167
4543.24
4342.442
4988.854
4256.713
4236.309
5305.423
5095.027
7711.974
7280.588
7120.832
7083.826
6369.044
6304.299
5255.982
-237104.5
-220078.8
-204485.8
-162916.2
-151589.4
-138735
-128448
-119925
-111120.5
-103022.3
-95701.2
-88363.76
-81636.12
-76262.9
-73452.63
-68125.3
-63360.76
-85483.79
-79090.62
-72897.71
-67140.25
-35786.42
-32783.34
-30508.51
-28299.48
-26147.6
-24161.86
-22466
-21100.78
-19391.94
-17700.78
-16241.87
-14673.79
-15942.69
-16194.55
-14921.03
-12991.58
-12223.27
-11129.51
-10134.93
-9171.421
-8103.553
-7149.698
-7484.794
-6610.823
-6542.242
-6031.018
-8206.22
-8677.511
-3825.608
-3548.413
-3486.81
-3308.673
-3137.112
-2273.27
-1463.26
-1444.09
-1443.821
-965.7261
-625.3477
440.5163
134.9965
199.8275
253.7488
42.81825
-50.13662
-81.20179
-2065.243
-1779.269
-1426.315
-646.0695
3.786213
-173.7604
-669.4204
-578.6957
-323.4301
-151.2296
-273.7213
-309.9554
-279.5011
-615.0427
-493.2108
-328.4366
31.79777
668.8382
-1753.741
-3066.996
-2502.117
-2285.312
-1963.107
-1703.912
-1046.755
-1403.192
-1512.603
-1756.769
-1429.519
-976.3655
-701.2037
-344.9989
-1106.526
-4234.018
-3892.553
-3543.096
-3278.026
-3672.092
-4045.766
-2984.482
-2753.569
-3101.258
-2879.326
-2423.547
-2171.202
-1946.127
-1723.146
-1340.2
11433.22
10999.18
9868.419
9180.723
18338.65
17159.36
15885.96
14028.75
13008.2
12236.65
12337.74
11761.91
10901.85
10140.66
9706.734
8825.64
8281.415
7962.308
8465.153
8103.794
7939.579
7491.985
8433.396
7977.426
7475.044
7255.323
6093.307
6189.994
5899.471
5726.55
5208.325
5771.281
24719.06
23025.17
21543.97
20137.7
18663.52
17327.88
16109.25
14648.26
13699.12
12838.78
11978.56
11035.65
10992.5
11124.3
10480.82
9698.394
8678.91
7996.094
7448.597
-1120.356
-1128.226
-1027.646
-656.7127
-221.0278
-1626.829
-1231.808
-1243.819
-1120.143
-474.9339
-821.4851
-527.8129
-731.1624
-537.5377
-252.4809
-194.371
-2609.696
-2545.472
-2094.084
-2029.837
384.3495
513.6008
-3735.907
-3572.193
-3098.249
-2555.683
-2309.513
-1983.757
-1627.503
-1898.773
-1765.925
-1792.832
-2395.408
-2390.539
-2194.135
-2012.741
-2037.093
-1273.017
-2167.987
-1953.798
-2048.443
-1728.27
-1137.372
409.7659
350.1055
299.9631
679.7091
725.9813
753.9551
799.918
531.2913
496.4648
514.7375
383.8835
117.6998
-43.29488
-2798.432
-2665.661
-2359.992
-1958.751
-1793.048
-844.3201
-5455.061
33836.42
30563.95
28192.41
26245.35
24297.9
22247.14
20436.59
18910.6
17828.5
1698.044
1391.53
1349.18
1273.406
2297.48
2207.285
1847
1478.984
1625.216
2077.65
1480.491
-86106.52
-80117.24
-74267.6
-69638.45
-63860.52
-59158.64
-55230.33
-51041.67
-47389.3
-44332.75
-40863.77
-38215.76
-35273.85
-32560.45
-30727.21
-28580.15
-27916.97
-25763.97
-24277.83
-21614.93
-20262.93
-18352.9
-16804.31
-15264.96
-13291.43
-12420.07
-11689.88
-11998.02
-10821.44
-9222.075
-7830.587
-7084.565
-9899.816
-9756.961
-9060.548
-7730.26
-8887.162
-9366.959
-9127.133
-7916.392
-7326.014
-6806.104
-2939.35
-3077.064
-2596.147
-2761.79
-2809.167
-1799.237
-1504.826
-1399.559
-1247.202
-1206.428
-559.0275
-457.1953
1283.178
208.4031
446.2057
-2814.39
-2308.805
-2232.111
2768.26
2537.204
2445.003
2685.462
-29172.04
-27120.54
-24806.05
-22866.74
-20943.71
-19946.88
-18241.24
-17319.67
-17498.99
-16106.59
-14936.63
-14270.72
-13547.75
-14029.06
-12917.36
-11108.08
-10423.65
-9895.029
-10501.85
-9811.94
-9410.289
-8694.647
-8083.145
-7544.927
-7994.868
-7393.48
-8145.327
-7496.948
-7775.326
-7240.585
-6439.871
-6144.685
-5742.464
-5327.56
-4912.291
-4365.474
-4071.732
-3957.836
-3679.379
-6633.845
-5992.031
-5337.409
-4977.674
-4538.222
-4244.7
-3334.036
-3144.446
-2887.767
-2552.734
-1533.537
-1646.856
-1891.473
-1776.213
-1573.974
-1662.899
-1672.961
1074.237
1054.534
769.4073
180.6798
-1597.348
-1336.504
-382.3203
1.905126
-13399.5
-13086.68
-11925.74
-11962.73
-17096.16
-15432.99
-13905.42
-13170.92
-12804.87
-11967.66
-11764.52
-10948.67
-10158.01
-21976.48
-20528.61
-18809.76
-17216.49
-16134.21
-14972.59
-13675.64
-16957.14
-15090.38
-14011.28
-12950.81
-11647.46
-10245.41
-9829.905
-9240.61
-8525.163
-7719.628
-7010.105
-6235.569
-5617.468
-5964.161
-5911.625
-5798.164
-4568.005
-3884.646
-4259.905
-4057.257
-3881.7
-3218.946
-3139.496
-3921.646
-6422.263
-5845.388
-5569.79
-5101.226
-4751.207
-4380.757
-3966.218
-3556.711
-3443.037
-2353.576
-2297.176
-1981.108
-1890.6
-1845.569
1163.952
1224.777
-8688.274
-7975.293
-6588.554
-458.6281
-844.9623
-1592.353
-1027.436
-838.441
-422.7125
-140.1747
1572.051
1614.644
1284.131
309.1517
305.7602
-781.1834
-3201.665
-2746.099
-2471.249
-759.2697
-624.7978
-551.8861
-1095.156
-1201.628
-821.7786
-2480.59
-2330.648
-1901.979
-1528.976
-1161.341
3274.727
3501.702
3384.131
3158.973
4291.129
4450.499
4068.715
4002.859
3725.582
2375.498
-725.6227
-591.3819
-223.5165
-355.8401
-244.2511
181.0475
471.0543
639.0191
535.3786
841.7188
788.3805
877.0487
480.7149
691.648
815.3971
741.0805
767.0864
784.6113
541.4111
709.1994
-3683.513
-3392.601
-3072.079
-2517.96
-2063.75
-1850.682
-2344.778
-2016.872
-1691.274
-2167.376
-1213.06
-1353.5
-873.4817
11294.7
10889.4
10364.84
10312.2
8563.721
8607.658
8361.81
7547.402
7250.681
7235.824
6712.7
6139.577
6109.918
5679.812
5207.145
4998.034
4607.306
-592610.2
-550474.9
-511153.8
-474887
-441104.9
-409590.4
-380655.1
-353612
-329135.3
-305771.6
-283893.4
-263544
-244906
-227779
-210826.9
-196743.5
-181945.5
-168679.9
-156358.5
-145479
-134830.1
-125301.3
-115334.4
-106788
-99355.42
-92001.17
-85974.79
-79577.02
-73580.58
-68088.7
-63287.7
-58628.46
-53856.69
-49781.76
-46463.05
-42989.48
-39873.03
-37199.38
-32850.29
-30492.67
-27969.97
-25999.03
-25762.8
-23741.66
-24039.52
-21899.4
-20493.2
28309.41
26575.57
17107.79
16169.02
15162.94
14015.39
14175.78
13498.3
17244.61
16419.2
15474.89
14620.93
13552.53
12303.67
11072.03
10366.87
9714.342
8830.515
8760.965
8182.255
7547.443
7466.231
7108.907
6836.697
6657.018
6241.154
5655.615
5396.15
5153.822
5021.518
3097.752
1583.304
1034.447
1111.173
1572.782
1891.559
1395.166
1295.561
1776.021
1878.25
1896.07
1586.359
4127.81
3889.97
4018.019
1870.588
1838.386
3456.833
3570.385
2695.162
2577.651
2395.01
3405.268
3356.482
3028.903
3301.645
3033.099
3464.038
3691.928
3630.299
3453.079
3490.396
3267.455
2355.708
2568.585
2250.375
2124.596
2673.379
2576
2080.72
2078.837
3424.305
3411.824
3212.916
3502.939
3263.033
3143.301
3060.127
3156.844
2791.119
888.5135
926.9734
1176.29
1587.529
1891.555
2009.667
1507.578
1806.956
1556.149
917.4156
7177.832
6499.264
5688.175
5560.356
5209.055
5162.909
4772.733
4503.356
4199.29
4097.027
2712.918
2702.813
2750.65
2855.311
2753.272
2742.781
2667.821
1641.541
1888.925
1875.158
1203.81
1318.888
778.9137
783.7044
-2946.421
-1365.299
-974.0871
-339.1519
-439.6589
-441379.8
-409713
-380351.9
-353334.3
-328326.6
-304926.7
-283581.7
-263377.1
-244538.5
-227100.7
-209877.9
-194699.2
-181021.3
-168554.1
-156977.9
-148693.6
-138140.8
-128068.6
-117820.4
-107572.1
-102794.8
-95047.45
-88673.61
-82133.33
-76322.51
-70756.84
-65532.72
-61418.7
-57528.62
-53365.52
-49352.54
-48408.96
-42512.41
-39364.39
-36032.57
-33533.59
-30831.98
-28778.71
-25882.11
-23814.73
-21238.37
-21586.79
-20091.65
-18590.38
-17324.22
-16157.37
-15458.7
-14102.01
-13073.8
-11650.96
-10633.3
-10766.34
-9699.254
-9016.661
-8294.147
-7603.786
-2815.035
-3070.194
-2905.343
-2866.277
-2669.081
-2274.827
-2100.975
-1813.393
-1855.511
-1612.342
-1150.564
-871.4678
-333.7934
357.5305
-4528.201
-4225.332
-3780.963
-2749.844
-2231.803
701.8887
723.2104
1066.819
1130.662
1297.325
1139.394
724.6697
625.1723
935.0435
1095.845
976.4708
803.3332
1289.541
1312.946
1150.267
1102.611
2157.672
2917.899
2445.292
2433.755
1183.197
1289.158
1110.652
2526.911
2604.763
1964.269
2282.976
2431.637
2683.317
2641.768
2971.52
2193.115
2196.141
1849.354
1954.9
-1252.97
-1085.37
133.8265
226.1185
99.48273
217.9603
137.4678
542.9206
-1226.668
-934.3073
-734.4958
4784.219
4689.027
2969.47
2181.468
2039.669
-7922.318
-7301.072
-6630.391
-5477.597
-4614.963
-3361.836
-2873.505
-2486.528
236204.5
218506.4
203027.4
188730.7
175204.6
163995.4
151739.1
141180
131118.4
122285.9
114117.8
106006.1
98662.15
91420.69
84714.31
78226.79
72685.48
67545.81
62940.97
59520.53
55552.13
51799.38
44677.23
41489.55
38088.43
35765.73
31183.84
30083.55
27826.35
23453.72
21903.92
20779.19
19472.23
17810.28
16658.78
15389.55
10521.21
9932.597
9164.68
6369.796
5687.818
5397.638
5057.817
4844.938
4462.923
4058.114
4028.488
3632.782
3367.561
2416.72
2265.004
2138.903
2004.49
-115.7178
-376.8139
-320.903
15.64979
-538.1838
259.5691
-280.5063
62.74038
233.6487
-281.1643
24.08223
268.2907
517.7248
1610.725
1458.113
1307.976
1132.595
904.2836
776.6765
1011.755
1111.837
1294.566
759.0773
559.4733
568.9648
385.3686
448.3245
-2037.215
-1976.25
-745.5421
-508.6202
-480.672
-4346.971
-3793.187
-3476.613
-3395.245
-3200.417
-3047.345
-3038.827
-2632.174
-1388.235
-1446.564
-1257.565
-1056.376
-818.3204
-1289.401
-1295.019
-1423.76
-1100.142
-958.3956
-282.2592
55.17719
-2097.441
-2792.95
-2394.969
-2328.827
-2018.453
-1724.617
-1651.164
-1648.202
-1434.439
-1557.609
-1919.974
-1785.216
-1561.348
-1011.031
-980.6046
-962.433
-703.3502
628.3863
551.5581
-48.14799
-496.6179
-1464.957
-1167.584
-4980.795
-4900.332
-4763.995
-4434.14
-4289.391
-2515.11
-2151.448
-2588.14
-2384.755
-2198.292
-2555.412
-1943.698
-1796.866
-1319.628
634.8951
-39.93207
-193.7154
167.479
-457.1572
1025.769
765.5148
1039.142
666.4948
-3284.525
-3001.998
-2636.821
-2186.15
-1862.34
-1787.22
-1731.683
-1472.635
-1090.28
-533.8271
-154.0027
-981.4334
-709.2341
-845.4077
-680.3505
-1371.349
-38471.92
-34553.89
-32230.36
-29358.11
-28474.39
-27204.58
25414.45
23875.55
22349.74
20905.5
19716.86
18359.96
17337.76
22253.11
20695.51
19940.9
19696.34
19006.56
17704.56
12323.66
11626.16
11008.46
10496.33
11366.32
10713.93
10347.05
9560.076
8710.725
9464.678
8736.924
7821.913
7392.816
6643.527
7609.205
7506.177
5055.19
4641.814
2249.3
2169.291
2218.227
2453.922
-4317.073
-3736.274
-3688.674
-3034.904
-3050.751
891.3576
1216.578
1270.084
1448.641
1520.37
1525.844
1544.953
1419.916
1646.452
1759.304
89752.43
83219.43
77402.25
71940.64
66651.38
63069.15
58795.39
54018.27
48736.28
45528.87
42483.8
39348.32
36354.51
33269.03
30957.52
29006.12
26991.34
24964.56
23366.86
22639.93
20932.81
19784.88
18570.61
16705.15
14635.73
12753.41
11603.05
11559.33
11242.46
10647.52
9392.458
8896.009
8617.689
7735.507
8000.758
7515.841
7255.851
6678.202
6421.482
5560.411
5287.905
5077.333
4926.919
4591.089
4695.191
4583.092
5092.396
5446.092
5425.041
12943.67
12213.59
11470.28
10716.79
10784.81
10326.06
9888.201
9377.099
7942.673
8033.584
7663.674
7627.346
7203.352
6918.637
8788.773
8687.109
8534.825
8241.31
7737.594
7242.924
6918.585
6719.836
6558.431
6273.813
5378.151
5051.056
4916.837
4053.174
3933.14
3956.293
3814.83
3571.547
3626.619
3443.955
2451.491
2143.851
2224.699
1893.313
1438.343
1332.518
1294.367
-2630.273
-1989.202
-1641.232
-1644.345
-1433.44
-981.1075
-1044.489
-702.7421
-468.2526
-570.249
294.3378
12150.3
11725.56
10784.51
10276.43
9116.939
9189.569
8648.441
8216.919
7664.18
7257.937
8905.738
8514.511
8214.905
7814.016
7663.023
7112.886
6388.793
6118.333
7026.572
6653.26
6432.778
6182.548
6873.243
6688.533
6354.557
-20041.57
-12462.59
-11038.92
-10064.36
-8984.858
-7982.168
-6991.647
-6321.334
-5506.528
-5038.332
-4302.783
-3834.798
-3369.461
-3064.235
-2567.354
-1914.573
466.7471
349.2524
1800.116
2162.878
2126.754
1793.131
1824.151
1334.058
1165.657
727.9367
752.8098
901.1351
1082.877
1456.089
-1697.236
-1697.475
-1211.188
-788.3151
-485.9734
-483.0529
-136.2175
-279.4337
128.8757
398.994
939.9983
797.6029
730.1827
286.5993
1280.436
1012.642
1067.278
593.3364
11832.44
11452.35
10781.37
10216.28
8775.346
8198.703
7741.879
-15748.99
-14542.01
-13381.21
-12896.84
-11582.69
-10553.03
-9732.551
-8823.648
-7946.045
-6991.302
-6641.167
-5934.513
-5773.376
-5517.597
-4829.652
-6211.529
-5597.82
691409.3
642794.6
597273.2
554928.3
521640.5
485193.7
450808.7
419069
390402.5
362529.5
335820.9
312953.9
290901.7
270905.5
252632.7
234789.5
218361.7
203288.2
188908.6
176216.7
164850
150242.3
139465.2
130058.9
120831.5
112700.4
87590.09
81356.57
75878.35
70733.47
65857.8
60988.95
57001.7
52652.24
49327.68
45882.94
42928.06
39770
37071.48
34713.7
32381.57
30334.24
28426.86
26430.92
24589.1
23228.4
23779.48
22073.59
20644.03
21118.61
19697.86
18281.69
17272.65
17066.73
16603.16
18227.01
16687.93
15884.47
15234.23
14510.89
13363.57
12800.36
12134.01
11534.04
11107.09
10758.93
10197.02
9602.258
8823.869
8434.984
7907.374
7455.088
6343.48
5144.062
4786.668
4909.508
4772.228
3513.634
3367.77
2858.881
2787.044
2515.587
2481.951
1557.218
1839.939
2168.872
2153.793
2111.52
1890.456
241.5056
-687.5209
-347.5671
-159.3829
-594.4851
927.522
-3423.72
-2772.88
-2479.56
-2334.471
1119.254
1111.109
878.9684
711.3694
504.7202
222.5733
-22491.85
-20977.98
-19501.51
-18042.34
-16714.58
-15542.58
-14502.1
-13306.37
-12109.11
-11924.63
-10646.97
-9708.598
-10170.1
-10170.23
-9230.955
-7802.972
-7430.9
-6757.269
-6319.535
-6122.549
-6663.772
-6727.614
77992.01
71140.65
66001.73
59280.98
55415.24
51880.17
48366.71
44853.82
42040.65
39150.76
36844.76
34925.5
32170.55
30058.15
28200.91
26425.77
4461.656
4344.488
4032.55
3907.671
3320.348
3263.776
4458.716
4110.48
4146.483
6191.775
5461.09
4722.377
4166.651
3983.41
2200.179
2322.961
1654.057
1930.927
1861.493
1808.978
1897.297
1766.863
1602.558
2023.515
2220.241
2303.065
1524.008
2200.253
2317.756
1792.528
1341.413
1542.013
2266.577
2350.99
3204.269
3068.103
2622.335
2675.169
2480.43
2575.925
2060.617
1986.008
3010.543
3206.491
2707.893
2572.874
2251.915
2135.604
2048.843
1940.57
983.3209
1327.775
1590.464
1492.391
1597.13
1220.956
793.1835
749.1828
3309.881
3206.038
3119.545
3544.634
11612.35
11291.81
10516.14
9666.971
16677.29
9778.667
9157.194
8783.547
7219.29
6464.968
5974.734
5729.431
5483.849
5142.609
4959.234
4798.293
4719.426
5030.683
4842.997
4227.408
3730.467
3972.699
3749.068
4601.763
4234.774
4622.275
4283.776
7175.394
6530.14
6013.205
5640.327
5317.989
4883.197
4010.363
3810.213
1435.804
1531.438
-17043.56
-16396.72
-15277.94
-14263.73
-12944.79
-11628.03
-11227.93
2205.683
2228.597
2289.477
1734.724
1603.316
-85.28359
-178.5122
-58.43506
-1218.427
-1074.587
-547.198
-738.6714
-676.2213
-622.0395
-138.0097
-663.5425
-304.2033
-453.1144
-311.5539
145.5708
1915.762
1888.735
1838.14
1793.275
1532.838
1538.319
1487.984
1321.747
1343.88
1348.342
1591.513
1556.158
1658.444
1597.052
1517.48
1599.398
2364.394
2982.525
3596.516
4152.322
4374.688
3027.86
2861.195
2880.331
2805.391
2580.253
2124.021
1629.431
1222.589
761.083
1006.676
1223.064
1260.385
1394.937
1143.331
1492.467
1442.421
972.5813
1010.513
1009.911
725.2401
608.7726
773.0338
786.4478
-17190.89
-16145.52
-14314.47
-13050.6
-12159.95
-12371.45
-10885.77
-9945.232
-8864.574
-8115.604
-7354.682
-6796.27
-5558.956
-5010.762
-2906.276
-2451.476
-2042.698
-1802.443
-1464.755
-628.3671
-319.0936
-407.6616
-201.8307
22.7418
524.6607
872.9301
1037.912
-6132.929
-5729.027
-4711.65
-3579.118
-3337.828
-2842.61
-12066.91
-10979.87
-11114.35
-10816.04
-10225.15
-9845.909
-8254.518
-7314.845
-6472.462
-6141.456
-5615.874
-4332.417
-4154.332
-4953.416
-5000.918
-4441.563
-4147.06
-3773.73
-3048.088
-2621.957
-1929.811
-1439.82
-1341.355
-1072.073
-808.227
-536.894
-243.5279
0.1267867
1627.202
1106.953
923.5828
962.1509
1065.986
1446.365
1856.566
2881.09
3167.992
3223.642
2167.259
2111.266
3010.623
3210.851
3159.698
2803.4
2728.527
3429.021
3700.476
1938.313
2109.901
2014.047
1710.011
1769.279
1877.284
2259.238
2262.116
2099.487
757.0164
1160.766
1284.431
1898.815
1986.462
1735.961
1829.135
1616.777
1582.69
1815.856
2071.984
1957.519
1721.48
2164.823
2414.508
2453.171
1691.417
1681.584
1903.894
1945.636
1781.172
1829.833
1460.941
1690.73
2855.291
2466.031
2724.418
2640.64
2818.404
2875.122
3210.226
3212.805
2435.116
1870.477
2242.78
5012.183
4368.97
4154.286
4217.46
3453.06
3568.411
3541.933
6972.191
7056.009
6486.801
6213.821
5967.844
5885.075
4701.711
4345.28
4273.862
4277.91
4089.326
3972.922
3677.004
3861.573
3917.953
3553.205
3178.273
2848.005
-169.6853
154.1672
551.5044
1534.498
1238.828
1913.852
2067.401
8783.05
8224.029
7479.35
7399.258
6921.479
11469.32
14475.21
13844.86
13332.58
14029.1
13162.56
15605.01
14432.89
13110.06
11905.56
11179.98
10621.31
10094.34
9564.411
9083.428
8612.867
8859.545
8060.838
7769.696
7436.526
6328.255
6123.976
6109.365
5936.121
6590.257
7993.012
7969.887
11299.02
11163
10256.41
9612.15
8929.624
8619.58
8207.336
7793.726
7472.954
7541.551
7449.875
7146.61
7044.308
7189.129
7005.867
6757.785
6425.525
5819.481
5432.341
5034.801
3626.252
3903.836
3913.034
3313.61
761.6895
1001.064
860.4862
1068.399
7044.464
12464.41
11712.46
11431.21
