174.0124
26.30277
85.57951
-26.04122
461.483
-13.31016
332.6371
104.3991
124.0407
-991.8704
-46.03015
6.519802
-97.25478
-288.5022
32.1218
93.61157
184.2781
67.33465
150.4024
32.1314
23.5246
-13.96334
-118.503
-17.06668
387.8069
46.70834
220.179
681.3125
4332.066
362.0711
1138.387
251.2499
118.0544
145.8069
128.595
125.2771
18.05473
981.8993
309.7865
92.01048
67.82773
204.4445
154.9646
-226.2881
105.5657
97.95705
214.5338
30.72785
692.7813
44.02243
192.6957
253.2908
179.2557
122.6337
6.956352
3.994396
-150.6019
-357.0365
132.497
73.76196
136.8164
450.0065
421.2141
-166.4825
541.5764
-5.173328
95.30172
246.9305
-9381.378
-508.5101
-587.5158
-38.7833
92.17869
138.2973
77.24096
46.06618
-75.96681
-179.4402
134.9443
188.6202
215.9648
379.6068
390.5512
95.25534
41.491
-580.3759
73.70424
-4808.568
-410.1448
-55.98209
377.0757
212.7786
327.6928
222.384
-85.63608
781.0157
167.6967
220.9202
178.9909
362.6108
86.93278
-10.51782
242.5832
126.211
20.63011
153.0818
309.8285
102.9395
204.1852
407.6217
228.5861
242.0088
61.45412
1294.137
293.0155
122.6731
256.7233
263.106
-295.9427
135.8803
170.0556
220.1205
335.7403
411.0193
256.2419
339.9984
137.7944
-1568.589
23.15281
107.2942
350.1326
160.3261
208.682
32.4722
-122.6844
91.4304
805.1779
274.6522
326.7305
557.1316
189.949
7014.841
932.1469
186.6095
235.1253
185.5987
-11.61353
28.03892
931.9332
436.7333
128.7892
86.90343
66915.02
5863.417
709.3862
577.7244
160.1335
421.9255
11.08852
196.0678
240.0595
34.94675
37.82038
129.5755
53.31458
-2.169466
135.0129
166.2689
4.87106
128.4221
245.7205
103.2458
298.1003
273.0483
176.242
-167.0042
-3465.006
-165.4859
372.889
161.7566
179.9435
74.47947
197.8644
233.5447
247.6093
1935.243
54.11404
198.4504
106.2935
-416.0169
146.0388
134.1471
8.176297
129.8557
123.2382
116.9299
245.6854
168.0874
36.91461
-61.42713
991.7164
1202.928
161.4207
25.87097
-79.43098
476.4917
285.3658
2286.619
464.7295
90.57395
227.9503
141.603
171.562
121.7552
263.1757
254.1298
113.5894
185.2874
184.8207
-225.9742
95.40038
174.9743
-43.54585
114.1557
145.317
-7443.013
-575.9059
31.80789
-7.785854
-4538.841
-1023.247
33.46597
81.87663
466.2712
177.0162
18.52274
144.0322
-8.717568
-107.3539
-88.34412
-203.0809
211.1706
-72.28381
165.4772
208.6516
202.8896
437.7458
-146.526
64.20908
-569.0128
7536.272
-2017.042
-303.4736
119.3795
183.1576
-85.18944
159.0251
-628.3705
82.52799
30.92591
-305.3452
1.19875
-236.6638
806.7158
105.5064
115.3692
92.25811
44.93324
-223.9055
162.3369
132.7173
-79.71364
305.4321
-83.8098
43.22523
59.44159
85.19668
89.1171
10.047
0.01940786
56.06656
43.86237
5.258201
921.188
265.148
432.9867
220.8696
-57.8609
-216.2058
-764.6712
-278.3
-1959.271
-98.78013
14.38555
150.7694
-30.69273
69.21247
47.25983
-8771.315
-1096.108
-23.14507
-21.28638
86.02587
275.6648
-21.39119
-22.73367
-84.22737
286.2143
-123.5253
-177.1385
-23.23678
-8.313348
-1115.881
-157.9496
-926.3801
-185.8729
147.7077
-45.56639
13.71814
-53.35848
84.87004
524.0663
32.09767
-12.43816
51.80497
-471.2611
-182.183
72.81549
109.2016
1060.242
-44.76388
-25.24647
-81.96593
-326.4326
1263.9
90.35654
208.5573
244.1876
-1485.248
-364.8021
-1201.663
-99.99404
-1481.852
-156.5878
-94.03438
-69.47984
-283.7368
-57.02706
-34.03306
9114.231
613.1496
34.92293
373.699
-83.32037
-101.3347
-342.8191
-121.5527
-634.784
-254.7739
-96.15258
930.0046
-51.50371
3204.283
103.1041
-134.0473
-178.4798
-131.1011
-61.46517
-209.7412
-262.8498
-31.28004
-317.5419
107.9271
156.1794
-204.8434
-80.88195
-174.6423
-200.4997
-306.9234
-324.9228
-141.162
-45.18223
-361.4246
-286.8585
-18.57689
20.31639
-51.4951
-241.8889
-255.0713
-2014.413
-288.0955
-181.9467
-55.98028
-122.8891
-131.8469
-213.0709
-41.0186
-168.3572
781.695
-73.09264
-294.6877
-1064.334
-286.1948
-230.0854
-319.892
-1407.885
-333.2839
-280.6605
-1.941189
-287.7392
-263.5618
-402.5646
34.5674
-161.6389
-116.5951
-300.6585
-611.4626
-406.7203
-226.2837
-495.1256
-226.4851
-140.776
-770.5053
-215.8372
-413.4139
-305.9887
-319.6338
-300.3158
-265.9899
-281.4283
-422.2906
-338.3301
-345.93
-361.471
-150.7608
-223.0819
-277.4098
-308.7331
-150.0732
-302.7549
-332.5934
-398.1296
-423.0031
-318.6443
94.78817
-528.033
-363.3916
-380.2377
-426.9993
-513.6909
4157.253
43.27981
-383.1677
-383.7473
-448.3327
-667.6724
-335.6276
-484.9216
-254.4918
-278.1417
-394.7751
-448.4957
-379.9079
-431.9356
-408.23
-357.5362
-316.6139
-353.3771
-442.8007
-409.3403
-445.1814
-410.1361
-449.1082
-373.8043
-200.5028
-437.5526
-309.7634
-402.5014
-495.7242
-337.4739
-264.4348
-573.0064
-366.9193
-234.4814
-372.1672
-471.2711
-350.1446
-389.4301
-425.6966
-513.0387
-334.7761
761.4472
-15.83531
846.3235
-320.9883
2.573901
-466.7987
1018.177
-366.3377
-333.4225
-501.2316
-559.7149
-692.7759
-368.4837
-422.1354
-489.5577
-630.7726
-581.9816
-373.4525
-585.9045
-490.9273
-502.1802
-539.4701
-515.4389
-565.9696
-1129.262
-546.8201
3367.427
881.5054
-477.3415
-305.6227
-285.5516
-613.5507
-684.7133
-438.8097
-768.984
-449.3293
-472.8768
-561.366
-235.4127
-474.0488
-591.7106
-440.4779
-481.9121
-630.2513
-463.754
-568.2634
-569.7504
-208.1102
-667.158
-579.1345
-1065.206
-640.1882
-610.2264
-369.4047
-117.5678
-479.375
-1870.085
-825.8113
-620.4253
-1843.28
-750.9182
-1189.678
-437.998
-610.8177
-541.3661
-472.7807
-658.0559
-859.7625
439.9632
-257.2077
-584.8587
19785.78
1042.115
-478.5397
-608.8195
-804.7084
-620.5976
-895.7513
-400.3725
-568.1211
-3993.81
-1898.303
-694.2994
-316.9785
-559.0352
-641.5191
-620.9628
-706.854
-523.2945
-864.5429
-740.1503
-619.0433
-683.9486
-528.8326
-650.3279
-502.5608
-1252.529
-779.0976
-652.3186
-585.2469
-647.3976
-706.4563
-651.6298
-694.4375
-343.9507
-663.257
-1049.55
-925.0636
-793.6625
-599.2119
-610.4187
-524.9052
-737.9667
1279.367
-938.6372
-707.218
6839.357
152.4736
-597.0645
-558.0131
-577.5223
-741.4291
-637.9011
-862.4954
-1119.706
-747.7558
-694.6834
-679.2733
-1956.366
-1846.722
-1283.272
-741.0623
4252.2
-670.2375
-841.9636
-711.9745
-485.8301
-1661.051
-787.4137
-681.1241
-1680.511
-768.7531
-9779.867
-1208.824
-813.4446
-709.3258
-669.5801
-693.3128
-736.3733
-768.3281
-769.0341
-452.6669
-591.511
-719.4274
1092.182
-641.5503
-501.2176
-831.4799
-1188.422
-663.557
-422.9655
-905.8394
-590.4884
-911.0303
-803.6214
-800.3055
-1680.434
-251.3057
-636.3249
-753.8789
-561.6086
-743.43
-825.9707
-750.262
-418.8167
-754.1114
-800.7866
-627.8864
-783.6214
-534.187
-723.7002
-222.381
-796.1305
-700.6782
-834.8913
-871.4425
-831.3279
-834.6362
-627.082
-990.0905
-776.4413
-676.647
-444.6582
-657.9319
-940.1129
-754.9155
-750.9453
-860.2578
-866.3386
-991.6157
-762.0293
-787.0224
-996.0834
-1122.439
-624.839
-797.3722
-745.5888
-1052.3
-731.765
-577.8273
61.03181
-763.9884
-763.3279
-744.7689
-1143.086
-709.8154
-483.1803
-2026.59
-863.2411
-898.8997
505.8104
-138.9238
-775.9128
-795.8923
-690.1008
-688.9654
-626.2698
-805.0828
-329.6148
-766.7179
-675.0669
-4042.684
-676.8099
-862.3328
-840.4494
-783.5253
-764.0953
-668.1549
-930.2029
-683.0334
-862.5331
-860.0342
-6154.804
-1715.555
-1221.316
-836.173
-975.1269
-736.6901
-740.204
-286.97
-834.0607
-713.3877
-2726.336
-3436.971
-987.6024
-881.2516
-455.2191
-717.0584
-767.9919
-918.2671
-756.232
-718.618
-826.7816
-6735.578
-1546.346
-851.6101
-768.6413
-1016.008
-678.7404
-741.6834
-451.6007
-2971.498
-930.2639
-487.7117
-696.0932
-745.8254
-986.5278
-638.1863
-723.2024
-763.3379
-762.3336
-673.8241
-1297.097
-834.174
-765.401
-2219.861
-1068.719
-1060.812
-162.6101
-746.501
-283.54
-757.4917
-765.82
-841.1039
-746.7094
-752.0334
236.9533
-640.9671
-416.4821
-391.9932
-847.5749
-1025.44
-599.4573
-749.3808
-453.1872
-766.7376
-713.1321
-791.7615
-803.8509
-1066.214
-808.9511
-605.1676
-671.3855
-725.634
-828.9933
-819.038
-984.8797
-791.6724
-782.5127
-777.2755
-515.1482
-534.3014
0.6204074
-1668.842
-615.0934
-1003.591
-829.3121
-778.0523
-802.085
-876.8833
-852.8129
-630.8047
-760.8758
-796.6657
-900.3491
156.0714
-566.7812
-585.3653
-789.9686
-872.0394
-222.3549
-824.2829
-1256.579
-721.7684
-574.724
-833.32
-4010.686
-892.2545
-759.9436
-161.5443
-547.7621
-1763.747
-1767.078
-924.4111
-626.8169
-523.6344
-805.5019
-662.4624
-706.8557
-726.2561
-585.3245
-564.8219
-365.1252
-736.5391
-478.1547
-665.0793
-666.7066
-1131.45
-458.9955
-728.5636
-619.4303
-704.65
-586.3815
-728.6879
-1193.161
-683.8928
-828.4807
-755.3883
-600.0821
-1940.703
-811.5484
-593.4392
-781.4247
-391.2279
-687.3456
-916.6048
-526.0161
-610.6945
-712.2181
-826.553
-615.1669
-290.3166
-649.1287
-592.3196
-232.8576
-245.3503
-717.8666
-194.7198
-1026.18
-772.5068
-730.7324
-755.0993
-1297.949
-526.0525
-809.5451
-729.3055
-727.0735
-643.8794
-827.1482
-736.9959
-660.1957
-199.9769
-673.3605
49.26483
-441.5752
-735.3528
-1170.533
-635.298
-509.6245
-718.6245
-728.8195
-634.1802
-208.3675
-629.8938
-927.3407
-807.2278
-614.9609
-567.6409
-811.9382
-728.6119
-739.4824
-597.1303
-591.1743
-772.9371
-717.4689
-580.817
-1050.412
-778.0492
-482.8146
-562.0601
-1116.175
-661.1684
-742.3191
-751.8043
-619.4301
-644.5358
-647.1043
-531.9686
-999.401
-827.1662
-708.7114
-767.4253
-325.2615
-557.8196
-530.3231
-736.4624
-450.1362
-257.2651
-908.4665
-600.4614
-642.6818
-643.6916
-507.7867
-711.0282
-660.8426
-610.121
-656.216
-534.2325
-695.2654
-602.9438
-546.7757
-630.7986
-17526.14
-1736.852
-687.7009
-665.663
-480.4168
-614.6662
-588.4699
-587.1943
76.55467
-742.0133
-749.2604
-465.7533
-672.1609
10820.84
420.2712
-422.7992
-125.365
-523.8652
-766.2358
-431.0999
-625.0697
-557.8001
-598.3554
-465.063
-601.6486
-1998.447
-1217.784
604.6996
-424.807
-632.3786
774.7333
-445.8488
-599.2379
-673.586
-86.53156
-587.5776
-452.0174
-626.7778
-508.5623
-559.1749
-817.4562
-1504.655
-676.7213
-545.6457
-465.883
-608.9537
-557.21
-622.8641
-330.3187
-512.8061
-600.36
-528.0923
-515.3534
-182.1653
-717.3009
-422.282
-396.5389
-514.3344
-648.5148
-541.2234
-486.1617
-707.6726
-586.093
-317.0172
-477.3436
-799.4403
-550.0377
97.23036
-807.5567
-1153.636
-1415.209
-1307.165
-535.312
-528.8123
-667.0488
-740.5882
-629.8611
-3269.207
-548.2767
-437.9173
-298.7441
-253.014
-906.3916
-560.4597
-590.2164
-519.1947
-475.9888
-545.034
-525.3916
-800.3811
-443.9633
-801.6753
-579.2827
-506.2867
-514.9548
-577.4465
-549.2805
-604.3307
-582.5871
-457.5151
-298.0965
-903.6784
-421.597
-575.6234
-586.9447
-590.3185
-566.7483
427.6559
-891.0881
-549.2566
-540.7762
-761.8907
-709.1968
-399.7908
-590.4285
-584.4517
-650.8728
-534.0326
-572.4042
-587.6115
-1532.7
-468.6349
-342.918
-345.3334
-444.6879
-517.7463
-473.7771
-584.9459
1248.063
-121.3494
55.92974
-564.4349
-763.9107
-564.673
-467.5274
-612.0144
-739.6445
-516.7191
-757.3488
-686.4087
-549.7003
-495.8824
-324.1357
-1670.237
-662.5713
-1075.49
-650.9164
-575.2424
-571.8828
-421.5288
-538.4565
-379.4311
-489.2921
-636.5004
-1225.349
-368.9059
-487.7684
-649.7013
-421.0115
-586.4128
-596.318
-364.857
-539.5342
-499.71
-538.5124
-612.3182
-385.7073
-764.4849
-554.4138
-448.3219
-267.319
-736.4904
-536.1645
-166.2848
-341.0166
-562.7932
-509.9092
827.0815
-539.345
-546.5029
-1061.716
3348.444
-260.7006
-1125.656
-211.1653
-695.3723
-535.3545
-1590.435
-626.1714
-652.5023
-605.5981
-617.747
139.8543
-600.3725
-780.2673
-631.3331
-840.3775
-455.1872
-235.5828
-458.1094
-459.3038
85.60974
-660.7
747.9569
-56473.74
-4920.457
-960.2731
-537.6845
-770.1698
-550.5598
-748.6391
-543.5329
-661.6714
-188.7136
-633.6374
-732.1374
-598.6171
-616.3122
-649.7769
-573.7964
-604.4709
-1073.192
-612.5135
-558.0702
-612.7068
-632.0882
8443.739
86.81009
1440.63
-506.447
-655.1765
-563.409
-650.3347
-705.1154
-285.1481
-622.6936
-363.3375
-626.7308
-476.6523
-580.7305
-690.3393
-479.7928
-563.4363
-660.4491
-76.2672
-448.3133
-633.6927
-711.7714
-577.2555
-669.1295
-1038.847
-736.1251
-938.8726
-1195.847
-481.342
-618.248
-680.4963
-608.1541
-4575.919
-828.4018
-631.0527
-810.7285
-615.8698
-704.7991
-1108.128
-765.1467
-646.1616
-2458.42
-1069.936
-743.9643
-826.16
-895.0547
-720.5715
-666.6098
-628.1088
2793.017
313.3229
-642.3644
-769.9468
203.6236
630.5935
-787.18
-657.7838
-696.6639
-1556.397
-842.8555
-2723.729
-904.8552
-674.9497
-695.371
-931.8152
-722.9528
-613.1864
-745.4389
-698.8883
-572.2418
-600.9441
-682.9391
-1136.088
-733.6204
-734.5395
-326.825
-640.9517
-619.6098
-833.9172
-712.16
-680.6201
-749.7192
-764.7934
-1058.616
-782.5851
-858.4821
-846.3012
-695.5846
-77.18521
-923.9643
-747.2416
-373.2515
-831.1249
-741.9968
-755.5835
-741.3077
-635.3657
-674.4934
-943.7954
-677.4747
-204.7428
-878.3501
-731.1146
-874.5778
-1656.352
-697.9466
-554.6679
-770.9038
-661.9508
-746.2323
-882.5637
-761.209
-627.7589
-903.1179
-886.3627
-714.5151
-808.8846
-1222.63
-902.7921
-779.9084
-589.7773
-862.7567
-839.2299
-1154.296
-908.462
-1329.856
-1240.72
-863.2352
-843.4255
-883.4563
-801.4067
-842.5488
-866.9247
-1108.378
-853.2116
-771.8729
-710.5362
-623.2083
-895.4013
-866.2045
-949.5609
-754.4498
-881.101
-833.2479
-836.926
-880.8122
-888.6108
398.468
-708.2839
-908.6191
-883.2744
-901.6242
-2520.385
-1019.095
-745.6362
-1166.67
-914.2232
-668.348
-838.2154
-879.0036
-1019.112
-1456.022
-937.1526
-830.5813
-514.7834
-688.7913
-947.6128
-955.4042
-1070.929
-968.6296
-1006.651
-1023.315
-938.8951
-459.2486
-1171.634
-2538.32
-1199.085
-858.9776
-1103.733
-1078.104
-999.2746
-630.9131
-469.8683
-834.7215
-912.9999
-959.8896
-863.0112
-921.8864
-863.4704
-1149.56
-750.426
-1093.595
-904.1914
-991.5636
-967.4892
-1064.753
-1734.898
-1437.266
-331.0539
-896.843
-985.297
-1038.56
-767.871
-888.8548
-996.0366
-1226.105
-1132.471
-925.3397
-1038.591
-986.38
-1030.313
245.9531
-922.3784
-854.4704
-1113.43
-959.5881
-1093.356
-1121.65
-986.4514
-1091.495
-783.9138
-1083.907
-926.1701
-1064.631
-1300.79
-1038.697
1881.453
-842.3242
-1062.291
-688.9221
54.08714
-1054.46
-1138.374
-645.6902
-1104.428
-824.5702
-849.1123
-1095.901
-587.04
-920.7365
-899.5249
-1005.486
-1110.223
-1177.669
-1135.123
-359.4893
-834.7364
-1840.279
-1410.974
-1375.754
-1038.963
-1136.958
-992.7609
-1099.608
-953.7223
-1551.724
-1085.264
-1145.88
1819.519
-768.4111
-1111.627
-1730.69
-989.0696
-1144.481
-1226.449
-4837.044
-1417.923
-1265.904
-1120.613
-1150.226
-1156.636
-1252.51
-1139.932
-1478.603
-1181.33
-1193.781
-396.2075
-1275.988
-1199.959
-1221.74
-1307.855
-1264.122
-1566.174
-1065.787
-1180.472
-1587.2
-1982.989
-1114.957
-1451.295
-1103.628
-1327.492
-1545.784
-1259.505
-1604.204
-1354.688
-1256.939
-1146.696
-1273.064
-1012.303
-1636.466
-1437.451
-1194.529
-1270.46
-1330.427
-1298.147
-1275.753
-1410.208
-1252.914
-1283.151
-1370.726
-1323.909
-1358.11
-985.4523
-1127.121
-1280.872
-1295.184
-713.0552
-1288.037
-1207.474
-1337.888
-1147.267
-1337.94
-1370.639
-1211.133
-951.5897
-1291.053
-1308.7
-1937.918
-1334.019
-777.0833
-1113.513
-1288.203
-1425.535
-1420.958
-1338.921
-1008.622
140.3548
-1041.285
-1321.95
-1372.017
-1369.156
-1785.878
-1687.162
-1356.233
-1346.328
-1322.407
-1343.997
-1338.494
-1150.376
1419.143
79.29582
-1434.955
-1324.959
-1351.351
-1110.096
-1360.694
-1321.724
-1358.352
-1321.841
-1396.125
-1360.388
-1364.495
-1104.996
-1404.146
202.1242
-1268.068
-1857.721
-1436.79
-1279.749
-1313.422
-1308.424
-1481.555
-1434.173
-1402.922
-1506.653
-1968.511
-1257.397
-1102.478
-1364.648
-1377.238
-1192.952
-1398.582
-1400.177
-2085.455
-1457.717
-901.3731
-1339.941
-1431.409
-1547.328
-1439.806
-1299.512
-1843.2
-1445.03
-1354.765
-1379.52
-1362.919
-32521.92
-3795.255
-1494.98
19277.1
386.6398
-1341.94
-1181.739
-1355.588
-1416.936
-788.2471
-1377.791
-1410.91
-1459.276
-1486.974
-1584.026
-1329.601
-1440.073
-1272.226
-1426.721
-1498.317
-1369.798
-1464.404
-1920.652
-1260.049
-1280.618
-1453.419
-1425.978
-1213.556
-1514.698
-1352.37
-1135.641
-2693.123
-1525.32
-1403.747
-1587.086
-2252.331
-1562.256
-1395.007
-1528.336
-1527.811
-1562.564
-1291.253
-1341.671
-1407.749
-1375.959
-1512.78
-1527.62
-1359.366
-1367.799
-1833.014
-1717.724
-1298.289
-1608.919
-1472.899
-1504.38
-1494.332
-1415.561
-1444.386
-1485.439
-1102.355
-984.749
-1764.427
-1499.176
-1340.032
-1579.304
-1538.563
-1391.564
-1526.319
-1696.951
-1475.448
-1251.83
-1369.497
-1472.398
-1760.967
-1606.027
-1549.242
-1501.626
-1652.844
-1584.783
-1579.219
-173.8697
-1445.001
-2536.744
-1649.164
-1523.537
-1718.306
-1456.049
-1541.489
-1245.862
-1676.131
-1581.923
-1507.592
-1423.946
-1477.594
-1406.519
-1339.205
-1460.436
-1471.656
-1337.021
-1486.164
-1428.836
-1395.489
-1426.937
-1505.398
-1233.02
-1465.368
-1487.552
-1466.566
-1075.957
-1727.942
-3414.56
-1676.5
-1486.997
-1255.196
-1453.451
-1197.058
-1445.477
-1456.515
-1663.508
-1545.667
-1376.434
-1664.527
-1627.421
-1603.683
-1379.851
-1283.406
-1628.975
-1425.231
-1448.132
2118.061
-1209.168
-1482.02
-1249.306
-1589.169
-1512.635
-1318.075
-1325.816
-1458.552
-1272.062
-1349.326
-1490.498
-1142.246
-1556.828
-1365.111
-1480.11
-1386.413
-1471.997
-1640.468
-2971.279
-1535.724
-1645.696
-1663.701
-1522.562
-1484.844
-1451.607
-3091.069
-1551.937
-1240.716
-2086.36
-1461.042
-1398.944
-686.0433
-1453.936
-1713.884
-1432.998
-1992.619
-1590.956
-1513.424
-1378.831
-1242.226
-1610.874
-1492.267
-1405.578
-1511.474
-1356.65
-1893.822
-1655.507
-2454.118
-1281.544
-1180.568
-1628.141
-1383.097
-1411.14
-1488.523
-1537.938
-1287.056
-2411.362
-896.3716
-1554.474
-1121.31
-1530.678
1129.424
-1222.299
-1524.646
-1724.462
-1502.321
-1134.985
-1380.883
-973.0968
-1427.411
-1482.756
-1217.598
-1954.262
-1559.065
-1584.492
-149.8422
-1340.614
-1286.602
-860.5875
-1963.886
-2390.665
-1442.817
-1465.671
-1171.56
-1351.972
-1561.323
-1211.512
-1217.73
-1420.104
-1474.196
-1848.775
-1934.002
-1469.856
-1236.358
-1149.025
-1431.919
-1140.431
-1344.817
-1488.413
-1610.111
-1447.278
-1179.68
-1634.488
-1363.596
-1427.244
-1469.699
-1476.229
-1625.388
-1341.553
-1293.54
-1209.928
-1197.592
-1438.009
-1425.48
-983.4553
-861.2394
-1355.124
-1342.597
-1078.477
-1317.591
-1432.674
-1575.552
-1432.891
-1351.601
-1514.764
-1425.125
-1481.821
-1323.17
-1276.829
-1754.535
-1177.914
-1485.783
-1186.209
-1362.769
-1545.126
-1457.832
-1344.444
-1176.653
-1436.377
-799.2357
-1239.567
-1240.774
-1254.514
-1452.731
-1324.755
-1406.788
-1338.507
-1248.598
-1370.105
-1305.34
-1354.748
-1077.533
-1458.576
-1317.535
-1386.004
-1274.403
-668.2455
-1400.763
-1273.557
-1401.044
-893.2757
-1230.482
-1301.979
-1358.206
-1316.185
-1337.676
-1321.331
-1400.533
-2369.144
-1234.796
-1450.415
-1370.557
-1421.168
-1318.775
-1242.485
-1253.61
-1181.924
-1337.35
-1394.197
-1154.586
-1382.222
-1355.174
-1599.265
-1315.671
-1512.417
-1363.467
-1401.641
-1411.954
-1399.121
-1292.885
-1286.234
-1420.113
-1402.194
-1423.054
-1265.463
-1252.959
-1321.345
6130.501
-666.6159
-1320.441
-1445.338
407.4506
-2885.996
-2345.717
-706.6462
-1216.336
-1216.029
-1483.357
-799.3167
-1260.364
-1279.762
-1690.186
-1294.28
-1293.573
-1314.219
-1310.135
-782.082
-1363.595
-1272.217
-1326.18
-1682.968
-1199.588
-1365.161
-1239.473
-1275.896
-1409.447
-1292.423
-1230.483
-1217.73
-1199.724
-1012.702
-1372.241
-1316.372
-1131.409
-1200.546
-1257.693
-1145.824
-1179.7
-1299.25
-1258.049
-1112.397
-991.9117
-1259.171
-1128.822
-1379.648
-1170.133
-1505.031
-1271.1
-1292.625
-1251.095
-1175.796
-1235.317
-1245.281
-1318.434
-1306.882
-1141.348
-1274.172
-1380.813
-1351.112
-1407.12
-1176.387
-1046.157
-1146.199
-1050.737
-1018.129
-16.49443
-1584.565
-2206.017
-1514.546
-1382.464
-1359.127
-1272.752
-1218.015
-1273.714
-1286.128
-1168.409
-1316.521
-1279.852
-1107.252
-1215.496
-1344.266
-1230.353
-1209.473
-1214.275
-1307.581
-1525.859
-467.4505
-1153.784
-1191.033
-1233.152
-1238.913
-1242.654
-1246.393
-1197.474
-1328.796
-1359.817
-1290.924
-1428.324
-1185.553
-1869.282
-1613.436
-899.6714
-1207.693
-1051.883
-1319.471
-1062.868
-1144.808
-1281.517
-1263.669
-1422.396
-1345.136
-1162.493
-1751.882
-1191.37
-1421.47
-1264.259
-1295.915
-1268.088
-1406.739
-1383.027
11860.74
-354.8495
-1218.255
-1367.254
-1286.776
-1378.571
-1248.515
-1299.11
-2517.572
-1254.688
-1343.022
-1155.956
-1113.525
-1301.452
-719.3241
-1233.629
-1228.513
-1270.803
-1235.183
-1245.086
-1307.011
-1200.873
-1295.64
-891.8609
-1121.892
-1702.31
-1014.39
296.0827
-1014.445
-1201.803
-1253.039
-1106.729
-1332.823
1261.868
-839.3644
-1211.998
-1595.997
-1091.625
-1184.285
-1278.26
-1208.682
-194.0351
-1106.302
-1548.839
-1295.914
-1376.065
-1238.621
-1258.815
-876.8198
-1172.623
-978.8592
-1223.191
-1318.854
-1852.478
-1359.24
-1333.413
-626.9287
-936.3316
-1441.563
-2268.982
-1414.956
-1236.549
-1253.2
-1277.328
-764.5358
-1648.631
-1847.031
-1261.546
-1281.816
-1341.506
-1241.469
-552.6063
-1210.358
-1690.843
-1311.507
5305.947
-794.2485
-1010.515
-1403.53
-1139.869
-1278.544
-980.5116
-1240.488
-1303.234
-1312.426
-1157.306
-1114.085
-1296.141
-1277.268
-1358.841
-1312.897
-1307.205
-1246.101
-1323.118
-1426.662
-1381.384
-1337.401
-1178.063
-1439.361
-1837.389
-1301.068
-1236.713
-1288.022
179.9219
-1152.751
-1219.459
-1425.901
-1279.206
-1495.964
-1311.346
-1356.834
-1285.637
-1274.312
-525.5193
-1278.964
-1460.743
-1347.477
-1280.532
-1248.766
-1294.902
-1343.606
-1529.729
-1430.22
-1359.244
-1274.164
-1254.091
-1653.365
-1302.971
-1447.998
-2091.204
-1107.018
-1639.472
-621.4783
-1140.634
-1466.395
-1263.542
-1121.388
-1393.839
-1492.316
-1440.484
-1364.137
-1409.363
-1342.81
-1073.593
-1141.123
-1265.938
-550.8632
-185.9988
126.8378
-2336.82
-1216.267
-1397.357
-1113.698
-1725.306
-1433.465
-1647.377
-1372.244
-1412.391
-1255.158
-1548.391
-1417.128
-1392.241
-1487.789
-1894.955
-1337.164
-1500.018
-1425.876
-1182.045
-5425.626
-1716.865
-1390.499
-281.2104
-1509.483
-1874.141
-1439.911
-1489.182
-1749.103
-1691.487
-1523.716
-1420.045
-1156.691
-1208.995
-1367.035
-1524.32
-1550.207
-1475.025
-1531.294
-2122.376
-1528.506
-1373.266
-1433.376
-1489.931
-1713.927
-1251.768
-1461.223
-1691.789
493.8383
-1363.393
-1366.949
-1419.646
-1457.222
-1373.453
-1525.208
-1453.302
-1493.315
-595.1512
-1552.95
-1446.639
-1469.866
-1450.254
-1243.723
-1366
-1522.948
-1104.551
-1608.141
-1576.59
-1572.037
-1335.97
-1493.889
-1432.858
-1417.502
-1618.89
-1754.468
-1911.592
-1535.392
-1328.257
-1521.323
-1569.025
-3539.82
-1779.496
-1968.647
-1644.049
-1581.827
-1403.834
-1372.728
-1456.15
-1503.6
-1539.893
-1661.596
-2336.035
-1715.845
-1623.461
-1509.702
-1499.19
-1476.567
-1590.368
-1492.39
-2302.593
-1530.759
-1650.173
-1648.439
-1902.421
-1612.491
-1643.542
-1655.395
-2075.078
-1217.006
-1393.884
-1571.858
-585.9489
-1359.907
-1820.959
-1726.335
-1801.684
-1635.854
-1682.451
-1901.156
-1776.741
-1189.448
-1411.764
-1465.238
-1667.11
-1732.61
-1734.034
2707.51
-1443.754
-3329.242
-1710.273
-1706.945
-1752.16
-1852.886
-1519.876
-1607.138
-1562.781
-1650.902
-1251.059
-1638.977
-1444.952
-1453.674
-1386.783
-1603.863
-1701.31
-1654.332
-1999.043
7854.935
-880.9705
-1670.915
-1533.001
-1735.355
-1645.519
-1618.429
-1704.18
-1671.398
-1968.654
-1837.634
-1739.923
-2863.265
-1902.534
-1905.119
-1526.22
355.9996
-1801.613
-1610.941
-1702.525
-1830.586
-2127.56
-1641.032
-1656.722
-1759.011
-1725.951
-1102.694
-1690.605
-1802.662
-1808.624
380.3707
-1774.527
-1670.902
-1527.687
-1818.334
-1806.65
-1789.472
-1928.046
-1860.15
-1848.051
-2113.273
-2101.95
-1150.695
-2002.482
-1586.189
-1802.309
-1768.101
-3461.986
-1950.287
-1943.787
-1150.904
-1837.1
-2142.394
-1754.533
-1943.148
-1885.167
-1894.198
-1780.652
-1671.885
-1917.622
-1848.333
-1861.061
-1914.116
-1885.599
-1792.772
-10753.23
-3448.942
-2015.253
-2333.069
-1697.475
-1801.223
-1739.426
-1743.331
-3226.274
-1993.686
-1944.666
-1869.623
-1873.26
-2462.025
-1967.623
-1942.121
-2090.871
-1906.18
-2691.61
-1473.399
-2160.003
-1837.584
-1938.67
-1901.164
-1896.853
-1419.898
-1798.159
-2227.235
-1907.512
-1914.302
-1989.928
-1241.815
-2476.031
-2461.329
-1985.024
-2014.255
-1867.383
-1902.534
-2065.293
-1893.547
-1227.652
-1841.679
-2007.304
-1712.995
-1943.541
-3350.586
-1993.389
-2479.831
-1974.373
-2036.508
-1662.099
-1955.688
-2123.558
-2121.011
-2555.343
-1757.258
-1853.249
-1825.944
-1962.266
-1976.558
-1768.787
-2020.037
-2097.341
-294.9671
-1814.506
-1757.869
-1965.493
-1766.933
-2121.556
-1649.338
-2005.821
-1757.796
-1998.995
-2032.494
-1936.031
-2061.673
-1751.326
-2496.703
-2072.65
-2167.639
-2083.662
-2462.191
-2075.755
-2294.459
-1997.581
-1605.812
-1980.409
-2385.621
-2070.145
-1600.822
-1925.28
-1968.833
-2072.991
-2957.272
-2263.016
-1908.997
-3606.592
-2024.781
-1890.734
-2135.113
-2124.54
-2001.45
-672.2097
-1925.261
-2959.154
-1436.227
-2081.83
-2036.628
-2148.628
-1954.198
-1975.026
-2001.777
-1918.599
-2101.063
-1542.972
-2048.644
-2001.499
-2493.553
-1618.459
-1869.542
-2090.385
-2086.27
-2001.587
-2064.323
-2246.64
-2097.231
-2005.696
-2113.385
-2133.846
-1980.898
-1881.182
-1443.281
-1898.754
-1983.642
-2251.176
-1936.791
-2132.151
-1983.647
-2047.529
-1870.964
-2164.608
-2144.075
-3298.467
-2145.781
-2709.123
-2063.681
-2136.071
-1981.794
-2106.544
-2199.642
-2146.866
-1974.758
-2062.042
-2099.979
-2148.333
-2084.616
-2472.147
-2221.247
-2130.177
-2440.993
-2505.348
-2236.801
-2160.816
-1984.755
-2040.548
-2324.021
-2126.101
-2348.539
-2211.401
-2191.937
-2068.45
-2391.39
-2736.028
-2179.233
-2073.212
-1438.628
-2245.741
-1969.348
-2158.107
-2265.511
-2164.569
-2096.08
-2126.267
-2042.397
-2234.948
-2150.977
-4150.853
-1521.586
-2652.211
-1379.409
-1993.213
-2708.827
-2111.839
-2144.882
-2160.233
-2037.801
-2800.496
-2243.502
-2074.196
-2171.411
-2089.851
-2237.316
-2139.436
-2294.567
-2253.625
-3069.382
-2307.227
-2173.149
-2283.226
-2137.964
-2169.975
-2180.088
-2198.39
-2133.445
-2143.677
-2602.561
-2314.494
-2218.922
-2254.14
-1947.952
-2132.517
-2181.791
-2194.073
-2029.171
-2206.696
-2001.204
-2153.805
-2090.278
-2162.974
-2166.985
-1993.434
-2094.455
-1645.757
-2017.493
-2165.854
-2201.638
-1861.443
-2163.175
-2243.11
-3175.946
-2365.213
-2438.2
-2188.837
-2280.014
-1923.786
-2109.233
-2100.333
-2232.868
-2016.384
-2225.632
-2247.174
-2266.951
-2259.151
-2014.303
-2111.025
-2292.917
-2067.006
-1889.767
-1962.043
-2308.897
-1781.188
-1876.8
-2104.821
-2180.745
-2612.306
-2069.549
-2299.814
-2187.86
-2148.08
-1788.158
-2118.5
-1821.142
-1657.197
-1955.998
-1984.461
-2104.22
-2170.218
-2494.135
-2208.977
-2129.803
-4529.852
-2365.13
-2035.795
-2190.105
-2677.542
-2136.71
-2421.571
-1985.864
-2230.719
-2091.829
-2248.035
-3033.79
-2228.116
-2229.172
-1794.778
-2040.349
-2141.995
-2721.577
-2233.286
-1944.799
-2447.282
-1810.961
-3740.707
-3093.114
-2204.289
-2578.8
-2064.242
-2133.32
-2151.863
-1672.914
-3007.603
-2205.127
-2122.377
-1931.123
-2111.728
-2305.953
-2124.382
-2039.319
-2500.677
-1890.285
-2093.193
-1856.756
-2052.618
-2010.882
-2069.611
-2071.308
-2131.44
-2120.419
-2276.172
-2061.504
-2146.617
-2209.98
-2634.052
-2057.988
-2119.441
-2120.507
-2312.686
-1852.408
-1989.879
-2158.313
-2982.856
-2266.802
-3859.064
-2288.938
-2080.029
-2126.379
-2176.362
-2506.607
-2050.413
-2083.587
-2113.08
-2107.844
-1934.699
-1966.294
-1994.129
-2253.032
-2080.913
-2005.306
-2120.454
-2256.295
-1985.529
-1987.158
-1878.626
-2170.311
-2180.837
-1955.164
-2175.52
-1787.645
-2847.625
-2141.488
-2202.943
-2128.993
-2057.392
-2354.878
-2089.341
-2224.069
-2118.328
819.7252
-1972.289
-1883.586
-2397.171
-1229.821
-1939.661
-2124.396
-557.1729
-1922.767
-1873.695
-2077.931
-2104.39
-1701.016
-2052.667
-2227.628
-2016.813
-1767.67
-2145.3
-2317.002
-1440.658
-1897.442
-1891.216
-2139.616
-1952.545
-1824.906
-2005.226
-1997.949
-2107.005
-1906.126
-2006.16
-2214.477
-2223.609
-1865.516
-1834.963
-2106.168
-1996.17
-2134.999
-1816.94
-2114.4
-2043.677
-2202.929
-2074.241
-2080.88
-10512.17
-2839.71
-1604.085
-1894.788
-2147.094
-1869.2
-1791.895
-1729.711
-1922.546
-2015.396
-2089.136
-2049.502
-2015.696
-2000.347
-116066.9
-10675.96
-2671.63
-2190.174
-1743.274
-2059.984
-2074.882
-1816.69
-4142.985
-2272.955
-2119.787
-2092.528
-2983.61
-263.3829
-1917.212
-2037.919
-2063.884
-1899.43
-1631.878
-2026.451
-1989.443
-2017.458
-1935.602
-1818.122
-1862.991
-2046.809
-1963.583
-2026.35
-1993.713
-1803.859
-1903.413
-1972.295
-1925.839
-2040.195
-2186.819
-1959.099
-1729.35
-2056.361
-2024.777
-2078.739
-1809.302
-1737.171
-1962.823
-1936.432
-1956.953
-734.978
-1875.98
-2122.098
-1941.877
-1784.79
-1976.239
-2168.546
-2038.082
-2390.97
-1977.905
-3067.867
-1580.429
-1846.956
-2054.217
-1776.548
-1816.544
-1945.649
-1151.192
-1835.882
-1983.391
-2000.158
-2028.603
-1961.424
-2129.998
-2045.697
-2138.115
-1956.302
-1891.319
-1947.166
-1972.07
-1942.473
-2059.796
-1982.191
-26.78196
-1866.116
-1857.458
-1916.077
-1937.11
-1984.379
-2029.292
-1976.614
-2046.039
-1945.714
-1903.073
-209.3058
-2122.631
-2066.523
-1714.46
-1885.573
-1955.611
1117.65
-1740.964
-1854.59
-1921.521
-2003.778
-1907.148
-1986.302
-1918.783
-1985.096
-2348.781
-1778.55
-1905.755
-2038.342
-1782.223
-1610.863
-1920.666
-1854.177
-1936.325
-1958.63
-1937.798
-2138.657
-1547.776
-1955.522
-1966.931
-1904.171
-1997.533
-1919.497
-1788.47
-2244.721
-1602.278
-1905.994
-2148.149
-1517.331
-1946.038
-1941.672
-1882.121
-1537.115
-2033.095
-1796.11
-1897.996
-1908.84
-1937.872
-2142.357
-2013.202
-1967.018
-2134.516
-2242.784
-1961.003
522.713
-1719.85
-1931.932
-1427.96
-884.0983
-1220.288
-1766.936
-2886.228
-2020.126
-2040.32
-1908.429
-1689.376
-1526.673
-1882.542
-1939.429
-2040.264
-2243.874
-2026.226
-1825.061
-2710.057
-1988.07
-1859.319
-1995.606
-1317.558
-1993.028
-1787.922
-2057.902
-1862.776
-2164.657
