-514.4089
-254.4102
-153.0201
953.7284
-7175.159
-2249.207
-542.5296
246.6494
614.564
-21.6222
6006.565
2584.611
1182.934
-24177.81
-20933.66
-9818.431
-3553.261
-459.775
-369.1491
33.82363
899.7036
252.5931
174.3159
418.6636
-1401.651
-1645.607
-204.3045
-112.0082
-429.7515
-44.43503
433.3039
670.7508
2286.91
955.1475
881.7011
162.7643
379.8122
422.056
-1631.16
-54386.11
-20440.67
-7453.022
-2686.006
-1543.489
-442.718
-33.869
-82.19763
469.2843
321.775
-267.4835
-270.9128
-106.5218
565.157
670.2092
1179.89
69696.24
32214.21
12790.2
4967.684
1845.5
11145.48
5391.96
2312.764
1157.591
1113.2
-101.0165
-110.6411
125.9168
612.154
-1378.291
85.79533
1333.221
687.7323
787.4821
-657.4975
241.3826
-153.9641
-10.48583
1655.998
978.1036
1132.105
752.9049
703.6945
-333.4854
565.0417
674.9069
5.017729
247.0063
183.4049
703.8387
-70.47773
2859.382
331.9858
418.5134
355.0237
769.5837
1749.082
732.7621
-532.2533
-1591.8
183.4221
-832.2857
-24.15775
225.0059
-278.9149
219.8838
-245.033
277.9505
109.8553
317.1082
314.8648
668.3524
-4363.703
-1305.764
-204.8186
-1069.454
-71.64546
-4869.292
-1165.183
2954.729
33385.87
12329.08
5147.901
2685.824
462.0311
956.0194
856.7299
595.7194
53.72582
343.4727
826.1918
567.7924
490.6867
2275.336
-718.0737
-664.2582
-910.4645
-238.8134
-347.3424
65640.92
25204.18
9919.794
5456.741
2432.288
-36761.1
-13890.74
-5472.774
-738.1008
69.45851
271.0728
-124.0208
207.3103
160.0206
-163.1225
116.504
418.9599
-4784.851
-1707.556
-225.7894
257.8603
-1597.798
11437
5499.628
2621.131
2194.954
1170.001
1037.771
281.7841
266.72
697.5024
-287.2641
-735.1313
739.3789
-434.0053
-54.13375
38.39968
284.7053
711.4335
373.6748
470.7223
474.4355
-1231.507
-347.5595
698.8203
-5516.081
-1449.823
-191.2911
-225.2529
480.5093
273.7225
928.9502
-989.2482
-1089.138
674.0448
155.2781
1420.026
1043.616
946.6294
239.519
9461.214
4788.576
4156.73
2128.74
-29.25519
151.8818
353.1376
79.28991
301.9552
-3838.016
-980.1369
-157.3208
93.74215
985.2928
349.3483
222.0344
162.4627
-4633.053
-2011.93
-759.46
-422.0236
593.6487
5.110961
-523.0175
-555.0155
-468.8881
-961.1819
-516.0928
6112.204
2588.807
109.9564
-87.67932
243.2581
203.2929
-946.6108
-524.0323
6728.986
2766.82
1095.995
-284.9339
872.5193
382.5623
-401.0389
-380.8709
-1832.654
-1182.907
-420.5009
-466.9104
-1104.679
-996.3223
-1916.75
-1206.4
-780.2164
-230.2839
383.7741
-414.5185
-740.0859
64.45616
-240.3756
460.9714
-613.315
187.6478
44.49523
-1027.432
692.697
-271.5977
-177.8559
2083.268
55.05464
-838.3959
-514.0394
34070.67
12509.5
4606.847
1536.604
488.0276
-1023.604
-265.0297
-338.2674
-1099.697
-3281.223
-1891.899
-764.7338
-89.20427
4169.523
586.3896
-10448.21
-4305.74
-1970.873
-1394.898
-15451.69
-6339.557
-2479.072
-2164.024
-904.8625
-639.0918
-1134.898
-5323.761
-2921.619
-1636.65
-2742.401
365.5355
-71.94523
-134.2486
826.1976
25.1846
-406.5934
-1263.233
-2733.183
-819.5352
-18.84646
82.03075
-21.49643
-538.6852
-111.2404
404.687
-369.0866
-628.5549
-1236.063
-2893.304
-1136.602
203.8065
-208.6626
-279.5497
-1233.51
-943.3651
-1237.603
-394.4502
203.1408
-809.7479
3467.204
854.5431
2703.092
1167.586
-86.55204
-858.7578
2114.589
369.2883
-1737.334
-812.7057
-265.0128
5910.536
2133.3
622.204
2097.794
-190.9538
-95.55633
-204.5102
372.7232
-148.8399
334.3862
-9.821399
260.743
14313.53
-5316.365
-2953.505
-1592.669
-1185.267
-769.9567
-1171.991
-693.0718
-440.702
-9505.76
-3954.5
-1569.168
-1242.691
-405.3564
-317.0489
-207.0349
-843.724
-941.5685
-981.9104
-1045.86
-3722.616
-1198.644
-4202.186
-1998.436
-3200.112
-1600.067
-4727.797
1440.167
593.5632
-2541.016
785.0837
-71.13672
368.4487
1034.373
-879.3467
-25020.01
-9825.094
58186.23
22004.43
6580.398
2148.69
701.1532
-9250.404
-4927.554
1547.659
1986.883
516.8978
-185.8364
-872.3896
-524.0425
-629.7387
1838.326
863.768
-614.0791
6715.54
2507.835
804.6608
1.021939
-7672.464
-3209.335
-1540.886
-993.3396
-185.8172
-2800.418
-2829.55
-2047.594
-1093.197
429.0696
-795.6528
-1793.362
-1668.149
-5896.841
-3065.188
-2166.261
-1357.573
-1262.708
-1403.93
-598.661
-584.7649
-215.5872
-32.27046
-665.7225
1064.687
661.7622
892.0617
-758.356
-1117
-804.2428
1924.864
234.6012
-1019.507
-510.0341
27.78616
-682.8623
-420.7334
-549.6722
-314.8059
-685.6114
103.0244
276.2768
-306.0093
34.01848
-618.1418
-197.8243
2020.67
434.5718
-30.24709
-410.9741
948.3403
769.4291
17.5092
-142.3433
437.4701
-1430.712
-89.78182
121.8029
-2541.178
-1153.378
-5873.44
-2138.583
-2187.38
-1440.003
-1017.93
-513.1026
-187.3446
-156.7776
-426.4385
-12.86594
8406.596
2806.971
928.9502
279.5091
311.8874
-815.5528
-309.156
-50.34137
-256.6822
-600.0836
61.48545
-758.1712
-511.1827
-581.0791
91.6675
1990.717
1007.397
522.9895
-4.043221
-330.6364
-4351.168
-2003.837
-626.7849
1204.697
1088.891
1019.678
429.0157
431.2998
355.728
543.1363
216.7135
31.57712
2.636617
387.0738
255.4731
846.5437
205.0774
94.26234
37985.88
14118.14
5347.436
-11717.64
-4835.935
8767.884
3461.832
911.6976
562.1765
739.3864
2866.372
1368.022
355.5356
175.2498
-858.8473
183.7477
1984.399
615.5502
-601.5429
506.8324
-4532.104
390.5962
475.0467
1884.308
1141.74
-17.92531
235.7896
25.48153
622.9086
-5382.456
-1912.416
-3915.268
-1582.321
-693.2582
-1583.233
-91.21165
-3504.398
-511.5292
178.7803
296.4239
-80.91461
1205.352
255.5802
-743.1547
229.8963
825.8119
928.9804
752.5271
530.9942
-487.8419
-183.9653
-1187.532
-273.3033
-1015.905
360.2826
507.4281
1314.651
897.7155
1351.855
813.0398
365.7901
-397.4974
2946.69
1334.745
721.1657
244.7677
-86.84915
-1304.805
-344.7468
659.9472
2100.531
5929.266
-13851.05
-4211.896
-1850.758
-317.1917
-441.1715
-93.22523
-459.8258
46.37425
-167.7785
770.3342
104.1335
-105.8123
-417.929
1700.797
-2755.569
-491.9467
388.1312
645.1282
538.0184
132.7011
418.3971
273.3582
1614.792
50.00754
140.1439
187.8047
9738.336
1029.463
317.9385
535.7682
202.9671
-1484.371
-447.3713
-26.65038
248.0315
429.1755
310.5634
-581.8021
-121.0995
89.25818
464.7502
97.16216
67.10707
1131.614
1101.062
3110.909
1359.169
1128.857
420.1179
-2639.048
-1698.955
-554.7391
-222.4792
60.69768
114.2597
3642.671
1294.148
750.7525
-4322.868
-2532.312
-1072.311
-562.045
1058.508
138.5396
-71.45485
-97.67648
503.7024
-2308.942
-1394.99
227.9205
-167.8639
-81.77475
1421.713
671.1745
-505.4466
57.17512
1941.018
2246.645
703.8328
841.5914
427.9323
1667.638
54.36576
-345.9413
-7678.303
-20083.55
-6500.344
-2106.517
-586.9165
68.05413
839.4499
766.8408
-576.7083
-429.9445
-939.7547
1866.719
59.50318
273.3832
442.2049
-6315.164
-2803.741
-1313.222
-564.4932
-506.944
604.4779
248.9153
-262.919
918.0643
715.7129
-112.5737
560.8441
-35.12488
-1051.542
-1885.216
-441.8413
-1143.772
-2972.013
-1265.218
-1464.72
-1008.481
-1091.163
-2561.257
-1716.839
-138.8831
768.0952
369.3503
-3543.021
-16487.42
-6529.674
-5346.565
-2288.857
494.8335
-2140.742
1397.82
6444.061
1830.089
2253.557
311.2655
-208.0652
-342.5335
-1109.676
-678.7975
182.0283
-99.43786
8862.326
3288.974
1243.349
451.0366
618.6022
49.14359
-94.31047
544.3217
208.2815
-250.9964
-359.9111
-298.6668
-451.4378
-710.0585
-1312.697
-539.8712
1554.196
251.0624
-6764.566
-4529.4
-1927.281
-1254.836
-488.1653
-1158.613
-787.9707
-125.0221
-352.7011
12934.39
4744.417
1805.466
518.0336
-516.7856
-324.8761
1561.96
629.2068
13358.56
4718.486
1825.582
385.6669
-160.213
-304.8038
-363.4893
480.6783
-2369.378
454.0734
-146.758
-559.8791
-617.5817
-606.832
-656.4265
-611.0054
-167.9015
-175.6395
-413.0341
-771.2099
-634.2871
-631.347
-1310.095
-607.4932
-332.1944
-658.1636
-530.3451
-1854.43
-532.2945
-952.0006
-957.4929
-87.77124
149786.3
57098.72
21433.04
8109.852
3257.676
157.6323
-625.2179
-2898.91
-1901.993
-1229.078
-1528.819
-1948.385
-2674.975
-1877.835
-590.273
-723.7462
-5863.307
17048.68
7393.687
2362.676
-6486.025
-2767.202
-1325.363
-234.2506
2516.885
-22.1364
1378.995
20.29058
547.7627
-686.2554
-640.806
-883.6973
-723.1256
-715.9161
-1290.972
-1291.951
-572.4497
-469.7367
122.3423
-586.6889
-453.5867
-2674.387
-1430.265
-1220.922
-1272.62
9434.333
3303.837
448.5143
20.82341
-588.8568
-1620.395
2615.512
785.7065
-2557.316
-2325.35
-1628.776
-1114.485
-733.8326
-2111.137
-3919.301
-1842.283
-11.27934
-2930.186
-1827.939
-1039.525
-2951.49
-4029.658
-3663.645
-1593.827
-1015.183
-47.60572
-463.5198
-269.6815
-1602.091
-101.2059
-665.1427
-1905.741
-1522.608
-51.54687
-878.0271
-648.584
-671.8418
-957.7441
-311.749
-485.623
-1494.387
-926.5463
-1419.544
-1721.61
-2269.272
-1249.385
-2468.381
-1585.17
-1098.921
-1166.722
383.817
657.0718
-434.1486
286.2412
276.267
1139.384
-149.129
148.2733
1996.435
-195.2641
224.4421
3015.764
-1103.127
10224.76
4434.449
1503.047
77.53356
-771.9098
-324.3317
-445.1595
-437.4488
-544.1675
-932.4222
-825.8737
-962.6644
-1095.998
-125.678
-344.7498
-338.1481
-60.08346
-374.3335
-996.6656
-999.6562
190.3074
-13.56903
398.8252
-214.7273
-125.7121
-1084.907
-72.7504
5.691235
5532.109
2807.627
830.5779
55.80789
-64.36987
149.4261
798.1544
-4443.245
-4368.257
-3466.653
-1599.77
-800.0104
-445.7358
-247.8551
-837.4134
1049.981
-613.2316
695.2371
-50.41715
-821.4922
-7497.02
-3424.331
-1088.848
-953.244
-628.6031
-952.8446
-1118.288
53.62491
-183.2523
1690.943
-211.7035
85.48625
417.4061
-39.25335
-235.3536
-3126.978
-1972.907
-808.6093
-88.68991
172.7042
-773.2872
-134.8799
-1308.501
-527.0468
-684.7393
-526.1458
-400.0654
-1234.252
-818.9966
-218.2522
-1115.333
-548.219
-1214.552
-1815.421
116.9382
-161.8711
322.4053
-178.2096
250.8061
-708.5843
-1878.285
195.1055
-21.1445
-369.1722
-323.4077
-696.7424
-1857.197
-1234.75
-1251.272
-1745.235
-823.2115
-287.1087
227.2847
-1555.994
-821.902
-523.1211
4210.305
2476.778
-391.1389
-286.5078
-867.762
908.0623
242.7625
107.7904
-405.1227
-766.1257
-807.3134
-819.4642
-123.3835
-1228.265
-9270.206
-3893.449
-2314.631
922.9753
4944.687
1572.495
1267.011
449.1375
59.99418
65.77478
-8.168273
-9947.745
-3608.17
-4952.007
-2000.42
-1297.965
-641.0942
867.5783
394.7451
226.7343
3356.904
1309.55
927.9785
629.8655
143.4659
-545.8913
-640.0148
-48.8005
-525.8206
-654.913
-1462.826
2172.873
1347.568
-5593.287
-2353.817
-7709.26
-3225.666
-2021.299
5357.674
2014.006
670.1256
-36.13147
-3652.587
-3551.216
-1411.321
-418.0455
-197.9368
68.35233
3279.665
1361.597
450.4218
351.2957
-1126.837
-86.87408
904.1473
1306.893
576.5885
-681.8576
-437.743
409.4064
605.7258
-49.46605
147.6222
-571.0295
457.6557
456.0732
250.8003
484.3246
438.4911
-658.1588
-572.179
-322.3927
-4452.09
-1377.196
-207.6442
-192.5351
992.7994
220.8245
146.3429
2615.312
765.8247
886.885
1129.177
4500.171
1751.161
1280.962
1489.435
274.3659
-263.9307
-1120.042
-96.75882
203.5326
-1122.899
-460.6397
82.41885
-147.2416
691.3013
-1137.453
-659.6604
-238.6914
-505.4022
-388.5139
-525.5023
-541.4147
-225.9098
24337.03
9402.606
3320.926
2113.779
1081.487
1114.239
1246.367
116.9958
231.1532
398.735
456.7877
1727.838
-192.8459
-44.27236
12.30607
332.8581
-934.3698
832.7355
103.4341
-2419.413
-1060.622
-78.14643
-225.8945
-609.8695
-703.4201
3173.709
981.7186
351.5058
-58.1109
-3.034924
10.21907
-214.4618
-516.4212
276.365
1106.089
16628.11
6459.147
1061.002
739.9206
-357.1672
73758.08
26605.63
10454.56
3571.292
4964.265
1680.428
690.1151
623.8368
-531.6692
-301.0115
-1725.142
-618.922
-349.7539
-612.5446
-624.6167
-658.7785
-1102.024
-1302.508
-1360.868
-154.0171
-2453.699
-978.2125
1115.104
1162.325
874.1131
35.89184
459.3734
1363.414
-162.5942
132.4546
1582.162
1173.569
440.1235
1246.298
2489.988
786.6286
-3361.028
-973.8245
-348.434
1183.712
-96.46408
-3098.053
-1194.505
-628.5012
-348.1849
-714.1933
10464.56
4902.539
2304.612
331.0693
-0.2683438
495.8627
-99.6222
509.3768
-97.21809
122.7273
-0.4783521
-65.83211
24.21427
337.1679
302.8162
-774.6775
-530.5246
7404.582
2841.069
882.3675
-256.6486
139.2096
-1809.142
-979.8326
-534.4327
406.5738
2122.345
-1545.943
-1051.86
-2859.461
-1541.837
-1035.958
74.18984
786.3213
-98.41477
3241.46
2395.649
-319.3026
-1560.674
-956.4061
-380.066
-464.5029
-2687.227
-842.426
-750.5869
299.0772
-1725.199
-8533.515
-3784.277
-3452.044
-1351.891
88.23186
-488.8369
-279.9941
-623.4591
97.8199
667.7403
53.90397
-321.4558
-221.5438
-143.3206
-80.05291
-616.5644
-2083.27
-731.8867
-77.39241
-325.6197
-3036.209
545.5219
864.1025
-225.7294
-144.7478
473.8164
-567.7354
-1268.591
-698.6472
-380.8881
-250.67
-285.8041
-718.854
-753.3931
-267.3205
-1587.442
-5387.217
-2106.446
-2317.455
-1837.343
-1302.512
-641.4832
397.7994
-277.0771
146.1204
-488.8697
-1127.803
-2714.048
-1467.891
-1454.532
-1080.665
-929.4874
-1158.387
-546.2079
-553.5949
-669.2623
-969.7348
-910.334
-835.1947
-956.9148
-577.4491
-1621.848
1746.322
462.1345
157.7576
3156.135
310.8775
-790.505
-1581.584
-8403.978
-3209.702
-4330.476
-3038.036
-2131.324
-1508.236
-4743.187
-1887.306
-1392.836
-897.1788
-792.5987
-635.4078
-1602.333
-1095.588
-462.0991
-1076.187
-1440.754
-1373.81
-890.632
-591.1181
-816.1471
-7518.555
-3017.853
-3078.681
-2318.568
-1092.389
-1141.211
-1176.488
-768.4989
-46.41465
-1746.319
-1172.363
-1644.156
-1213.357
-4401.311
-3436.821
-1655.607
-1045.392
-2293.78
-5334.356
-2654.87
-1465.909
-1630.88
-1102.058
-786.9834
-830.5333
-1221.204
-777.819
-502.6408
-141.7807
-377.8814
520.5599
-8.689678
-621.8081
-328.0455
-500.8648
-982.9524
-1013.791
-2193.189
-2149.818
-1327.225
-835.1344
864.3771
-124.7044
-1047.523
-1002.693
-1145.037
-2219.638
-1484.573
-1095.483
-1035.525
-683.5746
-478.735
-941.099
-307.5391
-764.1186
-3348.751
-1222.488
3078.212
658.7009
-10187.91
-4531.841
-2757.448
-2277.736
-1941.431
-2666.342
-1716.658
-1420.308
-1010.72
-1143.853
-979.8983
-755.4556
-670.5081
-650.0202
-462.022
-1543.368
24.29796
-764.8536
-3961.137
-1407.696
-1122.913
560.4071
-529.4883
141.4972
-1404.686
-1093.018
-1215.335
-3583.466
-2236.639
-1016.788
-832.0428
-42.16232
-1102.734
-2177.23
-981.8566
-665.3503
-776.5564
-1496.868
-721.7708
-647.9531
-1637.576
-2521.568
-22.07375
-21.51328
-401.3597
4773.99
1144.735
392.6024
-913.1647
-662.586
-224.1462
-398.9187
-326.2091
-2015.178
-2830.685
-1729.149
-1087.517
-1126.728
-592.2946
1570.968
516.8571
-257.9643
-648.2654
-248.1712
418.2289
168.2828
-158.5562
3402.259
1032.648
-0.6493914
5.915372
176.3748
-34409.48
-13538.77
-6008.174
-2817.345
-1225.726
-1167.511
-802.6946
-5134.862
1763.469
87.15613
323.297
130.0691
-294.5801
-68.90629
50.23376
-456.3857
660.3853
-721.6341
-577.7369
-1284.408
-982.5562
-727.0229
-538.1322
12628.42
4345.746
1437.07
1594.272
783.8906
-35.89973
-447.09
-1611.066
-1574.947
-704.5716
-615.8686
519.7984
797.8492
112.5448
1239.13
1648.621
-699.5734
-490.3971
-2280.56
-1170.934
-200.4959
-252.9759
-246.3026
-6.405941
-1100.206
-1971.174
-717.1265
-1391.348
-947.5088
351.6625
617.1748
744.3303
313.4576
292.5122
-270.9012
-2676.525
-763.4262
-198.2675
-1224.178
-762.6491
-75.04807
-483.3683
-289.8169
-732.3111
-257.1482
25.34176
-139.5898
453.6275
-120.8833
411.5132
-1191.724
77.01069
-154.0807
-140.438
1233.684
155.0248
-237.2767
-484.075
11220.84
4924.575
1610.365
6669.428
2087.959
195.9865
792.6745
-23.69433
-1449.932
551.8667
-208.7658
-316.3156
-155.5386
-173.359
-57.82489
67.44769
-98.7048
-7.382388
440.508
-1411.526
-634.3012
-471.8227
10164.14
3297.264
935.7656
51.73272
886.8263
-1797.818
-884.4854
-130.5218
-574.4519
805.8787
220.038
-1482.731
336.8306
178.3474
3300.36
1231.488
546.3913
-1370.054
-829.4981
-312.8267
-649.0146
-797.3953
-9619.389
-3816.09
-1140.936
-794.4666
2292.172
55.456
-76.29094
-636.9646
-290.8365
-360.2287
24.57592
899.2504
495.5917
132.4583
-284.6122
-123.5623
-780.5287
-277.1995
222.2535
-112.0201
-360.4413
57.58907
-475.0496
-438.6817
-1840.63
-773.2412
-314.1267
326.8633
390.0566
825.0589
-47.81383
-152.1362
-427.4208
121.4153
-9.612475
992.3864
412.0114
419.0728
-891.1283
-266.7838
-170.703
-301.5911
872.1039
531.8673
1603.795
832.6033
449.0776
539.6662
20.09872
-561.6197
928.2509
-17.77986
-1524.562
4840.975
1983.672
839.8948
602.8006
68.17681
-2461.047
-3446.199
-1858.419
-1065.921
-393.3606
-286.9846
-180.0874
-362.2414
-158.4532
-664.862
-154.2316
-366.4242
-3015.546
-875.4411
-4941.569
-2181.302
-1400.695
-1266.469
-529.365
-372.0527
7795.518
1718.073
392.5049
915.8736
-263.7961
-29.20765
-153.19
10626.58
3928.193
-111.8029
959.0996
232.266
-1378.306
-1387.239
-1056.871
211.1153
40.44324
-111.1415
-1260.78
-71.1664
-452.9874
-606.9933
-4806.182
-1854.443
-894.4969
-1692.937
-977.2105
-271.8633
-434.4359
-227.8584
-110.8619
-430.1853
-51.09156
-20.29244
-303.4596
-1040.249
-440.3331
-12.49843
-422.8266
56.66392
-814.3769
-435.8569
-501.5791
-170.3324
-2511.15
-1427.702
-846.7635
-935.7757
-457.316
-2300.043
-1279.55
-468.9806
-737.992
-731.0828
1819.928
240.6013
306.3435
-287.8601
-668491.3
-257425.8
-99471.73
-38381.29
-14985.22
-5951.294
-3596.522
-1772.482
-1038.849
-505.6584
563.5576
391.522
-435.2523
-3001.841
-18692.55
-7549.835
-3315.111
-1133.319
114.4939
701.6994
1175.306
-23.09007
-637.5335
-570.8937
-924.8386
570.9818
-151.3936
-438.3053
-365.7289
-726.7762
-5.423632
21.28491
-1468.079
-2347.5
-1562.758
-1952.923
-1349.905
-847.3837
-1231.991
-606.9941
2157.412
702.3514
484.5204
2.781565
-495.0544
-191.7272
-2434.492
-1687.524
-1033.214
-1025.964
-1049.008
-95.16195
-2919.367
-1836.363
-1497.677
-2471.366
-1811.702
-1465.281
-3142.107
-871.8319
-403.5271
-711.9349
-830.3967
-355.7684
-582.1024
-1071.859
-788.9855
-1209.991
-1417.426
-2249.341
-2704.897
-1220.674
-512.5144
596.7815
126.108
-228.8126
-709.279
-408.0672
-1751.258
-1640.439
-1533.818
-1229.152
-1930.814
-1657.703
-1571.96
1454.219
1175.91
39.97523
-1678.149
-529.3343
-1169.385
-926.3077
3785.034
1190.788
755.9986
385.7602
-729.1208
23616.16
8105.982
2436.636
330.2565
-798.3397
-1087.438
-1296.413
-1095.199
-1374.888
-1965.926
-1455.22
-1206.163
-1055.3
78.21415
-514.0095
-806.9699
-1542.265
-2803.867
-1189.199
-1376.206
-1309.098
-1294.647
-1341.603
-1009.3
-4235.625
-1656.143
-1761.018
-1575.504
-666.1005
-885.7403
-1105.681
-1241.484
-1205.068
-1347.948
197.965
289.7305
-1358.543
-553.397
-991.654
-909.8245
-765.803
-1166.523
-874.857
-1367.877
-1378.703
-1234.607
-859.4138
-562.4607
-1745.999
-1058.822
-892.7586
411.7715
-595.4336
-467.2851
-1129.647
-1543.659
-895.2401
-872.4198
130.4886
-1070.621
-5422.994
-2954.141
-1624.028
-1592.826
-1295.159
4000.779
1895.652
-770.9921
2134.603
182.5583
115.6047
-1068.811
-777.0533
-798.8531
-1279.728
-1191.601
-1046.384
-815.6659
699.4988
-1189.451
-1066.855
-933.0974
-3170.946
-2007.152
-1220.496
-912.4261
-169.3746
-1378.668
4315.73
2253.779
230.5964
-1204.726
-1091.113
-602.8706
-960.7808
-1868.96
-955.626
-800.4105
-424.5562
-744.8589
-995.0634
-3894.202
-2980.711
-2255.863
-1067.592
-2928.713
-7206.956
-3550.452
-1915.759
-1267.992
-1140.643
-1018.974
-1693.115
-2506.555
-1522.836
-510.4987
2181.708
162.5195
-829.6457
-318.8178
-434.9726
-2472.723
-2360.871
-1373.37
-4195.521
-1150.841
-1420.074
-825.0559
-638.0758
-2248.817
-1078.275
386.7488
-742.3523
457.2583
-263.8356
-1076.06
-1543.455
-1045.105
-1121.313
65.26288
-379.8909
-607.4557
414.6111
-2568.941
-600.9621
20311.64
7365.344
1295.307
174.1244
-3235.002
-1860.478
-1174.595
-660.8251
-832.1699
-385.3542
-480.0122
-1028.652
-1211.074
-836.5323
-406.6511
106.6965
-393.8014
-733.1812
60.79158
-297.1609
-340.4771
-765.6414
-515.2294
-710.5927
-1605.596
-1389.475
-892.2661
-1424.25
-462.0689
-420.5629
-5117.073
-2446.266
-1175.55
-1014.167
-598.7574
-482.0909
-431.2101
-1284.97
-1003.276
-541.2988
-378.2106
-3917.001
-1752.004
-1418.915
-732.0297
543.35
1774.772
-283.5541
-1863.497
-1064.521
-177.192
-319.2203
-481.0887
-719.547
-930.1399
-817.3447
-667.8344
2052.854
513.7946
-3551.789
23309.66
8877.828
3890.737
1969.193
-42181.53
-16103.26
-6168.518
-2331.166
-1027.414
-1144.484
-71.47124
-237.091
-1928.405
-964.8596
-4202.375
-1316.077
-1869.531
-753.2607
-821.4195
-261.7203
-13652.2
-7722.33
-3401.806
-1541.127
413.6885
249.4701
-678.5747
-132.4236
-73.42884
-479.1386
-1636.862
-1195.956
-334.0686
-231.2597
-195.5729
-319.97
-925.6551
-762.0259
-438.5423
-343.3211
-178.6077
-910.5804
-938.5975
21.7468
-1053.739
-699.1343
248.7104
-297.1467
221.4608
491.9409
123.7735
-444.646
-706.8862
-336.9326
-265.523
-599.7672
-290.4078
509.7004
298.1862
106.9487
-386.4837
2618.741
-547.3922
109.8583
319.4805
143.8111
-322.7292
8694.99
3178.552
1068.492
298.2464
296.7001
-910.1811
-1991.94
-924.376
1408.848
490.6682
2239.498
3179.289
1203.349
562.9997
-59.83803
-537.1519
-0.02982716
-548.857
-671.66
-743.3799
-251.4914
-455.1811
-112.5547
-1030.998
-298.6982
-443.2408
-329.3015
-167.5238
-659.718
-260.858
-398.2746
224.5763
209.4548
-59.96739
-2679.741
45.55533
-5.291593
-2477.169
-934.072
-503.6615
1014.858
-1820.609
-1042.302
-1212.073
-602.7304
241.1885
-610.7071
390.3847
-192.1277
549.4909
-95.05985
-316.9944
-599.2755
722.0192
222.4511
-485.3793
-546.5254
-1805.409
-1495.75
-666.2321
-895.2674
-252.1051
-206.2473
-1608.379
-675.0557
-503.6196
-1112.269
-662.8163
96.30388
-1720.077
-525.9267
-424.9161
-326.101
-150.9442
-299.0788
-4309.127
-3394.112
271.7512
125.9948
-5295.622
-4053.709
-1839.608
-444.9963
-562.2394
-1540.59
-55836
-23174.52
-9903.574
-2986.888
-1878.159
-3393.129
-4040.842
-1626.778
-592.3628
-847.0549
821.9735
93.44148
215.8049
455.5948
-206.4536
1245.504
1496.249
128.6168
108.8952
-256.2196
-470.5964
-1014.535
-1613.548
-800.0516
2147.063
939.3138
1524.133
369.5315
-153.2329
-84.80693
-32327.78
-13068.78
-5505.03
-2309.02
-1074.152
-756.233
-650.0117
-109.8714
-378.5731
-800.4591
-334.5538
-484.0714
-392.9025
-2875.694
-866.7028
-160867.4
-62703.48
-24773.71
-7291.019
-3364.907
-1734.814
-1053.125
-1100.848
-239.5126
573.6655
-9.764483
385.6626
375.7418
1043.77
68.19369
-615.5422
-924.253
-280.115
-280.3655
-731.9841
-1047.317
-1682.876
-1052.17
-1239.49
-567.3439
-1105.072
-835.0484
-5498.882
-3253.642
-1874.429
-1973.277
-1592.06
420.0668
-509.339
-417.8872
-1650.565
-1012.993
-1526.486
-2349.599
-2996.444
-1748.089
-11946.84
-4915.388
-2719.668
-1758.831
-1258.033
-1193.593
-1269.153
-3097.849
8011.837
3939.252
667.0825
-1528.33
-1195.022
-2109.738
-1387.962
-1227.494
-1979.992
-1406.853
-1425.742
-900.559
-16.87869
-638.7075
-1310.827
-141.8972
-1301.5
-2693.443
-8202.774
-4282.535
-2311.276
-2657.769
-1305.609
-936.2515
-1300.477
15550.76
5225.494
1192.93
-588.6869
-578.6843
-1124.17
-1144.003
270.6329
10948.86
3584.146
-1301.844
-82307.85
-32598.55
-13174.74
-4974.383
2988.621
142.674
-987.7337
-540.5488
-1173.603
2599.248
708.0324
186.4758
-2560.606
-1802.01
-1688.69
-1491.103
-3651.397
-2086.325
-1649.941
-2059.37
-1667.89
-747.723
-1136.976
-2738.456
-1856.297
-1366.587
-25808.03
-10716.08
-4688.775
-3136.933
-3870.506
-2485.138
2070.125
75.54083
-1109.931
-1442.621
-1511.356
-1965.677
-1239.703
-2662.89
-1864.866
-376.2911
-1216.535
-1939.612
-4451.169
-2414.529
-1758.123
-2993.298
33287.6
-1049.474
-698.4621
-655.9747
-652.2807
-945.3498
940.1353
582.3813
-502.6143
-3438.983
-2014.543
-797.6831
-1332.345
-1496.548
-1841.178
-348.5344
61.41369
3993.755
712.549
-416.7733
1281.791
-834.1015
-739.1017
-880.1408
-1301.24
-1349.653
-798.4855
-1057.756
-3153.615
-305.6864
-432.1539
-1183.356
-741.272
-785.4084
-910.9758
-2166.846
-1201.269
-1125.719
-1681.83
-1674.561
-1578.366
-1544.172
-2071.708
-4095.81
-2134.781
-1654.323
3117.251
117598.5
45076.19
2313.977
476.1702
-221.5621
-4787.705
-2111.864
-1438.717
-1053.217
-1014.394
-173.1713
-940.6232
-366.217
-1516.186
2723.703
173.8145
-779.9468
23789.53
9747.543
8330.824
-112.7048
-2978.803
-1927.67
-1490.619
-2407.717
4208.548
1067.748
-462.7636
-1084.465
-1416.173
-111.4796
-887.388
-663.1833
-116.7367
-722.1553
3453.877
458.1307
-335.5834
-944.8392
-638.5231
-507.0313
-1062.813
-1348.949
-546.8292
-846.0641
-1181.02
-1126.148
-1517.391
-1456.228
-849.0344
-1015.555
-668.2736
14992.47
5221.48
1529.757
-564.055
-598.0253
13974
4434.441
1618.807
-280.8491
-1251.462
-646.6725
-850.3762
-1137.929
-213.0298
-757.4544
-705.3826
-351.4659
1233.647
-75.3194
-765.6344
-564.701
-517.438
-647.9643
-439.274
-898.072
-809.2519
969.7922
1358.954
221.7437
-515.2972
-506.4409
-1493.435
-392.6119
-379.6086
-1960.28
-1198.734
-653.8579
-843.0094
-735.1075
-960.8178
-607.4235
-68.50318
-286.7493
-392.3127
-2216.718
-1610.991
-471.1953
94.14805
-885.8759
-190.5168
-1023.243
-1994.746
-4327.722
-1653.763
-4904.28
-2590.989
-687.8926
-921.3022
-542.5657
-1110.702
-1010.463
13470.37
-1531.641
-1608.942
2536.954
-1307.454
-567.6953
-520.3534
-675.4382
-923.4184
-213.5677
-88.05242
1353.677
8832.955
4874.537
903.571
8094.356
3961.887
2381.001
553.2322
98.83172
-463.6741
-1932.817
-1330.792
-390.73
1326.415
466.5818
1157.618
6466.172
2534.766
-39.83767
-342.5891
-895.2562
1154.48
286.3727
89.10315
-2941.394
-801.0856
-495.9808
-644.8195
-586.3311
-19.51063
234.5553
-700.3003
-297.0272
-129.1329
-369.0681
36.32419
3374.716
879.4035
-242.2024
1796.54
1007.496
151.3871
-510.9535
572.0648
208.3045
203.9075
199.974
-11616.46
-5343.497
-2352.292
-1528.228
-1464.132
-541.1576
-397.4883
1960.313
432.5272
-501.3948
-640.3712
-255.5777
-462.3308
-364.7639
452.7062
-832.3934
-220.6827
-121.3884
1153.385
423.1972
281.3626
855.9801
-344.0894
-653.1918
-246.0966
-385.5811
-2659.506
181.0604
2488.98
1076.183
1936.136
834.8818
-7447.857
-3279.527
-1140.676
-79.92754
3383.599
-959.8381
883.626
829.2122
52.57296
626.5594
1562.672
856.4368
-419.3718
-157.865
-202.6783
252.6865
209.1452
-1354.351
-1867.177
-1202.122
-179.0399
37.09636
-542.3975
-1543.162
-1014.303
142.943
-798.3722
-613.5454
-820.2954
-1426.368
-917.992
-8656.724
-3550.812
-1758.524
188.7952
-565.8069
-755.1344
-502.2942
-3205.841
-2935.071
-1753.504
-664.9255
-866.2442
-809.6458
-187.6998
-251.4173
-553.4386
-720.4995
-887.349
-745.9968
2391.34
-630.0555
-713.3202
-467.541
-92.08754
954.1632
-39.01718
131.6436
-303.5542
-514.3431
-120.8918
-937.113
-1337.6
107671.4
40724.24
17111.51
5949.226
4041.399
1469.395
1241.817
29202.98
11084.2
3613.069
998.4159
-1045.04
-2180.649
-501.141
-225.9936
-730.6372
-654.6338
3796.066
1617.966
-96.67053
-587.7809
-1289.439
-921.6889
-414.7759
-7152.357
-1969.601
-16178.27
-5190.249
-2212.024
-1331.814
-994.4132
-1670.32
-241.5183
-486.6369
-31155.22
-11947.79
-4636.274
-1541.473
-1360.766
-1298.542
-648.549
-211.8356
-654.4846
158.9471
-443.1443
586.411
582.2099
1387.935
211.535
-452.3184
-1089.605
-1020.669
-12276.57
-5645.951
-3305.234
-1971.624
-1639.345
-308.904
8755.962
1894.438
-2994.719
-6772.313
-2672.715
-1653.552
3433.555
-10.69982
-598.8693
-522.3397
-279.2869
46.71388
-704.6213
-916.6463
-937.6388
-123.8234
-893.2749
-1231.607
-943.5079
-2443.571
-1178.681
-860.3167
-378.0416
-1014.11
-763.6465
-1076.157
-6975.244
-3492.212
-2095.485
-2390.05
-1381.975
-1662.869
-6031.211
-3062.649
-3225.442
-1916.124
-1690.365
-1239.369
-836.5836
-1086.2
-1184.695
-1936.895
-1208.659
-1276.728
-869.8739
-1657.412
61.31538
-986.3942
-1156.004
-1062.311
-2091.897
-3554.928
-1596.524
-470457.6
-183908.7
-71414.77
-27737.26
-11569.11
-5361.643
-3000.541
-1576.639
-1495.415
-621.6551
-835.1866
-706.7357
-165.4723
1354.535
-2517.758
-2486.25
-720.1259
-783.4781
-1486.138
-1378.696
-1899.762
-1637.405
-7376.274
-2130.849
-1633.892
-882.7432
-23236.79
-7823.412
-4168.432
-2355.323
-12156.56
-4671.413
-3265.75
-1411.326
-2475.478
-704.7835
-84.27882
-637.9714
-852.3697
-1416.821
-544.6714
-1185.303
-1369.778
-929.9693
-1157.192
-1379.111
-2279.837
2809.348
-82.85156
-564.9615
-810.0675
5808.176
1604.875
-289.8107
-1677.252
-1655.653
-794.6413
-1398.917
-1619.74
-1788.475
-1315.769
-2003.056
-1451.474
-863.9407
-1194.108
-1473.969
-5792.221
-6307.922
-3066.353
-1813.51
-2022.798
-786.3556
-603.022
-44668.76
-18085.65
-11250.78
-4902.698
-2894.778
-1465.333
-561.4249
-583.0002
15192.47
4910.345
1187.289
-786.0911
-831.9345
3859.097
1310.053
-409.0761
69.39463
-868.7929
-1593.112
-1680.071
-1585.75
-1723.856
-1967.685
415.6376
-4269.36
-2437.078
-1631.365
-1088.145
-1272.6
-647.1415
-1610.163
-1713.6
1158.988
257.8313
-1092.886
-876.4654
-1335.472
-1057.493
-5525.499
-2400.915
-767.1818
-457.2998
17229.54
5885.427
1847.662
2878.969
30658.27
11571.25
2414.958
417.1415
-1360.819
-986.5619
-1142.439
-603.8335
-335.9534
-1208.863
-1281.28
-1486.781
-1267.234
-1366.325
220.9004
3019.448
221.2938
-266.6489
-1001.998
-1876.118
-3742.684
-3734.04
-2210.352
-4053.737
-2315.395
-2053.16
-1244.863
-1149.663
-1284.212
-1501.281
-1673.534
-2322.566
-233.8116
-753.5996
286.2523
-226.0009
-779.9795
-12.4999
-2846.533
-2678.307
-1943.839
-1714.872
-1769.334
-2450.973
-1526.637
-480.757
-1283.907
-963.7537
-289.8416
2937.757
539.4868
-1746.783
-1453.393
-904.2457
-3336.629
-1736.562
-1476.648
-1091.354
-1426.434
-1061.575
-1377.426
-1222.362
-1090.533
-1443.046
-1044.725
3884.179
1079.804
-1037.015
2253.296
341.6407
-334.341
-493.8359
-1339.938
-1833.324
-2096.129
-1557.106
-1022.438
-1714.794
