28.37993
-0.2117556
317.9103
173.2671
82.05601
49.79052
-8.518315
12.05732
12.34701
9.047285
-103.1968
-45.45612
-38.23452
-16.80454
-6.364288
3.23143
14.42148
2.14516
-198.7377
-89.96088
-58.2552
-22.79933
-0.2884222
5.348735
13.8947
101.3826
56.3566
60.48986
37.50497
31.81513
33.96751
72.79719
56.69814
57.23725
-44.73922
-28.74918
6.318539
80.4173
64.58749
102.6396
89.40781
57.40289
49.79242
33.91285
-51.82441
-31.3247
139.6494
87.35456
62.13454
36.71297
27.6582
33.831
20.19618
207.1349
145.5976
104.1576
68.7517
57.94889
49.7292
47.77009
43.44626
58.6621
34.0792
35.15112
71.91648
43.63961
43.40236
40.34461
11.87537
34.22037
319.2796
189.5432
122.1612
88.55877
69.42432
57.22761
70.49016
22.31586
52.76184
48.10031
43.41658
47.15182
57.046
39.7223
8.962484
-9.423315
-1.483785
1.612774
11.24079
7.532824
28.9456
17.96073
35.99994
18.74691
23.68784
28.54245
47.15286
32.472
48.75816
35.76151
43.88945
-64.52005
-6.184672
30.7927
221.9834
145.1386
104.2182
85.3598
58.21073
55.85609
-101.4543
-29.28345
8.66572
29.33118
46.78705
60.07209
65.54232
65.80089
66.64482
67.77857
97.37295
97.304
1647.211
939.1885
559.8104
334.0244
217.5608
155.1809
119.3536
-12.85154
25.14758
43.69231
70.16625
76.41093
89.71778
62.31643
116.2968
98.51045
88.12711
100.583
84.41615
127.5159
102.15
105.3119
78.85128
99.24389
108.9967
69.04688
50.35383
84.91713
100.3413
91.77021
99.99981
93.61617
86.14264
67.94989
75.27349
75.40982
73.99808
119.214
119.8553
94.62657
92.98055
85.7984
89.65629
90.86095
97.7838
100.3945
107.9457
107.7175
106.9587
120.3064
114.2851
102.5852
230.877
170.1506
146.1841
120.1226
124.9742
110.1799
159.3841
144.5749
88.32639
75.9989
86.38811
90.09261
100.4429
103.3353
103.6499
113.7046
121.8547
134.8274
180.7096
124.4448
161.2691
133.7153
124.7668
99.06781
104.0442
95.60671
79.36993
108.6587
120.4309
110.5783
112.4264
115.7925
110.1867
129.0276
121.7604
120.6551
109.381
121.1346
127.2327
103.4887
110.1646
100.845
97.69876
104.4707
106.7383
110.7889
95.78892
96.68836
37.11527
59.86394
109.2773
111.1325
105.0212
318.351
249.5847
190.5988
162.6027
114.1045
114.3725
121.829
64.90324
97.4245
115.1795
99.96319
118.3872
123.8218
128.489
119.1015
117.4132
129.8611
132.6293
129.0248
131.1282
234.8282
198.6405
172.9956
201.8511
177.3976
166.2998
143.2151
146.5121
143.8175
137.0459
144.6459
-122.5671
40.29609
91.49338
125.6253
133.3959
139.0036
135.2863
135.9769
144.3272
141.4904
104.9885
118.3045
128.7058
160.0627
156.8522
112.1525
112.6384
145.714
138.613
155.8976
213.0171
187.5206
171.3362
159.6047
151.4384
150.6659
179.3513
163.7593
157.7977
150.0119
148.9866
158.869
162.3457
125.2095
129.4684
150.5352
148.4735
153.8984
129.6815
98.82545
144.586
174.7999
167.74
162.4333
162.265
167.4774
168.6107
185.2492
202.8028
188.2368
186.9806
2098.572
1266.977
822.5279
526.6128
361.5042
203.932
193.7853
176.4014
169.7663
266.2166
207.3906
184.3568
172.3351
168.443
167.6283
182.6861
138.2691
159.0241
163.0282
169.381
169.1059
182.6501
133.4924
191.5317
183.4616
173.5746
148.5549
157.9977
163.7084
169.8198
175.8385
168.8902
156.7192
165.273
168.26
162.0483
164.5088
174.8178
178.2447
182.1838
141.8447
129.8753
154.6446
181.2017
194.2432
180.5648
174.9082
202.9186
168.0893
176.7317
24.34593
101.891
122.7402
167.4638
155.7023
219.0735
204.0689
202.0185
197.6353
215.5807
199.2631
186.6598
197.1692
208.2261
195.5311
168.5424
177.8593
182.6851
148.2098
167.8334
175.0345
144.4496
4181.167
2414.969
1490.829
981.5829
636.418
-641.131
-268.9877
-70.90945
50.86898
115.3832
60.34468
125.7294
1456.163
1373.776
828.0536
548.1964
398.9353
317.7597
270.3756
246.2597
238.4607
261.8618
230.2513
235.4241
180.6581
-344.8853
-552.1645
-206.6726
-19.53382
78.21359
123.5364
167.1014
175.8976
190.8018
178.8698
187.1817
189.375
224.0073
235.6319
225.6889
222.3765
14.88131
102.0745
146.342
170.5984
194.5974
200.7387
209.4282
413.5066
329.8285
268.0485
257.4078
233.3954
183.2166
199.8363
200.1816
194.4421
209.4544
208.5299
200.3612
89.16072
148.0811
174.437
206.2449
221.4228
244.3284
238.0848
179.3853
214.4274
254.5605
245.6804
235.1201
224.3351
211.1286
195.6423
185.6012
218.2474
199.2753
211.0598
222.1463
234.3331
232.3796
224.7585
235.3904
200.0524
210.2076
161.1502
200.5722
228.9916
217.4482
226.3364
246.6576
238.8478
231.851
239.9449
238.2528
230.9836
231.3291
222.4796
209.8768
199.815
218.9428
258.6971
248.7439
256.6646
335.1298
293.1055
267.0664
261.6399
249.1431
246.01
240.6843
238.9363
198.6045
-248.3048
-33.63942
102.5496
184.8804
-1334.627
-602.7415
-331.2088
-107.5821
22.18232
127.2584
181.1307
200.4302
208.3087
220.1342
227.1272
231.8376
252.5196
257.7344
253.4305
271.1662
263.2651
260.9593
332.976
423.2857
348.1498
303.3619
278.9878
258.4721
266.0205
270.7494
301.3161
319.5253
316.2453
287.016
272.3374
1923.784
1165.671
813.9867
566.7152
441.1773
349.0255
240.0197
261.9194
276.4277
266.5686
262.7168
127.8114
190.3743
222.6102
255.6465
260.1041
259.2523
273.1155
274.801
210.3683
245.2662
274.5783
273.2441
274.2481
268.9712
258.5301
269.6978
282.1417
264.0106
283.2922
287.6274
279.93
275.8455
275.4705
311.864
297.555
779.8135
550.4152
433.3271
374.3798
275.648
272.6669
278.3141
269.0318
275.3048
267.4205
269.4129
281.5181
272.3527
280.8675
305.0999
303.0346
303.1173
244.6991
259.1141
271.1259
279.742
283.9752
280.0483
288.718
245.3437
291.0905
300.0807
239.9887
261.8225
253.0785
272.0099
289.4379
319.276
311.5652
317.2118
378.3467
341.9671
319.0366
271.0468
285.8243
287.1919
318.0031
281.6917
282.4692
292.6157
308.7934
300.598
282.9639
293.3881
289.5196
298.4507
285.6877
284.8601
305.0625
466.6574
393.6201
349.7652
315.7183
303.269
307.953
281.3327
293.7567
295.3167
296.3619
336.7255
335.2001
37.19812
151.9475
224.026
269.4015
302.8829
294.4419
317.7481
308.5905
323.6821
288.4415
304.7977
329.1695
327.8331
325.4403
316.1895
317.3147
324.5561
327.7213
463.4819
411.2954
288.8616
269.8498
295.4685
305.0931
307.2733
310.0704
325.3659
327.571
346.4909
1334.422
899.9481
643.5814
490.9917
423.5426
294.1408
348.3849
338.2472
356.0527
342.134
326.5383
460.1768
201.596
236.4531
296.7529
308.8823
313.5196
285.6158
318.749
323.9855
320.8968
326.9215
331.0138
330.7588
337.6081
146.7247
248.1004
300.516
392.393
363.1159
347.5728
345.5594
363.8567
353.811
408.1569
376.9115
373.6576
369.5885
350.59
357.5061
349.7222
376.8751
366.5015
352.2198
388.2191
353.7107
255.5038
298.13
306.3314
318.5467
309.7116
324.3909
342.5219
255.6761
306.6699
341.6215
329.1466
340.3293
337.5619
384.3273
361.3791
359.9292
348.5012
335.0304
352.4769
356.0985
340.403
345.6088
339.4423
335.9257
336.03
477.6816
432.7781
408.6612
353.2385
115.1431
217.466
286.2961
275.0668
318.6546
343.7589
349.8849
345.8913
347.0489
356.2629
363.9691
374.0494
371.1817
366.3492
354.5736
360.9718
374.9921
403.7958
390.4335
378.1266
411.3945
644.7557
698.1104
539.7657
467.3771
434.261
408.8973
386.109
380.2055
375.9204
323.1661
353.631
361.2037
420.5804
313.8604
344.8112
339.6769
360.3802
355.7951
347.0339
354.0176
371.4766
378.3608
441.042
427.7697
422.7592
409.8649
387.6729
370.3099
312.6682
349.9001
359.0361
394.4014
399.3753
398.458
428.1043
415.6342
420.6577
413.7172
404.6019
391.3308
384.596
380.7526
377.2774
436.3446
415.3827
405.1024
420.9182
432.9463
420.03
419.3372
405.981
401.857
409.6594
403.8597
401.0005
389.2844
408.2136
409.1004
413.6192
401.4602
409.2849
397.0765
410.9636
407.3378
412.1345
385.0619
395.8859
422.7037
480.8928
452.3668
432.7242
425.3478
419.998
463.7755
601.1771
526.6177
478.8799
440.4925
441.1855
437.5793
492.998
444.7281
432.7788
414.1552
431.7867
424.8884
355.2575
365.0323
393.833
426.3852
393.6401
410.31
405.0207
459.6633
514.082
468.3295
438.4511
441.8917
434.3676
419.4601
416.9884
333.2038
418.7099
418.6107
424.4665
422.3958
453.2664
446.8143
417.1511
424.4412
434.7627
462.822
465.9686
450.7916
446.8789
440.7931
507.2489
499.9695
488.1653
499.2646
481.6307
461.8795
455.9985
462.6665
439.9394
456.587
460.6958
451.3345
427.2875
433.4906
493.5204
482.0284
477.5304
447.2015
443.5092
439.8589
434.095
456.6794
452.1673
468.9341
454.2374
452.8128
395.0487
426.6736
434.12
463.6587
411.5133
413.7628
444.8989
438.8574
543.1174
502.6157
483.52
490.7384
476.7161
458.0812
462.9326
441.0545
277.6914
358.656
563.7287
524.1653
500.9331
488.1009
508.1732
446.1328
451.9081
460.1476
459.9134
471.1382
472.2777
461.0466
463.2319
450.6773
429.2995
463.2954
471.5592
474.692
463.9426
465.2062
479.2388
483.7122
474.4534
471.3714
492.5846
482.4477
485.5265
9.999925
204.7837
326.9001
55.17244
232.2422
334.2379
411.0075
460.2002
467.1805
447.3186
467.3965
478.0513
489.2984
276.2974
327.7731
421.1585
455.2306
472.0594
487.983
488.8157
488.2798
458.0432
472.9017
459.4762
486.9298
496.0369
492.8316
514.0344
491.0881
886.2496
709.1557
780.6813
648.2616
602.5395
524.8256
514.5786
507.9388
511.366
505.5053
465.3858
498.4202
505.1821
499.1231
499.974
615.8265
565.2408
518.5195
527.6533
522.7192
505.1441
490.9824
499.0016
507.3039
504.4282
507.4902
457.5255
567.4541
539.2385
527.6491
414.5328
451.4166
482.7099
605.6823
582.4682
562.4858
550.0188
535.8471
505.9156
513.364
548.5596
508.9694
486.2185
481.2209
518.1746
516.7247
515.4637
530.7348
532.0342
533.2773
493.2828
507.8204
511.7225
514.8261
524.7675
442.7015
478.6917
504.6158
513.7168
430.2
474.2412
793.1582
667.6174
598.737
579.8959
557.1734
561.1405
333.4274
370.2025
425.9602
460.6471
507.7886
520.5634
554.9497
592.8589
585.6673
566.9122
579.0372
563.1336
547.9986
522.6235
538.3385
524.5888
540.8469
542.1551
545.7515
530.9033
551.8544
549.3153
539.9094
521.8335
528.4506
542.1645
543.9145
540.576
547.6508
551.4507
558.6318
539.2191
532.9697
553.0782
551.8817
541.2564
571.2849
561.1546
479.2028
497.2023
517.6036
542.698
542.7117
549.7803
552.4822
560.8406
553.7487
537.6802
575.0459
568.1007
573.5576
556.6413
574.3851
519.3068
535.0903
524.384
519.8595
537.048
551.8497
553.4785
547.3073
523.1418
528.434
539.6203
571.2134
568.903
533.2484
542.5376
544.524
782.392
691.9919
647.9243
903.9426
756.3581
658.9474
628.4453
608.313
584.3715
573.0403
582.249
550.0682
336.4184
440.9485
507.8067
544.2175
-75.51892
211.121
378.8756
464.735
531.6273
507.0374
536.7255
550.2105
553.5407
566.7041
596.3273
571.6006
589.829
579.8166
580.9957
580.2183
593.2124
592.1661
648.3328
623.1098
644.4836
637.9337
612.3032
621.5349
597.8866
595.4098
587.3317
618.6636
603.7964
599.8166
598.9718
604.6864
633.7731
616.9431
601.2371
569.0225
587.7991
589.7202
650.5862
636.7157
612.8432
622.2862
579.7765
582.2524
592.2859
589.2623
604.0905
576.7258
583.9532
479.754
535.1665
659.0297
636.315
621.3069
616.3276
599.0243
596.5625
604.1799
598.7911
615.2336
593.5201
593.1388
594.6662
604.3778
605.4865
611.2675
616.4454
615.6255
625.4676
603.236
615.7061
640.2717
630.7643
616.3189
600.2137
600.7951
622.4031
626.3688
621.3266
631.9129
639.2337
635.3989
623.9496
616.6883
611.8084
608.0975
618.0551
705.4382
655.1097
632.5049
625.2828
613.715
617.9512
619.6181
621.8859
634.3339
636.5284
627.1906
636.9408
609.8501
611.0701
625.8262
625.338
612.1615
621.4828
608.9931
629.2358
652.3692
643.2834
641.6647
632.2111
642.1588
660.3293
645.4016
640.0605
640.4368
627.6144
632.9894
618.8759
809.0276
745.1486
710.4682
662.6866
659.1316
714.832
681.1872
678.3058
662.4745
651.7827
642.521
637.0917
635.8699
638.0014
639.8815
621.3519
679.4794
631.5643
639.0779
666.6197
646.0852
628.8573
932.2072
807.5011
741.4943
740.446
695.9544
662.5286
650.6288
605.3578
633.0743
633.0192
646.2832
644.9377
647.593
647.6541
657.0213
608.1343
647.238
655.3011
637.5091
639.9076
643.7612
676.5632
660.4394
659.4951
660.764
667.2249
648.6845
16044.64
9246.492
5455.289
3326.699
2148.128
1495.353
1126.426
833.6004
766.0249
726.3185
703.4599
683.7234
669.8674
626.7781
651.0418
658.5126
648.4879
708.4048
709.7646
719.3985
701.6542
676.2279
675.0567
679.4386
726.5182
697.4413
705.706
690.1892
690.9137
678.1967
673.8789
684.7674
705.9337
736.7468
714.7888
699.273
694.2177
669.663
665.119
618.1364
647.0986
661.3186
805.7113
717.6181
704.7146
697.1208
671.6441
668.1365
677.2624
702.1023
673.4853
678.3333
673.8235
670.3827
673.0933
670.6877
674.3207
672.734
675.976
679.3708
686.5722
676.8182
876.7661
796.5212
746.4277
708.452
710.2461
692.4708
680.9101
712.9252
685.476
672.259
-1061.283
-291.3767
123.0539
403.6979
590.8069
647.5011
671.4491
677.5706
693.1485
698.5853
699.0782
878.4351
821.9765
733.0349
800.2941
755.9159
724.9206
-1706.559
-637.8463
-43.50173
295.2655
518.7204
598.3273
561.6734
636.8168
664.3368
667.6309
679.9659
644.8941
655.3515
671.2749
688.7428
696.6065
706.2253
701.2423
704.4277
699.2575
707.0065
705.5754
717.0189
720.2516
715.0019
691.2242
715.4401
713.3399
736.071
801.9145
768.5138
746.6613
729.8301
712.9932
714.2533
743.2031
736.7408
728.0591
638.0045
826.6704
789.4881
719.6292
714.2973
733.9172
717.5832
653.9939
660.2708
685.8958
704.78
728.3196
741.478
732.1418
731.1826
725.9033
732.8419
721.5838
718.9571
736.9169
724.5063
710.3561
737.9901
717.6002
714.3725
733.9346
726.4091
696.3148
702.1078
719.9295
725.3545
718.1866
722.8482
723.9779
735.4046
735.6238
732.2554
723.7676
623.9461
665.4439
675.9113
704.1418
716.9585
725.9286
740.661
722.7102
740.7741
801.3876
765.4077
762.6389
757.0322
733.1545
746.5146
748.6742
748.2243
745.3686
734.3462
722.4865
729.4663
701.394
720.267
733.449
731.9686
737.3639
759.2998
787.0023
774.1424
765.3388
1343.209
1177.828
983.8112
859.857
780.2136
776.0094
750.8992
738.6594
745.9457
767.3156
759.0162
759.567
765.3093
433.7805
568.8164
650.958
883.4854
974.4003
879.4821
1139.706
1038.019
894.05
847.5515
719.9989
725.2329
792.9029
778.7744
778.4098
773.7007
773.0444
753.5043
1143.165
982.5894
873.1714
821.1309
803.8953
780.9519
786.7879
3925.096
2524.145
1742.876
1352.314
1091.209
951.751
860.9757
722.121
742.7504
784.8462
789.2741
781.8759
773.8981
845.1265
789.519
780.643
774.8582
772.9822
768.7998
791.9307
786.7111
785.5073
733.7505
750.4346
758.4117
766.2379
951.3202
871.9153
833.2439
816.1407
783.1379
789.6853
775.0433
777.6971
781.2432
1781.773
1348.389
1137.149
976.3258
880.089
825.833
808.514
804.0255
786.4375
780.8608
2836418
1583047
883681.2
493421.7
275674.4
154188
86391.85
48561.29
27446.1
15671.51
9103.985
5647.527
3533.476
2325.618
1655.756
1278.23
1063.052
950.503
884.1028
847.1055
772.5167
801.0518
799.5046
797.1462
810.3717
806.7014
787.7984
778.1093
780.2305
790.8742
750.8411
770.8383
798.2171
757.0408
779.8215
812.1541
817.4712
824.8505
983.7093
905.7895
855.5886
879.9293
832.3779
879.7158
762.7936
820.1031
807.8276
808.1932
836.6561
836.9618
830.5374
827.9738
816.4232
816.8764
812.668
826.4638
820.1521
753.0619
787.4681
787.9312
799.3707
808.3271
812.3947
1007.947
919.2834
879.4046
833.1703
829.4183
780.8218
794.0329
816.1851
1078.091
974.3923
929.8608
880.8035
858.9127
847.4557
847.3558
850.0985
836.3428
818.0919
804.8501
788.5844
779.5363
800.0912
792.6713
847.1368
836.8676
831.4947
838.7454
833.8238
824.1355
832.6656
814.838
823.6514
667.7723
754.4643
746.9839
795.1944
765.7798
830.1937
833.1049
840.8899
839.6964
882.0987
865.2423
1091.543
919.0475
863.8383
865.6776
930.8216
908.0997
872.6078
788.511
825.711
829.3418
790.6332
983.6322
957.5035
1046.828
958.1837
909.928
874.4817
862.8716
774.7848
821.9414
840.7549
834.2657
824.0207
847.7757
821.0637
837.2398
842.7751
869.4801
863.7723
865.3399
916.73
915.8158
881.1413
872.1245
951.2274
906.1919
881.4851
871.4566
866.7013
851.4137
863.1458
868.9683
875.1499
733.0367
774.993
805.531
830.6692
850.4052
856.1946
775.1922
690.536
770.9536
839.7505
869.1953
893.5485
882.5278
879.2323
870.2289
907.1056
898.968
878.538
882.1276
879.0381
884.2616
883.4476
880.8811
891.5334
895.4713
807.2642
772.8632
817.7618
844.6579
864.3719
867.6318
875.5506
878.4141
883.9337
889.0086
885.8111
890.9704
884.5199
877.2414
867.2853
861.7309
869.5473
879.2773
833.7405
851.4066
865.8824
865.9846
886.7487
853.8922
872.4848
873.7537
888.813
881.4212
882.5517
890.6577
902.9251
906.3844
903.4256
899.0541
826.0032
861.6507
890.497
809.0645
1693.015
1280.821
1114.646
1054.755
976.6168
942.8112
924.8577
937.9938
884.0424
2011.8
1544.797
1289.427
1118.733
1021.8
976.8224
952.3739
934.4092
923.1944
980.8066
974.0056
938.7634
960.7467
874.4496
899.1019
912.5523
930.2207
923.3798
904.0306
952.2985
934.5159
922.4978
916.4128
917.4964
907.786
928.9463
921.1817
916.8262
931.5769
934.3717
934.5047
925.7621
926.7218
930.299
1073.583
999.194
930.948
110.5022
444.1562
657.2119
781.5202
854.0859
858.8758
890.1663
922.8908
921.0041
952.4384
938.9245
937.1715
955.8024
983.4328
962.753
942.6195
1169.665
1094.383
1022.771
991.8402
958.7399
942.5281
939.0105
955.0581
4438.015
3006.255
2082.548
1603.666
1292.084
1110.271
1037.722
994.0774
968.8799
940.4206
938.3375
930.4311
982.3691
956.4109
942.2843
934.6692
889.3321
889.5778
922.7824
1061.758
1028.547
998.0505
1009.444
975.3409
1006.287
994.8409
967.8051
964.1056
963.5206
938.3418
958.3005
967.6811
957.2533
960.9876
966.9748
970.5143
962.9545
962.4533
917.1357
654.5889
790.5728
862.3299
902.5405
929.8425
980.229
969.1968
941.2174
948.961
956.179
990.941
982.0042
974.1926
980.0483
977.45
975.7124
969.6344
978.2039
982.206
959.5373
1028.655
1000.754
988.0568
991.2844
999.0451
222.7434
573.2147
727.144
850.261
902.8528
1068.495
1027.646
1003.729
985.0006
908.6145
950.8256
963.1244
964.8978
975.4086
983.4976
1208.569
1119.222
1019.797
1004.503
998.2696
1007.908
994.2981
989.375
1615.723
1330.847
1182.585
959.9643
958.9389
1007.969
995.1353
1008.048
1005.562
1000.086
1061.416
1020.208
1006.146
1000.355
992.4382
976.1588
1022.886
1003.409
1008.067
1020.682
1001.972
993.7444
989.3971
1014.672
1029.157
1014.584
1079.425
1045.205
1032.6
1025.392
973.1807
985.264
1003.531
1002.012
1006.617
1000.713
972.3472
644.6335
803.5825
898.8764
962.0133
974.0113
964.4502
951.8138
967.5224
979.3257
1097.281
1114.424
1079.13
1039.447
1030.121
1020.944
1011.125
987.0036
993.6017
998.5117
1007.428
1018.486
989.3584
1007.996
1012.46
959.666
990.9962
957.4498
1025.685
960.1204
1004.481
999.3634
905.452
967.3357
994.0774
1011.058
1022.419
990.9941
1007.149
1028.737
1037.495
1012.835
996.7645
1035.962
1030.066
1007.255
1011.783
1028.186
1026.197
1023.576
1029.571
1029.466
1035.188
1036.697
1038.974
1048.773
1042.572
1069.711
1059.822
1026.055
1023.794
1036.685
1040.979
1024.729
1023.316
1033.053
1048.865
1048.157
1049.436
1058.848
1061.806
1056.443
1005.069
1017.861
1020.572
1093.945
1078.405
1064.435
1054.727
1059.024
1009.213
1046.3
1026.898
1036.527
1032.692
918.2553
984.1144
977.5358
964.9951
1010.264
1033.597
1037.425
1163.432
1097.725
1073.721
1060.628
1177.221
1122.915
1112.016
1099.895
1075.845
1067.486
1159.687
1103.906
1031.751
1173.809
1034.412
1044.228
1064.629
1097.261
1080.594
1000.611
1025.606
1044.885
1048.918
1037.813
1056.369
1056.539
1068.816
1036.201
1061.69
1058.622
1105.91
1089.518
1080.556
1064.189
1064.197
1091.983
1025.603
1051.925
1086.329
954.1636
986.257
1020.2
1020.296
1043.814
1056.679
1062.631
1057.33
1039.776
1052.476
986.204
1022.324
1058.542
1023.386
1030.897
1044.084
1063.387
1072.743
1109.194
1100.003
1023.403
1179.438
1034.379
1053.889
1048.028
1191.623
1144.267
1135.796
1102.988
1108.608
1094.548
1088.863
1092.923
1091.511
1122.945
1101.788
1113.88
1120.325
1111.471
1100.992
1086.936
1114.795
1103.601
1099.878
1056.676
1066.139
1579.87
1361.909
1251.05
1187.645
1106.889
1086.259
1084.209
1092.3
1092.965
1085.453
1120.468
1104.34
1095.454
1071.919
1077.684
1082.755
1107.607
1099.719
1098.426
1136.271
1121.686
1113.888
1117.794
1097.751
1096.281
1098.154
976.614
1037
1072.79
1090.25
1104.868
1122.913
1092.477
1104.547
1102.872
1119.628
1126.917
1118.222
1124.296
1112.956
1142.602
1097.121
1101.93
1103.978
1106.092
1106.04
1114.334
1114.196
1055.693
1049.319
1074.737
1046.616
1077.604
1098.185
1071.435
1087.656
1106.943
1109.798
1108.748
1208.257
1186.994
1160.235
1166.145
1114.059
1112.705
1122.409
1119.668
1121.54
1092.919
1103.874
1110.497
1148.738
1137.091
1114.989
1130.533
1134.015
1133.809
1133.556
1129.558
1120.302
1107.008
1147.607
1148.674
1052.674
1078.864
1108.201
1171.3
1185.385
1159.419
1138.969
1138.427
1137.698
1125.667
1148.615
1145.675
1146.389
1148.443
1141.411
1148.393
1138.339
1134.989
1137.08
1115.66
1116.361
1110.874
1097.315
1099.014
1127.961
1121.289
1131.312
1139.163
1145.345
1148.089
1216.31
1185.898
1265.805
1194.613
1177.932
1156.14
1143.839
1144.221
1133.872
1137.92
1150.678
1165.709
1143.225
1143.562
1143.089
1164.126
1169.433
1159.65
1154.052
1161.678
1155.586
1153.224
1165.326
1164.609
1179.68
1161.147
1142.526
1128.881
1118.064
1138.781
1172.771
1171.948
1168.394
1169.857
1161.45
1173.472
1172.367
1163.252
1162.969
1158.994
1161.06
1157.314
1158.597
1159.979
1186.595
1172.597
1180.546
1172.357
1165.801
1180.501
1143.246
1152.958
1268.028
1211.723
1177.507
1171.082
1172.146
1171.157
1168.347
1176.709
1176.546
1172.479
1149.846
1184.543
1172.513
1171.414
1172.313
1188.55
1005.618
1087.243
1129.538
1143.845
1172.859
1170.485
1164.927
1176.06
1176.737
1184.222
1177.642
1177.375
1154.86
1119.075
1169.697
1169.306
1197.389
1245.694
1216.828
1184.912
1189.719
1192.537
1096.215
1146.171
1157.27
1175.386
1176.184
1175.66
1192.162
1176.245
1163.201
1174.939
1179.912
1181.5
1178.887
1167.175
1184.096
1201.246
1211.041
1189.859
1199.795
1193.497
1210.339
1198.689
1197.89
1209.25
1189.709
1208.971
1158.181
1163.78
1114.889
1146.671
1162.049
1172.864
1179.282
1197.713
1193.894
1198.569
1215.057
1198.691
1197.964
1197.407
1187.903
1179.98
1217.874
1214.267
1093.861
1079.898
1145.899
1180.508
1200.053
1129.716
1150.793
1158.243
1185.553
1195.381
1199.163
1184.259
1355.626
1296.287
1269.669
1251.084
1235.862
1219.481
1215.197
1214.654
1220.378
1219.373
818.4247
989.5714
1065.177
1138.9
1177.246
1198.673
1214.225
1176.153
1181.538
1194.346
1205.74
1211.593
1237.348
1225.627
1218.698
1212.699
1067.852
1130.52
1174.738
1189.15
1196.216
1205.962
1213.2
1242.854
1226.874
1222.617
1201.051
1205.396
1219.257
1228.165
1226.343
1227.281
1250.152
1223.083
1237.733
1224.433
1228.822
1241.421
1226.808
1213.711
1244.728
1215.436
1218.95
1237.442
1233.535
1241.116
1237.34
1244.492
1247.297
1237.347
1232.478
1236.51
1225.674
1215.361
1177.752
1213.304
1223.674
1235.995
1241.658
1242.32
1242.396
1251.167
1239.508
1234.552
1288.443
1337.979
1286.407
1256.101
1265.168
1156.889
1196.012
1218.487
1224.778
1278.361
1280.074
1309.16
1279.377
1267.146
1243.588
1196.188
1219.58
1224.367
1276.038
1260.255
1251.324
1289.3
1274.362
1266.513
1233.331
1243.964
1251.491
774.3494
999.7323
1117.475
1187.972
1225.535
1263.068
1248.448
1269.356
1282.922
1262.718
1261.297
1284.133
1295.282
1306.858
1288.542
1284.981
1112.407
1182.7
1218.56
1241.835
1250.871
1210.371
1242.906
1419.667
1351.913
1311.587
1298.695
1296.284
1246.39
1251.733
1252.263
1290.151
1289.692
1295.949
1294.782
1179.208
1219.183
1238.916
1233.269
1249.332
1254.436
1250.929
1261.536
1196.772
1248.048
1262.246
1245.129
1218.288
1247.395
1260.577
1276.245
1274.194
1282.18
1450.884
1377.7
1354.417
1331.067
1323.017
1181.207
1219.985
1259.296
1272.857
1290.081
1291.067
1200.432
1253.056
1275.235
1284.473
1288.039
1320.397
1304.387
1305.419
1318.021
1307.475
1310.059
1306.619
1303.324
1215.31
1251.583
1224.685
1263.563
1250.956
1262.086
1280.363
1302.124
1300.504
1302.329
1306.727
1310.297
1296.426
1300.558
1316.268
1337.886
1321.984
1320.259
1308.735
1291.42
404.4184
809.2665
1022.006
1147.559
1221.747
1270.339
1284.349
1286.506
1272.643
1295.447
1115.723
1191.69
1246.869
1272.304
1300.135
1313.379
1308.521
1307.781
1317.182
1264.682
1192.465
1239.91
1278.033
1321.486
1312.65
1331.844
1306.112
1311.172
1271.205
1295.982
1309.629
1322.078
1357.943
1378.829
1355.24
1290.348
1306.74
1301.195
1408.045
1388.766
1416.988
1384.685
1369.722
1370.713
1365.773
1353.55
1356.639
1333.048
1343.165
1328.776
1330.509
1329.955
1347.565
1344.695
1342.772
1327.457
1339.079
1351.739
1378.527
1369.9
1362.885
1360.894
1345.453
1373.08
1350.765
1324.85
1335.391
1327.789
1382.366
1354.246
1597.082
1486.629
1425.98
1388.546
1406.574
1318.935
1327.515
1280.94
1316.981
1338.67
1341.69
1350.11
1453.024
1413.936
1375.758
1363.545
1327.675
1391.086
1356.21
1364.228
1348.062
1347.794
1352.837
1350.521
1307.972
1327.369
1339.186
1341.973
1352.058
1360.807
1368.639
1365.128
1363.637
1364.205
1395.038
1421.678
1402.055
1396.618
1351.694
1366.414
1364.414
1399.896
1384.906
1392.301
1378.061
1415.276
-38383.81
-20808.12
-10980.5
-5511.896
-2469.722
-751.4441
193.5597
705.2763
1012.295
1174.94
1317.775
1701.905
1597.518
1499.446
1455.485
1276.474
912.5544
1125.675
1236.405
1305.81
1339.545
1359.245
1537.573
1471.459
1437.861
1466.531
1420.259
1614.192
1517.002
1456.741
1430.348
1415.011
1212.201
1274.259
1320.229
1353.67
1362.578
1384.718
1374.628
1389.99
1387.748
1399.829
1381.255
1383.215
1396.548
1617.687
1483.429
1434.848
1412.921
1412.489
1406.971
1413.919
1384.415
1379.734
1406.756
1420.651
1413.912
1417.558
-405.3401
404.1706
842.824
1085.929
1220.206
1321.243
1389.875
1400.024
1412.075
1388.895
1403.49
1411.074
1401.3
1410.369
1415.188
1436.524
1198.197
1307.541
1350.211
1325.844
1377.726
1413.833
1410.983
1432.914
1426.656
1228.64
1315.101
1357.96
1376.915
1400.202
1406.43
1425.993
1429.305
1439.259
1431.027
1429.089
1437.109
1431.458
1418.795
1438.61
1417.489
1429.113
1372.638
1613.825
1620.195
1689.18
1579.583
1489.194
1491.893
1463.982
1338.417
1382.999
1408.601
1390.027
1416.42
1423.285
1418.332
1445.808
1441.96
1441.563
1436.389
1437.451
1436.327
1438.931
1442.824
1442.2
1444.113
1442.78
1452.221
1449.708
1453.52
1480.183
1467.817
1492.917
1476.809
1473.039
1466.573
1456.585
1445.723
1447.729
1478.706
1594.757
1540.093
1523.989
1510.995
1568.391
1502.891
1481.01
1503.623
1554.84
1505.452
1480.996
1465.967
1487.585
1468.319
1517.346
1494.282
1511.56
1495.88
1466.189
1459.581
1473.605
1465.953
1446.215
1420.574
1491.357
1419.638
1439.818
1459.732
1454.974
-2459.291
-729.9056
239.7527
743.7828
1069.902
1240.336
1345.217
1404.443
1434.855
1445.39
1446.415
1466.649
1477.202
1470.53
1482.765
1484.373
1472.516
1482.005
1481.661
1481.353
1635.522
1338.451
1346.112
1400.653
1428.661
1454.385
1471.414
1443.409
1465.388
1519.451
1655.936
1594.936
1704.271
1616.176
1571.331
1540.159
1515.76
1502.177
1494.123
1492.122
1497.427
1490.078
1496.46
1476.987
1482.557
1477.19
1478.575
1476.065
1449.483
1465.963
1475.036
1472.227
1363.929
1459.859
1472.911
1480.334
1502.446
1541.991
1525.07
1511.695
1510.461
1517.426
1523.764
1517.577
1508.316
1508.387
1508.579
1502.516
1498.281
1476.802
1488.121
1496.467
1495.512
1499.936
1527.709
1505.498
1500.756
1492.474
1488.567
1495.54
1508.132
1528.974
1528.536
1521.442
1509.826
1522.368
1548.531
1526.2
807.1296
1106.013
1303.162
1394.832
1469.919
1484.651
1492.801
1487.733
1504.407
1512.731
1505.044
1509.403
1509.979
1505.573
1507.454
1434.302
1474.898
1522.731
