-66774.94
-66285.21
-67267.89
-65346.03
-63589.2
-61594.92
-59841.83
-57952.59
-55941.68
-52308.83
-49922.61
-45556.71
-44370.83
-42774.03
-40612.75
-39974.73
-38257.03
-37163.99
-35877.51
-34728.78
-33680.35
-32344.58
-30845.15
-30140.94
-28606.14
-27590.98
-26848.83
-26669.75
-26898.97
-25861.88
-25042.09
-23934.89
-22699.93
-35916.57
-32844.86
-31611.98
-30584.29
-29504.8
-29315.51
-27848.1
-26689.07
-25783.86
-25053.88
-24493.1
12520.03
37533.17
36430.28
50608.69
48190.49
47160.47
45427.47
44314.04
43640.1
42038.89
41895.62
40398.08
37462.99
35015.44
33806.39
31712.17
30996.42
30176.43
29073.72
28020.75
26554.93
27470.13
26505.15
25129.62
24180.34
23358.27
22415.9
24493.63
23408.24
20674.07
20066.89
18691.77
18067.48
17535.59
16615.34
10143.89
10965.76
11351.91
10311.21
9724.18
9280.271
10102.61
9691.514
11458.85
10907.64
10326.69
9980.144
9644.221
-390901.4
-377443.9
-364783.1
-352410.4
-340273.1
-328537.2
-317995.8
-307445
-296874.1
-286909
-298673.5
-288738.8
-278884.9
-269823.1
-261017.8
-252156.4
-243864.8
-230218.7
-222308.2
-214951
-208373.3
-202278.6
-195326.5
-188328.9
-182039.8
-177131.1
-171428.4
-165659.7
-178003.2
-172231.9
-166671.4
-161132.2
-155538
-150193.9
-145066.2
-140619.6
-134326.5
-130375.9
-125791.7
-120934.7
-116998.6
-113814.7
-109169.5
-105561.9
-104750
-105268.2
-100973.7
-97781.93
-94532.11
-91418.92
-88200.36
-85263.72
-80728.87
-80054.01
-77847.19
-77699.08
-75331.99
-72810.92
-70523.97
-68049.22
-66161.81
-55693.79
-54061.52
-52221.77
-53946.58
-52364.35
-50332.65
-48451.89
-46821.54
-48731.71
-45707.09
-45010.12
-43198.9
-41716.45
-40240.07
-39083.86
-38196.87
-39338.1
-66122.22
-63858.98
-62000.42
-59513.54
-57896.75
-56262.7
-54571.24
-52536.51
-50817.79
-51294.17
-50303.02
-50772.36
-53264.89
-51732.81
-50334.97
-49135.91
-47846.89
-45609.23
-43859.57
-42531.01
-36661.99
-35234.75
-34216.37
-33229.33
-32915.1
-31392.11
-30604.46
-39906.02
-38906.26
-36723.07
-35614.27
-34032.17
-32914.58
-30738.5
-29775.86
-28703.45
-27377.4
-26016.3
-25263.53
-24320.9
-22484.75
-21569.19
-20749.66
-19911.47
-19153.92
-18549.98
-20544.67
-19614.81
-18943.76
-18231.62
-17083.35
-16388.92
-15583.4
-15148.04
-10401.89
-11125.07
-10370.6
-9986.699
-8895.127
-7616.422
-7750.338
-8552.698
-6797.509
-6189.213
-5982.819
-5548.02
-5443.505
-6623.205
-6411.995
-5977.732
-3394.69
-4187.669
-4171.567
-3316.729
-1599.155
-1223.111
474.7821
5194.431
6644.61
6755.767
8917.125
8202.718
8071.428
8571.273
8740.127
8063.44
7557.606
7402.197
4756.099
4575.84
3924.588
3209.778
1647.413
1612.255
315.3524
617.0105
206.2633
69482.7
66984.54
65256.02
63305.47
61303.04
59046.79
57288.21
55200.31
53130.99
51294.94
49770.6
48702.33
45662.06
44262.47
42799.8
41394.73
39950.15
38270.31
36840.75
35868.18
34943.32
33522.04
33222.41
29234.76
27878.53
26808.02
25865.55
25714.71
21084.2
20484.93
20070.23
18068.93
17265.33
16798.92
15876.62
15746.23
15628.61
15177.42
13951.66
13520.6
13247.43
12381.24
12220.84
12109.2
11694.23
10434.07
10168.59
8662.645
8133.822
7830.917
8123.948
7866.818
7445.206
8323.704
7971.112
7492.465
7929.398
7321.139
7033.991
6381.14
5731.157
5472.099
5313.461
4186.508
3170.597
3762.824
3883.154
3720.131
3626.271
3963.883
3547.887
3451.899
2941.035
2905.714
2581.163
2635.158
2284.097
2301.237
2687.205
3053.46
3214.405
3998.291
3773.987
4300.6
4684.142
5611.734
5463.102
5180.456
6173.698
13460.14
13765.49
15456.02
15139.93
14947.87
14132.56
13672.33
12986.92
13172.87
13761.41
13717.51
12009.8
11640.83
10615.13
9878.228
9689.205
8579.23
8070.245
7946.53
7637.411
7057.805
6854.096
10585.66
12487.25
12235.66
11763.79
16531.48
16236.01
16194.24
15832.03
15232.9
14208.64
13894
14064.14
13451.59
12542.52
11537.61
11258.1
8440.324
8215.748
8060.832
8094.803
7832.248
7609.379
8407.987
8423.685
7440.684
7255.007
7485.376
7505.435
6895.779
2417.816
2391.26
2083.071
1500.58
2363.369
-1606.561
-1897.905
-2721.073
-2054.493
-1503.553
-1298.408
-2131.614
-2364.186
-896.4603
11958.37
11654.26
6801.828
6883.559
6583.241
6649.569
6303.645
7213.418
6006.606
6408.182
5462.808
5364.56
5781.141
5544.21
6030.06
5680.598
5427.607
6683.196
7234.941
6332.056
6894.277
6602.768
6466.114
6363.555
6192.483
6102.291
4964.795
4585.552
4454.029
3745.806
3552.561
3548.174
-3902.13
-3216.258
-2821.507
6209.988
6098.273
-605.3053
-1193.966
-953.89
-1418.755
-4329.658
-2868.258
12750.09
12153.07
11753.3
11813.67
11395.58
9735.702
9165.237
9344.344
10289.89
10333.34
9524.666
9135.528
8342.701
7938.852
8305.63
6814.882
7425.571
7545.006
7343.352
7429.602
7761.059
7540.995
7370.054
7241.224
7304.545
67576.46
65570.99
63245.98
57391.5
55205.48
54654.5
56947.99
55283.13
53014.94
51701.83
49869.91
48588.41
46965.49
45035.31
43184
42918.19
41751.24
39923.85
39008.57
38110.71
36759.53
35467.3
34993.32
37508.93
36457.78
34948.52
33772.02
32297.41
31367.19
30263.3
30259.42
28723.8
27461.63
19168.19
18266.32
16180.15
14946.64
14823.62
14584.92
11747.05
11396.84
11892.98
12660.56
12061.83
7372.3
7004.425
7211.726
6976.89
6999.873
6770.282
9490.315
7625.148
7951.116
8845.8
7822.996
7414.929
7945.455
7643.776
7304.469
7044.244
6767.283
-663.4916
-684.9087
511.3201
549.517
725.0068
383.2988
784.0019
1241.216
597.8406
1161.533
1127.351
1116.25
1916.067
2861.052
2666.076
1542.405
2128.796
1542.387
1488.547
1649.519
1683.099
994.992
1161.623
1079.825
1731.852
1303.452
3066.044
4610.919
4367.845
4110.035
3910.9
4528.217
9516.095
9272.44
9395.893
9586.949
8827.301
8656.439
6810.304
6966.896
7649.097
7434.549
7062.471
7065.372
4032.791
3688.313
3409.611
3620.03
3553.694
4915
5982.208
6456.196
4992.405
4568.071
3619.821
3407.858
3303.031
2729.957
2653.213
2310.065
1226.323
1330.138
704.2095
-214.1939
-175674.3
-169192.4
-163393.9
-157944.1
-152790.9
-142419.1
-137869.3
-133249.3
-128539.5
-124280.2
-119958.3
-115615.3
-111152.4
-108096.4
-104642.7
-100625.7
-97474.47
-94170.46
-92638.84
-90445.68
-87282.54
-83995.32
-81253.93
-77878.91
-80542.47
-77932.77
-75432.33
-72889.01
-70188.11
-68614.04
-66379.87
-64343.82
-63332.9
-61383.11
-59338.09
-57343.79
-55640.64
-53636.88
-52073.74
-50056.33
-48404.49
-46040.88
-43091.24
-40527.49
-39009.6
-38371.57
-34509.46
-34160.23
-33206.44
-32283.83
-31631.25
-29881.62
-28696.92
-27744.64
-26746.59
-26041.96
-24918.5
-26848.91
-28633.77
-27513.61
-27083.42
-26070.28
-25567.71
-24979.48
-24318.5
-23590
-23553.82
-23860.83
-23686.83
-21929.97
-21711.78
-21870.6
-21227.5
-20255.05
-20950.33
-19004.86
-16084.72
-16022.09
-15923.36
-15604.31
-14683.93
-14864.06
-14462.4
-17511.41
-16058.87
-15470.37
-15208.93
-15290.56
-18016.98
-17036.05
-15082.97
-14486.77
-13746.12
-13262.81
-13099.25
-12840.53
-12063.95
-11645.67
-11474.74
-10699.87
-10383.26
-9427.235
-8788.71
-8442.713
-8976.897
-8743.508
-7053.853
-4440.732
-5250.675
-5566.828
-20235.51
-19734.86
-22008.26
-20941.58
-20514.75
-20849.03
-20081.44
-19577.15
-19015.8
-18571.44
-17680.39
-16504.94
-16097.53
-15635.67
-14875.82
-13054.77
-12667.1
-12515.68
-12232.46
-13618.94
-13081.98
-14260.21
-13897.09
-13470.22
-12898.16
-13254.81
-12426.77
-11951.28
-11911.83
-11619.57
-11131.06
-11141.68
-12099.16
-11631.46
-11584.4
-11111.01
-10398.87
-2182.053
-2118.042
-2536.5
-2655.996
-2486.196
-2028.22
-2124.13
-1922.488
-1739.21
-239.2201
-1358.048
-2231.324
-1206.402
-1062.317
-1164.768
-1888.821
-2625.071
-3016.13
-5349.971
-5508.545
-5592.51
-5082.847
-4985.16
-8711.154
-9494.68
-8706.306
-7700.485
-7937.847
-7489.841
-6299.029
-11193.98
-10537.4
-10208.45
-10613.7
-9901.826
-10508.43
-11360.22
-12136.49
-11483.7
-11235.51
-6910.25
-6383.449
-6567.883
-6990.379
-6980.194
-8096.097
-8014.782
-8053.587
-7735.655
-7626.705
-6792.801
-33127.72
-31486.79
-30450.8
-29619.8
-28928.72
-27336.86
-26473.21
-26122.92
-25477.02
-24774.11
-23562.18
-23305.15
-22859.82
-18694.61
-18924.86
-18393.57
-18212.36
-17189.38
-17567.75
-17240.16
-13211.49
-12389.81
-12245.74
-11811.93
-5926.659
-4692.606
-4694.794
-4719.793
-4058.912
-4283.142
-3857.878
-3944.59
-2752.187
-2817.758
-3071.506
-3259.769
-3434.485
-3432.379
-3150.758
-3815.442
-4219.931
-3808.3
-3892.018
-4256.453
-3557.948
-3408.261
-3234.364
-206.9692
-1034.648
-12783.33
-14059.64
-14070.35
-13388.57
-14163.94
-12886.03
-12813.36
-12862.58
-9759.13
-9502.754
-9414.34
-28143.79
-28044.38
-27226.31
-26946
-25282.15
-24305.78
-23701.56
-31120.67
-30497.83
-30424.16
-29249.2
-28287.43
-28399.41
-27414.25
-26884.72
-13334.92
-12594.84
-12046.12
-11335.02
-11072.17
-11123.12
-10378.39
-4675.708
-4275.043
-5069.4
-3947.864
-3910.246
-4424.509
-4107.59
-4258.576
-5852.128
-6166.677
-5758.172
-5212.114
-5435.179
-5066.877
-4991.515
-3686.997
-3334.079
-3773.559
-3913.835
-2483.418
-1867.391
-1928.393
-1770.629
-1319.244
-1819.975
-1802.308
-2309.665
-2700.443
-2951.495
-2349.518
-3068.299
-2867.633
-2465.148
-3573.559
-3356.206
-3293.064
-3477.682
-4775.428
-4784.222
-1992.399
-1766.505
-1274.002
-1093.386
-1092.348
-1388.61
-787.4438
-835.7792
-1442.228
-1770.876
-1747.687
-2343.066
-2442.139
-1938.662
-1153.221
-134.4622
-766.1206
-175.5782
-543.2557
-3647.355
-3062.886
-3046.757
-3156.702
-2532.666
-2064.328
-2227.213
-3152.329
-3465.076
-7751.816
-7308.31
-7267.02
-7239.785
-7034.612
-6552.703
-13994.5
-11889.91
-13356.05
-12714.11
-12366.17
-12063.74
-11288.08
-11056.27
-10258.54
-9918.276
-10412.17
-10527.15
-10277.31
-10303.91
-10478.32
-10018.29
-10109.23
-9558.221
-10373.76
-11681.75
-11332.59
-11069.85
-10765.2
-10354.91
-9985.13
-9863.14
-8764.908
-8432.898
-8553.54
-8048.193
-6776.485
-6865.685
-3640.215
-3744.225
-3860.545
-3789.57
27255.57
27047.42
26117.5
24683.37
23848.65
22978.46
22033.47
21465.75
21743.48
19998.69
12479.9
12214.33
11123.41
10832.06
10096.89
9680.291
9628.08
8986.007
8608.574
8066.496
7731.345
6793.841
6137.984
6550.8
6258.749
6391.522
7947.73
7680.385
7252.472
7608.161
7250.238
6986.524
6906.798
7006.022
6791.141
5901.761
5824.721
6680.097
6010.956
5694.912
5621.826
6349.063
5455.297
5814.397
6563.218
6209.866
5610.652
4947.42
2891.977
3288.666
356.0164
-376.7494
-556.4522
-1226.035
-206.8444
-469.3656
-623.6716
-751.3743
-384.4076
-2555.93
-2358.609
-2342.529
-2714.062
-2513.18
-1942.636
-1888.03
-1580.912
-593.1512
-875.0427
-721.5334
776.0852
669.8739
1059.924
1609.418
1716.192
7066.178
6065.132
5996.481
5844.666
5598.715
4734.461
4933.791
4638.934
3374.625
-21125.17
-28314.02
-27298.96
-26175.23
-24904.25
-24501.32
-23302.53
-21918.89
-21173.63
-20616.08
-29521.79
-29003.53
-28128.23
-27694.74
-25871.23
-24619.84
-23888.79
-23333.55
-24684.24
-23388.7
-23227.26
-22527.18
-21583.07
-19945.91
-19176.93
-16483.43
-14005.86
-13255.85
-12595.65
-12501.17
-14952.1
-16792.61
-15734.82
-14712.78
-14798.24
-14469.43
-14049.7
-13674.35
-11049.41
-11170.88
-12606.83
-12231.57
-11599.15
-11526.92
-11632.95
-10873
-9813.984
-9517.95
-9676.735
-10095.44
-9758.315
-10453.58
-10256.53
-9913.956
-9814.925
-9227.249
-8706.114
-8184.106
-8096.17
-6033.87
-5848.802
-5554.758
-4396.035
-4049.356
-4433.871
-9543.288
-8406.599
-8193.383
-8288.856
-8137.225
-9113.283
-9031.887
-8433.548
-9382.755
-7605.846
-7591.481
-7676.56
-7488.048
-5321.061
-5055.397
-3581.8
-3430.755
-3440.963
-3152.273
-3406.452
-3197.785
-6866.516
-7371.913
-6505.119
-7431.962
-5699.51
-5963.728
-6884.232
-7043.689
-10201.92
-7731.03
-7307.295
-6850.814
-6965.109
-6101.201
-6622.951
-6427.056
-6220.103
-6150.854
-6356.958
-6008.05
-6060.919
-6300.198
-5987.272
-5772.974
-5599.391
-7702.444
-7735.451
-7926.143
-7642.898
-7548.941
-7764.173
-8584.521
-8099.272
-7916.461
-7960.114
-6871.328
-6513.063
-4187.547
-4521.455
-5054.179
-4546.308
-1003.885
-1556.34
-2008.948
-2181.914
49050.3
47181.97
45747.09
44263.01
43066.16
41892.92
40880.79
39278.88
40356.34
38870.24
38501.14
35964.39
34891.14
33307.96
28110.03
26875.29
19921.37
18926.91
17917.18
18691.64
19063.93
16364.03
15576.04
15225.24
14636.48
16189.54
14340.33
14060.53
13006.52
12465.87
11802.77
11266.9
13443.82
10263.7
8863.689
8486.022
2154.924
2416.432
2026.975
1916.729
2464.684
2185.935
2464.635
2419.125
2106.536
2288.223
2192.682
2060.342
1882.026
1567.424
2593.917
1514.392
1421.943
-202.0303
2198.721
3972.719
4070.084
2958.241
2677.018
2883.605
1234.466
385.6845
624.7614
-1603.013
-1842.294
-1658.901
-2555.931
-1461.445
-1584.335
-1531.725
-1681.402
-1671.074
-2784.117
-2359.886
-2849.531
-1273.525
-1089.111
-1054.389
-1571.249
-2056.556
376.3009
-1529.437
-1548.911
-3054.337
-1555.768
-1393.806
232.037
84.88108
657.8914
284.0431
69.26752
106.4643
-582.6966
-458.453
-677.6087
20.66847
-42.64636
-334.2699
2101.807
1838.454
1145.472
1201.314
1138.409
692.8794
-4969.904
-6801.052
-7157.101
-6846.1
-7533.639
-7633.477
-8238.623
-8347.397
-7400.28
-7147.264
-10360.15
-9777.27
-10011.62
-23448.73
-22482.9
-30004.04
-28879.24
-29656.49
-28617.15
-27901
-27302.74
-31655.96
-30842.87
-29519.32
-28907.91
-28009.45
-26284.92
-25943.06
-24694.26
-24339.86
-23006.28
-20520.04
-20474.25
-19009.36
-16005.54
-15527.3
246668.1
243069.7
236305.6
228159.2
220260.4
212631.2
205104.2
199168.6
192814
186078.6
179757.3
173697.3
167415.8
161611.6
155925.6
151002.6
145643.1
124394.3
120256.5
116090.8
111794.6
107333.2
103474.3
100839.2
102650.9
99278.44
96078.3
93074.4
89042.45
89613.89
87278.47
84386.33
81692.58
79366.94
76491.18
75552.91
72816.97
68213.41
65011.22
63255.41
60912.05
59111.49
56929.41
53565.47
50336.87
47664.28
46187.33
44166.94
42283.11
41175.96
39914.8
39172.82
40557.82
38724.27
38038.92
37166.29
35520.64
34010.26
33911.64
32846.01
32493.88
31381.11
29336.09
28421.19
26671.15
25514.47
24227.98
23443.8
23024.31
21947.98
21927.23
19080.81
17949.38
17032.27
16274.06
17527.66
17016.16
16541.17
15706.63
14795.31
14702.35
14149.86
2163.371
2186.24
3835.443
3609.987
3712.233
3045.504
1821.727
1524.983
1017.978
576.7569
507.174
484.207
433.8859
849.0908
346.8185
80.94103
-112.5589
1208.439
866.4058
1066.345
4123.853
3706.398
3512.642
-4973.5
-4310.334
-4283.641
-3806.564
-3503.526
-3590.748
-3782.232
-3874.111
-4976.595
-5034.654
-4513.705
-3047.394
-3629.196
-3796.029
-2669.345
-2837.695
-4648.059
-3540.021
-3430.087
-3236.502
-4232.718
-3491.032
-3459.712
-6076.012
-6115.295
-5447.115
-6767.89
-11672.26
-11324.46
-11094.34
-10605.62
-10458.37
-10751.43
-10753.6
-10240.57
-10470.38
-10211.75
-9659.746
-9455.194
-10110.59
-9534.438
-10052.55
-9768.01
-9548.827
-33222.72
-32162.24
-30639.82
-28027.83
-25794.73
-25307.55
-24144.09
-23090.04
-22396.34
-21995.9
-21353.93
-19876.26
-18603.2
-18940.08
-16370.46
-16920.84
-17050.13
-16486.31
-16339.45
-16177.6
-15258.25
-16612.67
-16796.71
-15808.52
-15473.28
-14966.57
-13971.36
-11386.64
-11353.14
-12241.17
-11883.03
-9403.078
-4676.152
-3550.813
-4787.974
-4773.592
-4680.384
-4467.76
-4152.313
-3922.647
-3524.192
4404.406
4982.005
14013.07
12667.1
12201.22
11567.88
11142.29
23544.91
23072.91
22327.56
21752.8
20958.02
12182.62
12028.78
8380.099
8091.408
7481.969
-825.5513
-1304.228
418.6268
643.9471
755.1028
273.926
2589.403
2188.676
1657.401
555.493
1040.929
1069.419
852.9018
576.439
-377.4409
-1026.275
54.95943
-1446.55
-1763.254
-314.789
2822.448
2340.046
2183.494
-11219.98
5209.7
4554.468
4387.649
4228.885
4283.157
3508.477
1408.942
1424.656
1710.067
-4717.461
-4640.069
-4711.57
-8342.186
-7709.839
-8219.894
-9319.086
-8583.682
-174.4462
-193.928
-331.7233
-99.91343
-65.18483
-180.3842
-518.4713
-493.8524
-804.4299
-301.2172
2413.007
1967.743
1876.281
2048.577
1855.393
2361.027
-777.1495
-553.217
-904.8067
-1152.18
-1730.4
-3190.652
-3415.5
-3435.195
-3365.113
-2511.464
-1999.304
-2702.785
-1730.008
-2034.003
-2176.821
-2049.656
-2222.91
-2459.78
-2492.747
-2641.78
-2884.637
-3068.904
-2961.915
-3016.756
-3947.426
-3837.67
-2748.391
-2661.353
-2894.576
-3546.158
-3599.831
-3286.099
-2198.746
-1502.703
-176.6563
210.8442
658.7035
180.9301
1413.99
684.7647
3409.356
3288.878
2626.255
2280.903
2669.215
2472.259
2433.497
1640.606
1916.44
1824.835
1126.155
1230.198
-329.5122
-1013.685
-1543.32
-1926.396
-25.63124
-142.4845
-2138.432
-1211.302
2297.605
1973.685
-230.3765
-2005.231
-2063.601
-2259.588
-11509.64
-11104.1
-11865.55
-11431.54
-12116.47
-11480.05
-11232.27
-10247.28
-9086.858
-6654.73
-6571.702
-7055.507
-7105.317
-6452.579
-6329.207
-12087.33
-10794.02
-11400.57
-12002.02
-9427.229
-9288.921
-4552.293
-4451.762
5616.824
5007.989
5377.578
3933.53
3726.692
4161.843
4323.289
3480.655
3757.849
4361.556
-268.381
808.5913
971.5542
555.1623
107.6343
-69.384
394.4621
127.2298
104.3474
32.2191
-280.7605
-2286.961
-3128.618
-3139.954
-2206.481
4877.243
4417.797
4314.14
4860.836
4595.52
4813.9
4490.418
4108.887
4043.293
3970.88
3317.492
2959.551
2402.477
280.9333
-906.6642
-1108.414
-1630.613
-1505.699
-1176.467
1.747979
-1654.375
-2641.277
-2982.848
-3228.795
-2257.11
-2622.207
-2572.648
-3457.855
-3527.824
-3561.256
-3782.974
-4289.536
-3840.285
-3908.458
-3787.472
-2514.752
-2630.759
-2578.228
-2434.441
-2422.899
-2645.784
-3183.952
-4952.059
-5920.876
-5413.426
-5184.082
-5208.239
-5115.387
-5184.83
-4967.973
-5417.872
-3910.967
-3093.652
-3193.48
-3360.222
-3497.329
-3371.817
-2486.768
-2510.244
-2525.39
-2691.834
-3891.232
-3553.84
-6827.45
-6763.709
-6440.598
-272.8333
-456.4974
7356.285
6809.444
6546.106
6102.126
6730.896
6290.984
7859.612
7111.433
6728.377
6748.279
6513.209
6546.788
6300.833
6095.803
5902.025
4663.193
5774.117
5415.99
4902.487
5435.413
5397.385
5710.787
163710.2
158375.7
152988.4
148017.7
144048
139226.6
134617.2
130499.2
126759.7
122331.4
118828.7
113221.3
104807.8
101005.2
95332.54
91884.33
87711.85
85167.16
83412.54
79697.28
77047.24
74456.35
71945.73
72192.04
69624.58
66123.11
63701.75
61496.5
59558.06
57134.41
63393.6
61886.56
59780.28
57681.44
55708.43
53980
17447.91
12002.05
11318.06
10108.52
9384.847
9169.371
8865.128
8265.072
19284.71
9737.248
8734.691
8094.094
7607.253
7229.02
6130.591
11493.66
11345.64
397.5952
-27.07739
-625.0357
179.2285
1505.839
1458.45
-1823.18
-2116.159
-2052.819
-2008.077
-1720.544
-1919.431
-776.5744
1551.904
2225.037
1876.183
2081.617
-8862.148
-8584.317
-8406.271
-8023.045
-8120.494
-4691.769
-5033.189
-5384.281
-5191.61
-5466.238
-5721.706
-5760.795
-5675.612
-5589.118
-5839.896
-6424.241
-48770.82
-48013.04
-47738.47
-46646.84
-45364.76
-44367.57
-42874.66
-42086.31
-40761.81
-39808.31
-42637.11
-41415.84
-42058.62
-41171.78
-40184.66
-38759.16
-38447.33
-37260.38
-39278.81
-38104.81
-37114.48
-36449.55
-34441.38
-32931.56
-31612.02
-30727.36
-29611.41
-29568.65
-28887.54
-28265.37
-27192.81
-21107.07
-20293.4
-19843.63
-19043.51
-18678.83
-18243.95
-17966.92
-17470.26
-16599.15
-14725.67
-12089.28
-10213.14
-10214.16
-9555.813
-8865.395
-7723.128
-6867.312
-6894.966
-6851.361
-6704.448
-6882.687
-6351.413
-5745.262
-10111.89
-10072.97
-9894.929
-9825.986
-9512.918
-8774.578
-16206.48
-15504.71
-14223.44
-14142.24
-13516.2
-13196.43
-11757.64
-9859.214
-9394.119
-9841.69
-9265.721
-7901.752
13467.6
12689.6
12229.87
11726.23
10703.35
10017.05
9677.267
9963.926
9629.532
9378.842
12320.47
11919.12
11284.08
10962.2
8317.328
8071.415
7050.8
4370.251
3951.059
-13441.26
-13161.42
-13627.48
-13220.43
-13183.89
-12685.83
-10948.93
-10149.29
-10067.05
-9254.051
-8956.476
-8662.892
-9380.355
-9507.22
-8392.643
-26997.54
-21196.16
-19576.85
-18737.47
-18378.77
-17804.27
-12994.38
-11855.16
-11559.49
-11431.06
-12184.15
-11919.47
-11750.85
-10766.9
-10293.4
-21542.01
-20802.17
-20999.34
-20189.37
-19050.07
-19757.17
-18999.42
-18611
-18056.2
-17261.59
-17172.11
-16514.49
-16461.39
-15354.47
-13993.9
-14456.61
-14230.07
-13809.83
-14221.7
-14600.75
-13175.43
-12763.18
-12667.11
-12685.47
-15215.94
-16014.33
-15299.51
-18171.59
-19954.58
-20174.32
-19064.52
-19258.79
-32934.85
-31964
-31132.74
-30639.12
-30805.75
-29963.13
-30349.97
-29275.45
-30227.87
-29118.19
-24485.69
-24099.53
-23771.89
-21196.63
-20432.33
-20007.89
-19790.68
-13449.86
-14523.8
-14144.61
-13959.06
-13824.62
-13069.42
-12981.19
-12264.67
-12918.6
-12290.45
-11748.37
-10776.53
-10526.83
-11326.2
-10660.29
-12306.97
-12088.54
-10799.41
-10763.74
-6346.238
-6327.454
-7022.522
-8374.667
-8701.211
-1760.792
-1426.627
-1386.266
-6112.459
-5797.537
-6080.217
-5422.778
-5372.399
-5345.974
-5551.797
-4445.677
-4685.269
-4134.559
-4246.885
-5659.218
-6779.62
-6388.396
-6102.96
-6068.097
-5579.09
-6648.418
-6211.746
-5804.558
-5210.125
-5042.573
-5983.547
-6410.88
-6112.741
-5225.678
-5319.565
-5102.493
-4183.249
-3669.554
-4123.742
-4228.83
-2140.168
-5501.345
-8156.124
-8216.806
-9583.113
-9939.748
-11758.44
-11142.54
-11015.83
-10873.18
-8808.157
-8416.53
-4416.632
-4582.423
-4497.371
-3615.115
-3345.215
-3329.152
-5818.672
-28924.74
-27824.73
-27032.71
-27104.71
-25843.6
-25398.99
-25103.59
-24658.15
-24345.2
-23819.21
-23456.32
-22833.65
-19386.9
-18825.86
-18473.26
-17721.71
-16350.99
-16750.84
-16753.24
-14690.61
-14250.62
-13677.54
-11299.35
-11386.52
-10980.61
-9961.399
-9891.501
-9387.957
-9700.994
-9909.117
-9434.089
-10595.03
-8912.232
-38438.26
-37384.11
-27633.2
-26623.21
-26129.2
-26166
-25308.22
-14184.85
-13778.26
-13477.76
-13240.5
-13687.74
-12633.27
-12805.88
-11360.33
-11707.51
-11252.74
-13591.02
-12839.93
-11846.01
-9362.147
-9384.799
-8909.425
-9279.168
-9267.58
-8302.405
-7822.87
-7747.398
-7628.56
-7506.638
-7527.556
-8463.098
-7730.026
-7516.87
-7247.64
-7509.702
-7326.728
-7273.151
-6720.026
-6084.232
491134
474314.2
458379.2
442649.4
428896.2
414686.9
400555.6
387655.5
376124.2
363797.7
349983.6
337914.7
325910.6
314652.6
304464.7
294427.3
284681.7
274919.8
265715.4
257082.9
241865.2
233972.4
226255.1
219054
218026.4
127797.6
123367.1
117643.1
113361.6
109467.4
105308.7
101477.7
98158.26
94792.16
92922.43
96609.19
92102.87
89478.6
85206.88
82081.83
79268
76640.46
74173.93
72005.85
16764.6
16550.3
14447.61
13899.92
13449.15
13013.07
11066.84
10635.02
11151.15
11146.69
11347.89
10671.3
9641.254
8810.931
9295.82
9668.568
10062.35
11018.05
9139.538
9130.803
9166.338
8638.07
7254.584
7155.362
6956.682
6514.054
7837.002
7514.945
6849.646
-8542.302
-9038.473
-8929.211
-9806.658
-9896.04
-9632.935
-9009.823
-9150.247
-8902.746
-8568.83
-7857.452
-8125.736
-6809.189
-6945.961
-5954.977
7276.488
8608.561
7630.377
7781.865
7986.216
8041.505
6633.761
4065.291
4065.862
1790.794
1790.64
930.796
657.607
716.3513
753.79
250.1046
1789.821
1303.952
907.7555
354.2945
311.6501
708.5615
912.6964
932.5313
6622.536
6627.552
8580.627
7862.757
7265.367
-1789.901
-2053.102
-1947.988
-2150.89
-2459.003
-3427.529
-2929.328
-661.0867
-651.6328
-637.5408
-752.619
-1029.861
-114779.3
-110210.1
-106427.8
-103038.3
-101203
-98643.94
-95113.87
-91882.88
-88562.38
-85586.32
-83201.38
-80436.04
-78258.34
-75732.17
-73425.18
-71229.74
-69073.91
-66967.81
-63980.18
-62784.26
-61213.07
-59408.74
-56275.53
-54327.39
-51787.07
-53749.23
-52356.92
-52134.38
-51324.16
-51417.02
-50024.25
-48763.99
-47439.64
-45967.68
-44311.92
-43205.16
-42062.11
-41190.51
-39333.24
-38302.11
-37580.18
-36956.98
-35911.33
-35087.9
-33715.32
-31125.19
-30542.02
-29353.13
-26648.29
-25788.38
-25451.31
-24185.27
-23315.01
-22989.12
-22276.54
-20862.43
-19978.47
-17895.14
-17591.2
-16977.31
-17869.16
-17611.42
-16986.95
-16628.97
-16159.35
-16425.8
-15147.26
-15487.55
-14896.11
-14182.96
-13802.34
-13499.11
-14984.69
-14693.63
-15247.78
-14580.52
-13814.58
-13453.53
-13949.64
-13423.89
-13197.98
-13555.1
-15067.99
-14240.7
-13986.91
-13474.68
-12862.01
-12502.44
-12524.4
-12466.55
-12105.76
-11804.94
-11963.74
-12167.51
-11869.42
-12642.36
-11419.71
-11519.38
-11021.87
-10750.3
-10780.24
-11852.09
-11588.94
-12018.08
-11913.69
-7700.092
-7820.965
-7800.827
-7453.511
-7241.155
-6751.916
-6581.629
-4826.22
-5007.2
-4827.512
-5230.237
-8390.375
-8903.712
-6245.324
-6074.652
-5404.643
-9282.295
-9206.79
-10034.19
-10960.27
-11093.13
-14054.53
-20023.77
-20122.77
-20616.35
-20626.74
-19892.44
-19796.42
-19213.43
-18534.36
-17239.08
-16477.35
-23492.53
-23490.58
-23353.63
-23096.72
-22910.21
-22714.26
-22992.02
-22312.96
-21554.75
-21134.9
-20661.37
-19437.92
-18880.45
-18775.28
-18228.71
-17408.85
-19062.82
-18509.63
-16934.46
-18996.54
-18617.03
-17891.24
-16787
-16346.26
-15070.11
-13061.02
-11159.24
-12072.85
-12200.91
-13551.02
-14109.98
-14030.9
-12974.33
-12856.7
-12831.51
-12952.81
-14468.57
-11107.43
-10559.33
-9914.892
-9714.561
-8232.47
-8434.838
-8515.468
-8918.879
-9812.786
-9996.35
-10508.95
-12188.32
-10975.35
-10585.04
-8543.516
-8556.978
-9513.612
-9334.171
-7268.845
-7472.801
-7410.228
-6846.846
-6144.052
-5784.077
-3973.564
-5063.041
-5064.832
-5043.059
-5094.034
-4494.613
-4305.318
-4398.057
-5704.827
-5697.075
-4364.678
-4775.324
-6053.371
-8273.178
-8801.392
-8475.063
-5134.93
-6014.987
-6534.111
-6234.992
-5991.227
-6356.148
-6314.291
-6217.026
-5895.486
-5578.14
-5148.751
-4896.251
-6477.947
-6814.547
-6929.381
-6639.164
-6561.818
-6704.069
-8018.914
-7594.444
-7545.409
-7342.202
-6194.239
-13751.45
-13804.13
-13799.14
-12768.52
-16739.68
-16082.97
-15862.49
-16614
-15960.11
-15660.67
-15335.96
-14687.28
-14293.37
-15396.82
-15078.87
-15616.36
-15265.01
-14834.31
-14148.64
-14093.74
-13759.19
-13505.75
-18731.56
-19627.98
-19041.78
-16381.35
-15907.81
-15720.35
-15167.72
-14289.34
-13963.73
-13598.93
-11274.35
-10864.62
-10270.33
-9584.358
-9170.533
-8849.301
-8674.775
-8978.389
-7592.225
-7983.773
-9223.609
-8370.32
-7283.607
-8045.917
-8962.667
-8909.211
-8759.234
-8446.119
-8167.556
-7350.895
-7297.278
-7236.422
-7102.628
-7054.237
-5767.5
-6177.929
-6976.156
-7818.495
-7840.595
-8730.489
-9016.137
-8373.853
-8818.668
-8925.831
-11007.9
-11326.63
-6521.408
-7138.176
-27685.43
-26864.32
-26306.53
-25718.55
-24845.25
-24698.58
-23462.71
-23414.54
-22600.03
32528.65
31679.94
30749.03
29219.76
27702.54
26883.72
25525.48
24449.57
21014.68
20291.72
19230.4
20326.31
19275.42
19582.79
20212.43
18967.28
15906.17
15353.99
15661.7
15126.36
14755.69
14130.8
13668.89
13128.58
12045.7
11206.39
11300.29
10289.31
11272.91
10039.66
9582.017
8350.283
6541.037
4830.18
26258.42
25555.39
24029.79
21476.99
21186.69
20698.58
20062.46
19503.98
19557.24
19710.22
19244.82
18195.7
19794.62
20073.99
18637.26
17700.32
17485.29
17031.14
16090.39
16157.65
15165.65
14684.39
14702.97
15813.45
15800.81
15305.92
14484.42
13372.3
12177.41
11417.35
10972.17
10179.86
9727.831
10790.04
8835.187
8508.071
5902.836
4325.91
5260.069
4923.951
6098.007
5861.168
5380.514
-108083.6
-104955.4
-101542.7
-95008.99
-92003.52
-89103.82
-86155.23
-83747.46
-81734.18
-79261.14
-77195.13
-74578.79
-72413.5
-70061.11
-68328.79
-64778.83
-62685.54
-60888.4
-58727.33
-55796.05
-53523.97
-51901.43
-50671.78
-51739.97
-49084.37
-47901.66
-46671.67
-44193.87
-41969.05
-41928.46
-40570.19
-39184.21
-40587.83
-40040.48
-39279.68
-38343.48
-37148.09
-36547.69
-35555.26
-34300.75
-33428.76
-32087.82
-30676.21
-30142.08
-30009.09
-29110.67
-26890.09
-24585.78
-23949.45
-22660.97
-22209.77
-20255.94
-20074.45
-18826.61
-18603.99
-18233.54
-4791.032
-4977.661
-4555.4
-3517.697
-3425.218
-3512.774
-6040.436
-5740.883
-6053.234
-5913.62
-5996.379
-6143.635
-6590.945
-6597.606
-7882.041
-8791.442
-8434.955
-8604.712
-8467.331
-8528.46
-9309.258
-7824.047
-2899.914
-2408.642
-733.5474
-18813.28
-18502.22
-18131.14
-21656.67
-20852.92
-18092.97
-17172.55
-15301.89
-14064.64
-12930.22
-13238.67
-12900.12
-13389.11
-9115.411
-10072.78
-10009.5
-8900.65
-8840.976
-8100.317
-8087.941
-7908.833
-7904.004
-7911.646
-7744.006
-7293.067
-7503.762
-7451.422
-7295.109
-7439.289
-7401.026
-6746.586
-5624.44
-5407.312
-3191.71
-3154.105
-3362.761
-2960.748
-3041.767
-2934.872
-4787.157
-4311.101
-2266.359
-2114.894
-1676.377
-1970.508
-1965.258
-1770.861
-1996.129
-2081.666
-751.9595
-364.3951
-227.6495
-511.0455
-924.4256
-359.8051
-1232.288
-1263.035
-1452.6
-1278.435
-1096.218
-947.0865
-1365.799
-1380.417
2325.591
34466.05
33375.09
32239.53
30865.64
28881.48
27935.42
25992.2
33755.03
31899.8
30682.7
29557.84
28723.07
27088.06
27228.89
28453.64
54177.01
52946.03
51688
48559.28
47037.48
45305.3
43408.15
42044.21
40048.1
38746.16
36928.04
35426.26
33481.9
32338.11
50966.19
49067.52
47213.72
44970.8
45199.32
43805.26
41924.51
40242.56
39160.44
37404.43
34824.16
33873.9
32050.68
30513.63
27554.99
21754.89
20431.91
19123.84
18641.87
18469.07
-4091.756
-3154.91
-36672.03
-35720.8
-34807.25
-34597.56
-33885.69
-32728.97
-31497.72
-30613.33
-29539.79
-28657.49
-27971.41
-26828.93
-25317.63
-24750.3
-24127.57
-24386.56
-24552.38
-24559.42
-23846.29
-23002.47
-20362.32
-19604.8
-18833.78
-18422.08
-17953.13
-30300.02
-29706.85
-36462.27
-35864.2
-34637.11
-34157.54
-35775.59
-34716.92
-32656.04
-32041.76
-31045.47
-30985.55
-29987.45
-30064.58
-28825.45
-27298.3
-26751.19
-25731.38
-24910.07
-17276.04
-16862.91
-15980.15
-16565.42
-16277.5
