101.329
104.8915
-34946.16
-7575.038
-1058.064
-60.45426
-2601.717
-4907.814
-2374.011
-623.0833
73.73729
236.4537
454.3174
610.671
347.37
61.24379
43.99182
-826.2279
-93.69337
320.0314
418.2712
-1092.664
-194.0361
80.87172
298.0052
289.3309
399.2302
307.771
1006.783
482.1443
119.4921
213.9294
352.0444
459.1904
287.544
240.6412
-1409.795
-67.49153
-139.0784
283.0804
332.461
201.8441
-1470.651
33.99855
-100.4451
61.29655
268.4321
274.4816
-246.0245
109.8741
73.73422
-903.2837
-923.6072
-2420.806
7.718005
554.9106
1317.047
2162.406
798.6169
632.4176
566.8689
658.2607
506.7695
3205.295
1082.051
497.6113
1405.619
128.5865
131.5664
29.71777
198.6034
553.1094
679.8863
75.02389
710.2187
711.1662
1520.301
20044.66
5481.274
5927.693
1904.018
949.5103
697.0485
1352.277
1073.461
-1025.202
310.4211
652.3836
828.3426
1250.437
851.8521
792.1353
-55.47308
496.5912
903.5787
567.1771
742.2312
2228.669
1023.85
1072.291
15904.83
4006.259
2410.774
547.9646
-5022.611
-808.6686
367.4759
690.0126
-8781.002
791.0187
835.2604
-418.4474
540.5157
730.8601
1189.384
3391.632
1446.891
877.4716
411.7682
3254.107
1090.097
831.0556
-2113.145
55.64931
741.0301
1323.497
429.798
845.8233
750.2815
1321.507
604.6868
1268.355
1198.532
702.6698
1452.123
731.3928
933.9569
987.3702
739.9767
3626.051
-1075.813
132.9926
-483.7288
651.7707
1059.53
801.9521
992.9729
772.1568
1173.827
996.8608
1168.977
778.7234
977.521
1209.145
1171.289
3837.527
1523.857
1450.639
441.2771
1095.364
729.1026
902.0916
798.296
158.3923
560.8333
729.4733
9248.499
2893.788
1388.475
1714.747
1275.87
634.4971
1700.608
1282.97
990.2907
1046.877
1017.613
992.4502
2392.591
1413.89
1758.092
1150.681
991.1068
1016.89
1576.789
1230.606
1259.951
960.0455
1139.695
1071.616
534.8272
637.4112
3063.832
2270.617
1459.161
1637.638
905.0467
2290.802
1515.444
1109.32
999.904
865.35
1024.206
940.5154
1008.831
139.6714
972.0006
1889.811
1406.605
794.1977
1158.408
1507.403
1948.638
2137.529
1415.768
1728.847
1327.482
1577.17
-266.4753
761.9783
1083.699
50.28921
658.382
604.4376
733.3492
869.289
1207.387
650.6115
779.5701
762.4782
30.77224
68.51203
859.8936
766.2706
909.5435
1726.176
782.9535
1151.602
1199.052
1164.115
263.5911
1163.312
1006.022
915.8918
974.5647
1034.684
161.1419
342.8241
-353.0202
1135.446
-56513.89
-11470.45
-1925.899
523.8715
1209.027
1082.626
-2308.213
457.1911
1038.506
1139.575
-16120.05
-2648.328
115.5537
743.4073
540.4719
1404.643
1072.501
786.7462
820.588
791.8862
1201.272
1109.127
-1144.216
599.7549
733.2869
1134.043
914.8308
627.44
1172.526
1561.497
837.0073
874.1926
9170.343
9370.734
2723.132
1337.786
2693.27
1411.957
989.5551
797.4262
448.5378
790.2538
900.6325
1509.033
-1778.217
-15565.1
-2519.995
413.2253
835.0725
736.9647
675.8803
748.408
887.049
782.339
2284.543
1382.284
1422.285
867.243
1539.323
868.1027
754.0198
1220.091
648.4714
572.0586
778.3392
384.1602
524.489
139.6719
642.1631
6242.923
1501.026
1203.949
1022.106
892.81
572.577
587.5425
585.2012
656.5695
702.4568
909.9575
1033.917
477.2224
2222.961
1174.231
982.1691
633.8415
-77.77605
1757.275
1524.263
910.8145
1287.871
790.5986
797.4825
1326.253
685.8504
636.6164
335.0478
906.8013
329.5317
556.5522
689.3319
-2059.407
-382.0739
415.4402
330.8058
484.6653
415.0333
635.2821
574.5279
-129.3849
745.2319
-292.7989
-320.3923
465.5248
657.8993
502.2048
-140.6463
401.3815
473.8943
297.2427
57.33841
703.9027
595.9605
378.7296
-1802.027
140.0924
1166.158
1017.859
590.4503
460.2553
489.6311
532.3311
309.4679
258.9362
184.9348
899.3313
588.9085
607.001
800.4346
245.3078
660.086
790.3414
661.2262
445.2833
299.922
577.2175
680.4603
604.2787
889.6305
64.47425
368.5219
1020.126
403.1464
-1243.002
-38.01468
-851.9484
141.5173
247.8983
182.6036
518.1228
781.2626
946.6885
449.0518
-987.7727
382.3634
153.4599
163.8476
209.5827
-2418.077
-160.6221
46.57904
190.669
-829.2946
143.8018
321.191
364.7112
345.5997
179.8566
151.4245
190.7551
486.0223
511.1734
352.096
-93.91277
256.1458
406.4501
-2379.684
60.82472
282.8906
81.63717
489.0393
51.54059
772.8816
828.185
242.5792
76.71783
-317.2022
108.6492
350.1482
69.75699
133.6676
1449.029
270.0267
453.9645
426.7273
1365.281
373.9417
159.1626
519.1248
269.2509
158.7013
368.7819
-177.2505
472.6292
298.4875
743.8723
35.55028
184.0751
-6504.891
2455.487
607.0531
361.6706
140.302
370.7868
221.284
-400.468
131.0868
168.095
-2.396452
107.6093
211.387
52.15975
-197.9841
107.5084
391.1727
436.222
281.7699
162.494
-33.39299
-26.12653
305.9791
-5.531893
-6746.54
-1207.528
8.590637
11.16413
180.9368
62.17714
-263.1493
42.63765
-4467.591
2156.464
944.4751
495.3931
-64.04058
873.782
1397.881
194.6117
-72.55675
109.8329
461.6642
-2976.794
-765.7915
-81.47703
23.03857
76.27519
112.4284
378.9153
-1067.222
-145.5897
49.40623
120.3061
93.92246
-5961.93
-582.3916
34.425
58.01213
327.5436
133.9026
306.7684
2709.311
495.4802
29.59138
354.086
-51.18861
147.1467
-98.81063
109.5069
352.4665
106.7544
133.5924
267.8066
-960.1188
-35.2277
816.4491
630.15
-760.3372
-194.2621
-606.7708
-166.3607
88.74318
1377.236
281.6912
59.7756
-7.219691
-302.4579
371.0454
297.9005
-234.8773
2464.45
811.1224
128.1574
-928.5252
-147.051
437.9665
311.0159
80.58056
1374.779
560.6683
303.9269
155.4973
28.13663
769.1791
671.7282
125.262
270.7825
184.1516
132.5955
-480.7869
-194.507
-64.52453
89.27567
-55.02335
373.0369
352.0192
382.9056
355.2216
-57.24179
-80.73705
-334.5738
-106.7581
1047.108
504.7226
329.9842
81.79502
-130.3579
-16.19584
630.6324
-34.94771
202.3143
477.8879
38.20442
2008.408
696.7063
453.6551
372.3346
502.3986
230.8408
119.5669
-35.24649
45.01496
205.4999
150.635
-582.291
101.0963
217.0985
650.8882
337.2808
-90.5849
149.1853
-119.4142
-244.0513
-149.6282
-2557.238
-682.2213
-45.05494
134.5888
268.5772
-204.2733
921.1677
494.7142
542.5966
432.3079
509.3459
58.74194
329.5025
489.7182
335.8271
287.3036
313.3068
450.038
237.9841
-76.12237
48.01369
346.7175
-921.64
21.01272
-234.5832
318.4639
-2527.761
-330.2234
224.0471
339.598
1591.535
784.2618
298.5664
229.9468
5359.973
1284.637
610.7217
779.8423
-448.935
44.63948
404.9745
417.6289
2550.406
-580.6056
250.4071
433.3811
550.6527
788.9571
498.1931
447.4454
547.3051
-88.52454
682.2347
84.81266
292.9977
526.8753
728.3884
609.5931
-350.0129
-397.4141
138.7104
403.8016
910.0402
821.5677
807.0515
682.0776
715.0803
1894.413
3459.265
1287.769
8718.993
304.4401
977.6408
665.7629
727.5125
633.3533
-427.1029
515.6935
1511.694
892.3275
1387.779
3544.503
2986.162
1121.6
185.1937
-409.0063
906.4464
-214.8448
524.3235
1041.641
802.1893
1178.453
699.1475
798.7741
840.1585
750.6593
829.8736
596.1313
952.2535
867.0076
997.0562
1137.248
1016.912
685.5214
717.3164
-288.3687
1105.061
936.7042
3656.95
1082.849
913.0705
915.4937
934.2136
1066.302
728.9173
620.707
807.6279
1065.335
1582.048
1000.087
885.8126
446.4856
927.7016
48870.45
11411.99
2085.733
1386.984
1668.667
1546.004
930.796
1086.526
902.3336
118.4271
1077.372
1167.63
1004.987
1055.432
1011.58
1061.003
1178.901
1065.833
1326.156
1121.97
1103.138
1248.417
1052.415
1255.797
1156.602
1093.912
5613.104
1983.168
1417.877
1264.135
1316.672
1223.897
1223.2
1196.976
1388.451
1291.462
2003.045
1746.357
1321.386
-742.2353
947.2978
1141.826
1263.435
1121.665
851.0342
679.3852
1223.416
1202.698
1430.155
3278.29
1446.369
1271.95
2902.681
2189.182
1700.598
1483.27
1339.005
1466.709
1659.886
1381.92
1484.589
1314.456
1867.294
1145.645
1312.823
1014.074
1402.424
1241.185
946.602
1251.15
1409.203
2255.834
1626.434
2016.647
1889.707
1427.503
1694.639
1620.349
1620.151
1568.324
-941.4222
1132.94
1547.988
1776.778
1543.154
1564.801
1500.667
1960.843
1635.476
1396.926
2063.696
1751.251
1699.99
1854.844
1600.489
1811.933
1434.872
1942.945
1759.437
1871.904
1773.059
1157.335
1667.574
1477.166
1670.3
996.021
1739.031
2830.413
2170.47
1817.937
1170.734
1733.37
1748.098
1675.946
-447.3137
1353.194
124.6218
1704.792
1664.739
1668.392
1696.772
485.4557
723.9028
935.4462
-22911.41
-3541.789
710.0897
1315.982
1622.832
3155.361
2167.541
2845.655
2220.371
1723.032
1937.834
1654.59
2046.131
1917.168
1867.153
1746.151
423.1607
797.7817
2215.156
1887.707
1684.423
2165.052
2413.992
2095.629
2140.336
2114.723
2006.061
1621.822
1721.711
1716.956
1967.223
1770.805
1811.188
1803.662
1674.543
1911.499
2020.835
1409.056
2061.608
1816.427
1510.64
1902.249
2321.357
2659.246
2583.815
2490.687
2478.044
2199.026
2413.564
2175.412
1923.884
1863.935
2416.419
2169.823
1945.143
2219.313
2219
1813.002
1969.827
1997.563
2172.054
1990.624
2231.495
3501.195
1985.096
2010.36
942.1683
2155.749
1954.727
2456.753
6311.241
2894.352
2408.934
2427.463
2108.557
2235.069
1979.761
-667.0506
1437.087
1715.918
3632.784
2708.376
2377.209
2202.376
2194.502
2939.435
136944.2
31481.04
8516.263
3262.733
2289.074
2544.126
2064.047
2131.097
2568.338
2296.179
2282.825
2246.867
2195.627
1967.173
1730.399
2033.735
1934.041
1994.198
1879.012
2599.87
2302.285
2094.799
2212.247
2168.893
2329.273
2464.935
2258.734
1720.296
1784.051
1864.578
2275.311
2019.72
2111.861
2164.102
2082.548
959.712
1852.899
2309.173
2332.851
2424.539
2672.104
2268.317
1802.51
1219.422
1213.068
1907.297
1826.764
1488.435
1967.591
2503.384
2467.63
2201.873
1975.037
2307.534
2487.581
2059.2
2236.002
2275.513
2382.828
2150.675
2305.691
1609.71
1908.116
1975.882
1828.316
2065.969
2289.664
1460.9
1867.964
2036.109
2053.435
2121.161
9346.042
3729.45
2605.167
2152.453
1682.857
1870.008
1658.405
1565.002
1758.483
1657.37
1921.246
2180.548
2898.539
2117.46
2262.991
2073.372
2106.738
956.3908
1865.312
2220.464
1850.432
1875.888
1854.848
2192.054
1729.028
1933.35
1893.188
1870.452
1224.276
2312.78
1993.794
1825.36
1793.393
2095.991
2162.377
1880.721
2193.724
2047.067
1925.268
2559.637
1710.334
1844.26
1681.484
2030.218
1964.244
1849.637
1792.774
1820.782
2322.385
1996.023
2026.16
1981.477
2012.061
1976.643
906.4208
1841.42
2379.413
2074.185
604.1131
1531.722
1275.309
1814.942
1817.33
994.5946
2007.648
1943.975
1903.644
1874.291
1720.145
2183.48
2144.013
1660.147
1806.322
1793.421
1715.801
1525.384
1698.985
1794.919
2675.414
2005.57
2278.943
1844.779
84.39522
1560.24
1879.077
2086.091
1854.826
4658.641
2227.308
1584.505
2043.543
1792.522
1816.607
1539.855
-5794.534
1360.902
2641.756
1958.087
1702.156
1561.397
1006.371
1589.861
1694.472
1280.023
1676.12
1886.08
1706.833
1596.704
1511.345
1649.619
1795.666
1496.236
1456.426
1580.165
1676.728
-4850.242
275.4651
1490.256
918.414
1554.457
1238.616
2067.846
1682.021
1451.011
1898.929
2658.201
1227.703
1570.925
1903.877
1654.757
1566.663
1586.696
2347.9
1741.363
1823.953
2816.279
1845.813
1634.781
1731.238
1722.632
1345.06
1662.876
2022.034
1637.194
1471.53
1704.865
1275.851
1415.8
1383.03
1736.26
1359.306
1395.827
1702.889
1852.223
2187.369
1682.916
1417.294
1746.341
1526.622
1386.5
1836.751
1562.324
-1057.37
1088.9
1389.549
1415.959
1487.196
1033.019
2314.852
1126.348
1446.845
1732.747
1560.519
1515.109
1014.848
1387.123
910.5064
1499.786
2290.994
2306.934
2797.823
1647.001
250.6921
1194.188
1741.391
1758.255
1271.223
1213.256
1947.886
2077.481
1487.92
1062.339
1773.89
1476.081
1320.541
715.9462
1603.966
1435.838
1196.141
1465.945
931.7457
1310.876
1475.953
1341.048
1142.551
4400.861
2754.265
2798.11
1270.515
1242.319
100.5039
1089.303
1369.072
1598.851
1006.968
1968.724
3076.921
1420.65
1522.562
1401.763
1180.472
834.2505
5311.984
2269.167
1430.429
1094.502
1213.064
1231.791
7.421384
740.3815
1012.811
1298.774
1278.246
1046.352
-3373.98
459.0326
983.691
1338.328
1374.404
1381.851
1105.714
1260.396
996.6884
1300.161
-33.67699
861.1576
1685.748
1726.467
1737.873
1308.415
1252.298
1014.195
1228.479
1279.457
1283.297
1208.124
1147.301
530.3066
570.0334
1039.727
1078.287
1254.961
641.4341
771.5136
958.5283
1511.067
1224.154
644.7914
1169.184
1333.171
3416.078
1655.08
888.6486
1215.736
764.6839
2306.306
1478.351
2037.033
1390.927
1239.153
3410.577
1239.259
666.7494
1509.281
751.7986
1153.392
1240.81
1142.726
-93990.82
-22685.1
-3536.68
-918.2186
549.5996
1280.137
1199.506
1527.195
1246.75
1268.789
941.7612
1519.899
649.4612
1679.992
1222.85
685.8564
1168.823
1890.688
1271.858
1249.419
1181.728
1040.605
1144.5
3120.602
1602.74
1180.626
1145.85
1210.531
1707.494
1479.982
1831.456
1256.487
1819.857
1220.16
1271.78
1197.119
1368.753
1580.644
1358.272
3174.486
1533.096
1430.245
1135.14
1172.883
1128.308
968.8079
1217.615
1579.592
1154.465
937.3701
1243.215
2881.732
2168.657
1432.325
12279.58
3820.697
1704.787
1652.822
956.7418
2918.117
1777.482
1092.693
985.5333
1718.183
1211.178
1710.935
1342.185
638.4641
1407.608
1342.353
1232.382
1017.829
811.0324
1290.596
1286.003
1288.042
1568.832
1418.914
1387.624
1378.916
1532.503
1662.721
9788.943
23567.2
6834.488
2284
1471.306
1619.696
1404.524
1223.643
1315.708
1471.408
1446.75
1558.547
1565.759
2892.915
1853.217
432.9785
2018.135
1627.403
3681.268
2102.866
2083.866
1693.824
1578.775
1504.546
1582.615
1622.984
1544.609
-35045.19
-6724.643
118.8312
1291.568
1532.508
9765.761
3542.058
2101.47
1900.148
1886.669
1998.342
1846.415
1959.332
1665.72
1710.1
1647.655
1225.913
1128.396
2627.993
1873.378
1270.015
-1594.735
6435.818
2277.721
1369.318
1681.522
1725.655
1689.78
1216.18
3030.404
2050.616
1981.978
230.5569
1444.04
-3838.121
485.2521
1949.33
1687.385
1993.868
10527.6
3500.362
2178.427
2679.237
2045.24
2036.217
1743.813
2007.562
1656.735
2156.693
1981.671
1173.216
1698.919
2291.608
2042.736
1793.596
1911.633
1974.17
2001.104
1932.972
2452.636
2112.728
1752.649
1806.726
2125.533
2019.177
1736.13
1613.478
-1432.081
1043.033
1848.001
2227.54
1347.868
2108.513
2115.564
2006.758
4539.935
2692.881
2062.711
1526.049
1805.254
18195.61
5425.13
4410.48
2756.16
2574.77
2277.038
2151.832
1338.64
2023.1
381.4622
8919.117
3642.912
2339.459
2117.518
1747.899
2131.591
2173.316
2239.512
2162.222
1966.662
2072.974
1117.489
1384.251
1860.283
2120.474
2116.478
2220.413
2291.148
1666.053
7219.267
3238.85
6974.742
3803.107
2533.549
2388.158
1757.968
2856.939
3461.543
2406.222
2338.851
2129.646
1431.987
2217.059
6158.803
2991.367
2724.763
2532.618
250.1352
1916.255
2165.203
1296.589
2020.273
1939.207
2866.644
2679.594
2275.806
2780.829
2213.098
2022.268
2493.927
2561.064
2284.383
2660.349
2435.219
2518.99
3374.203
2178.399
1613.235
2306.327
2416.684
2043.342
2402.081
2198.361
2616.598
2821.444
2604.634
2462.274
3169.827
2880.507
3697.739
2630.778
2883.65
2786.234
1393.276
2468.072
2663.252
2885.156
2666.66
2441.882
2214.788
2669.729
2408.214
893.3167
1900.656
2318.147
1017.463
3042.433
2739.723
2663.337
2653.729
2471.425
2227.495
3275.402
2553.265
2894.493
2543.089
2400.891
894.4112
2422.102
2782.693
3250.16
3146.2
2930.04
2710.189
1676.178
2332.916
2758.655
2972.689
1986.826
2648.074
2706.388
2873.568
1341.463
2345.177
2607.956
23647.92
7477.945
4010.586
2693.814
2863.775
2672.25
2607.825
2953.295
2880.281
2808.322
2798.715
3005.021
2942.356
2627.394
364.1381
2882.012
3010.325
3371.271
2908.3
2972.467
2913.774
3036.348
3092.256
3195.985
2924.119
2682.588
3066.197
3024.573
2912.19
3300.18
3152.051
3677.574
2896.233
3006.626
3227.096
3262.786
3593.726
2858.009
2746.927
12072.38
4944.336
3422.769
3040.285
1897.745
2914.445
3206.298
3071.873
9137.949
4464.052
3865.991
3580.779
2961.303
3032.46
3049.082
3304.894
2751.83
2480.72
2899.412
446.0942
2345.258
8084.052
4530.091
4366.848
2723.479
3154.912
3032.6
3323.454
3272.112
3307.833
2555.72
3472.204
2706.211
3327.782
3155.256
2662.548
3536.842
3522.53
3674.047
3631.535
3246.607
3384.796
3439.374
3201.718
3366.665
3023.352
2310.756
3275.018
3138.992
3178.105
3218.025
3179.604
3171.624
2975.72
2895.651
599.4174
2572.27
3316.274
2924.316
3254.559
3010.234
3464.85
3525.489
2383.957
3144.961
3232.346
2962.286
3217.263
3507.776
3311.53
3156.416
2365.579
3227.668
3239.911
3001.843
3187.529
3335.621
3384.559
3311.117
3046.259
2908.062
2823.97
4361.341
3714.362
3156.874
3342.495
4134.615
3477.709
3942.07
3115.465
3514.313
2732.079
3329.235
3217.426
3362.653
3580.087
3294.889
3398.691
4321.092
3771.585
3229.074
3914.173
3444.143
3564.488
3381.71
3021.479
3482.646
3253.318
3782.047
5039.281
3678.562
3661.262
3472.893
3280.474
3298.318
3225.018
3316.061
3491.854
3792.636
3389.956
3424.715
3214.453
3428.824
3515.419
3561.254
3451.188
5088.607
3406.129
2803.569
4913.504
3664.356
3391.254
3127.679
2844.204
2763.733
2934.885
2810.93
2904.605
3252.099
3099.55
-7409.17
-45.49039
2410.531
3225.506
3107.122
2787.446
3167.258
3132.961
3066.377
3170.92
3089.443
3099.598
3235.469
3055.599
4086.533
3478.29
3183.77
3281.762
3231.757
3465.651
3196.054
2789.907
2864.103
3149.196
3086.964
3299.882
2870.245
3200.12
3108.543
986.5016
3152.638
3401.858
2988.204
3055.235
3132.312
3129.274
3283.566
3196.975
2830.295
2540.286
2289.971
3192.449
3090.264
3612.009
2732.927
3019.19
3120.036
3295.565
3096.035
3102.209
-23900.96
-2917.998
1330.593
2914.623
4628.357
4111.158
4752.621
2994.97
3570.531
2968.739
2852.76
2922.593
2998.471
3376.91
3210.848
3111.73
2993.825
3771.606
3162.349
3122.345
2923.559
3149.712
2063.701
2992.161
2856.11
2884.564
3335.205
2991.597
2844.825
2779.728
3431.411
2832.513
4976.953
3240.793
2712.807
3432.909
2585.712
2577.132
3202.174
3051.694
2689.648
3051.823
2818.537
2755.42
2571.16
2714.804
2635.616
1557.364
2557.72
3378.008
2284.333
2785.488
3100.325
2892.367
3163.284
2897.776
2833.235
2673.485
2673.479
2395.75
2433.192
5253.051
2476.03
2707.985
3827.656
2238.718
2509.109
2922.418
3006.714
2847.528
3597.215
2673.558
2690.101
2816.786
1060.138
1825.217
2435.683
2738.253
2718.014
2734.003
2582.136
2594.628
2560.737
3084.585
2268.72
2246.091
1717.793
2434.805
2404.306
2539.669
2951.611
2851.656
2577.3
2806.503
2369.421
2042.554
2351.291
2463.887
1728.709
2523.744
2695.756
2669.064
2673.157
6961.892
3465.687
7063.503
3491.107
3190.048
4080.104
2958.699
2505.151
4582.815
3223.854
2717.786
2154.079
2308.902
3028.156
2426.546
2661.138
2544.647
2566.349
2471.693
2362.604
2204.125
2412.256
2681.873
2470.552
2349.681
2288.66
2280.694
2196.65
2660.694
2340.374
2395.578
2425.564
2388.195
3624.336
2426.982
2606.39
2715.293
2541.758
2444.428
2526.38
2306.873
2208.271
2474.477
1504.15
2285.1
2517.485
2071.102
2301.664
2143.276
2140.043
2354.157
2594.608
2010.754
2572.442
2447.622
2093.999
1761.839
2424.528
-69.02986
1916.365
2233.787
2025.94
2399.811
2268.322
2407.712
2384.899
2207.455
3148.585
2591.93
-367.1222
2059.679
2161.898
2307.163
2296.083
2473.653
2664.071
3448.317
2556.613
2094.688
1738.732
1636.902
2213.977
2362.732
1674.694
2176.084
2332.673
2396.499
2093.246
2227.479
2214.05
2314.832
2448.619
2266.443
2472.202
1431.656
2128.464
2447.327
2362.209
2392.253
2318.636
19068.12
3625.083
1855.429
3542.677
3163.769
2507.496
2444.073
2312.161
2213.46
2354.577
2510.688
2380.476
2095.948
2349.58
2359.95
2336.83
2163.768
2998.879
1390.083
2721.631
2868.56
2547.214
2359.82
2372.241
2419.613
2094.239
2345.12
2259.03
1398.164
2516.593
2545.427
2278.015
2369.666
2048.092
2089.358
2180.294
2349.82
2290.14
2229.923
2225.407
2502.744
2405.136
2410.939
2447.965
2158.278
2329.373
1899.294
1366.529
2050.015
2328.311
2038.368
2345.078
2650.437
1733.208
2300.544
2248.123
2023.145
2211.2
2452.846
2494.542
935.3921
-6050.791
518.9696
1831.43
2157.47
2780.41
2384.743
2385.322
3416.307
2543.641
2533.129
2238.549
2398.683
2462.546
4087.757
2831.043
780.9126
2087.096
2376.092
2338.664
3048.079
2531.403
2591.154
2564.012
2513.139
2577.05
2614.018
2019.27
2587.95
2638.221
2970.986
-1049.93
1799.317
2804.673
2519.153
2849.958
-195.5102
1895.032
2282.538
2482.942
2586.091
2995.379
2682.002
1711.359
3089.726
2671.813
3161.819
2152.612
2935.472
2506.029
2397.253
3170.342
3378.012
2568.506
2546.41
2480.557
2529.007
2614.139
2792.258
2672.505
2501.067
2687.606
2597.964
2157.324
3001.906
5189.497
3032.029
2656.657
3033.645
3410.895
2865.021
2904.103
2716.784
2765.683
2692.664
1650.763
1951.838
2688.308
3014.975
3191.92
3864.156
4424.698
2989.397
2748.596
2880.399
2997.216
2781.284
2999.053
2707.156
2780.074
2830.606
2651.237
3343.283
-6456.512
898.3733
2144.545
2861.89
2634.51
1878.66
2568.143
2729.986
2085.426
2571.826
2368.995
3894.043
3371.784
3495.787
3225.822
2982.733
2578.026
3080.377
4080.176
3254.45
2960.201
3001.73
3114.483
2824.354
2856.344
3069.836
2810.407
2764.759
-62.84975
2501.886
2300.09
-1277.988
1848.678
2943.794
3494.95
3099.512
3293.606
3064.521
2937.835
3093.937
3062.532
2132.884
2956.786
2941.299
2825.723
3105.06
3912.06
3392.706
3146.523
3286.527
3239.765
3185.089
3104.941
3146.302
3249.817
2113.874
2809.958
2916.313
3139.123
3269.987
-3248.487
1765.602
3303.934
3234.505
2927.558
3239.251
3183.19
3512.586
3126.848
3352.317
3432.258
3330.478
3254.332
3180.02
3180.996
3409.975
3077.903
3299.663
3087.766
3333.184
3333.682
3451.521
3485.382
3485.027
548.5988
2720.757
3361.326
3539.396
3493.531
3238.92
3197.52
3198.568
3752.863
3610.641
3070.96
3207.814
3187.979
3384.393
3655.09
3451.894
3331.093
3342.33
3551.727
3606.639
3534.638
4218.79
3663.837
3785.552
3823.313
4300.237
3643.583
3622.419
4597.199
4230.937
4116.741
4161.61
3785.129
3655.94
3654.87
2935.944
3528.449
3717.612
3722.589
4809.625
4122.027
4355.932
3903.019
4530.688
4107.157
4191.911
4238.89
4144.413
3352.252
3649.644
3750.368
3715.629
3792.842
3498.734
3179.062
3763.925
3907.02
3762.157
3735.172
3698.843
4314.463
3871.096
3634.366
4303.43
4140.692
3990.438
4342.481
4249.957
4092.097
3841.916
3578.785
3764.54
3838.027
3689.487
4163.541
3804.098
3913.9
4074.767
4598.395
3995.683
3991.141
4542.021
4408.382
3693.454
4183.602
3330.628
3596.056
3609.632
1288.276
4310.166
4027.204
3645.394
4024.443
3872.263
3849.72
4024.388
9238.792
4939.647
5317.467
3879.872
4070.361
4159.164
4235.357
4302.489
4198.818
4034.458
4169.72
14844.53
-2210.697
3469.068
4158.706
3911.886
4124.844
-5956.826
2081.156
3561.664
3996.508
3430.007
4544.77
3597.233
3880.77
4157.038
4488.487
4175.099
4104.214
4029.658
4401.425
4350.735
4540.479
3755.714
6312.231
5279.337
51981.65
14740.25
6564.183
4497.065
3921.585
3932.625
4019.567
4140.447
3459.872
5220.214
6205.016
4226.138
3399.294
4043.059
2063.416
3712.816
4106.826
4305.001
5219.869
4431.871
4635.372
4241.49
-1055.46
2719.858
3938.845
2586.93
4494.848
4218.913
4402.831
4341.5
4245.761
4390.523
-698.7785
3208.729
4027.723
4392.732
4412.236
4588.411
4295.725
4463.333
2568.385
22202.43
7663.828
5022.743
4448.921
3993.563
4281.691
4567.156
4441.694
4512.063
4522.473
4268.759
4431.967
4036.831
3888.571
4466.377
4240.61
4359.844
4275.182
4274.755
4409.19
4224.664
4537.305
4190.11
4475.248
4171.614
4029.952
4108.443
4555.506
4330.582
3775.547
4424.764
4465.249
4464.994
4248.072
4429.729
4397.116
3457.406
4075.778
4209.366
4485.196
5020.866
682.7023
3335.031
4040.928
4286.962
4676.183
-4854.065
1824.931
3902.119
4239.345
4041.937
4462.368
4519.296
4250.547
4433.626
3383.407
4260.919
4240.37
4236.039
4332.004
5933.12
4685.129
4642.13
4205.409
4366.622
3712.072
4171.203
4325.413
3285.806
4133.037
4377.141
3732.766
3792.072
4226.262
4336.119
4111.539
4555.426
4405.753
3981.137
4235.593
4324.645
4327.29
4535.772
4343.877
4366.877
4420.414
5057.765
4340.68
4523.604
3951.193
4465.413
4262.283
4220.929
4645.665
4658.632
4312.975
4405.952
7040.143
4916.658
4662.03
4280.783
4542.215
4174.714
3708.792
4296.194
4416.932
4305.731
4080.83
3803.005
4214.302
3949.125
2440.658
3830.077
4231.3
4122.175
3827.931
4749.664
4516.974
4226.803
3561.06
4097.491
4001.206
6713.222
4684.99
8780.204
5218.043
4523.741
4288.45
4280.545
4070.889
-12017.68
710.2968
3505.208
4001.719
4628.108
4379.818
4569.816
3932.03
4087.737
4432.788
3990.507
4251.229
3406.502
4837.865
4357.818
3985.136
4187.906
3495.497
3851.571
3968.331
5536.232
4466.294
4266.534
-249943.6
-56420.55
-9005.819
993.0124
3483.412
4202.139
4189.218
3886.181
4119.862
4140.888
3977.53
3731.949
3906.267
3575.469
4131.168
4231.152
3899.272
4176.104
3849.191
4010.913
4353.925
3804.556
3689.954
3970.642
2996.454
3684.254
4564.183
4174.63
4193.025
2910.122
3677.136
3275.727
3813.219
4100.252
7435.037
4713.878
3637.618
4038.537
3932.688
3921.282
4117.179
4050.76
3442.235
3853.409
3989.857
4006.399
4305.38
2267.764
3599.864
4379.799
4361.638
4054.442
4046.671
4031.089
3106.111
3571.779
3678.673
3897.935
3759.334
3557.081
3572.808
3734.885
4066.758
3856.629
3916.284
3586.893
3812.816
3822.174
5496.985
4092.957
3907.929
3988.514
4327.75
4902.695
4107.219
3469.682
3860.768
3354.213
3693.947
3611.57
4990.462
4077.871
3776.715
3843.94
3723.92
3681.871
3702.843
6645.281
4541.926
4028.233
3728.027
3521.481
3842.289
4270.521
3512.087
3526.387
3905.834
3285.955
4238.054
3906.074
3529.817
6314.51
3943.828
3814.545
3749.448
3847.324
3448.415
4965.314
5570.889
4100.632
3743.79
3217.661
3953.65
3937.771
3720.119
-4643.996
5744.309
4072.769
3758.462
3709.768
1978.765
2906.012
3181.442
3623.14
3718.541
4344.073
3627.131
7029.572
4326.408
3732.931
3452.358
3447.799
3311.699
3401.87
2343.142
3764.378
3901.314
3397.378
3546.182
3545.443
3659.772
3232.123
3255.791
3444.661
3832.176
3583.777
3525.366
3289.569
3569.502
3442.422
3702.681
3480.673
3128.196
3378.345
3441.733
3372.5
3516.565
3582.046
3455.488
3824.798
3816.414
3783.706
3701.523
3874.558
3023.386
3131.889
3481.316
3598.645
3998.07
3549.811
3543.683
3461.039
3896.643
3613.454
3684.128
3352.026
3302.986
4078.821
3720.102
3199.248
3271.234
3459.369
3504.772
3047.072
3382.152
3579.994
3245.767
3460.964
2465.832
3259.509
3367.375
3209.081
3263.633
3328.237
3022.636
3549.591
3453.679
4056.471
3394.14
3095.729
3450.023
3503.22
3512.457
483.3751
2880.521
3852.399
3457.414
5508.84
3852.247
541.924
2100.137
3211.406
3358.43
3146.447
3405.014
3013.41
3087.242
10407.92
5573.853
4103.812
3515.194
5326.045
3836.967
3801.647
3526.948
4015.955
3657.054
3496.035
3382.462
3419.497
3625.746
2601.233
3256.122
1426.445
2618.2
3268.929
3413.942
3598.032
3224.613
3613.115
3590.754
3328.826
16680.61
6075.273
3782.607
3316.693
3358.768
3572.95
3357.532
3472.791
3595.729
3419.627
3640.125
3562.655
3272.323
3591.023
2947.849
3423.495
3559.326
3384.442
2728.132
3271.163
3466.466
3210.242
3271.767
3994.994
3816.013
4194.697
5702.28
-21738.97
-2049.037
2257.453
3360.639
3419.291
3855.659
3594.678
3760.279
3504.101
2764.112
3453.719
3662.078
3522.725
3543.318
3465.014
3328.71
3690.223
3687.123
3454.461
3233.122
3635.609
3378.699
4348.756
487.7128
415.9284
2448.689
3464.077
3361.638
3404.307
3643.837
3519.939
3416.573
1231.787
3248.935
-14994.29
-241.1989
2559.988
3210.788
3648.577
335.1204
2824.029
3194.589
3271.429
3766.881
4064.409
3731.256
3071.797
-220.3382
2563.408
3228.165
3562.361
3516.94
16027.34
6838.902
4085.55
3919.512
3632.542
4239.788
3799.035
4023.941
3927.656
700.5721
2958.626
3053.609
3626.414
3765.965
3551.84
3883.063
3764.371
3645.235
3656.308
3822.323
3571.413
3848.342
2080.709
3203.706
3771.581
4185.049
3823.792
11966.65
4553.559
4184.358
3656.61
5978.546
4522.182
7931.909
4045.747
3738.414
3945.859
4025.867
3995.816
4047.04
3847.979
4001.832
3631.492
3894.351
3995.459
4015.721
4007.854
3725.104
3882.451
3934.919
3973.578
4173.968
2072.001
3426.283
