-696.8419
511.4561
305.9893
-262.1346
-27.53682
-51.33485
-79.86054
22.52169
139.74
-29.0845
125.8164
998.2502
224.5194
53.25345
-54.99649
-30.37056
-12.68869
-587.2237
-171.5661
-188.1543
-121.1614
-108.5774
-180.7855
-1317.076
355.4927
-18.10056
25.13357
1697.333
631.499
165.0189
967.9107
273.9438
171.7444
63.21858
134.4527
-251.9424
855.7973
1799.715
456.5001
-37.50779
47.87659
-57.80754
-56.9808
90.31684
45.6125
25.09921
-236.1471
-30.36385
-51.00179
32.50868
-20.90918
-366.828
-99.3661
18.85989
3143.69
976.9416
100.0672
34.75854
-26.69542
-154.7074
-79.45217
3196.845
622.9233
47.80643
585.3063
201.1863
-69.14459
-235.0114
-126.1225
-77.28733
-54.50233
-2591.563
-671.339
-350.1411
-490.607
196.1058
599.0398
2694.144
8273.947
2149.391
633.3958
341.6433
146.6075
-7.22817
206.928
180.4156
2066.647
910.561
441.5226
34.60755
70.98559
57.44341
-3.245239
-9.310325
-77.19835
-45.14987
13.94749
-374.55
146.1326
87.55889
-82.85423
-365.6079
-1508.099
-517.6009
-101.862
-108.6551
-7.323465
56.17876
150.6971
294.0436
128.7979
331.7473
-54.86648
-58.93617
1.132347
83.50894
7101.45
2007.895
473.4922
180.8089
19.52661
-12.33827
-238.1174
-114.1411
-234.971
-174.7785
44.67389
-476.0491
457.9691
-73.45873
-292.4322
-62.69371
12425.8
3440.045
1134.4
270.7038
182.3444
-4.814548
121.4196
519.4979
306.0966
222.0389
-68.66637
-35.50511
750.025
-109.9011
103.6419
221.9433
207.5922
64.80845
71.28052
275.0733
-20.7396
64.64903
-2.241738
49.24561
218.0041
88.553
-55.80609
357.1672
537.9934
175.1531
41.85098
350.6024
30.72522
21.79109
433.5057
185.625
158.3857
-164.9953
-197.1081
-79.02772
-43.75971
24.1354
-509.3054
-161.2832
48.70778
-17.4361
-175.5778
-57.75661
9.802388
-89.47104
-149.4797
-14.0433
-222.8835
-101.698
-0.4936
-56.25171
-421.9824
-67.2269
67.08931
83.66903
-473.0474
-90.8839
80.22846
18.25197
-98.11973
-31.68248
103.7135
-35.60941
-6.645422
33.81771
-22.65414
37.15249
-25.33058
-55.99074
-7.743566
-50.04673
2550.456
673.1886
193.7826
102.7006
384.232
125.5719
-34.29287
144.6077
-69.97697
-35.38466
124.5045
-53.19304
2185.027
5605.083
1498.897
-889.3912
-1159.392
-358.673
-110.3067
-2.043274
-21.05874
417.1638
262.0205
155.7708
33.78095
-163.6613
27.51776
-210.1327
-93.98757
113.7987
12.62948
62.54925
71.85407
-156.2903
-4698.201
-1252.982
-331.7948
16.68514
83.45352
15.18878
-595.8121
-194.6518
-56.97535
-83.30545
-1935.87
-584.8469
-429.3799
272.211
1602.574
484.3717
1754.266
361.7555
237.6383
-123.0572
-174.3236
28.43558
-366.7184
834.2337
389.6125
96.44774
0.4210533
-0.3903277
79.89106
104.5797
-66.26518
-148.8424
2018.622
691.3076
243.2097
525.7293
123.9736
-726.9793
-207.3891
-203.8884
-16.87031
152.2241
61.07775
16.60469
16.56302
39.26838
-46.82789
-36.79971
41.28647
-56.50147
-28.04468
3030.547
685.5786
241.8887
25.81054
116.9934
-228.6344
6.043549
-173.0977
-1.988856
-78.42562
553.6132
215.7302
10.59385
-147.2337
-216.3089
-49.85878
-328.286
-90.33336
166.467
114.2561
-68.53178
401.55
189.0704
53.30249
1338.11
252.0893
-268.6319
-111.9631
334.6463
157.5634
455.109
260.9501
56.80229
2.572888
-235.1559
-150.4343
859.7044
908.8398
324.0227
-15.59098
84.39127
12.36647
-130.0587
-22.64369
122.0884
2.172087
285.4507
143.8948
-160.0913
-316.1358
814.6772
205.6824
-4.474004
-119.6019
-81.0618
-34.86774
-8382.263
-2353.16
-850.6813
-181.1673
-92.09608
941.9209
79.5836
-91.81644
9.036989
-63.0769
-101.2826
100.8616
86.33826
-87.79593
-168.6892
296.3005
-125.5793
-185.0912
43.85397
-62.65972
-101.0209
-58.7944
252.661
-32.3865
-337.6388
-111.9161
-22.29119
-131.2513
-49.57768
144.0756
-156.0694
-133.755
-337.7484
-0.5513386
-61.21995
-38.37786
-198.9535
-276.9507
-129.075
12.39009
-58.67363
-142.2291
-77.3352
-161.0844
-78.66284
-67.47704
-41.4696
7105.16
1802.157
362.3777
-533.0379
-109.3443
-54.5987
-1493.94
-505.6759
-99.73761
103.7055
-909.2501
-128.7204
508.3035
51.18397
-32.32037
-99.25214
147.084
-65.06815
-23.79437
-132.1962
-59.88168
-58.86333
131.326
74.27147
-9.413897
-84.40429
20.57455
-604.3324
-124.6191
-114.1248
100.1669
-118.5308
-117.1487
-133.4371
-155.2016
-115.9506
-152.7964
-128.8384
-106.0311
-325.6901
-2662.807
-816.7119
22.37129
-107.7538
-142.5346
-109.0492
-337.2306
-229.1661
-154.9661
-101.1045
1852.333
611.8858
181.7058
-129.9441
-155.8781
-287.6996
486.1545
56.02031
-2022.014
-886.6488
-397.8891
-313.2275
-150381.4
-38168.96
-10452.14
-1169.043
-1473.333
-298.3027
-68.67788
-185.3543
-150.4996
22.18199
66.27109
-58.43373
3.602012
80.15985
-6242.068
-1857.373
-537.6198
-102.1951
-158.2473
528.4907
104.8241
-81.54256
-166.6932
-138.0038
-217.337
-238.8696
-338.1754
-170.097
-210.4981
-466.3472
-250.0668
-109.6241
-133.3737
-86.06579
22317.51
6147.818
3075.495
836.6724
-314.9379
-220.7691
-141.4119
-153.8253
-1.517819
-217.5053
-147.8055
-307.0777
-215.4999
-265.6949
-2506.38
-1580.603
-588.5442
-388.3901
-182.293
-24.40586
-101.3669
22.05273
-67.03759
-146.7812
-331.4545
-117.8917
-211.3523
-219.6547
-238.3383
-214.4052
-63.70677
-17.39377
-120.3956
-135.9377
-314.2279
-249.8665
-307.4032
76.01323
-89.66128
-947.4555
-405.3154
-171.8129
-102.7814
-149.8675
15.35634
-74.24737
-342.4405
-407.1254
-309.1633
-154.7128
-113.5606
-329.9529
-271.4721
-195.5495
-274.9507
-252.7482
-372.5178
-227.691
-234.9109
-193.489
-77.96166
14.51643
-96.64662
-120.8283
-115.5505
-190.0788
-53.91479
71.27795
-240.9429
-94.64945
39.58456
-1.71705
10.90534
-120.958
-178.1709
-910.8957
269.2027
-10.20782
-133.448
-251.2535
52.97549
-97.89988
-219.8429
-65.26843
-145.201
-415.9642
-360.4811
-227.7738
-197.011
-192.0671
-239.3947
-133.1322
-350.5107
-195.931
-278.0058
-283.6685
-253.5662
-356.9046
-223.061
217.3598
-254.2675
-226.5855
-243.6612
-239.7505
-264.7498
-439.5626
-736.1452
-426.7132
-286.2613
-243.6155
-249.724
-139.9949
-224.1905
-256.3332
-151.4526
-148.698
-64.6706
-342.4859
-267.7613
-222.843
-202.384
-1986.037
-1712.415
-815.4186
-1449.212
-600.4748
-323.777
-974.8515
-450.3282
-266.674
-534.5298
-1640.067
-851.8467
-508.8215
-885.9382
136.0995
-247.5145
-2172.323
-803.376
-444.1552
-410.4557
-268.4433
30.63463
-426.2654
-277.8116
-78.20618
-478.4857
-316.7942
-554.5502
-433.4241
-345.8707
-59.80527
-86.89042
-252.3539
5044.918
1189.844
212.2624
-171.1017
522.211
155.0917
-122.1339
302.4889
-224.8098
-445.1436
435.6948
-233.2632
-201.1449
-298.8127
12506.8
3379.406
822.52
24.17534
-180.8852
-307.8086
-449.4918
848.7138
-126.0687
-227.2244
-337.982
-350.1697
-367.8571
327.1564
-203.7314
-221.0112
-279.675
-244.086
-315.9155
45.78833
-369.5973
-368.4586
-350.6092
-218.7526
-639.7834
-163.6076
251.114
-291.669
-195.1218
-159.1182
-384.2619
-157.695
-221.5097
-20.53551
-484.4415
-351.6391
-312.2716
-277.8986
84480.74
24788.52
6609.885
1670.376
256.9054
-451.7458
-174.8266
-233.2868
-708.9971
-496.7547
-97.28919
-138.071
-142.1688
-194.0297
-239.4739
113.3228
-241.7361
-289.9073
-343.2457
246.6586
-198.5195
-7.212377
601.698
122.4761
-124.1317
-357.6067
-333.8793
-414.759
-306.6568
-258.7485
-281.1605
-372.1793
466.2977
-19.4834
-413.9849
-345.9498
-231.0556
-251.2753
-284.5466
-242.2905
-157.327
-147.6373
-254.8577
-256.0488
-624.815
1629.929
269.1691
89.49267
-188.4746
-199.1404
-444.383
283.2817
-239.0629
-296.4228
-1310.873
-554.7782
-344.4462
-288.6434
-271.6051
-291.9862
-179.4384
-3936.433
-1346.38
-607.686
-567.8339
-357.1063
194.6368
-184.5014
-197.3243
-156.3644
-176.3934
-331.4937
490.0047
12.08298
-103.1606
-315.4468
-232.776
-381.1494
-532.3954
-489.9359
-512.2403
-623.2958
-250.6056
-136.5422
-246.2635
-191.4644
-126.6769
-263.459
-122.7576
-128
-149.377
-294.7283
-750.8254
-941.946
-316.0445
285.4156
-50.16953
-226.7825
-245.9123
653.8503
29.24649
-161.87
-360.4734
-228.9609
986.5359
-96.41706
-133.3219
-264.3493
353.8558
1.550922
-188.6707
-363.0493
-309.6491
-352.5222
-271.4516
267.4503
-176.428
-265.3631
-271.4083
-358.6877
-555.1608
-236.0043
-235.7729
-184.4806
-208.0722
-332.7722
-220.0292
-191.2407
-189.6958
-401.7238
-305.3116
-535.0957
-378.3747
-345.6778
-378.8712
-504.0324
-332.689
-380.6322
-162.6169
-232.9089
-196.9827
-63.98595
773.5571
-36.48276
-405.1387
2363.812
379.8766
-18.06186
-219.1735
-219.7741
-195.5175
-322.2304
-172.1169
-191.351
-206.8023
-148.7079
-318.6602
-80.26285
-1324.999
-536.3081
-355.1868
-298.7277
-427.2224
-296.0855
-291.3822
-301.0359
-270.2663
-196.9879
-279.7123
1249.077
26.24149
-161.6535
-107.352
-59.58372
-135.1263
-214.0981
-163.4871
-146.6168
-115.618
-199.5879
-253.2834
-128.1917
-215.942
-646.3277
-433.0102
-289.4438
-242.3693
-254.8636
-311.117
-179.4379
-121.3503
-516.5512
-169.3471
84.57811
-192.9801
-288.0151
183.8062
-135.1047
-173.7622
-249.0856
-169.7298
-168.1433
-311.836
-297.7833
-240.8719
-301.7108
-1211.953
-571.2237
-296.5415
-255.5385
-43.71939
-157.8107
-265.216
-294.4358
2373.867
475.7364
-3148.918
-1035.856
-502.2942
-318.2361
-194.8536
-158.6571
402.0051
-208.6079
-164.6811
-619.1206
-364.2334
-118.6106
55.89818
-89.44602
-302.7548
-248.049
91.25347
-131.5839
-122.4426
-146.1545
1477.577
111.7126
-79.39715
-325.1489
-271.1549
103.2087
-184.7685
15.99276
31.25891
-124.8044
-278.0066
-111.0789
-180.9746
-221.9589
20.61731
-81.25122
-177.7431
-249.8895
-493.5645
-323.8133
-336.9344
-304.5375
-19538.69
-6524.629
-2272.88
-801.5561
1305.739
115.0842
-355.6343
-241.504
-109.0255
-184.8634
-1049.838
-388.6874
-310.1831
-139.8736
-315.2119
-711.0004
-374.3725
-327.3154
-218.7695
-299.8613
348.3187
-145.2656
-1435.93
-450.9079
-357.4143
-169.0043
-181.2276
-198.7247
-188.3403
-275.1361
-85.93724
-251.6032
116.1807
-96.70638
-242.6524
-187.6718
-256.7801
-322.8242
-610.8528
-282.3645
-436.3658
-410.5057
-152.895
-139.7335
-194.327
-243.8036
-238.9476
-310.6682
-34.78455
-608.7782
-372.1234
-683.9784
-361.7533
-241.8038
-310.7932
-194.0739
-174.6052
-957.4408
-391.5146
-274.227
-225.9185
-160.8517
-125.0943
-280.4525
-56.2892
953.4117
-41.10197
-191.9233
-284.2882
-240.6408
-102.6199
-47.15387
-239.5138
-288.0385
26.07634
-113.5299
-159.6147
-344.0343
-228.2349
-149.0129
246.1705
-115.2686
-240.6849
-138.9604
-353.9507
-721.0275
-726.4588
-315.9102
302.9953
-63.65822
-466.4578
-203.5291
-223.3799
-472.261
-336.0562
-269.766
-371.1539
-154.0714
-171.8829
-789.3464
-453.1273
-20.83691
-76.89595
-215.2772
-289.3341
-253.9053
-221.8474
-11.76162
761.6897
60.70076
656.0082
140.0863
-205.7867
-175.9753
-292.0119
-302.3401
-224.3396
-267.0715
-116.5668
-184.5274
-274.418
-255.1026
-235.9232
-122.3
-283.3812
-245.7489
-136.7542
-150.056
-543.9266
-358.7402
-579.2006
-237.4539
-206.6602
-404.2271
-131.3093
-275.2552
-236.545
1820.741
193.571
-279.6647
-410.078
-274.4816
-269.032
-588.6601
-365.07
-16.0847
-710.045
5646.141
1458.674
300.3964
-66.19116
-169.3735
-221.974
-175.1618
-531.8562
-194.0769
-131.1388
-230.8817
-196.5158
-266.3794
-599.8716
50.776
-11902.59
-3292.121
-1078.27
-545.9868
-600.4791
-290.6993
-263.1409
-319.9563
-472.9542
-176.1943
-282.6079
2365.917
189.9025
-142.1615
-335.0189
-249.9396
-320.3591
-134.0345
-135.1533
-226.6455
-241.1675
-191.3698
-245.3322
-104.113
-160.1483
-250.6955
-171.1543
-313.3829
-339.3931
-196.3605
-159.2076
-375.8547
-282.4554
-222.7717
-200.5436
-303.5399
-268.601
-212.6796
-414.4243
-281.3797
-266.8566
-671.5912
-347.9128
-265.6713
-271.1764
-216.5694
-306.0543
-278.0202
-301.4355
-360.2105
-130.3623
-256.6591
-382.5174
-376.2455
-235.7497
-209.6843
-350.4689
-346.163
-212.7925
-330.7813
-620.0793
202.7013
-32.65135
-2141.629
-814.6343
630.9508
491.91
-103.1925
-282.8721
-519.3929
-307.4164
-300.8164
-587.3078
-79.62088
-244.471
-447.5345
-347.263
-154.7787
-250.0022
-196.8083
-288.8537
-241.1271
-316.9489
-9.335017
-589.1571
-431.5345
-167.9966
-247.1085
-169.9929
-352.7247
-693.9618
-462.3047
-865.177
-448.3356
-771.793
-1214.544
-488.3063
-310.0975
74.32018
240.9744
-199.61
-122.1771
-304.8944
-411.2573
-370.3562
-382.8176
-398.5973
-493.9268
-752.1478
-250.855
-386.2946
-413.8655
-296.0301
-218.5337
-219.1657
-577.7443
-212.4464
-993.1994
-492.0903
-1063.935
-613.8921
-7431.908
-2220.144
-359.9122
-1176.291
-503.814
-371.5142
-196.0816
-294.0271
-344.9778
-291.6112
-308.6421
-234.5173
-400.1495
-302.532
-314.4422
-313.1005
-158.3688
-285.648
-210.7191
-692.8632
-372.2365
-446.5365
-990.1756
-322.5611
-91.34385
70.12346
-341.7835
-174.3776
-131.0799
390.7352
1014.949
56.88444
-640.8926
-462.2039
-332.8981
-342.6191
-282.378
-5453.105
-1353.845
-620.6585
-366.5332
-804.8171
-369.6201
27.73745
-121.4895
-279.8925
-254.9368
-411.1234
-380.5835
-259.7987
-111.2741
-212.4133
-97.85746
-221.4586
-262.878
-393.5972
-329.1118
-418.96
-2546.147
-1496.025
-570.406
-511.0611
-422.9627
-154.2057
-460.8902
-439.9816
-982.5306
4500.64
1021.394
57.94136
-861.4696
-482.8788
-445.4649
-409.3536
-202.4806
-309.5266
-388.7469
-381.873
387.9595
-134.3451
-213.601
-338.2968
-843.0509
-402.2467
-323.0256
-570.6523
-449.2319
-217.8477
-203.4572
4229.842
909.2115
-42.9138
-268.7266
-283.2432
-402.1782
-299.2586
-345.7817
-355.7984
1753.352
472.6713
-231.7544
-224.4825
-251.4552
-410.3308
-479.056
-358.1056
-376.9501
-269.4439
-417.6727
-365.3797
-462.7507
-427.027
-356.0316
-461.9586
-491.1928
-539.7349
-362.8987
-374.7821
-314.9791
-448.6624
-435.696
-385.4505
-426.6837
-427.4944
-580.1206
-1573.845
-713.7671
-374.6254
880.2854
104.45
-343.2738
1691.407
262.5719
-238.2968
-299.1041
-387.6158
-399.929
-56.17252
-228.2295
-274.6779
29737.3
7770.201
2007.517
239.4514
-294.4519
-441.0132
-302.1852
-331.0314
-547.8226
-477.0363
-412.2201
-445.5288
-428.5657
-412.7041
134.0683
-106.7964
-343.6623
-505.716
-370.735
-212.7525
-326.2357
-380.693
-460.3679
-457.4146
-271.5098
-333.1874
-184.7207
-387.1386
-639.0702
1569.338
96.87798
-294.9225
-522.6251
-544.8794
-456.5473
-714.3611
-456.0886
-426.3184
-382.1379
-371.9341
-388.3578
-359.6227
-627.5553
-489.1966
-476.4605
-291.6189
-362.4671
101.0889
-2531.719
-1008.109
-670.8551
-430.1011
-480.9345
-597.1047
10361.99
2569.663
332.9721
-350.2401
-420.231
-3057.293
-1120.909
-823.4297
-599.8394
-632.8754
-539.2656
-496.5548
-316.5156
-1038.3
-139.7699
-328.4176
-986.7471
-705.1417
-269.1351
-440.2112
-308.6287
-527.1442
-435.9391
-836.9062
-547.1501
-335.4211
-581.6153
-554.6145
-463.7472
-543.0597
-203.6837
-507.2343
-794.4979
-458.4296
-514.1061
-292.6251
-520.2868
-412.6627
-490.1072
-421.1006
-486.7647
-655.7541
4510.212
500.2671
-421.0652
-414.2403
-528.0705
-301.717
-500.3115
-459.4811
-438.8974
-519.4372
-355.1704
-613.6638
-514.9926
3097.825
410.3344
-147.7975
-264.3444
-392.7352
-443.269
-565.6869
-532.7842
-836.4133
-795.7619
-532.3853
-572.5984
-685.8284
-542.837
-483.7033
-466.9987
-547.4457
-464.9776
-553.5399
413.4932
-300.4737
-777.6067
-519.2134
-438.0083
-509.5849
410.9789
44.15902
-358.4622
-440.1642
-577.2271
-550.5523
-411.7968
-445.6045
-514.5824
-748.9719
-573.1253
-593.1121
-575.2886
-434.6288
-457.6108
-516.4505
-411.316
-289.5377
-68.27386
-229.3651
-573.8794
-574.048
-654.6582
-516.4964
-607.5377
-491.0993
-424.7861
-615.3094
-603.9711
-918.227
-654.94
-1024.337
-494.0315
-609.3253
-499.3852
-246.9326
-435.6856
-681.7493
-494.0318
-543.906
-153.4228
-499.8817
-999.0306
-637.5946
-461.8267
-1154.184
-1137.362
-667.8746
-525.4804
-716.7904
-529.6382
-571.0558
-478.6542
413.4608
-441.1353
-930.3106
-587.7176
-450.9702
-476.5431
-350.536
-507.2865
-442.9319
-489.2965
-133.6934
-495.3977
288.9441
-376.4486
-412.2918
-89.12382
-114.6328
-637.8015
-417.3505
-474.5306
-481.4027
-469.1326
-470.8952
-117.1139
-417.9489
-582.6065
-464.7414
-535.3903
-600.4117
-542.3221
-542.5964
-501.9526
-496.3179
-2014.173
-2773.419
-1346.518
-608.1646
-527.9899
-720.523
-581.6061
-2409.896
-1057.047
-610.1021
-607.1961
-518.1502
-295.3975
-390.5017
-473.649
-306.0361
-404.7482
-742.7803
-343.9397
-476.8531
-803.6583
-655.87
-564.0465
-233.1477
-1320.639
-460.2702
-1204.857
-399.8571
-449.6475
-567.6105
-406.9882
-583.1513
-466.9317
-595.0382
-521.6347
-528.7171
-505.6259
-528.0168
-489.419
-9533.513
-3009.143
-1482.471
-331.8979
-1077.257
-193.2635
-473.2777
-422.7114
-425.538
-570.4157
-552.9677
-555.824
-493.6318
-654.9414
-539.3759
-531.8136
-445.6732
-438.9233
-523.8494
-483.6268
-427.5397
-532.2563
-443.8745
-515.3129
-492.762
-948.7726
-600.4226
-826.0773
887.2215
-129.0755
-346.0839
-461.4556
-516.3439
-411.7479
-422.7793
-534.5335
-367.7116
-484.1499
-447.0742
-834.9347
-567.923
-657.7372
-470.6933
-515.2556
-215.364
-773.2786
-465.2976
-692.598
-902.3985
-1194.098
-746.4083
-901.9133
-654.3397
-508.5532
-380.2949
-515.9836
-1076.6
-734.276
-639.3376
-560.7995
-188.8424
-505.8547
-392.3762
-428.5201
-538.8136
289.8802
-333.6415
-399.7916
-413.5485
-373.6506
-971.2241
-1739.267
-850.4038
-587.4747
-562.4608
-596.0194
-589.5397
-565.9246
-351.2741
-486.2166
-486.8335
-643.7694
-506.9534
-503.2307
-388.6708
-396.4348
-439.7871
-417.317
-658.0145
-900.3411
-571.0675
38345.4
10825.75
2511.388
1800.136
140.8966
-722.3229
-570.3554
-592.0779
-1050.598
-585.757
-647.5558
-514.5147
-327.8219
-539.8786
-510.8223
-15.97719
-116.2694
-267.9851
-371.4418
-351.8274
-484.5938
-137.9305
-479.6065
-505.5519
-496.9505
-542.8628
-1681.018
-759.0248
-585.633
-429.4499
-724.1423
-525.1552
-518.3969
-468.4012
-396.0925
-507.1687
-442.7772
-1049.944
-580.1939
-528.281
-961.2768
-1397.237
-718.6451
-493.4719
-920.8772
-657.7902
-623.127
-508.548
-446.2049
442.3624
-236.8072
-539.399
-768.5218
-510.6153
-397.292
107.5975
-357.0634
-345.2179
-381.9162
-822.3981
-613.357
-1137.421
-759.7187
-705.6794
-497.035
-515.1699
-497.4903
-466.9882
-328.144
-272.0251
-593.4657
-581.383
-420.2617
-575.2731
-467.7561
-33.00034
-352.1533
-685.4008
-495.1661
-544.2127
230.4716
-249.798
-412.3243
-317.4416
-173.0825
-393.1617
-360.9437
-470.9968
-173.2618
-334.1227
-412.4892
-274.3568
-356.0079
-397.1011
-544.6495
-360.7797
-352.6061
-214.9606
-346.4426
-440.5118
-448.4601
-472.0739
7.640917
-316.8047
409.5349
-209.3737
-420.0391
-495.2293
-471.0336
-555.459
-326.1322
-357.3074
-551.9634
-423.0981
-560.222
-480.3957
-455.9607
-346.2929
-967.3711
-640.0283
-529.6524
-536.8928
-431.4553
-680.6745
-264.945
-962.6803
-518.7602
-492.8582
-591.3506
-377.721
-516.9601
-984.3209
-367.0649
-108.7325
-955.6695
-570.543
-547.6219
-453.3864
-447.1774
-457.2128
-409.7183
-473.9724
-661.458
-552.4155
-980.5907
-475.7633
-314.6921
-396.4342
-1971.752
-961.9725
-671.9169
-497.8316
-822.0602
-573.342
-353.5017
-412.6577
-686.6212
-403.7818
-400.2786
-589.0526
-481.799
-400.8866
-332.9666
-534.5087
2047.39
181.5933
221.0342
-281.5151
-506.5759
-205.6419
-259.3024
127.4928
-861.0501
36642.06
9743.411
2450.474
347.2825
-245.8256
-374.1475
-520.4419
-525.8947
-602.5051
-711.0281
1207.883
55.71535
-277.3575
-691.5495
-9100.068
-2735.592
-1095.744
-621.0056
-649.7724
-361.6806
-446.1497
-386.5519
-1016.221
-744.4483
-642.2747
-187.6046
-438.8439
-402.1278
-357.143
-317.1437
-119.7375
-341.3791
-441.0144
-832.9805
-745.3403
-588.9379
-575.8212
-139.801
-478.2285
-470.6228
-574.4594
-445.0582
-470.8357
-419.1771
-371.9213
791.1891
-113.9271
-324.3683
5371.312
914.8891
-13.81622
-397.1138
-350.3285
-360.8867
-403.1357
-512.9274
-508.4758
-463.0105
-530.4154
-337.2529
-467.4644
-638.2203
-478.5712
-527.1359
-531.4973
-362.3957
-368.7296
-492.9251
-474.3637
-515.8482
-555.0272
76.70671
-225.572
-374.4376
-393.1147
-1023.383
-1144.894
-579.2342
-601.3882
-572.1537
-499.9328
-499.7693
86.13376
-313.8873
-295.9175
-232.7532
10446.1
2515.907
181.7059
-204.8932
-320.2988
-296.0941
-579.2741
-694.7611
-497.8761
-477.384
-544.2626
-534.0138
-697.2211
-527.2518
-283.0161
-344.3229
-439.214
-235.4165
-481.2091
-560.1259
-674.9524
-634.9331
2017.615
253.3944
-197.6868
-822.3532
-457.1688
-581.7208
-521.2193
-445.8505
-715.2824
-527.5816
-570.6553
-387.9568
-230.8493
-378.6408
-259.3535
-546.87
-472.5929
-463.2525
-514.5517
-485.1343
-1166.091
-661.5355
-517.4618
-660.7079
-550.5055
-899.0274
-1412.569
-103.7633
-1468.089
-802.4838
-597.8356
-707.5626
-1741.321
-1079.084
-658.1442
-499.8031
774.1058
-149.4839
-455.0759
-439.2575
-490.4789
-514.8738
88.22723
-402.461
-446.9932
-492.039
-840.3962
-585.694
-618.0587
-35.9092
-360.943
-266.0126
-653.9008
-506.9923
-605.0143
-601.9407
-593.7611
-553.5769
-554.6313
-414.728
-355.158
-457.8325
-489.6545
-565.9365
-539.27
-518.2332
-450.9859
-504.0558
-626.1115
-482.0913
-553.1685
-493.2447
244.8565
-377.4164
-497.546
-751.8892
-616.5131
-592.2774
312.0195
-233.7364
-394.1601
-482.8049
-562.7224
-430.386
-571.9813
-502.0799
-810.054
-523.3094
-546.1002
-332.9022
-476.9434
-559.5324
-575.9551
-450.665
-127.4176
-460.0046
-460.8478
-596.1779
-635.3243
-597.5594
-759.9061
-619.5913
156.0167
-380.1227
-406.848
2801.411
307.6955
-355.8861
-963.1984
-759.968
-618.3551
-570.3248
-505.8917
-523.3319
-1072.937
-706.2749
-525.496
-887.5646
-679.2788
-249.4825
-157.3678
-634.662
-587.8762
-837.9717
-707.2602
-712.8568
-832.9239
-679.2573
-210.4692
-566.9598
-476.6576
-660.7391
-274.5297
-513.4307
-652.9663
-278.0509
-117.2194
-504.3863
-552.7286
-480.2913
-740.6368
-435.4171
-484.3596
-575.255
-597.972
-496.0408
-422.2922
-537.3934
-689.776
-721.1272
-538.4098
-483.6701
-641.7139
-1189.32
-2272.244
-1065.433
-378.186
-568.1936
-536.9876
-540.6423
-530.6069
-663.0819
-580.9063
-1334.05
-855.4071
-682.6725
-330.4302
-552.3292
-587.9626
-628.9941
-632.2652
-625.722
-479.361
-240.7904
-447.5145
-761.3852
-669.0284
-511.8236
-726.2864
-689.9179
-634.1675
-490.9608
-561.4736
-471.4263
-432.1436
-622.6178
-550.0697
-568.7489
-656.9617
-707.9773
-633.3199
-705.67
-637.4559
-844.7956
-667.1851
-620.1046
-586.6943
-558.3707
-700.1378
-720.2306
-631.2809
-919.7924
-2088.541
-1335.392
-3546.797
-1568.241
-861.1111
-592.0232
-616.88
-603.0842
-471.1267
-762.305
-899.3909
-729.1403
-479.0626
-500.572
-719.1361
-744.0765
-679.4992
-212.6588
-533.4568
-530.7097
-467.3462
-1141.438
-816.0906
-534.7226
-654.0022
-365.8043
-588.2374
-674.0555
-662.6349
-835.2925
-729.5036
-565.168
-951.5111
-896.2725
-687.7014
-606.1272
-1018.139
-1279.336
-847.1789
-693.6531
-1133.733
-783.2608
-720.4447
-750.8052
-896.6181
-788.7109
-630.348
-619.5654
-658.2811
-969.7799
-692.5619
-965.0332
-1023.749
-738.1918
-622.7235
-612.7683
-577.6504
-239.4099
-665.9967
-713.9069
-1724.715
-902.3154
-836.8514
-1266.304
-1050.508
-873.5003
-281.3731
-542.6134
-590.4034
-701.234
-708.1254
-1571.083
-916.5203
-576.026
-700.0638
-711.7013
-577.2914
-778.2762
-783.5204
-815.7342
-728.0777
-723.3734
-617.0624
-516.2634
-434.3016
-702.1943
-528.7842
-487.843
-614.5882
-672.6295
-408.6665
2080.477
-85.60446
-488.956
-586.1267
-720.586
358.4114
-404.8717
-608.849
-930.3578
-926.9343
-620.5404
-817.0464
-618.0511
-611.8301
-688.3335
-781.4351
-731.6172
-631.6355
-663.8174
-687.1246
-669.5769
-1234.315
-782.7981
-415.8143
-683.6712
-786.3019
-599.3181
-724.9202
-734.6173
-1429.597
-1039.75
-679.8067
-700.9385
-715.2074
-737.8878
-730.5962
-646.9942
-736.5261
-738.1291
-1037.228
-763.4462
-768.8199
450.3571
-545.0641
-1020.928
260.0967
-431.4631
-1190.954
-890.2699
-797.0809
-1239.112
-865.9147
-676.912
-711.0322
-646.5396
-1163.733
-787.2052
-852.9114
-772.2617
-744.972
-875.5574
-668.6692
-910.3941
-865.2762
-905.9709
-1228.571
-871.1001
-857.5443
-754.1708
-737.0684
-826.2384
-854.7129
-619.9359
-681.1553
-754.6687
-602.0393
-570.7687
-663.1879
-718.7004
-719.7697
1593.807
16.75859
308.8504
-392.4331
-622.1044
-706.5842
-718.0239
-806.9291
-481.9725
-716.2664
-793.4875
-714.2964
-522.4172
-769.7856
-816.7285
-893.1017
-1014.185
-810.0691
3521.947
328.9447
-475.3779
-668.2591
189.9644
-444.2321
-682.177
-726.7773
-667.4741
-709.3875
-847.5071
-774.076
-738.6932
-631.0763
-589.7652
-743.5698
-746.7433
-772.9837
-589.9565
-667.6235
-578.8324
-657.6283
-713.0276
-742.5367
-749.5427
-529.8791
-775.4244
-358.6361
-208.2149
-592.9681
-659.8064
-668.0252
-713.989
-570.8441
-668.5913
-1780.818
-1371.145
-647.2144
-774.9498
-941.6559
-1917.259
-1069.925
-903.0653
-858.3298
-762.2373
-853.1777
-750.1992
-838.7876
-813.7821
-830.4855
-712.4275
-1129.132
819.7639
72.66491
-472.4733
-672.1433
-634.4145
-734.6061
-842.8896
-669.098
-652.363
1354.392
16.50358
-536.4806
-450.5795
-662.4713
-828.1221
-661.8361
-732.7069
-759.3033
-369.1953
-980.7417
-991.9544
-859.2166
-710.7265
-676.8642
-824.246
-797.0633
-639.8018
-850.9339
-949.8325
-718.5857
-107.5118
-550.7223
-780.4694
-759.4559
-854.1268
-696.4916
-674.838
-456.5131
-647.4224
-800.5367
-907.8436
-739.8739
-1530.762
-969.4946
-748.9019
-701.3243
-628.8324
-682.0804
3323.143
354.9399
-484.9754
-588.0536
-777.7156
-709.4524
-739.2059
-773.6151
-839.2745
-845.656
-775.5137
-751.9663
-531.565
-294.7052
-564.0697
-780.0201
-985.6015
-1158.093
-933.3919
-1082.859
-940.3523
-803.6809
-593.8408
-814.2859
302.309
-484.9417
-675.8719
-1469.062
-893.7791
-814.9791
-1069.843
-939.0449
-843.4101
-18184.08
-5506.021
-2045.817
-1138.288
-798.6911
-736.9407
-712.9769
-726.893
-732.1139
-591.5414
-539.101
-707.4098
-584.0566
-716.1817
-863.0049
-728.8486
-657.6376
-829.7429
-830.8361
1181.983
-384.3334
-2172.183
-1246.799
670.9671
-298.2271
-743.3767
-723.9693
-819.0204
-799.6927
-708.7161
-571.6327
-720.9673
-815.8741
-500.935
-364.0132
-3689.087
-654.5536
-1023.197
-777.3743
-705.7818
-695.7708
-784.542
-1171.987
-727.3072
-869.5329
-555.3223
108.0116
-253.0199
-587.2843
-797.4094
-758.3243
-894.1382
-779.3448
-749.0828
-711.2918
-752.1465
-731.8844
-685.4001
-785.0469
-682.0534
-717.3947
-1246.367
-250.0915
-458.8473
-1793.206
-1125.136
-1574.356
-1000.729
-757.6254
-706.0461
-1573.674
-1156.894
-970.0268
-816.9626
-693.8336
-662.6581
-695.3554
-724.4933
-385.779
-609.2363
-775.1899
-504.1015
-819.1723
-713.3511
-669.2789
-749.3956
-582.1564
-214.8403
-672.7015
-691.7653
-515.8465
-281.3664
-318.8553
-439.6391
-626.6858
-692.7418
-679.8552
-710.4465
-677.2302
-769.621
-694.1463
-419.8707
-580.0652
-823.5255
-684.8055
-673.7162
1902.523
20.03766
-4261.923
-1577.178
-1282.727
-662.027
-675.0537
-11635.57
-3486.711
-1404.316
-861.8523
-587.2187
-624.4547
-2102.419
-1221.34
-787.5639
42.63052
-281.2408
-176.9502
-678.3516
-803.5876
-872.517
-1146.314
-860.9577
-860.054
-930.0435
-1004.523
-737.6051
-715.1727
-334.9508
-783.8949
-737.6558
-654.9245
-721.5148
-703.7076
-638.5993
-694.2157
-640.432
-593.3918
-884.1364
-627.2075
-694.6525
-532.0627
-680.3055
-551.2167
-413.8735
-615.2441
-578.3289
-656.6856
-25557.6
-7521.547
-2480.782
-1024.293
-743.7017
1922.641
460.3571
-335.2303
-1397.384
-794.0274
-711.8278
-667.8754
-739.0509
5773.101
724.4752
-353.4289
-854.3147
-713.3697
-667.9923
-0.2649008
-502.1116
-737.8218
-768.0473
-1614.411
-2036.906
-936.0594
-645.9492
-372.313
-645.0932
-709.813
-647.7512
-370.427
-614.944
-530.1979
-4913.421
-2936.583
940.8655
-463.8511
-457.9578
-714.3907
-508.6848
-620.8661
-2212.074
-2956.222
-1289.798
-885.5556
-833.7476
-1020.958
-467.8602
-504.2019
-645.672
-652.308
-792.0179
-814.6881
227.4094
-598.9604
-679.0188
-626.7869
-588.1532
-712.6157
-695.0155
-656.7823
-480.6177
-575.5438
-671.4665
-944.0084
-769.1898
-734.9443
-684.4222
-905.6327
-653.8087
-690.6535
-642.6937
-502.0987
-670.8202
-624.9055
-640.3385
-667.4945
-612.1115
-406.4863
-376.573
-603.8284
-996.1743
-701.3744
-661.2542
-1463.661
-944.5284
-653.0348
-531.1994
-569.2631
-717.8051
-711.8246
-700.7107
-672.8188
-696.6732
-739.6426
-678.5077
-579.0219
-640.1796
-806.4658
-652.8418
-752.5396
-720.8355
-591.2036
-687.2341
-536.0189
-1488.153
-1065.354
-623.8043
-106.1885
-449.0491
-347.7649
-512.446
-718.3801
-498.8061
3426.477
454.8561
-352.404
-1306.197
-1039.581
-982.077
-780.9838
-792.9849
-661.1168
-600.7863
-646.2919
-622.1799
-565.7116
-148.1928
-600.0143
-1251.548
-726.7523
-757.1327
-790.5853
-470.9009
-666.3264
-640.0998
-703.2261
-551.3084
-707.8206
-777.7993
1138.548
-136.2085
-671.6423
-842.3582
-592.2683
-666.2002
-799.3183
-593.4455
-986.0218
-835.5386
-690.3295
-645.4037
-745.4438
-697.1772
-712.8727
-708.5283
-564.6124
-652.7792
-793.2463
-692.5509
-727.5625
-702.627
-706.5258
-834.928
-717.167
-682.4284
-664.0122
-418.0134
-585.6984
-628.9802
-593.8501
-602.7875
-859.0778
-808.2778
-826.5226
-672.1184
-663.1409
-656.6604
-755.7901
-784.9591
-416.4324
-756.7603
-728.6095
-865.6616
-769.1783
-819.5635
-824.8244
-536.82
-756.6723
-312.2658
-5592.752
-1954.604
-1093.021
-823.6614
-885.8657
-607.607
-672.9977
-475.26
-725.8017
4433.78
751.741
-180.8971
-602.1377
214.7315
-468.346
-154.0042
-793.7841
-773.4114
-792.9081
-754.2357
-607.2541
-316.7774
-572.9933
-679.903
-741.5115
-622.8666
-741.2391
-673.9544
-692.8147
-668.931
-756.7768
-856.4121
-761.127
-561.6264
-813.69
-861.7074
-805.0439
-532.6736
-448.5993
-704.539
-725.4885
-686.8979
-753.903
-735.7941
-671.1089
-643.7656
-329.0856
-726.9188
-730.6631
-708.4149
-217.2961
-594.1788
-1253.668
-1024.878
-762.9277
-1705.711
12706.69
2855.351
302.381
-549.5409
-748.3308
-725.028
-1631.963
-968.994
-885.2768
-1116.462
-1007.578
-874.6566
-895.1781
-817.5543
-628.0615
-580.7457
-728.895
-738.266
-534.4051
-703.9123
-767.2056
-664.063
-702.7463
-681.0395
-1044.193
-846.182
-746.5664
-798.412
-779.7509
-700.1775
-816.3171
-725.7352
-371.0925
-677.3119
-863.8849
-855.4622
-821.4323
-868.2527
-782.2202
-772.8139
-856.4215
-985.4815
-705.6633
-488.9532
-510.0898
-755.7668
-815.4906
-754.0162
-588.4386
424.5499
-351.0516
-876.3448
-770.7107
-845.5064
-860.1418
-538.2475
-661.1087
-738.209
-821.9699
-67.39843
-649.2856
-740.4675
-555.9303
389.6579
