-57.3964
-24.63465
-148.9694
-16.78859
96.9564
-122.9269
73.75518
117.6503
2300.667
1153.923
1238.801
567.4147
74.57822
78.99836
75.34683
235.7272
262.2545
136.2859
264.9001
-4.202542
64.04387
59.79095
230.5618
-543.3609
-115.3323
-83.67649
143.8606
248.1899
137.3461
-51.56687
143.6034
163.1572
195.3891
242.7408
246.5512
137.0977
194.827
-39.00343
27.21127
-242.5092
-138.6122
149.0478
233.4711
117.3017
-148.24
-345.2819
-124.7247
-5.543926
-394.6391
619.4069
347.286
-98876.59
-39251.19
-15900.95
-6158.682
-2224.686
-510.585
-140.4262
-134.3046
84.21148
75.54397
164.4457
224.7543
269.3446
232.9232
2.732909
205.4741
-49.53899
94.74893
-54.72773
87.20327
128.052
440.7181
334.5742
164.4166
210.9929
571.5224
556.016
317.5949
-627.6552
-147.2518
-264.6202
-52.25079
115.3119
76.84597
38.87753
-155.7555
24.93825
-128.3936
79.17457
-72.30792
72.73628
-217.3929
478.5744
557.6252
-191.2037
-31.21239
-80.84016
-40.50868
99.46309
-34.59871
-8781.634
-3432.55
-1012.045
-332.8908
-97.01288
70.60769
192.441
25306.44
10342.86
6126.169
2477.223
447.4426
163.1364
3405.596
1430.102
559.7937
389.4077
208.3673
661.0389
127.9071
250.9353
109.663
-27031.77
-10744.55
-4275.506
-1635.672
-524.4847
-360.4948
88.00743
409.2342
809.4419
541.7701
128.1013
-609.6989
-261.6326
-46.05714
249.3009
103.5703
273.6344
72.69892
862.6474
469.9899
2534.327
825.4827
354.8271
612.7491
334.3268
300.6075
-231.4648
-1114.61
-430.627
-63.54204
-86.42056
-455.6907
305.7631
412.7844
216.5807
352.3684
502.5388
441.576
256.7131
143.5491
239.5887
-92.12463
-5.542073
-1549.846
-541.8514
-505.074
-264.0449
90.45306
228.6853
78.95911
134.3215
-2592.204
-1108.658
-385.7369
-2.24743
-4.94998
93.67126
-99.79849
484.835
247.9084
311.8189
293.8105
147.1683
129.9757
198.5814
182.0928
57.27425
150.5931
-122.3553
117.2365
-88.29687
12.25166
-109.5992
151.2556
-14.2726
74.65867
33.49211
-4.701998
57.21528
552.4561
433.4752
449.3937
-264.0764
11.04576
197.8059
-1921.185
-932.983
-264.162
-53.72819
-529.3738
-780.0109
-422.3585
-274.3814
-10174.08
-4447.82
-2400.695
-1027.995
-400.6703
-211.7608
-152.6085
-76.63534
700.6759
293.3522
311.9719
65.96697
-195.7231
-530.8527
-176.6473
-15.31836
-1945.06
-509.8333
-463.2124
-202.6384
-84.30588
-131.8624
745.8091
278.4495
117.0683
-28.44417
80.0809
1122.728
345.1226
-42.45797
787.9608
546.2352
158.5688
-109.1515
-132.4153
-146.1847
-128.5087
-93.61955
-307.2174
-1718.399
-1243.709
-855.1898
5232.512
3062.857
36.06759
-75.90175
-16.81298
-111.5002
-175.2474
-129.751
-396.8248
110.6858
-72.33819
-7.658692
-2229.355
-1008.192
-475.0303
-29.21764
15.64096
40.69026
-453.0458
-246.3412
296.0328
-67.15579
2.855339
-80.00051
-152.8594
15.62989
154.3189
-99.37879
-133.864
3010.085
1037.003
171.0728
102.769
64.15865
191.8199
-67.07808
81.26234
-26.43131
-566.2466
-47.36075
449.8883
-99.22082
-754.0363
-531.5069
-448.8816
-309.0617
-2367.3
-1143.7
-695.7443
-634.7835
-660.3167
-657.3307
-324.2164
54.80993
-183.125
25.62785
-136.4209
-169.1686
-275.5953
-118.165
-180.3753
64.03884
-135.3477
-276.5931
-505.8231
1350.589
-896.0979
-714.4425
-503.3973
-388.7338
-244.8206
-124.9584
-335.9234
-317.9724
-204.7908
-438.7746
27.56445
-399.653
-370.6438
-401.0953
-303.1977
-252.8898
-224.1533
-1076.623
-682.0033
-517.4987
-297.1709
-579.083
-515.1727
-451.4411
-275.5216
-282.8725
-339.9153
-255.0077
-387.2131
-456.1023
-447.5146
288.1458
-353.5778
-1601.885
-888.4546
-849.1847
-523.238
-431.6215
-348.0511
-233.2894
-697.4957
-538.2975
1694.416
162.7209
-106.3201
1408.009
399.8461
-1.672174
-234.1001
-359.6649
-287.5495
-340.6836
2290.718
799.2536
194.0393
-179.4489
48.48772
-125.0453
-53.32784
-195.0893
-744.0862
-478.2665
-196.5957
-117.1796
-98.69829
-123.2027
-295.5492
-49.23669
-112.6243
-317.3419
-279.9353
-447.3901
36.85305
176.6563
136.765
165.8597
-103.0359
-1280.758
623.7381
185.3702
-293.2905
-299.5255
4299.14
1487.348
-812.9499
-385.1631
-358.8251
-208.3718
-257.5013
-230.9285
-339.0175
-224.5273
-449.4152
-235.4086
-36.18398
-426.314
7.84823
-211.9438
-168.834
85.05629
-221.4381
-268.6023
-150.2604
-49.47624
-59.23811
89.36984
1172.021
-84.83425
-268.9191
-240.3185
-199.3986
-334.1319
-373.9676
-648.5984
-298.9057
-330.7274
-359.4874
-161.8065
-96.83762
-150.6238
-117.2898
-139.8115
-116.245
1319.578
609.9901
176.1519
183.1577
-93.80958
-35.39794
-110.1468
-207.7233
-126.5
-90.26168
-80.78481
-8.551336
-103.4799
-175.7419
-138.9257
-111.0058
-179.358
-83.32237
-78.31362
182.5041
169.1296
1.21724
-63.79297
-224.588
-43.99726
667.7364
208.5755
55.33175
-240.9719
-137.7342
36.15979
-1388.789
-449.5016
-411.6816
-133.3085
458.716
-362.8059
3328.624
1280.428
515.6853
173.0518
158.1702
607.4647
178.1955
-250.9012
-323.0823
3.763938
-14.57819
-82.92428
-33.19618
-35.33317
-161.4848
-54.87084
-100.9251
-17.09646
-52.05408
-30.87983
1038.361
296.8482
212.2626
36.10369
-151.2592
-501.3228
-244.1726
-209.3444
-569.4945
-159.1127
-34.85019
30.28063
29.22455
37.67299
254.2913
86.08056
229.1384
-594.0768
-222.4855
309.2168
237.8226
231.43
114.3585
-557.9666
-283.904
4019.606
1544.963
652.1517
-718.1389
-289.0323
62.29616
254.3816
70.99718
59.04995
31.32582
420.1217
284.2756
-118.4579
-71.06929
-65.53915
593.1174
96.18132
167.5636
-16.65674
-159.478
133.9807
-592.2859
-342.4388
-54.49526
51.28665
98.05728
53.31341
40.69323
62.26921
146.2406
278.8178
127.3013
1718.014
559.1911
301.946
472.6717
301.4127
250.2477
52.89579
-338.4391
-38.93389
-877.8367
-318.8631
-207.4596
-10.40982
36.46636
-43.9007
322.9856
538.8875
-218.5952
-410.8804
65.8987
-79.74127
-6.537901
-0.7137912
33.26712
-11.4553
-506.8291
-62.55664
119.0534
236.6762
178.4525
187.6304
224.2371
-14.54931
-74.77099
396.0498
185.0422
356.4256
313.9083
209.9736
136.1489
614.4045
292.8479
-3497.375
-1383.913
-626.1488
-33.13822
-87.20661
425.1961
305.9437
54.24862
-105.1419
62.32081
-16.75585
417.9316
2271.333
1277.821
812.8718
360.3622
375.2521
639.8933
213.5063
81.01961
54.33813
-563.4068
-81.77235
-15582.25
-6290.607
-1744.642
-655.2121
1253.951
-74.19092
3074.745
1177.051
479.0861
391.0069
91.37101
-5.539024
-73.72418
-160.4648
-51.16671
-18.50613
80.96413
65.3924
56.88762
-46.09451
-1330.34
-674.8129
1234.866
462.7741
177.4112
-237.3837
-538.44
-232.9571
-169.157
-32.00177
-101.8814
-1031.015
-420.501
-159.7935
-138.7106
3.592455
-22.80013
20.22555
679.1505
428.3085
497.2333
88.07455
-105.5728
-67.62325
-132.9842
-189.5843
386.225
184.8081
73.39324
97.77658
-83.70727
-77.50233
-771.6886
-346.2578
682.5958
226.0937
-569.9051
-170.5328
281.0728
90.18934
259.8238
-17.96581
-108.7566
-115.3766
-58.24587
-24.38472
-288.1568
-8.759329
-29.195
-206.505
-360.8552
-409.7372
-146.5082
-1668.156
-597.1361
-698.5598
-375.8879
-216.4371
-154.0912
-1969.321
-551.9043
-289.9837
-246.6775
-233.0143
-50.48186
-353.3554
-211.6271
-161.9577
-78.17886
13.86466
-54.80342
-109.2953
-242.4458
-293.8248
17.4147
447.5623
12.02247
-361.9134
-46.96631
-236.0264
-345.6528
-95.16813
-294.0656
-129.3361
215.9738
-136.3568
-295.369
-339.5283
-274.4529
-242.3608
-6639.979
-2721.734
-1056.243
-607.9448
-322.1616
-225.943
-135.0405
94.89117
-53.39819
451.4028
-33.11686
1929.786
638.8381
-191.2604
29.46023
-122.2992
-116.612
-368.3516
-333.7748
-482.4147
-337.4339
-276.5134
161.8121
-291.1057
-177.0867
-289.9142
-299.5125
-204.0003
-92.43479
-202.6981
471.9789
-397.0683
-305.2156
-570.1458
-454.3084
-272.0098
-299.8244
-707.8968
-599.0463
-590.2159
130.2437
-258.738
-244.167
-157.7848
-232.022
-183.3105
-556.798
-455.9534
-110.2836
62.84567
195.201
-62.62046
-300.0679
1229.398
412.6707
30.03071
-404.877
-437.1771
-417.9007
-332.2281
-726.2336
-522.0776
-551.9662
-452.0507
-25.39873
-2017.294
-1680.738
-838.8568
-617.2513
-353.0998
-505.0298
-297.4271
-263.4145
-373.5951
-701.5273
-559.8991
-666.3543
-413.9172
-856.3123
-587.8604
-1047.576
-431.5466
-468.836
-1215.465
-927.8416
-608.1888
-560.9171
280.0016
-233.1417
-325.9792
-671.8424
46.37702
955.8048
300.2655
-997.4526
-670.9711
-781.5426
-940.4703
-574.5864
-482.9467
-351.4109
-367.0586
-288.31
-416.1401
-345.5612
-228.7336
-228.3891
-816.8776
-516.7784
-312.0711
-448.9174
-507.0525
113.838
-448.1266
-409.3327
-218.7997
-316.2027
364.4879
-160.635
-719.9939
1248.629
341.1696
-131.8107
-248.7204
-856.8627
-461.1889
-397.4543
-391.8705
6199.673
2486.208
636.3061
49.47414
-336.5451
-289.9087
-341.2087
-455.5553
-440.0121
-496.9206
-487.3305
-522.3971
-222.4628
-219.1501
-379.6635
-231.426
-291.803
-365.394
-434.4835
-631.7897
-710.0693
-525.0595
-413.0907
-323.3895
-236.2754
-491.4257
-409.7297
-393.9621
-366.9471
-282.0699
2205.457
510.2641
-240.1611
-367.9718
2917.594
-343.1706
-272.5569
-328.7823
-250.4581
-859.3639
-520.4707
-412.216
-464.9968
-59.7535
-384.1494
1136.883
390.5461
-46.1649
-242.3273
-226.0634
68.74407
139.0705
-102.0812
-141.7387
-145.0696
-165.9125
-273.9277
-288.7587
-660.9081
-403.1562
-298.826
-462.2453
-309.8971
-253.1225
-12.74745
-145.8159
-197.8913
-140.0195
-559.6267
-439.452
-658.0992
-101.1979
-3329.897
-1461.452
-139.3812
-302.3449
-290.3717
236.5004
437.9972
35.7306
-73.826
-399.4458
-313.0293
-567.4793
-316.537
-744.8191
25371.98
10059
3915.767
1570.79
430.4131
20362.41
9439.004
3578.97
1371.938
380.4511
-264.5421
-638.6323
-312.2862
-257.2902
360.7728
278.5919
-471.4789
-375.5466
-289.2098
-33.91393
757.0479
263.6856
16.66224
7260.795
2792.186
1049.512
338.0187
1023.497
249.1937
736.4847
-767.2218
-738.708
-306.9843
423.5646
16.95015
-210.4738
-82.52691
-757.7948
-237.8486
-538.48
-298.031
-161.4156
-33.61396
-23.68433
24.36355
-36.21255
255.231
-381.5959
-172.1612
-152.3787
115.0763
-24.79935
345.3867
107.3767
-75.44731
-117.5842
-67.44735
83.07803
172.9547
6.946326
-406.5723
-4.893729
-22.47411
-151.6815
-202.3391
-268.1525
-93.57583
-85.46257
-56.77022
-155.7912
43.28242
27.1389
-19.96336
91.03338
-79.39916
37.95989
-340.8376
-156.7479
-136.3047
-185.529
-80.88935
302.1802
33.48482
123.0818
59.19182
-99.82333
67.93581
-59.46385
-252.0121
89.22656
104.8109
14.20015
3.564761
-33.01102
317.6212
276.1777
48.19933
-52.39642
63.66832
27.25036
67.04448
4.7826
7.354386
-139.6304
460.318
365.5379
203.6508
41.62307
-537.1628
-129.168
-304.056
-26.99448
133.0932
119.5395
88.61903
18.46277
-249.7249
-93.01154
69.0548
-66.84619
-132.8234
244.8024
-7.458646
-80.25011
172.1644
29.25974
-592.5122
-401.1394
-139.3575
89.34686
39.29849
88.81228
-513.4798
-156.8888
-19.19776
24.34658
17.01293
16.23825
-957.6402
-330.0719
105.4159
204.806
77.50077
-89.50734
-39.53346
-212.1491
-124.7053
-231.9171
-116.0585
-209.6026
222.857
-42.93138
-82.9662
-9.610933
11.71187
8393.519
3217.2
1302.592
519.8311
-226.6697
-89.56461
66.08093
-154.622
-87.30624
-560.8634
-390.8386
-151.6437
-35.80646
-352.7109
2.31091
304.9402
161.9111
616.8874
514.7788
-248.2795
-122.4501
-87.41859
-33.97551
-7971.199
6764.581
2007.298
982.4102
243.3347
19.94321
13.29807
-131.4071
96.49524
-202.5471
-120.044
-33.56551
-126.0796
-143.6564
-82.1756
-78.45102
122.8773
-64.16099
-212.8791
-260.6239
74.51218
792.8033
688.4857
1721.507
583.3426
180.7884
-558.7633
-343.0468
-349.343
-203.386
-2176.782
-977.809
-508.2483
-330.7483
-409.6559
-241.8489
-88.70479
-1322.009
-928.8145
-358.4717
-428.1707
-294.7221
-326.4928
80.10231
-225.7582
-46.17573
-129.5598
-295.8426
-302.7028
-880.7769
-562.2115
-621.9835
289.2696
-45.11839
-194.1127
-222.2469
-376.7735
-242.9693
-274.5379
-241.1
-295.8471
-113.2868
2420.318
839.9522
143.3191
65.42122
119.4743
-876.0689
-213.2226
-2055.059
-987.9936
-470.4786
-224.3652
-446.0709
-431.0351
-596.6819
-336.415
292.0639
-62.66165
984.9694
67.69527
-265.9064
-443.9303
-425.336
-799.0604
-600.5034
5295.006
2046.669
586.2538
-156.9877
-300.27
-280.4671
-387.93
-464.39
-468.7844
-415.5102
-329.238
-152.7217
-169.3224
234.9412
588.873
-133.4443
-320.0287
-201.1011
-394.2366
-407.8548
-364.5683
-37695.99
-15313.17
-2091.573
-1089.966
-652.0713
-761.7221
-676.6089
-694.2846
1844.897
540.8463
41.9203
-386.6595
-510.0373
-31.04214
-178.4511
-345.6914
-700.4267
-339.465
-465.4811
-759.0769
-684.0403
-542.0088
-374.8716
-365.8049
72.19705
3.136859
-383.6836
-407.7682
-923.3009
-1233.322
-659.9552
-723.3402
-2508.135
-658.7361
11.73599
-227.3344
653.2212
-99.85359
-727.176
-507.3353
128.7532
3101.624
927.2349
242.4712
-117.1505
-538.0345
-433.9482
-512.2309
-536.4376
-1682
-976.0302
857.3962
230.1661
-916.8077
-569.0957
-396.4316
-454.6668
-494.1567
-83.22216
-465.6237
-2342.984
-960.1796
-703.8318
-1216.679
-92.15647
-284.2429
-355.1973
-305.677
-401.7638
-494.8164
-623.0233
486.762
-93.67176
-289.68
-607.9391
-546.3877
-284.6641
-580.9729
-436.4478
-76.73148
-311.6803
-518.6249
-358.6437
-453.085
-502.5735
-444.7173
-462.3162
-349.5144
-545.379
-699.9185
-466.6426
-1156.187
-526.0575
-429.2771
-969.2238
-727.233
-469.4789
-491.5878
-295.0881
-330.3732
-894.8783
-545.783
-197.7197
-455.525
-610.547
-228.7682
-333.9401
195.5414
-123.3973
-255.9724
4852.736
1805.67
368.2564
-69.99058
-162.449
-357.6667
-394.1326
-287.9079
-694.7143
-561.7032
-316.3238
-697.2542
-572.2167
-312.2943
-362.926
-405.6704
-672.6583
-617.0266
-694.5747
-570.8507
-420.8496
-82.49707
-693.8044
-555.1507
-409.4791
-432.3151
-298.3827
-136.5149
-159.6767
-264.996
-381.7525
440.5427
189.5846
-39.93546
-308.4541
-331.82
-195.3043
-609.114
-202.2447
-939.7654
-584.1425
-496.7878
28.32332
-309.5829
-394.1769
-358.9542
-200.5873
-879.4744
1224.145
345.5005
-2.559798
-142.1297
-584.0072
-454.9683
-564.491
-465.7447
-430.0526
-530.5558
-414.6407
-471.9525
-357.6595
78.2843
-124.684
92.1178
-230.1779
828.9551
-1479.747
-921.8523
-486.4613
-260.0658
-303.6474
-172.5152
-2486.474
-1221.837
-537.0162
-889.4572
-600.3435
-628.7591
-445.2964
-323.4129
-445.1443
-397.1454
-412.9622
-239.937
-1019.143
-390.1491
139.1479
-92.66304
-258.1373
-655.6713
-353.2605
219.4384
26.08318
-351.2521
-281.5506
-144.7075
-191.1369
-213.3713
-410.0261
-190.4593
-16.23023
-257.9617
-336.0494
-250.4995
2252.618
815.2271
399.6087
32.83983
-331.5063
-328.262
-397.9225
-308.1802
-316.0453
-319.8587
-91.38883
-55.59377
-35.60434
-148.8953
-1314.872
-1310.72
-565.934
-154.9199
-18.34675
183.5542
470.6378
95.73804
-73.54984
-55.18687
156.3401
13.52254
-1405.138
-786.0933
-612.9143
-424.7743
-421.1081
-154.6154
-183.4346
-208.8482
-97.04419
40.50201
-105.8798
-150.2851
-171.3793
-189.0961
-1112.311
-613.0869
-325.9235
-126.2697
41.3441
1416.255
446.8316
-192.8605
-45.74538
1.716809
31.15599
-651.671
-597.7087
-293.319
-234.4081
47.60679
-194.0514
297.7825
109.7317
218.0186
113.8847
-6.31759
566.6891
12.31925
-23.61158
-136.7329
-143.3277
-388.3926
-1625.965
-630.1604
-293.1626
-215.198
-167.7925
-162.9392
-130.2336
561.8101
105.5183
-147.4958
377.4287
1161.667
185.0889
-246.9421
-54.55303
173.8986
12.85921
-167.1607
-110.811
-226.291
-71.49509
-10409.02
-4136.226
-1782.716
-708.4002
-234.0153
-77.01513
-25.63855
-174.5339
-55.24925
1270.251
750.3051
-812.0741
-657.676
-381.8746
-113.0534
-88.91916
668.993
214.5378
-86.42073
-94.38092
-110.0118
-91.86369
-85.42506
-59.30655
-62.26326
386.8662
496.6249
-227.7365
355.5238
28.27762
-177.6541
-101.1454
-185.8499
-234.6591
-328.2196
385.3372
200.4531
323.1305
162.2761
-79.71524
-411.0878
-278.8086
-719.0439
-312.1608
-304.5484
-117.2843
-112.007
-278.8541
125.0183
-144.6976
-120.1624
-122.4781
-181.9057
-178.4615
-199.6223
-188.3903
-234.7808
-285.6496
-525.5417
-245.844
-668.1871
-298.0133
-963.0888
-454.1397
-228.6
-156.9945
-918.1542
-484.5586
-348.2641
-272.419
-646.8966
-484.9491
-299.0595
-244.3406
-67.70603
-103.3231
-66.78418
498.7209
-105.963
-342.8984
-187.002
-179.5637
-274.013
-222.5264
160.8758
82.47593
-477.0473
-411.3164
-289.3418
-260.9103
-264.9653
-250.1847
-236.7716
-146.8903
-300.406
-293.923
-250.231
-286.1439
-74.41428
-261.7807
-580.6406
158.822
-140.7808
-265.5991
-260.3973
-250.3785
-108.7895
-30853.47
-11668.92
-4697.69
-2041.803
-1121.291
-846.3439
-505.8369
-419.3145
-452.9391
-454.9564
-60.23765
-139.9777
1499.875
387.4242
-93.65712
-235.3178
-86.97468
-257.4603
-257.216
-267.8282
-448.8307
-455.6788
-371.4518
-361.9668
-534.3144
484416.3
192774.5
76590.82
30292.44
11744.53
4427.33
1284.351
224.7189
-140.3686
-438.3145
-496.9452
-535.1928
-363.3871
549.4403
6.615705
-562.5305
-595.4987
-589.7074
-339.2978
-891.1764
-508.7177
-213.3798
-1820.91
-854.761
-818.8943
-2688.985
-1375.384
-770.4744
-645.4936
-542.343
-470.4153
-450.0127
-277.4677
-398.8887
-453.4407
-71.51109
-367.4347
-412.7766
-469.3899
-288.8471
-454.8371
-618.3559
-624.9764
-591.319
-619.3912
-370.0614
-361.8982
-514.1521
-527.8228
-541.2043
-305.674
-263.9499
-349.9879
-475.8175
503.7417
-185.1867
-281.1932
-541.9103
-468.8665
-1513.766
-891.0599
-333.3137
-612.7895
-706.1424
-30.12937
-339.29
-510.7914
-537.8223
-626.8412
-54.45359
-292.1088
949.238
203.1438
-189.0816
-480.0162
-511.0913
-756.8705
-612.383
-2297.971
-1110.639
-244.9007
-367.3641
-655.2781
-535.7261
-781.2397
-667.2965
-564.5653
-255.8238
-409.5081
-375.091
-520.4016
-1463.676
-748.6606
-698.2634
-1712.656
-1198.574
-782.6771
-319.7633
-683.2558
-2.196698
-261.3374
-490.456
-541.3246
-508.9103
-421.0612
-490.7319
-723.1793
-468.9493
-387.4928
-560.2059
-488.922
-633.6099
-598.6691
-878.9831
-322.2352
-396.8257
-1139.571
-819.9502
-797.9381
-3291.31
-614.8724
-514.2695
-13.79171
-248.7534
-993.7771
-777.2062
-741.1137
-489.6337
-542.8666
-488.5016
711.5384
-148.1687
-343.2171
-425.6782
-448.4778
-482.1055
-598.0731
-461.5394
-466.6663
-598.5009
-646.6487
-556.8077
-548.9085
-1487.241
-209.7999
-379.674
-441.0555
-690.8623
-531.7919
-1218.032
-876.0682
-680.8977
1302.109
-27.46154
-152.6264
-390.781
-435.4567
-294.4934
-342.0132
-495.4197
-404.8445
-587.2988
-1354.251
-859.5807
-765.978
-585.1571
-569.2272
-540.4697
-643.4217
-1588.22
-698.1761
-468.7816
-463.5655
-1684.437
-1067.054
-500.2471
-471.8216
-549.046
-435.8126
-442.3771
-437.1327
-412.6864
-376.7235
-326.5215
-297.2341
-290.6041
-439.1169
-338.6886
-28.54083
-237.8787
551.1986
-100.4234
-205.5722
-314.4287
-2103.367
-1116.757
-663.0744
-613.7516
-247.0219
-426.7449
1116.839
418.6481
-60.73296
139.2581
-1788.906
-955.635
-553.9587
-359.413
-304.859
-750.934
-434.2508
-428.7987
-8730.916
-3581.346
-1486.104
-978.0258
-127.8259
-329.7737
-435.5958
-348.9941
-811.0755
-587.6929
-529.8348
-517.1484
-567.11
-361.1248
-483.175
-303.9841
-307.3809
-405.7348
-463.2995
-1193.375
-552.8851
-135.9935
-258.9874
-433.1642
-177.936
-238.1779
-58.91699
207.4764
-162.5964
-238.6216
-328.2097
-476.3386
-140.5411
-87.91337
-87.38479
-91.49277
-249.7705
-241.0664
-424.6254
22.41788
-55.20645
-117.7804
-310.6997
-297.0378
-441.228
-303.107
-21.68849
-243.7313
-170.0629
-307.525
-1162.553
-403.0866
-144.3922
163.1884
-53.43122
-140.4617
-114.7917
-195.6483
-142.2249
-74.15904
-494.4243
328.148
78.62781
-49.439
-153.4044
-212.2797
-76.8082
-109.4307
920.232
264.8463
91.65949
-96.12509
-307.6114
-159.8074
1037.3
370.7193
525.24
108.3168
-408.2251
-172.0512
-285.4466
-88.47092
-256.7773
-234.8006
-1231.568
-313.8137
549.5131
-122.8984
-139.1424
-190.8702
-137.1882
11.38016
-104.9031
-74.39546
-173.9844
-224.8928
-161.2004
-264.4902
-519.0505
-252.7962
94.33817
-62.24095
-170.2225
294.6884
30.49467
-110.2157
-148.0245
-75.74283
-109.551
-47.97249
-178.3846
316.4238
-46.06051
-78.38192
80.05893
159.932
4040.713
1806.367
339.7741
15.91762
-87.96384
-118.2258
-176.9444
2.556915
-172.8591
-65.00784
-688.8139
-248.977
-178.456
442.3428
33.34161
-35.12647
-695.2206
-55.82092
-77.78901
2133.308
777.5709
247.7404
121.4248
-101.8737
259.6561
36.78487
-126.117
-200.5171
-157.3755
-153.2237
-243.8132
-285.7139
-221.824
-194.8881
784.4924
89.56933
594.7292
171.9184
-132.0371
-212.4119
43.73675
-8.445915
-146.4131
-95.7117
-70285.7
-28157.24
-11422.96
-4747.996
-1918.102
-1218.11
-666.8958
-499.9517
-231.5519
-61.058
-197.2925
-228.5172
-231.4446
335.9273
583.2171
165.7476
-190.2029
-353.7709
-605.3473
37.90259
-108.4065
-161.5616
-1497.111
-606.6147
-229.3893
-758.5994
-335.4548
383.6261
350.86
6.47931
-890.5228
-478.5965
-422.697
-446.8606
36.47267
-213.666
-411.9788
-492.704
-234.5539
-411.6308
-255.1989
550.0788
60.58558
-366.4017
-337.3684
87.80377
-51.31243
-183.6634
-320.4485
-269.3337
-313.0476
-1330.074
-498.5457
428.1426
-1477.93
-292.2362
-302.0988
-299.6805
-1132.621
-594.3594
-457.0234
-662.4047
-517.9934
-396.9213
-458.1386
-367.4832
-1026.637
-687.2477
-538.3507
-413.8654
-269.3175
-344.0624
-372.2177
-14.52814
-528.711
-610.419
-621.8843
-501.0653
-615.5687
12.70326
-64.85529
-375.8624
-128.103
-168.92
-4547.727
-2022.023
-940.8589
-470.3368
-463.1815
-48662.19
-19768.87
-8216.006
-3578.524
-2836.127
-1254.972
-869.2214
-556.0822
-245.5574
-293.2928
-214.6123
-327.3435
-497.0093
-706.1147
-707.1051
-550.1149
-676.6677
-370.0152
-927.746
-610.5224
-668.5534
-445.1668
-554.237
-357.088
-432.7341
-501.9131
-554.1048
-225.4232
-333.3393
30.64979
-282.6426
-428.2517
-347.409
-359.8425
-437.1438
-1536.698
-969.2555
-907.7619
-673.4422
-531.3386
-522.5127
-503.734
-185.7261
-660.6565
-475.0633
-533.3881
-476.2863
-337.4925
-530.9173
-592.5421
-245.0374
-14.73801
-502.4536
-814.6582
-661.291
-427.835
-530.8517
-569.8725
-897.7678
-747.3152
-541.267
-658.2007
-75.50886
-421.3937
-662.5509
-646.2349
-464.7551
-1095.564
-866.2095
-712.0061
-466.2668
-439.4203
-326.5224
-523.9906
1181.048
148.0074
-355.7836
-534.7698
-660.9278
-640.6352
-716.7096
-605.2755
-801.5827
-886.8577
838.3851
-458.1393
-560.756
-30.90514
-474.8374
-570.2779
-278.5158
-503.7581
-1005.146
-892.9773
-799.7939
-874.6255
-4286.862
-2088.428
-4379.428
-2188.019
-935.4194
-814.3745
-521.656
-560.9987
-503.5814
-655.0359
-704.1843
-279.1489
-476.6344
1347.991
74.55987
-447.885
-1216.16
-926.0075
1886.792
344.7188
-431.1824
-358.8832
-1652.117
-916.2775
-763.4552
-198.676
-541.0709
6703.116
2060.083
521.1802
-139.8731
-478.4656
-330.6747
-775.4406
-850.8444
-739.2814
-539.9009
-605.9467
-632.1817
472.2709
-228.8571
-539.984
-672.2702
-440.977
-404.6996
-599.9221
-514.4737
329.0828
-393.6582
-385.9508
-607.6157
-711.7862
-713.2859
-543.2715
-624.675
-733.5295
-509.7515
-600.2143
-648.1395
-745.3401
-925.8239
-970.8138
-1227.555
-1018.457
-962.208
-842.5512
1656.305
-8009.968
-3994.409
-2106.343
-1199.997
-990.1687
-819.2048
-698.5341
-735.9121
-1410.963
-954.8003
-927.2111
-1002.475
-754.6524
-791.4341
-644.9613
-136.3044
-369.7201
-313.0204
-370.917
-4590.578
-2225.28
-1111.4
-736.8685
-597.0859
-601.34
-205.8425
-458.2201
-486.7527
-648.8373
-535.0334
-459.7529
-546.9581
-562.9262
-602.6057
-567.6706
-598.5181
-667.3314
-554.4628
-907.5247
-625.511
-1038.39
-832.0829
-1150.843
-643.3177
-688.5478
135.9156
-245.8764
-492.3925
-534.9802
-634.3306
-1055.621
-670.6051
-675.5802
-542.7588
-756.3349
-632.1825
-1025.012
-782.1756
-720.962
-803.0832
-635.6678
-449.4038
-233.0168
-680.2377
-466.5579
-584.7608
-603.9616
-661.5657
-1808.321
-1050.294
-793.6482
-594.3714
3221.817
975.6935
126.0095
-154.3616
-242.8688
-601.3657
-294.7288
207.1681
-194.2154
-427.3133
-534.0324
-448.8575
-484.802
471.232
-53.83331
252.8474
254.3125
-191.2257
-410.9193
-291.3363
-484.71
-427.5231
621.0335
30.31276
-247.4207
-379.3239
-310.7062
-326.0143
-426.1687
114.9729
-880.4916
-452.0384
-586.161
-488.5487
-925.7388
-5452.523
-2255.647
-1155.508
-964.9861
-650.8055
-468.603
-304.2139
832.4847
-24.93086
-303.5514
-237.9276
-301.1657
-129.7275
-162.3852
-84.77698
-108.7498
-256.3641
-469.735
-601.4652
-444.6885
-379.8376
-279.4855
-42.53618
-182.2441
-242.4146
-395.8744
-396.6007
-133.8408
-37.06981
-124.6872
-210.6672
-1562.846
-846.094
-352.3408
-93.9487
-262.6042
-398.6495
-245.6709
-319.6992
-254.0233
-295.4463
-749.3071
-546.1553
-520.6696
-241.9523
-245.9148
-400.2702
-404.8194
-374.0607
-170.3442
-245.1063
-243.7443
-293.9934
-303.1635
-178.7359
-2205.822
-1272.683
-603.3555
-492.8581
-469.4767
-1669.832
-890.7135
-581.5305
-405.7412
-624.5996
-609.3143
-383.4506
-286.6339
-160.998
-295.2536
-126.7211
-220.1362
-325.8619
-719.2683
-545.2775
-438.546
-309.639
-181.2207
301.6364
-253.6555
-129.4855
-302.4404
-293.2013
-291.4258
-290.8099
-29.43164
-101.1822
-241.654
-225.6294
-251.4454
-200.9347
-281.0898
-459.6236
-471.3531
44.44284
-77.82414
-181.1291
-626.7595
-4684.853
-275.5062
-222.5363
-209.6567
-358.464
-297.0207
-186.8105
-48.88307
-234.4298
-75.89954
-299.9352
-607.3793
-350.3531
-290.549
-415.8279
-355.5715
-6.392504
93.30242
-212.4032
-199.0429
-155.5198
-415.4768
-533.3902
-417.4513
-355.4843
-272.7435
224.28
-237.5694
-181.3454
-278.5527
-166.5757
-176.0764
-622.5304
-634.7162
-512.8835
-486.9826
-832.9174
-1317.18
-675.7307
-556.307
-559.4545
-211.63
-220.7386
-1693.793
-747.4287
-311.7864
-295.74
-357.6352
-326.2952
-395.8797
2528.283
796.2201
162.9085
-211.6524
-1083.757
-1030.736
-707.729
-473.1098
-939.4092
-159.4652
427.9534
-21.23969
-144.1873
-2240.901
12928.88
4957.99
1605.764
144.2118
-229.5975
-315.0006
-5286.852
-2375.2
-1418.878
-792.6618
-615.7685
-622.5514
-574.0324
-462.1205
-347.3237
-377.9311
-555.1043
-461.1568
-521.6547
-445.0009
-495.5487
-351.884
-257.3858
-339.2145
-387.8291
-489.5179
20.8515
-654.3879
-392.9884
-389.8472
-442.8727
-682.2748
-552.4678
-466.7688
-2219.101
-875.7372
-530.5529
-647.4966
1237.876
280.9816
-2332.422
-1035.542
765.9046
-50.94768
-312.5707
-605.2253
-531.757
-675.9624
-389.6118
-359.3402
-518.9341
138.1832
-391.2852
-533.6694
-610.3611
-521.2285
-771.5686
-635.6425
-774.7876
-1140.618
-938.6683
-327.2314
-41.60159
-389.8861
-367.4432
-367.8802
-560.702
-508.6189
-307.0641
-1753.901
-1053.185
-582.3758
-579.6514
-605.6024
-616.516
-540.7403
-466.9071
-578.6702
-954.5014
-1132.327
-478.2448
-445.0493
-735.2009
-677.2738
-536.7068
-659.1684
7694.767
2636.015
-225.0113
-490.1691
-604.7229
-529.9556
-747.2508
-676.065
-719.4534
-414.1949
-184.7788
-329.3469
-402.2243
-791.5329
-759.1442
1456.989
641.2066
-238.2486
-595.0524
-542.9229
-2082.12
-1022.624
-813.1662
-701.7156
-1331.468
-982.0264
-805.2405
324.9835
-276.7077
-646.3445
-552.1292
835.1147
-213.4217
-680.8914
-763.4816
-53.15015
-409.704
-757.1778
-826.7406
-502.3655
-233.239
-272.2
-547.4632
-689.9955
-776.3899
-949.1067
-809.9992
-543.8424
-669.4892
-964.092
-681.2041
-766.5275
-721.8815
-254.0941
-538.0974
-669.5248
74.64549
-393.9141
-633.9126
-723.7542
-642.5816
-737.2458
-390.6983
-734.355
-930.2766
-829.1214
-573.6955
-944.5111
-947.1043
-892.2684
-831.0067
-822.5974
-612.8286
-631.6591
-694.1363
-782.0495
-904.1035
-688.6994
-588.7308
-734.762
-783.6308
-427.3229
-669.2787
-772.5662
-772.4045
-812.8305
-597.4798
-826.7538
-929.4033
-865.5373
-1061.431
-1030.204
-1155.62
-1194.204
-1355.236
-334.7216
-633.84
-672.8518
-565.498
-408.3864
-1523.474
-1048.889
-811.1706
-753.7595
-807.9806
-645.4713
-3582.081
-1986.334
-542.6916
-4818.08
-2405.304
-1311.757
-982.4222
-847.7445
-879.3045
592.9913
-262.8962
-3464.986
-1799.415
-2421.456
-1379.609
-941.5109
-594.0054
-612.4456
-742.8361
-796.6573
-686.8021
-726.3692
-690.014
-703.7366
-676.4521
-871.6636
-745.9561
-818.9887
-1201.333
-962.8899
-602.8899
-638.6818
-729.7038
-820.5575
-157.9015
-482.8466
-689.8715
-447.7749
-663.256
-643.6732
-717.3302
-61.36873
-387.4647
-688.6951
-1268.74
-1343.692
-966.0749
-802.2827
-253.3382
-318.2266
-518.8019
24.08815
-441.3622
-419.3926
-764.0827
-648.7193
-2129.34
-1761.084
-1257.543
-856.4914
-958.3011
4040.193
1264.075
167.0996
-275.7242
-448.4778
-429.4416
-423.8973
-504.5069
-431.6569
-636.583
-503.3404
-459.3702
-2693.388
-1350.525
-979.2799
-754.3201
-546.7129
-102.5022
-1.505727
3356.516
1072.291
193.4947
1489.142
242.5982
-932.4017
-752.9981
-754.9252
-632.3876
-632.013
-633.6288
-554.9786
-473.548
1722.636
-1218.491
714.707
29.57827
-35.18211
-418.2725
-1276.465
-842.4664
-712.0124
-571.8788
-448.7589
-550.3512
-135.9676
-632.0817
-822.0447
-422.9616
-404.814
-434.0302
-542.2224
-740.0164
-612.0751
-414.2934
5512.503
1911.123
441.179
-197.5978
-202.2279
4580.181
1881.433
582.8703
-15.37071
-218.9297
-192.2358
-331.7443
22.96733
-463.0372
-460.8834
-258.9307
-265.328
-301.4278
-297.7203
-324.918
-406.7132
-437.8169
-435.3218
-367.4135
-435.9071
-261.6866
-346.103
-510.7488
-867.8221
-714.3851
-543.725
264.5099
-235.0136
-271.0845
-243.1681
192.9301
64.57888
-189.139
-2136.992
-1261.799
-583.3871
-566.9182
-439.5606
345.0486
-247.3365
-485.2636
-860.6872
46.05477
-169.6556
-289.411
-309.216
-413.8518
-442.6289
-385.9701
-480.7881
-2087.179
-1184.507
-876.237
-407.1991
-420.3321
-426.5963
-340.6309
266.1425
-95.66142
-235.6494
-425.2652
-560.6122
-687.7251
-641.8876
-262.2282
-342.2135
-946.713
-516.3762
-687.7863
-489.0844
-419.1596
-606.3347
-544.7779
-600.3836
-376.0309
-488.4858
-442.3804
-652.7121
-419.8239
-41.51587
-358.8493
-551.0689
-438.6996
-1127.509
-728.2538
-515.2689
-1051.105
-412.7469
3659.046
1392.267
556.1115
-193.3622
18781.09
7367.625
2682.298
845.6072
260.8871
-102.8211
-274.9079
-643.3062
-642.0642
-560.2529
-440.5342
-30.08767
-209.6387
-270.9109
-284.0745
-358.7607
-439.6547
-362.4517
-281.0444
-226.0943
-307.8279
-819.9508
-580.7054
-361.6268
-377.6745
-228.269
-235.0049
-438.1339
-437.0864
-1312.362
-768.6792
-782.0182
-670.5101
