-1427.215
-1527.609
-898.3783
3034.64
1802.144
1256.524
-255.6754
-453.356
9.062419
23.81862
62.81443
49.21814
342.7279
201.2022
150.7436
127.9249
777.0252
670.9004
687.1418
1109.632
310.2061
-115.9794
16.36128
132.845
-79.1305
-115.5385
240.334
970.8842
33877.69
21298.92
13758.82
8559.166
5567.51
3352.242
803.1022
637.0405
372.426
-217.1099
350.7124
42.24903
28.51907
393.7326
332.2567
-1203.935
136.9466
136.6755
174.0055
140.0549
105.5992
324.1997
290.6805
485.6305
286.8971
398.1306
334.0513
516.6132
553.7391
444.2307
552.8838
-105.6979
169.0821
-228.0312
214.5869
1344.663
1030.64
731.4871
691.5515
508.5597
460.106
311.3393
-1558.547
-813.1531
-342.7466
-979.358
-529.0048
-195.6889
33.45741
189.0323
274.6724
168.5207
194.4005
274.1703
130.3306
-1592.071
-906.0196
-447.6986
-162.0252
-145.4575
813.471
393.2088
408.7336
433.0139
-388.1198
-206.4746
1068.53
638.9107
1156.652
1107.569
964.8549
-49.43677
502.8236
188.1581
24.42586
222.5597
243.0303
218.4812
859.4911
888.0878
156.3221
652.5607
185.6008
490.8201
330.3319
322.9683
171.5626
157.2408
1105.6
296.202
272.5098
-707.7884
-112.8235
82.59285
-340.289
114.3329
334.9332
197.6426
502.8161
662.9413
392.1296
530.1944
490.785
447.4857
358.5913
544.2101
550.0704
851.0557
784.7674
637.881
542.7356
-35961.77
-22559.05
-14073.05
-9100.898
-6689.629
-4632.655
-2824.181
-1665.251
-1158.494
-2354.899
-445.4805
-97.6405
174.8824
85.85436
-11.55441
-141.5875
-126.7455
-152.6294
831.5804
-671.7445
-164.1808
88.9513
73.48414
138.0269
617.0054
517.9431
516.4689
1941.19
1341.494
277.6786
258.9778
-6298.886
-5176.898
-2865.116
1701.911
1116.83
-349.2861
-719.2815
1824.672
6967.658
4648.642
3062.549
2470.963
27809.16
17299.39
10355.73
7358.519
4630.05
3440.291
2456.66
1485.613
755.5014
547.429
428.8737
456.897
437.3186
-329.3954
-47.58407
30201.84
18958.03
12088.35
7117.925
4220.75
2338.176
2532.214
2173.407
4589.761
2890.236
1775.192
1426.581
1254.202
1317.112
924.2938
1104.893
363.7557
276.5774
3049.357
945.4085
853.309
475.2708
219.0346
278.2399
321.8807
90378.46
56275.36
35109.03
22183.94
14078.49
9349.951
5671.298
3798.869
1706.126
324.4461
588.762
406.3251
4046.946
2507.108
1692.857
1035.628
681.3821
502.7177
658.4439
334.8977
-1697.701
-856.4321
-754.8413
-123.3552
-665.128
-125.3261
62.2949
223.3139
1029.247
635.7061
-37883.4
-23082.61
-14260.64
-9117.945
-6296.526
-3950.627
-2487.605
-1389.146
-894.7324
-573.8694
-411.1934
-335.6501
-409.958
-237.3414
62.06114
42.51263
-2739.985
-1398.557
-1539.896
-905.5004
-406.1128
-197.4319
-163.7924
217.61
434.7259
-299.4939
-568.1838
-296.9992
-258.6164
-144.6642
49.36698
-146.5629
-583.1902
-335.4756
-1282.588
-568.2704
-316.39
-392.8035
133.544
-116.4246
515.8292
1693.43
1175.087
819.1469
1086.324
1310.694
922.717
565.0315
455.7659
692.1856
405.7919
525.8684
740.2262
501.0504
404.7314
-205.9307
-280.9118
-100.1747
106.7939
457.1347
291.9803
255.8654
274.1291
140.1598
268.8201
2967.994
1991.854
1324.778
1056.207
729.447
459.3634
473.6783
10043.39
6348.879
4232.16
2522.444
1766.39
1187.654
796.2357
524.3082
640.118
523.4781
505.4907
542.448
375.1222
505.0846
577.6772
870.9923
599.9273
730.1064
6713.868
7853.519
4955.647
3293.98
4721.449
3186.148
2015.577
1244.752
760.124
-1013.972
-975.6407
-608.5519
-386.6148
-90.64554
267.8312
-167.333
-110.8535
146.9569
-2449.944
-1586.969
-620.0713
-209.4055
-498.231
306.7681
169.8839
240.3644
92.94989
812.1605
697.8183
379.1283
124.0008
931.0151
-641.0869
-177.5088
28.16077
-51.32763
148.7084
94.55439
549.2207
321.2514
219.0751
-204.8938
-250.3588
-921.1927
-1258.157
-3227.513
-2280.802
-918.6927
-648.7818
-346.7124
-311.5647
-186.4516
-51.0757
115.1377
-7.855863
-240.6888
184.478
261.8021
110.6936
87.89201
143.8461
71.80985
184.2151
17672.98
10912.52
6184.083
3478.43
2263.137
1419.605
939.2729
797.5949
1022.457
621.9309
1429.18
768.3181
-278.8625
-254.6836
-147.9897
-244.2712
-88.17368
-1265.078
-792.8362
-597.6346
222.6964
8.770594
113.9483
-2823.536
-4071.428
-2630.022
-1365.22
-911.3042
-79.96057
296.5906
30.56542
9224.939
5747.824
2090.783
1444.429
989.5329
618.2977
1057.184
763.0474
163.9974
-391.5981
-240.9942
-227.0473
-346.6441
-191.2996
1038.054
-472.6719
-471.096
1.546075
-86.94197
3265.041
1966.986
824.9546
1229.755
748.4024
383.162
391.6571
391.8548
-102.0813
-931.1241
-609.4253
-403.4552
-301.1504
-166.6173
-27.65449
250.7194
229.8645
196.3841
-192.1209
-141.9283
-191.351
214.7914
172.831
726.3125
438.3522
219.2988
288.6022
217.7823
-17.38057
-444.79
-203.7815
-232.9925
-215.996
-122.7619
-181.2143
23.59173
-156.0085
-264.3969
-124.5441
-114.1641
-490.2388
-11114.77
-7163.572
-4399.578
-2752.917
-5556.864
-3536.022
-2681.483
-1501.165
-1727.688
-683.1027
4721.032
3086.522
2080.653
3211
674.7022
339.8866
-197.4387
-30613.36
-19296.16
-12549.68
-7633.274
-4955.195
-3141.957
-1922.358
-1142.834
-835.4973
-529.3499
-293.6529
-2480.324
-1497.228
-1104.316
-731.5459
-448.3753
-2442.663
-1413.372
-813.0941
-858.2902
55.64175
-90.11957
-289.3275
999.9639
641.846
432.2596
125.199
155.4414
1138.79
647.3799
389.3604
274.1733
355.4128
204.8986
119.7181
238.0422
125.3912
-63.3478
748.6694
357.6007
-303.1462
19.08145
-22.55063
-44.62783
250.406
289.8531
34.29167
340.5959
1116.202
740.3185
756.9321
-348.2899
174.5804
134.2341
618.7252
728.7129
292.6043
310.1188
-732.8651
-385.9047
-944.5749
-1369.382
-982.2499
-1341.725
-1607.622
-1496.106
-1328.584
-1338.208
-751.3742
-368.8673
-379.4994
5313.008
3279.468
1863.593
1176.098
-5694.941
-3341.747
-2627.228
-2078.746
-1186.615
-676.8724
-641.803
-676.187
-420.7304
-218.2793
-146.3341
-559.5695
-1327.341
-667.8514
-3955.923
-2079.694
1432.064
1173.842
-1413.45
-666.4975
-625.8698
-291.9506
46.03844
-378.0716
-322.0865
707.9309
318.4549
284.0974
203.033
-98.52124
-180.9372
-351.9614
-281.081
-2743.317
-1386.107
-1237.905
-579.3149
-246.9034
6.478978
26.59354
-82.79589
142.0859
178.8562
97.12374
1732.15
1613.193
931.4772
570.5559
-180.0015
-179.0048
73.44119
207.4129
26.85505
-76.1094
250.8322
2766.964
1586.981
-902.8223
-634.1766
-431.7358
-981.3049
-611.4508
-130.2829
220.4485
131.4974
-9933.111
-6532.433
-4373.092
-2430.247
-1790.91
-1340.146
-920.6973
-545.711
998.9702
444.6953
655.2369
828.5379
-785.4272
347.1532
75.88436
-234.7867
-259.4491
17.38893
-1666.173
506058.6
316369.4
197504.7
123561.1
77300.89
48246.32
30812.31
19246.4
9780.091
5378.051
3129.244
628.8911
444.5403
-340.963
-608.3473
1946.561
1279.181
914.5124
646.7713
1064.646
661.7294
342.8648
-1427.387
-719.9186
656.2698
619.3044
1334.138
972.2676
452.0604
471.8657
318.1207
195.2225
241.8196
69.8719
-3.327693
414.1263
674.3956
523.7406
282.0514
204.8551
572.4601
700.336
575.1752
549.949
532.9997
377.9233
17037.2
10841.11
6897.671
4015.465
2810.675
1813.601
1305.393
1180.456
775.9087
690.936
492.6892
511.2649
344.5291
714.6165
5757.904
3586.5
2340.139
1463.341
-60.01471
306.1585
2640.275
1906.833
1485.456
1239.243
1320.315
1506.797
1163.973
-88.69298
-23.09393
-1223.5
-497.3656
-353.572
-77.35495
-217.3755
-234.214
-513.2721
376.6827
3039.747
2526.964
1756.883
-563.8902
-320.8484
31.79877
487.7385
662.7788
697.3055
1503.475
2434.513
1488.066
822.0668
747.6516
662.7936
663.8102
646.7142
1419.649
1313.392
-2709.993
-1278.249
-566.7399
-151.0664
-2.781061
339.8037
235.6275
347.0946
149.1043
567.7606
653.4178
1652.683
955.784
934.036
425.2731
746.9349
579.7126
-64.3191
445.6267
636.0385
549.4088
286.732
1211.892
834.3628
843.7585
-2412.066
-1500.045
-699.8502
2.79178
637.791
1025.252
839.4572
682.5084
286.8447
-1434.106
-581.8303
-18.8433
160.3713
177.7731
360.5864
327.0729
416.5623
1538.471
1378.625
899.6504
900.473
686.0927
205.898
362.4735
503.4334
500.5858
530.0152
1582.961
1110.977
883.0516
1033.865
-4000.899
-2370.774
-1253.334
32.4773
333.9866
124.7117
178.4973
381.6244
378.456
559.8785
760.2372
530.0361
554.0597
569.9998
304.5993
-2895.425
-1479.459
-603.5038
-215.7632
161.735
-448.6061
-475.7052
-3705.584
-2108.518
-1503.62
-719.6664
-61.17329
116.827
-430.4607
-233.5129
80.11618
167.8247
649.0078
668.5592
764.1406
699.3044
2316.905
1492.676
1081.16
691.9521
497.831
835.3171
882.1532
1272.226
1255.034
848.396
1424.932
1400.657
1110.577
1254.472
961.0946
1036.127
991.1884
1040.742
836.9602
306.3088
-249.6516
-845.0717
-330.6146
388.8381
101.4144
600.2854
839.6334
784.7996
864.8825
4617.176
2266.306
1886.15
1473.895
4642.541
3110.693
2200.523
-4126.192
-2245.389
-957.6608
-417.1074
-102.2101
386.85
2184.193
1497.395
1134.664
1268.297
975.4522
1201.131
1702.004
3703.416
2580.826
1998.282
1261.104
1190.856
1079.834
968.1381
877.8059
2620.35
2279.928
964.6402
-430.6388
171.3982
327.7372
672.3207
684.2492
989.7173
786.9453
633.2525
814.6721
166.7313
361.2288
508.5981
-5408.837
-2998.381
174.4336
-3112.541
-1770.409
-835.1188
-590.9596
-79.65549
62.30643
232.4743
458.3468
-65.12596
877.2171
782.1061
719.5122
673.798
970.4325
1182.842
1083.399
3587.607
2460.733
1678.961
1531.818
2062.862
-7423.519
-4315.457
-1966.214
-1000.245
-136.4498
42.24702
258.2091
532.6363
1264.677
1919.068
1561.157
1797.17
1268.591
1079.684
1150.891
1302.112
903.4912
800.5857
661.4796
741.2506
201.8653
691.3839
898.0924
798.4885
589.3164
956.7481
644.7117
508.4901
706.6361
872.0464
631.5526
604.0866
611.9138
-39.41015
533.9977
899.6608
403.5278
171172.7
107243.5
67325.51
42493.36
25971.95
16762.19
10684.14
6794.473
2941.745
2238.013
1144.387
887.8155
1176.926
1295.052
1091.473
962.688
1116.966
1063.882
724.0777
389.0487
370.3285
573.6913
714.6948
679.5332
371.0544
1109.784
992.7384
171.8186
174.5735
433.3353
335.172
396.1618
6871.509
4701.438
2865.143
1421.899
1042.424
1095.183
1096.735
1002.386
2730.488
2003.577
1411.606
1143.68
599.9611
37653.88
23851.34
16937.51
10572.75
7121.241
6341.35
4061.07
2626.254
1091.352
1098.643
997.3137
951.0894
998.5452
825.8166
2190.642
8566.754
5782.723
4293.199
2759.301
1824.02
1600.264
1153.131
-1591.251
-396.7389
22.32106
276.148
107.1305
3090.883
2551.321
78543.22
49297.35
30618.45
19334.09
12275.69
8209.88
5481.296
3921.856
2891.364
1877.185
1223.098
1265.425
1344.945
1121.322
439.9348
667.7681
482.1496
408.0713
436.0329
720.2527
808.9622
456.9558
554.9203
888.8463
924.9233
1910.361
1558.439
-1071.522
-610.6558
1129.492
702.3283
465.9665
499.651
474.3033
1111.977
907.4537
1046.641
315.7919
429.5832
505.4827
371.0089
488.8005
599.3362
103.9143
1084.784
968.2372
642.8946
407.3435
622.8928
1665.861
1306.957
1014.12
899.3422
896.5171
717.3227
1483.347
1855.103
872.3772
1777.151
730.8055
661.0394
634.3913
545.7015
541.7066
932.7472
1205.987
773.2463
366.2731
447.9925
285.5806
387.0386
299.0468
1319.072
1269.355
525.8904
695.0907
605.8882
-1071.171
95.12221
274.5327
362.1465
66.25464
40.21937
-1375.659
-993.0172
-639.3582
23567.62
15327.21
9668.577
6858.141
4712.413
3171.203
2183.634
1643.265
1223.166
1187.85
1801.576
1362.205
-2146.747
-1027.757
-237.1971
8.16815
648.6259
674.0452
469.7242
-4283.265
-2743.629
-1416.803
-853.0132
-347.748
-18.81998
1819.198
1492.401
1115.495
1320.445
1366.277
974.8232
923.8283
332.5167
635.5464
389.9642
631.5503
656.0195
516.1347
669.6857
796.4481
724.3203
1341.183
-621.9939
-407.7224
-285.2246
-38.70472
507.5372
256.4292
409.2174
239.5841
86.64382
-3.052286
45.86443
229.764
-4672.038
-3055.263
-1952.821
-351.4579
-42.02738
106.7358
286.9592
315.2282
420.8287
136.1634
1408.84
1018.663
-713.7466
-448.3112
92.87324
1098.042
839.9425
268.2214
370.7437
425.5922
5020.699
3043.922
1687.125
1162.016
568.5675
597.1316
581.9258
710.6728
704.2703
580.9061
530.6369
373.1325
377.3111
675.8173
554.3325
417.0055
-91.84522
-864.3098
-292.8755
25.82951
-1547.537
-2126.132
-1135.808
3873.773
7669.222
4021.748
2807.063
1647.932
1254.788
972.11
723.0192
328.6007
399.7681
292.6577
582.6636
232.4373
297.121
1360.808
-339475.3
-212222.8
-132736.6
-82843.76
-51616.33
-31730.52
-19785.61
-12055.63
-7258.098
-4474.009
-1116.329
-451.9163
-161.8496
366.2369
661.3899
524.2003
501.1247
499.9151
481.3174
-1096.955
-513.2528
1064.2
241.0364
523.0531
603.5717
433.4495
497.1418
162.4144
-12.18076
714.5013
531.1263
443.2071
224.9093
524.6188
405.1112
102.9118
192.1355
264.2007
-1469.655
-729.4522
-259.5525
33.50058
389.3371
-226.1685
-133.5929
-722.9595
-289.6217
-603.0836
-176.5591
-2.482441
630.3166
498.1855
-67.3092
146.0607
87.34943
219.7516
190.2472
-285.3746
-47.60936
-222.8659
-222.7569
-307.9182
-589.2541
-408.1147
-907.6909
-641.4497
-513.8309
-71.97492
380.3276
-2530.455
-1395.44
-660.5025
-27.49804
-14.84534
134.4733
174.7238
-524.3198
195.5963
115.8638
1064.781
865.2291
950.9334
757.0366
656.0872
506.8238
531.3808
289.8201
134.2159
219.7713
357.8102
350.5114
-74.22135
401.1542
407.3987
641.0329
1372.188
1080.406
877.8799
810.1899
582.8123
-196.6671
-2154.136
-977.0118
-847.1089
-340.4966
-372.0794
18.40879
-155.514
143.3097
152.0295
1371.105
1178.758
871.574
-11153.36
-6535.701
-4044.738
-2342.091
-3614.998
-2178.644
-10357.13
-6438.217
-4163.175
-2407.391
-1720.917
-853.8446
-648.7291
-1988.122
-1298.957
-491.6414
-315.9757
12.87557
349.4762
411.1019
456.2556
488.7905
405.0035
976.9908
841.2098
730.6956
399.4694
388.9736
247.7705
275.8016
3248.782
2338.92
834.5623
760.5209
733.2199
2090.658
1568.457
1221.329
1279.712
801.5702
623.5571
1341.65
794.2746
781.2108
644.0481
1076.645
1218.884
208.6035
55.309
39.59221
160.7265
445.7914
275.4619
-2055.713
-1516.255
-721.5551
-233.3397
-216.0829
-269.4577
273.4082
1197.755
1001.188
1487.31
1138.872
357.9637
-272.0808
16.87786
380.5886
400.3645
389.8464
66.32884
2464.895
1854.426
1063.59
897.7618
907.5691
113.2179
140.2783
227.4815
273.1838
120.073
-107.1243
-9.158891
-58.28474
68.10327
-234.5568
67.64941
318.1927
-395.6377
28.00601
336.362
438.4663
700.3716
544.9642
1084.853
1098.332
1303.746
-1105.93
-368.5652
193.6808
142.1758
413.1817
423.6207
-96.91654
105.9857
395.6995
915.657
717.1182
740.3278
1030.825
895.1969
672.1261
619.8032
846.2192
701.3424
714.7631
658.4621
649.3207
593.6668
6516.586
4410.521
3713.336
2733.705
2168.463
1898.637
1344.163
872.938
722.834
794.654
484.7889
615.5824
576.1563
-75.0147
454.5659
605.1199
969.6663
777.219
857.8387
660.0717
766.3328
-942.0846
-94.01657
65.32321
-142.9242
-267.9932
-11.96518
337.0976
623.4445
1565.132
1097.987
926.4573
1122.511
1190.465
1095.068
950.438
810.9701
665.0328
589.9624
-1213
373.4991
536.3292
702.2379
582.9443
508.4287
875.1915
844.496
1141.349
903.0588
1100.094
1377.946
1765.912
1361.343
1209.377
22192.87
14051.11
8486.634
5235.234
4300.333
-5457.455
-3276.097
-2027.276
-259.0078
313.0067
540.4958
790.0213
733.1633
690.7674
896.759
-3956.601
-2281.481
3168.268
2233.193
1551.185
1483.926
819.608
846.7685
517.595
-391.4398
294.1572
360.9202
423.2194
589.9725
659.7499
607.9609
1114.665
1740.296
1723.571
1358.535
1357.738
1400.095
-1419.846
-867.2363
-157.712
1087.571
1064.309
982.3684
664.9505
1543.1
1224.821
811.6981
841.0706
1285.797
1051.342
-1273.791
-961.9002
-387.2034
-16.55919
326.5816
-289.2705
127.2439
1479.373
1156.14
985.7417
1378.458
1181.67
838.3737
3344.352
1896.902
2071.738
1107.312
1106.16
1108.664
1028.559
1660.822
1384.076
-426.2934
388.057
450.9111
869.6884
974.5443
-5365.651
-3137.196
-1797.538
-919.0964
64.89136
631.2232
397.4729
684.8669
787.0094
679.2307
794.3623
1013.845
2848.102
2403.164
1127.762
745.5649
885.6246
801.3797
860.4445
460.5815
298.277
956.2662
1095.073
1004.352
1647.078
1409.754
1137.83
1129.086
1191.209
1544.098
1551.049
1415.287
1004.783
1018.57
769.5881
1083.404
1321.769
1239.994
978.5672
1079.115
1093.128
1049.763
-770.4512
-2124.241
-1146.132
-175.6705
141.7815
779.6481
798.6667
1816.353
1212.05
893.3624
1161.986
1099.775
968.4345
2603.313
2016.883
1842.48
1473.776
1202.596
572.293
784.224
654.0139
867.9028
1020.819
893.1111
-1010.041
36.2479
885.2123
925.5863
818.2394
1383.401
1367.156
2105.228
1751.386
1506.754
1256.976
1110.37
1313.104
1654.967
1979.011
2042.38
1691.713
1458.453
1098.806
1141.516
3978.936
2827.347
2255.362
1693.957
1397.218
1625.073
1132.261
1078.529
1117.133
1047.873
1674.8
1363.079
858.9678
5339.189
3604.325
3418.321
2552.725
1713.483
13894.42
9208.784
6178.495
4410.697
3365.361
2433.781
1610.913
1965.654
2835.511
2385.285
2146.608
1228.515
1105.161
589.8911
1831.693
1399.349
1364.052
1347.891
1530.115
501.8794
794.9439
813.0725
903.229
568.032
181.4597
495.1318
809.7829
344.5871
514.9225
757.9085
727.9257
956.5008
1190.905
1044.405
951.6372
2467.271
1766.875
-734.7288
50.3348
223.5306
18.48036
1667.414
1538.505
1240.042
1301.643
1369.587
1422.444
1342.821
1151.113
1314.768
1254.827
1684.477
2335.358
2081.423
1881.118
2447.053
1994.943
2052.508
1555.754
1674.265
1385.209
2584.375
1796.239
1675.896
1565.803
1234.959
1383.536
1189.565
1379.461
1429.42
1039.972
971.1179
928.7068
1144.503
1096.206
1023.644
825.4848
1262.662
1237.612
1097.042
1092.655
1169.341
1001.652
702.7313
904.6424
889.1318
-6830.631
-4078.496
-2544.575
-1033.243
-345.069
184.9639
7191.443
4652.717
3258.686
2650.72
2156.9
1686.028
1438.286
1540.384
-3040.855
-1364.069
-349.6376
951.4306
1304.649
1496.783
1085.075
1259.759
1295.229
1389.019
1479.826
1222.685
847.6563
1028.552
-1006.269
135.7401
943.408
1013.327
900.3877
1440.731
1152.989
1096.981
1137.771
1140.442
1087.909
1207.48
1205.091
1213.948
1169.371
812.2461
-868.7358
30.03668
-1277.239
-954.402
252.3152
-626.8134
345.5204
721.1533
144.9907
228.9605
792.069
859.2454
1198.414
4400.921
3183.534
2376.748
2202.792
2235.392
1608.738
1752.16
2528.534
1817.246
1522.578
1636.533
1682.681
2427.488
1765.01
1680.078
2791.273
-6080.488
-4403.961
-3212.735
-1623.07
-963.1061
-785.4499
1473.603
1655.021
1353.403
1005.782
885.5064
871.0857
122.3461
422.4559
500.4835
543.9498
684.1186
1037.152
8686.661
5892.398
3842.239
2795.791
2388.092
16357.45
10513.4
6943.472
920.106
1675.299
15302.53
9510.65
6009.439
3828.325
3051.674
2190.576
2460.284
1942.304
1614.185
4317.001
3399.169
2679.928
1910.937
3255.515
2453.033
1913.785
-959.735
-454.6325
-3422.886
-2028.326
-1289.181
157.527
396.0704
504.559
597.8356
727.1445
2080.036
1819.221
1505.323
1359.16
3426.062
2476.034
2094.783
1089.982
588.8222
630.4103
724.0332
781.278
1342.491
1046.807
2954.012
2374.024
4447.573
2793.344
2057.507
1560.698
1710.329
1501.819
-685.1376
-135.3248
-122538.7
-76441.29
-47314.47
-29245.88
-18030.74
-16748.44
-10333.14
-5678.721
-3118.175
-1632.618
-946.4792
-2050.689
-915.9377
-325.3076
193.8002
-186.7193
262.9362
739.4802
2988.821
4477.942
2558.116
2087.668
1381.399
1426.794
1119.256
524.465
696.4264
-153.7684
214.7761
618.1441
273.9004
487.1714
601.3597
1219.172
1131.783
1281.708
1636.871
1378.926
819.4253
1120.221
1162.388
1107.165
2320.927
2370.108
-4364.322
-2139.1
-949.2229
-361.1033
1016.17
1092.497
1247.748
1030.368
-2150.03
-1248.584
-541.935
25.5747
393.3602
1037.027
1125.516
1484.676
1462.296
1387.449
1314.167
1364.762
1021.398
932.031
-29289.7
-18060.14
-10815.67
-7447.575
-4243.392
-2333.307
-759.7871
108.8651
379.5932
519.8483
842.0168
1086.79
1084.348
1379.484
3946.911
2663.299
-662.7367
209.9157
816.2148
716.6597
836.6538
1310.812
1006.257
838.7828
423.8871
565.0511
722.0669
1176.406
4303.574
3209.304
2304.122
1874.207
1436.544
1265.595
983.1927
428.855
-434.282
37.27664
1025.913
1012.387
884.2692
1305.53
1094.084
720.5162
718.9243
791.1103
767.4146
260.5093
-456.7403
-196.3985
-4399.051
-2117.362
-1228.01
-712.9934
-1379.003
1515.137
1383.694
1352.108
1311.454
94.46874
6409.325
6341.751
3916.559
2713.645
4386.969
2977.354
862.4316
342.7593
510.7455
889.6521
781.9228
900.8887
783.3411
1373.752
972.9361
830.0107
919.844
519.5745
688.2006
508.9329
659.079
652.3607
614.2462
680.609
633.5001
561.5616
409.5599
554.185
735.4441
932.4717
385.7074
104.6208
832.4172
926.4662
968.9257
1304.656
1276.046
1281.975
1226.597
1036.486
677.5956
619.0878
6957.694
3121.384
2950.136
2160.901
1792.603
2100.748
1670.261
14205.29
9065.841
5705.183
4175.928
2972.311
1292.971
1039.423
852.6058
749.7548
796.2199
1227.376
1116.724
382.1203
406.0588
196.6289
460.8337
498.7337
436.0483
647.7425
1877.185
1480.465
1450.862
1165.324
1160.08
1057.814
507.7295
-1693.92
-916.0919
-229.8644
-14.85295
309.472
497.1237
799.067
635.5648
667.6636
1083.392
3045.684
2035.875
1310.867
440.9383
546.3287
259.9748
435.1967
461.2431
150.1311
353.3018
307.8848
301.1886
708.2463
710.849
1055.399
1027.352
937.3559
996.6889
902.3748
788.8036
1020.708
435.7943
-2082.301
-707.181
365.1434
613.3443
764.6248
927.9059
968.5018
718.2808
933.8
788.2364
1598.901
4079.843
2787.153
329.575
523.3261
329.6705
708.3083
811.1354
360.7111
481.6398
495.6277
2066.262
1598.834
1335.959
1243.531
987.3165
1206.506
920.6168
980.8756
-205.011
311.4807
373.9113
557.2313
834.7293
1348.614
1113.815
1003.433
1982.657
1379.035
1709.814
1228.779
1140.423
1287.53
918.5365
1129.561
1032.311
862.3746
789.9201
1018.935
727.2132
1461.649
2251.812
2212.307
1680.908
786.7273
570.3651
1128.336
-88.68793
8.52153
252.4258
32446.12
22190.59
14174.91
10977.45
7557.385
4778.605
3263.275
2381.215
1848.944
1663.306
1416.912
1055.157
1006.065
-2079.642
-1215.064
868.9207
918.7887
1053.652
948.9556
225.0373
462.406
643.5974
554.8294
727.9714
223.9289
241.1356
418.1057
648.0735
711.5943
716.2694
694.3208
799.5853
589.2801
1006.658
1050.603
1293.768
1331.276
1308.865
1240.384
-1973.041
-374.79
357.3276
760.535
746.8655
554.0394
664.4225
2789.66
2093.255
1761.696
1310.776
1379.25
546.209
1298.209
1660.27
1519.369
1612.423
1238.183
837.9123
371.1079
2167.445
4883.376
3632.568
2817.567
8637.561
5801.617
3911.116
2136.927
1405.145
1335.058
1143.073
927.0922
637.049
778.5519
1143.998
1542.385
1253.281
1080.112
1324.823
1431.48
1341.174
1203.493
1190.706
1436.106
1374.852
1161.108
-1171.949
-1056.124
-577.3823
101.3478
-72.43379
449.6409
546.9581
360.6452
767.7695
730.6448
959.4064
968.1745
1043.363
1085.795
1122.12
1166.523
1319.782
1359.134
1150.716
1261.867
-4473.515
-2594.945
-1685.924
-511.3359
33.36049
512.154
578.3499
1636.311
1435.692
1279.235
871.3308
1015.257
1261.396
1439.261
1884.931
1661.586
1356.056
1236.958
1564.861
1396.532
941.45
994.2453
741.1904
-239.0707
6661.301
4496.133
3715.596
2830.421
2348.554
2143.751
1483.165
1236.526
4725.111
2349.672
2198.518
32877.33
20127.37
12858.47
8443.986
5137.456
3282.612
2408.906
1688.733
1794.225
1579.576
1469.612
1399.486
1447.47
1194.903
1007.652
948.915
1090.605
1350.471
1250.236
1600.904
1131.694
1260.97
-9830.191
-6160.785
-2558.036
-1397.074
-281.3556
-3.277286
560.6267
1008.222
1007.554
264.2331
2303.48
2199.096
1751.949
1602.666
1466.683
1692.451
1156.52
787.6825
1020.473
1340.965
1244.125
1218.726
987.9159
1244.823
1302.012
1335.854
3085.26
2451.908
2115.548
2051.745
1612.048
1630.617
1471.321
1457.126
1385.621
1464.51
1233.903
1508.827
1484.238
1406.361
1507.052
1431.796
1235.446
1730.367
1667.79
1535.679
1265.403
1306.552
1217.023
6591.035
4480.464
3277.811
3295.821
7627.729
5197.108
4061.892
2977.41
5080.294
3302.644
744.4904
195.7466
900.5712
-1991.097
-861.1231
130.4048
584.9626
848.7272
3742.881
2956.682
2383.789
1951.833
1229.156
1156.551
1204.062
1389.235
1612.755
1138.682
2121.504
1959.14
1768.263
1572.692
1691.465
2625.006
1425.667
2781.555
1887.258
1847.81
1535.723
2013.28
1947.626
1694.053
1917.548
1961.39
1777.047
1695.417
1587.206
376.8693
998.5679
1147.703
1308.687
1486.1
2061.085
2116.701
1463.781
1069.288
1336.862
1794.091
1831.096
1092.505
1199.649
-2039.056
-283.7225
427.5774
487.0329
1107.296
1220.305
7299.954
5056.874
3794.988
706.4057
940.3983
2017.59
1314.112
1417.028
1573.299
978.9554
1093.89
1180.396
1213.24
1374.397
1349.871
964.4509
2185.829
1984.893
1783.014
1674.945
1763.194
1520.031
1511.748
2441.834
2031.281
-4478.357
-2279.619
-1056.825
-177.7829
325.2811
754.1213
959.2128
728.6068
915.6303
1166.093
1416.215
1501.134
1485.302
1662.027
1402.148
1481.629
1352.363
1625.433
-289.9796
1373.39
1630.417
1971.891
1641.41
1877.573
1209.942
1344.658
1525.691
1883.156
2038.027
2308.037
1906.674
2061.023
1934.865
1309.366
1426.659
1620.483
1708.027
1975.751
1132.474
1299.232
1502.898
1594.447
1804.25
1185.076
1153.446
785.0735
894.9711
1230.705
1097.458
12266.58
8174.409
5540.307
3968.617
3157.862
2338.826
3017.472
2432.056
2537.489
2144.801
1039.016
897.532
1291.784
1634.995
2477.204
2160.293
1683.584
1559.348
1428.06
1590.795
1537.457
1520.896
1487.095
1480.441
220.6184
1304.084
1686.086
2085.063
1755.974
1204.508
732.4742
968.706
1198.908
6713.974
-463.8436
-74.96532
517.1336
1002.982
1012.078
969.5231
1031.743
1328.473
1432.783
1399.611
786.4314
1114.892
11981.57
9264.367
6664.503
5259.509
4195.725
3105.301
2178.482
2055.383
1833.394
1610.928
1603.305
1547.499
1767.478
1519.435
1996.805
1758.596
1560.324
1533.354
1380.513
1444.199
1834.639
1731.202
310.0051
440.5231
1225.897
380.3084
777.6087
1276.642
2291.971
2003.561
2019.041
1731.412
1611.828
1534.775
1416.603
1276.404
-7799.197
-4587.767
-2207.973
-438.3001
621.256
705.3578
-3750.496
-1899.236
-467.5986
133.0256
1359.761
1251.972
1397.32
1648.082
1446.568
1497.324
1468.928
1461.079
1965243
1229010
768471.7
480327.2
301085.5
188752.2
118655.9
74838.76
47344.04
29992.51
18777.66
11285.66
7290.104
4976.266
3670.978
2684.187
2886.298
2522.78
2211.062
1266.003
1338.8
-703.1828
170.3842
439.5598
649.4925
882.7066
1077.498
1427.196
733.9867
1213.315
1187.478
1089.767
1225.139
1229.882
1117.768
1925.154
1691.812
2214.28
21249.41
13790.64
9250.038
6266.766
3843.683
3639.689
2644.786
2988.646
2448.948
2251.336
1967.499
1949.952
1588.745
2236.986
2302.924
2120.23
102.2337
181.1245
1997.201
1699.349
1580.081
1012.568
1033.838
1140.902
2004.12
1778.642
1441.4
1428.093
1351.043
1225.761
816.8941
1540.698
1663.683
3247.204
2490.285
1805.086
1556.877
1046.245
1757.927
1581.352
1778.927
1806.74
3352.228
2603.432
1695.992
1611.62
1347.579
1574.081
1535.633
3181.744
2541.43
2105.098
2644.737
2289.691
1994.078
2021.948
1853.963
1749.25
1517.855
1114.271
1608.268
1528.179
1571.402
1083.231
1392.336
1374.267
1511.869
1520.884
1134.609
1653.301
991.6018
1586.735
1811.269
1696.036
1649.463
1726.961
1703.809
1523.264
1385.707
1280.951
1437.733
-4949.261
-2351.103
-1112.863
-85.27989
972.4244
1041.262
1264.788
1231.091
3157.606
5018.968
3284.572
3257.325
2446.238
2008.705
1765.142
1565.37
1566.138
1579.346
1375.369
1398.622
1355.083
1028.139
-1502.972
-511.7947
785.2946
1120.744
875.1368
1376.886
1058.428
886.9163
1179.773
-42.16742
310.2292
829.1817
1746.861
1228.549
1316.741
942.7619
764.774
12010.32
8052.272
6559.09
4548.659
4049.664
3135.535
2431.611
2074.298
13535.58
8937.186
6174.224
4282.303
2584.49
1959.445
1826.024
1973.511
1926.801
1570.188
1601.575
1100.52
1023.964
1189.804
976.1344
1217.298
1288.185
1253.645
1361.911
1555.299
527.7774
1208.731
972.3027
1290.435
1054.138
1503.853
1038.8
1228.167
731.6651
1674.4
1575.059
1127.234
-3683.401
-2458.061
-1328.521
-457.8803
-14.05942
899.3251
906.2181
853.1194
1169.488
708.5357
-5970.372
-2358.419
-440.0478
45.42941
606.2988
-5952.134
-3558.043
-1826.608
-2006.885
-1017.626
80.53292
490.8933
1200.626
1195.298
1177.527
1030.428
1149.617
1155.852
1082.438
1098.646
1134.791
976.8356
1031.969
1216.017
1948.235
406.049
740.6394
553.8574
-573.1091
-585.6098
24.18646
-518.4445
-156.612
352.293
580.564
991.1459
-341.2598
-3.678559
-9094.084
-5187.182
-3108.285
-1420.225
-622.6131
-351.6682
92.75082
604.6627
675.0528
906.8572
1572.396
1446.083
1088.848
1241.596
2158.418
2076.495
-11530.19
-6759.204
-3324.243
-1506.245
-479.6005
-5.297693
381.1601
595.2329
461.1338
682.734
736.9755
1008.165
1011.255
-334.4568
92.8326
639.0404
1006.816
1142.332
