-2382.242
-2000.87
-1782.718
-7100.935
-6622.526
-6554.397
-6065.263
-5570.052
-5341.136
-4212.52
-3022.637
-2590.087
-2650.346
-2362.217
-1822.37
-1230.056
-2455.221
-4561.174
-4038.959
-3300.411
-2476.231
-2613.114
-2827.748
-2403.74
-2463.399
-1917.241
-1745.929
414.7883
76.82641
751.7447
1000.484
1686.215
1494.303
985.3709
706.4985
-3290.434
-3456.029
-3003.407
-2835.29
-1725.88
-1234.539
-454.9275
-756.7675
-1050.881
-788.1932
-850.1114
-3938.662
-3529.853
-3749.374
-1613.748
-1274.326
-1716.39
-1132.415
-1067.003
-862.7902
-1010.987
-1293.338
-1058.839
-606.9748
21.90588
-75.87396
78.52571
944.3942
686.433
2258.509
1481.813
1276.77
1339.155
612.8717
1749.199
1415.429
1063.827
1066.416
822.1792
1052.612
716.1149
330.5814
-238.4912
159.916
12.60326
1010.297
659.558
311.7538
504.8111
991.0318
490.734
-3148.47
-3315.744
-2922.007
-2739.359
-3101.715
-3688.731
-5423.235
-4570.333
-4388.332
-3866.415
-3358.32
-1692.346
19892.96
17347.44
16080.75
14635.02
11044.36
18733.36
17229.54
15961.75
13042.36
11712.68
10458.08
9438.088
8690.963
7889.267
6820.648
6478.183
5748.11
22342.08
20523.34
18837.89
17154.97
15721.43
13508.91
12558.16
11105.19
8548.294
7758.751
7172.962
5774.05
3930.188
3414.36
2403.83
3811.996
52526.13
48410.21
44236.93
41308.84
37929.52
34680.73
30201.05
28383.95
26170.4
23353.47
21670.61
19318.87
18046.02
16329.48
15331.75
13436.79
12191.84
10979.31
9277.047
8819.454
8621.688
7559.626
9818.196
9490.633
9362.264
8562.683
7669.532
8582.602
7712.02
6024.901
11279.09
9105.926
6857.961
5747.744
5101.354
6791.572
6651.003
6052.739
4400.75
3877.619
3272.123
3041.331
2629.371
1838.526
82.54223
-421.0704
-491.2376
-139.064
-71.25062
4983.185
4822.348
4592.362
5344.543
3749.014
4157.801
3802.302
3752.534
3153.137
2668.472
1745.931
1130.906
1007.467
1805.981
2369.459
1802.632
1637.817
-7522.258
-11251.52
-10180.81
-9219.761
-8420.166
-6506.71
-6294.3
-5474.648
-5615.278
-5838.436
-5116.08
-4771.318
-4434.967
-1479.569
-146.1003
-6282.699
-10978.76
-10367.04
-8909.897
-9039.628
-7674.22
-3674.806
-3155.773
-2688.017
-2489.565
-2787.708
-1023.854
-658.9776
-613.0665
-3252.002
-3202.549
-2675.116
-2213.842
-1927.066
-879.7048
-592.7402
-1007.303
-767.7952
222.3369
681.2384
-9691.727
-9034.997
-7748.989
-6629.996
-6234.066
-13420.75
-12708.09
-11396.24
-10235
-10737.91
-9998.144
-9173.361
-9464.673
-9080.482
-8684.674
-8025.947
-7114.107
-6396.189
-6440.018
-6076.906
-5597.462
-5297.128
-5455.12
-4904.415
36138.5
32485.16
29929.15
26260.18
23411.14
21481.42
27155.89
22967.59
20811.75
19160.39
18628.94
16595.49
15612.77
14363.75
13250.4
11925.9
9119.092
8142.938
7406.892
6218.522
6138.1
5840.168
-2593.504
-5080.952
-4664.804
-3191.422
-3944.972
-3135.704
-13635.89
-12286.1
-11287.83
-10062.81
-9459.84
-8545.026
-8027.89
-7319.686
-7206.887
-7448.372
-6309.622
-7544.649
-7311.122
-7284.689
-6411.025
-6913.352
-6325.992
-1272.925
-2006.581
-1955.016
-870.8911
-466.0169
-334.6079
-256.9513
489.2312
-285.6462
-798.7397
-899.1445
274.5031
618.5468
77.25742
333.38
-1313.854
-1151.884
-1236.256
-297.7268
-234.0728
816.6918
710.224
731.551
713.0416
1312.505
771.1715
550.059
110.8724
-273.4419
-303.3131
104.9819
451.9329
-1777.241
-1723.817
7554.604
7413.063
6635.817
6107.534
3404.159
2061.049
2429.432
2247.567
3616.254
3641.761
2533.855
2518.751
13801.46
12625.56
11605.57
9288.673
8037.87
7056.102
6339.303
5201.804
4893.663
4732.521
4128.319
3810.171
3640.515
3107.734
1908.321
1265.178
1043.076
2230.036
1392.935
2863.537
2403.159
2290.064
4116.013
3980.268
1025.762
-12310.81
-11223.75
-10138.46
-9647.661
-8943.726
-8220.612
-7430.029
-6759.8
-5576.117
-5004.345
-5021.849
-4425.471
-3325.066
-3168.53
-736.3939
-781.4968
-3038.023
-2821.318
-2386.913
-2320.26
-2316.821
-2123.169
-1544.557
-129.8878
151.5955
371.5177
921.0376
2818.753
3771.825
2748.055
2434.914
881.8634
522.5907
547.9155
1741.575
1390.26
853.612
621.3122
-1911.646
-2004.677
1095.083
708.3943
1469.72
1284.25
1535.571
2165.073
3257.699
3435.978
3436.832
3401.2
3101.234
2871.154
3052.086
2830.186
2154.508
1011.565
5151.56
4626.552
4306.92
3694.959
3843.475
3852.356
3716.889
3146.714
2994.702
2729.878
2285.719
1771.711
4903.733
5538.331
4948.631
4959.349
4532.63
4600.004
4369.168
4175.384
5169.832
-5675.602
-7138.777
-5481.424
-5410.25
-5297.355
-4873.49
-4192.72
-4030.801
-3136.79
-3733.713
-3562.07
-2719.201
-2670.281
-4087.039
-1905.286
-1563.321
-1599.363
-1562.08
-1109.882
355.5788
447.535
2799.546
4135.17
3330.395
3204.061
2732.676
2755.52
4760.238
5810.844
4802.908
3401.409
2956.193
3169.541
1695.506
2335.481
787.6081
459.8532
2018.101
1499.873
885.1924
-126.2913
-661.9199
-429.2267
-789.069
-1443.807
-973.9311
-1572.39
-774.3831
-933.4232
759.7563
497.7664
29.87895
38.74556
-49.87935
-301.1362
-157.882
266.5385
-168.694
-2496
-2282.68
-2490.209
-1991.735
-1899.873
-2000.253
-940.9336
-849.5714
-825.5761
142.1499
508.0397
5550.383
5307.751
4591.337
4599.882
3760.273
3714.503
60270.75
51688.04
47231.28
43319
39826.61
36819.79
33555.64
30798.29
28408.76
26797.03
24750.62
22293.93
19629.04
18286.97
16862
15607.2
14749.01
15012.89
13611.34
12978.57
12036.08
11252.06
9915.746
9172.551
8689.951
7687.088
6964.596
3308.449
1648.993
1768.695
1937.862
733.3338
892.7099
-235.7935
-967.1277
-713.0497
-283.9877
-1242.63
-1029.553
-1581.885
-1617.58
-1562.893
-106.5875
15.724
1972.578
1267.587
1623.934
1676.884
2934.306
3141.366
1726.214
1711.328
-4853.788
-4736.62
-6104.854
-6136.516
-6255.7
-5791.775
-5157.918
-6136.932
-4749.36
-4565.123
-4230.984
-3313.471
-3086.048
-2907.944
-5909.074
-5546.276
-5327.442
-5077.292
-4583.599
-4272.075
-4766.571
-3833.86
-4263.416
-3607.978
-9290.76
-4725.818
-4955.223
-1500.387
-685.95
-1352.799
-1231.442
-2038.222
-1087.01
-193.936
95.04697
6111.423
5808.808
5754.068
5653.064
5503.533
5802.624
2932.321
3003.129
2560.809
2434.199
2350.454
2001.617
2802.908
4245.278
4402.474
4675.734
3327.028
8628.23
11497.28
10525.04
9266.019
9019.675
9709.687
9203.04
8005.187
7337.823
6414.216
9492.595
8872.872
7987.357
7785.279
7569.469
6949.236
6338.561
6355.192
6081.65
5624.717
5304.075
5415.733
10114.23
6961.161
6654.425
5930.136
5417.683
5851.123
4694.255
4011.706
5175.064
1934.466
1393.788
1221.004
1010.715
1216.336
1139.436
1768.73
1747.016
1832.657
2402.818
2691.961
2439.438
2590.887
2207.988
1862.059
1398.004
625.2422
609.5787
1286.453
873.8998
804.0006
735.041
-424.0902
22.79084
-2.920732
-140.0819
869.8394
473.0498
349.8064
335.64
146.2898
-382.3195
-323.7182
1473.475
3642.033
3396.608
-1258.761
-3381.492
-4375.276
-5622.393
-5169.015
-5491.942
-5106.365
-4913.919
95853.03
86098.36
79451.81
72846.99
67054.37
62080.94
57719.45
52454.53
47833.04
43985.21
36745.48
33439.3
30650.52
7933.517
7640.937
4984.716
5105.434
4583.425
7660.567
6995.871
6165.489
5953.849
5365.754
5753.595
5422.392
4877.139
4853.659
5343.646
6667.116
6432.198
5915.328
7092.587
6821.657
6573.566
5103.823
4706.812
5111.541
4463.851
3942.261
621.4635
469.6621
631.5365
-13.04883
-504.2595
194.7882
-295.2486
-748.2082
1476.147
559.9739
527.2275
613.1411
-160.1694
-8912.447
-8701.298
-8003.167
-6883.708
-7202.25
-6576.926
-6385.562
-5183.21
-4944.473
-4238.525
1857418
1710561
1576289
1451245
1336280
1230619
1133343
1044151
962054.6
886092.8
815743.2
756859.1
697952.4
643055
592492.9
545456.8
503000.5
463074.7
427035.3
392781.9
361567.1
333713.4
307198.2
282401.7
257938
250222.7
230440.6
215124.2
198802.3
183716.4
169361.5
155776.5
143494.5
131036.7
120743.9
111146.2
102403.4
94711.7
87925.08
81232.15
75138.16
68576.4
62978.53
57452.65
52588.87
48341.99
44815.74
41035.35
38011.09
34925.14
31940.95
29286.42
25408.24
24072.16
22077.03
17216.28
16128.74
15429.77
15192.27
13959.73
12856.52
11528.9
10672.11
6821.161
6118.14
5957.288
5344.913
5274.117
5277.797
5578.543
6720.634
5409.242
4431.441
4067.91
4027.885
3737.594
5131.614
2530.45
1890.825
6102.888
4830.802
4188.53
3759.692
4434.265
4402.211
3110.238
1920.725
1293.533
1188.737
949.1698
304.2694
-28.57059
-2118.6
-1845.898
-1072.401
-920.8811
-3646.789
-3396.164
-2870.981
-2053.571
-2534.054
-2639.007
-2432.799
-2494.221
-2394.946
-5098.987
-3915.905
-3245.284
-3470.316
-811.7037
-3422.99
-8146.543
-9064.741
-8483.874
-8117.909
-7321.497
-5556.924
-5319.495
-4901.497
-4478.438
-3797.391
-3229.4
-2885.17
-2668.22
-3157.703
-4117.583
-3711.385
2755.718
2131.979
2321.146
2324.106
2008.924
115.5893
-246.6171
-331.2078
-248.9759
-963.8973
1478.37
854.7275
1514.346
1364.156
1244.64
8141.312
7486.717
6151.002
4143.915
4912.627
4916.316
14130.35
11900.86
10248.61
8360.363
8276.28
7874.445
5961.65
4378.06
4304.906
2326.485
1527.871
674.1707
375.8881
101.5153
170.9413
-311.1532
-557.7546
-898.7562
-2498.142
-2559.925
-2040.044
-2067.033
-3403.965
-3689.086
-3660.486
-3942.07
-14733.93
-12318.55
-11678.81
-11876.01
-11621.22
-10517.99
-9188.64
-7181.114
-6455.875
-6063.677
-6486.161
-5974.972
-4567.309
-4902.516
-4998.17
-4691.91
-3655.773
-4182.595
-1649.973
-1993.253
-1776.587
-2657.88
-2435.411
-1452.606
-1215.112
3026.612
2955.981
5507.399
4884.718
3707.598
3560.886
5562.608
6748.925
6722.866
-902.1585
-1134.26
-193.331
-574.7615
-348.4364
386.9592
-241.9522
-1199.157
-871.8601
-440.8287
102.07
949.5925
850.251
816.2061
803.1407
752.2944
340.8772
902.3453
1354.237
1417.108
3328.269
2993.787
3135.181
3384.901
3478.153
3375.409
-976.6131
-741.3516
-852.9321
-607.7577
-516.4451
-690.6854
-1235.756
74.43221
-62.80898
-58.36516
939.0389
1271.013
945.4403
1051.637
850.3321
2895.423
1823.773
1371.922
1450.397
1396.932
888.8017
2397.66
2399.077
1954.275
2126.025
1509.665
1281.625
1517.984
1810.849
876.9975
1290.358
1585.233
1120.179
447.0981
-861.343
-194.7253
-171.5733
-307.9323
-709.0236
61.7516
-269.8391
-375.7984
-905.5633
-1060.095
-1056.943
-1680
-2852.558
-2688.566
-2646.663
-2451.091
-10327.81
-9295.875
-8313.006
-7714.782
-5240.015
-4050.913
-2342.123
-2457.845
-2129.54
-745.3833
-48.18111
-9839.465
-8717.498
-10683.38
1221644
1125464
1036038
953888.4
876741.2
807269.9
743819.5
684995
629176.9
579578.7
533694.5
491329.2
452571
418038.3
384809.3
354644.6
325928.2
299944.2
277110.7
255567.2
234922.5
222218.8
204383.7
188341.3
173889.3
165219.2
151552.1
140143.1
129734
137551.4
126570.5
115063
106255.1
98019.68
91821.21
83639.76
76975.11
70875.04
64974.92
59822.5
55754.14
49954.36
46467.07
42639.71
38576.61
35992.41
32882.6
30661.66
28579.04
25945.3
24528.89
24082.18
21973.75
20434.54
20221.76
18682.54
17208.84
15797.83
3368.613
3359.38
3015.145
1965.331
2557.871
1951.932
2365.18
2008.707
1226.662
1026.993
805.1173
1261.954
1155.096
3501.315
2965.414
2860.341
2518.306
2915.843
3878.358
3684.9
2675.61
1980.207
1453.838
568.4076
596.2734
99.2145
403.9503
245.9459
96.79727
44387.38
40343.37
37073.38
32950.41
30437.32
28388.26
25898.27
23733.08
21521.17
19107.75
1519.223
1322.025
855.2561
788.4297
-463.1635
-943.7248
369.3802
559.2056
1107.507
884.6285
938.2868
1250.557
1154.867
493.2308
360.3205
931.5205
801.8925
573.6394
398.7354
249.7513
122.3926
-188.6012
-81.90789
-1068.861
-877.2063
-1180.55
-1305.425
-1428.194
-1284.287
-1412.212
-1594.203
-1401.661
-1729.381
-1855.415
-2274.721
-1547.173
-1507.958
-1991.78
-2365.022
-1460.609
7415.081
8668.424
7753.773
6956.792
6828.298
7074.185
7380.198
7114.324
8207.785
7290.383
6726.617
6123.406
5301.258
4120.31
3503.129
3033.772
2976.543
2120.473
1969.658
2220.433
2229.472
1558.974
1312.793
30190.46
27766.52
25810.59
24003.56
22620.21
20660.18
19663.23
20938.47
19203.75
17624.51
15345.45
16364.91
15700.04
13114.1
11878.65
11595.61
9628.567
9480.888
8878.809
7082.585
6055.343
7387.394
6534.787
6094.503
6596.643
5236.54
5064.543
3843.315
3586.837
5992.095
5277.604
4517.523
4219.532
4050.107
3629.919
3415.256
5514.563
4865.377
4621.808
4223.195
-872.0735
-760.9714
-725.5395
-3224.421
-3268.925
-2965.891
-2706.935
-953.3599
-1524.541
-1434.765
-840.009
-1328.683
-1527.953
-1465.287
-1784.701
-1040.033
-826.5221
-669.8661
-955.8211
-1072.099
-171.0903
31.63872
102631
94362.47
80909.87
76819.32
70349.27
67038.33
61775.51
56667.33
51582.15
47639.29
48372.63
44331.85
48043.73
44397.03
41313.36
37488.33
34719.9
31905.01
29494.65
1794923
1652894
1522023
1396666
1286418
1186435
1092810
1005896
927289.4
853637.2
786463.7
724359.3
667367.7
614549.5
565776.3
521519
480805.2
443630.7
408686.9
376256.3
346359.9
316539.1
291686.2
269143.6
248305
228465
210122
190652.2
182022.2
168246
154728.6
142552.7
131453.6
120947.6
111184.9
102546
92810.65
85589.25
95248.54
115883.3
106432.8
98317.63
90496.98
83918.4
77250.14
71040.43
65382.21
60489.14
55824.71
51488.25
47945.39
41517.34
37861.55
34685.65
32034.79
32250.36
29682.22
27384.71
23380.17
19658.9
17853.1
13532.6
12799.02
10520.25
11730.7
11367.69
10933.61
6591.929
6698.795
5922.085
5232.663
4640.282
3206.651
-1542.476
-2389.521
-1824.31
-5517.499
-4800.803
-4279.997
-3161.167
-8607.541
-7049.944
-6129.436
-5557.769
-5540.464
-5716.226
-5826.899
-5645.657
-5126.864
-5161.27
-6394.656
-4468.719
-4366.634
-4158.127
-3126.327
-3012.799
-2813.358
-3026.198
-2720.176
31199.09
27746.87
26730.2
24566.33
21620.5
20538.25
22235.22
20734.49
19885.88
18330.97
16641.28
16588.33
15851.42
14584.12
13496.81
13196.42
9934.094
8524.792
8240.834
7492.618
6785.937
6396.855
5657.218
4598.517
2478.672
2313.8
2488.504
2161.4
1838.902
1731.954
1220.027
258.9735
469.1005
3829.262
3613.542
5314.32
5207.711
4279.32
4247.17
3844.052
3833.825
3809.431
758.6508
546.3796
-2623.555
-3466.239
-3050.164
-2744.342
-2283.552
-2219.558
-2446.172
-2449.367
-2283.834
-2007.152
-3050.297
-2174.366
-2321.915
-2259.628
-1904.194
-1986.097
-2275.268
-1683.745
-979.7377
-2476.299
-2554.311
-2623.874
-2926.431
-1388.868
-711.5657
-392.2384
-1578.549
-2225.168
-2587.467
-2214.902
-2248.577
-2271.39
-1740.198
-1613.493
-2614.773
-2848.521
-2131.303
-2051.476
746.777
1152.865
1307.621
1331.539
1257.553
1123.414
-260.4876
-54.13422
-459.1401
-674.7135
-910.4044
-694.3758
181.6152
-560.4762
-776.5428
-540.8587
-651.5233
-913.8716
-1210.739
-993.111
-977.9414
-873.8284
-4676.145
-5383.73
-5498.173
-4770.641
-4173.743
-3277.012
-3184.577
-2890.735
-3042.376
-5683.915
-5055.757
-5010.464
-5078.658
-4692.325
-5898.729
-4802.626
-4826.931
-4642.906
-2287.323
-1070.326
-1069.836
-660.3838
-522.305
1162.524
1011.025
1301.657
2419.31
5185.309
16782.92
16534.62
15635.5
14105.72
14812.82
13688.96
12365.94
11322.08
11009.37
10409.28
9511.154
8660.099
8278.391
7210.198
6105.211
6388.168
5869.886
5374.077
-696.6366
-425.9083
-823.8298
-1179.847
-730.159
-1563.106
-2582.225
-2453.027
-421.5329
-79.30618
43.69969
-229.6984
-69.99629
-3731.894
-3952.664
-4136.457
-6426.549
-6063.006
-5827.272
-5802.94
-7450.981
-7205.075
-5838.565
-5965.494
-4761.495
-9384.94
-9237.879
-8896.605
-10987.57
-11131.86
-10549.02
-10187.88
-9468.688
-10653.73
-9998.394
-9827.244
-9065.003
-8246.837
-7484.607
-8044.325
-8042.127
-8153.835
-7967.894
-7639.625
-7994.575
-7421.006
-6323.379
-5494.894
-5420.141
-5373.338
-4671.573
-4332.013
-4394.916
-3371.866
-4166.525
-3504.093
-3249.865
-2894.297
-2929.474
-2422.018
-968.801
-1055.541
-1110.471
-1272.352
-1674.101
-1798.47
-7054.092
-6561.73
-6133.474
-5578.323
-5446.644
-4566.891
-2873.159
-2888.057
-5614.26
-6074.484
-7723.6
-7371.196
-7069.047
-6238.642
-6142.294
-5167.42
-4963.774
-25085.69
-23293.07
-22422.35
-19182.74
-18360.78
13899.71
12706.07
11649.34
10648.51
10076.79
9300.086
8249.472
7744.079
10164.36
8992.474
2453.24
1546.829
1121.248
-159258.3
-148358.7
-137136.4
-126531.1
-115985.4
-107021.8
-98402.69
-88241.75
-81606.95
-74788.92
-68804.48
-63915.54
-58998.06
-54093.57
-49674.58
-47144.72
-38072.46
-33330.34
-25261.92
-10070.32
-9415.764
-9092.335
-8657.212
-7840.148
-8020.547
-7146.338
-6777.152
-7894.526
-6979.053
-6880.146
-5765.446
-5413.161
-6132.756
-5723.605
-4943.578
-19014.05
-17506.44
-16684.48
-15489.4
-14586.21
-12018.94
-10901.27
-9880.912
-8124.014
-7530.258
-44402.95
-40269.26
-37309.35
-33627.54
-26726.93
-25679.7
-22890.61
-21224.02
-18823.07
-19129.47
-22889.58
-21628.5
-20420.68
-19327.54
-17592.57
-16534.89
-14784.6
-13920.97
-12846.02
-11860.38
-10852.15
-9954.744
-9036.922
-8173.462
-9387.898
-8577.239
-8893.623
-7376.701
-6597.627
-5834.774
-5831.397
-4929.163
-4547.68
-4413.407
-4157.152
-5006.829
-4224.022
-2596.966
-2681.828
-4045.859
-4364.823
-4177.36
-4023.01
-5970.096
-5781.113
-4598.448
-1752.764
-1182.547
-1586.583
-1487.202
-755.8302
9406.5
7364.015
7994.849
7072.456
6420.674
5909.79
5344.59
5652.653
3583.394
3248.066
3108.222
2357.676
1987.055
1120.244
421.204
452.0617
769.3734
449.0273
146.3134
-2370.75
-2521.913
-3187.974
-2398.348
-10854.88
-10111.67
-10523.27
-9443.381
-9190.573
-8886.479
-7155.796
3815.015
3096.824
2178.882
1855.909
2238.73
2286.148
5233.264
4738.387
4098.735
3711.25
3053.26
2629.746
10800.62
10067.82
9243.036
8740.504
8349.915
17910.4
16202.45
15243.98
12383.79
10572.73
17087.84
15315.45
15375.99
14085.14
12845.56
11935.96
10991.88
10220.94
9655.649
9595.127
8678.676
8007.393
6115.771
5550.698
4873.626
4236.516
3865.29
5171.153
4356.889
4102.683
4109.18
3902.326
3677.949
3971.845
5537.647
-7033.916
-7717.609
-6944.058
-6281.64
-5336.071
-5158.606
-4343.074
-2400.619
-2551.48
-3206.962
-3736.507
-3485.815
-3660.418
-114.3732
60932.29
55946.92
50617.52
46514.78
32228.29
29866.37
27299.14
24393.44
22812.34
21338.49
19439.39
17837.26
16361.06
14749.05
10388.86
9218.064
8588.489
7150.321
8007.954
6953.117
6485.288
4636.326
4351.451
3962.777
1691.535
1617.104
1030.68
1835.878
1719.074
1554.791
1428.482
923.0329
1557.575
1907.706
1499.073
1246.197
1354.452
987.1768
704.7087
1143.38
1259.959
1674.2
439.1354
28.74629
463.4557
783.8401
631.5837
943.8203
291.2419
581.032
633.5395
523.298
522.5395
179.2653
-92.18972
-157.3658
-1296.465
-1706.503
-1897.165
-1663.211
-977.1036
-1659.327
-1740.722
-4422.359
-4082.511
-3306.111
-2383.512
-2557.207
-2247.254
8749.385
3084.649
2802.254
2582.125
1620.919
1625.647
1000.93
783.4861
501.8237
819.7629
517.672
730.4882
854.8415
776.3961
179.5314
70.41871
-1750.266
-1507.136
-1172.234
-1172.006
-760.3513
-48607.41
-45409.77
-41772.95
-39021.66
-36419.57
-33779.05
-31517.34
-29793.24
-27297.21
-21170.64
-19957.38
-18497.79
-17041.79
-64057.73
-114970.9
-105737.5
-97725.02
-89816.89
-83308.39
-76365.96
-70327.52
-64049.76
-59198.39
-54598.94
-47617.24
-43188.49
-39954.4
-36295.57
-33551.49
-30755.68
-27768.29
-25523.8
-24425.79
-22378.3
-20207.39
-17515.19
-16555.89
-16385.23
-15431.12
-14597.57
-13219.59
-12398.2
-11240.23
-9554.994
-9249.626
-8255.262
113317.3
103786.9
95694.95
102751.1
95964.93
87406.3
79434.42
73283.48
67594.84
61732.98
57397.23
62409.95
56887.83
52776.36
48480.9
44630.81
39997.23
38741.16
34895.68
31677.07
28833.84
27239.92
25453.97
22308.15
19602.55
15521.03
14751.69
13116.47
11956.07
-14904.13
10060.69
8636.96
7352.568
6938.311
5993.378
4848.154
3706.968
6404.375
5636.843
4838.185
4149.796
3929.505
3259.772
6431.84
5787.009
5188.283
4534.935
3716.463
3060.606
602.1582
204.1782
-261.3781
290.4349
697.3822
612.3544
-34.61908
49.49568
-482.8722
-59.31035
-3049.434
-2537.25
-2465.15
-1118.139
-1173.239
-1169.892
-2051.177
-2294.66
-2507.159
-2589.311
-2103.545
-2060.067
-1730.706
-1779.988
-1220.956
-1243.614
2295.351
1939.8
1695.342
19.43469
-37.30357
-376.7897
810.5686
2304.263
4333.137
4298.07
-943.0467
-1148.882
-428.2079
3021.062
2837.809
2574.999
2638.573
2791.194
2545.654
2427.642
2524.786
1989.672
1818.482
3235.616
2320.468
2302.887
5503.772
4001.524
1975.265
1778.31
864.3543
803.4069
-93.22605
1872.09
539.0298
667.3655
1267.391
1747.676
-1917.185
-1346.903
-1193.306
-729.5764
2493.969
-1395.416
-1455.406
-1357.75
-1314.749
-1544.199
-3388.523
-2910.864
-2949.101
-3114.532
-2933.627
-3094.584
-3171.768
-2726.44
-1640.733
-1798.952
-1664.738
-1924.775
-1793.782
-2101.473
-1516.273
-1657.923
-1517.629
1440.629
1346.619
1211.892
5826.903
6717.4
5852.684
7273.592
6322.545
11766.31
10839.14
12047.39
11017.19
24121.04
21529.14
19563.07
18269.66
16494.02
15108.42
13513.11
12516.84
12297.33
12158.62
11075.21
10253.47
8158.884
8279.37
7694.561
6912.232
6399.584
4542.317
4386.414
4092.671
4471.21
3161.321
2477.391
1891.326
-3425.006
-3450.916
-5043.382
-4521.783
-5162.126
-5953.183
-6643.657
-6192.768
-5684.559
-5239.561
-3950.735
-4005.197
-3936.919
-3711.053
-2674.102
-1892.077
-1906.75
-2130.772
-1637.229
-2603.954
-3091.484
-3271.051
-2315.176
1405.545
2404.246
2180.034
2032.53
-1680.961
-2046.697
-1506.747
1246.174
1046.961
1037.171
1378.404
399.9828
544.5187
313.747
1730.476
-1964.129
-2579.922
-2668.606
-4778.519
-4285.716
-3948.591
-2952.551
-3120.238
-2318.805
-1864.44
-82739.8
-76300.72
-70531.16
-64891.93
-59854.2
-54412.58
-50400.75
-46544.17
-42745.29
-35021.42
-32344.32
-29946.19
-29222.37
-28586.27
-26000.89
-23759.29
-20904.62
-18421.68
-16352.85
-15383.67
-12526.59
-11435.61
-11831.3
-10766.67
-9555.015
-9762.744
-6041.241
-5896.48
-23622.8
-21904.43
-20004.13
-18685.05
-7395.776
-6754.794
-6012.868
-6936.483
-6003.947
-5669.977
-5062.015
-4072.721
-4201.547
-4237.334
-4086.018
-4510.373
-3678.377
-3399.057
-1567.858
-541.0572
-285.1585
-177143.4
-163079.8
-149431.8
-135407.1
-121951
-115967.9
-106933.9
-98222.45
-90353.76
-83272.91
-76769.44
-71438.52
-65705.15
-60636.66
-57844.65
-53130.93
-49273.13
-45619.51
-41695.94
-37977.28
-34812.77
-33709.31
-31092.86
-28142.68
-25996.45
-24034.39
-23177.85
-22688.38
-20679.19
-18229.5
-17016.59
-15280.51
-14357.32
-17093
-15467.59
-14155.12
-16340.05
-15961.56
-15673.53
-14806.41
-14117.56
-14653.38
-13156.24
-11980.68
-10955.21
-10179.89
-10666.72
-9754.774
-9114.794
-8294.411
-8344.364
-10423.04
-10012.93
-8999.926
-8487.009
-8591.014
-10664.29
-10101.89
-1934.157
1174.467
1047.436
977.1866
1070.339
1579.094
2073.746
1624.469
1833.887
2272.615
2695.059
-455.2525
-651.2735
-813.2481
-946.9111
-4942.681
-4370.777
-4382.775
-4645.117
-4164.555
-3176.221
-2681.219
-3084.438
-2838.617
-2740.316
-2429.079
-2330.031
-2238.575
-1983.905
-2015.039
-1840.551
-1814.348
-981.6774
-689.424
-1248.949
-1658.632
-1779.011
-3495.089
-2378.886
-2329.389
-1264.916
-1466.864
-1834.273
-2889.817
-3065.407
-5478.663
-5140.711
-5103.054
-3581.686
-3271.522
-2982.012
-2118.429
-1853.379
-2150.216
-1607.972
-1331.214
-1430.279
-1232.907
-918.6035
-760.9067
-638.5872
19569.6
17861.44
16792.1
15738.88
12769.49
11589.09
10683.39
9899.03
10743.91
10133.25
9207.748
8380.262
7501.96
7655.144
4704.441
4969.292
7767.395
6977.082
6193.101
5960.949
6941.374
6167.18
5246.047
4889.669
4300.361
4298.128
8250.569
7663.048
7163.541
5786.678
4976.715
4403.088
849.2723
-3401.203
-1757.904
-966.6001
-1144.515
-917.8942
7868.341
9662.229
8780.289
8226.89
7426.533
7549.892
6356.644
4839.989
-16021.16
-14413.76
-13493.74
-11022.81
-9922.595
-18726.59
-17345.71
-15700.55
-14815.2
-13686.28
-11619.08
-10706.56
-9686.089
-9614.956
-8169.504
-7872.242
-7204.842
-5944.213
-5031.416
-3567.319
-3366.038
-3248.064
381.9424
2039.559
1303.687
-2616.088
-5934.943
-5688.297
-3482.65
12082.91
58147.16
52496.57
47666.42
43838.19
53126.02
47547.66
39162.88
35895.98
32014.56
29472.91
24636.64
20517.93
17063.41
15699.86
14967.09
14650.23
13291.85
11827.79
12611.53
11487.34
10497.73
9632.207
8807.998
8129.54
7373.904
6396.867
5449.993
4975.693
5568.206
5098.835
4241.556
3742.717
3336.342
3332.48
2730.739
3326.902
2529.142
4155.898
4840.578
3076.705
2120.298
-1460.591
-1569.269
-3385.636
-3851.734
-3574.386
-3205.721
-2934.784
-2563.051
-5295.32
-4855.1
-3981.019
-3031.943
-2375.65
-993.6785
-237.8786
-235.7802
-17.3523
659.9925
-6706.367
-6952.669
-6193.954
-5967.392
-5523.852
-3354.486
-1355.794
-4280.466
-4100.858
-4116.901
-4297.794
-4334.976
-4096.749
-3713.31
-4058.111
-4782.692
-4519.28
-5333.9
-4897.668
-5321.519
-5127.757
-6943.309
-4512.789
-4706.987
-3465.535
-3857.506
739.001
-15906.58
-14415.37
-12116.04
-11323.82
-9445.739
-8517.982
58313.29
55555.63
50853.5
46614.61
42471.44
39113.82
33594.21
31030.09
28694.38
34676.14
32118.28
29009.19
11045.35
10376.84
9276.343
8494.515
6951.583
6097.458
4744.725
3901.896
3420.945
3331.07
3064.789
2706.415
2269.919
1907.886
1707.443
1683.064
1109.427
477.2518
375.7468
305.2399
-61.62539
-640.3634
1129.473
892.2467
853.1281
3580.975
3201.325
2788.53
1278.311
1130.456
6127.736
5383.712
4948.56
4610.088
4217.112
3820.169
3405.224
2368.626
2377.067
2244.871
1346.861
750.1035
586.4708
-2395.517
-2365.101
-2477.292
-2461.672
1817.416
1973.835
3418.457
3359.264
3536.742
3736.968
3481.312
2262.51
1854.006
1953.531
1863.904
953.3652
1752.149
1402.815
19014.25
19840.63
19624.84
18264.6
17083.8
20840.59
19176.66
17831.06
16009.49
10929.72
10083.84
9185.677
8374.678
6719.522
6929.442
6213.924
5173.378
22971.96
21749.48
19616.95
17918.19
16575.88
15433.68
14308.89
13915.28
12287.55
11026.44
10077.29
9669.928
8947.026
8487.072
7856.823
6862.978
11815.9
10885.32
7657.337
7154.672
6914.776
9294.761
8759.525
7291.913
5948.818
5278.321
4760.32
-5006.109
4035.292
3262.406
3013.149
4453.736
3465.644
3332.867
4262.184
5953.919
4056.316
3288.913
2789.6
2452.124
2178.481
2901.293
3010.886
2538.581
3080.272
2768.342
-14543.09
-13474.01
-12008.1
-10883.07
-7793.207
-7274.951
-7394.986
-7633.531
-6691.191
-4245.435
-9750.361
-9343.441
-8371.785
-7421.217
-6436.252
-5860.75
-5909.147
-5538.4
-5733.552
-5192.762
-6445.817
-6226.517
-5900.961
-5562.854
-5392.319
-5151.992
-4871.4
-4918.881
-4215.499
-4022.483
2948.069
3285.996
2861.532
7.382245
-1419.829
694.5572
989.9974
1321.583
830.9871
672.5486
1156.112
1279.476
1829.096
2152.046
2607.195
1998.776
1548.701
-809.8713
-1710.471
-1181.571
-1228.841
-1309.179
-1042.981
-1830.208
-2725.205
-3024.878
-3842.315
-3757.598
-4025.967
-4281.09
-14753.7
-14101.59
-13518.76
-12358.84
-11337.3
-9601.745
-9120.886
-9402.662
-8490.079
-7400.547
8953.85
8812.787
8598.431
6906.59
5730.97
5105.494
6031.391
7080.2
6214.967
5477.474
4617.008
4446.423
3825.65
3146.613
3228.349
2635.687
2455.842
1765.378
2308.113
4335.506
3738.091
2102.067
1800.515
1349.608
828.9882
967.2783
1250.381
879.98
-2292.875
-1988.652
-3743.108
-3951.505
-2196.946
-2632.518
-2218.174
-1339.469
-838.8091
-889.2243
-1530.876
-1669.152
-2455.499
-2937.906
-2001.794
-2163.551
-2804.849
-2753.72
-2822.229
-1880.217
-2277.514
-1783.277
-2008.203
326.5126
248.6035
329.4837
-0.9390841
1158.237
851.4792
707.7865
860.2061
499.6914
869.0137
650.8333
-1749.713
-2361.57
-2014.417
-2017.055
-2390.347
-1943.67
-3070.242
-3677.785
-3332.234
-685.1704
-590.5999
-610.5616
-1071.449
-874.619
-741.6375
-939.9765
-1645.321
-1637.488
2290.824
1859.102
1556.765
1519.346
1415.417
4034.456
3875.571
4608.687
3954.189
3525.397
2544.712
2995.869
2357.095
1692.705
1192.798
1005.442
682.7481
70.28191
334.4221
746.3612
801.8408
548.095
147.8266
-666.693
-1086.504
-2286.371
-6155.974
-6147.827
-3376.183
-5485.592
-6038.197
-5341.21
-5375.13
-4708.169
-6013.43
-4771.512
-4467.889
-5127.912
-4539.802
-4146.399
-4453.852
-4163.385
-3639.725
-3335.543
-3093.742
-4138.532
-5147.266
-5056.494
-4129.086
-4330.759
-5189.016
-5086.33
-1982.449
-1767.447
-2399.404
-2072.116
-1915.78
-1818.774
-1697.899
-747.9166
-457.9246
-314.1185
-475.6256
-420.4129
-659.5226
-1148.678
-889.3563
-919.4567
-11808.56
-10461.37
-8524.132
-7877.684
-7626.773
-7068.337
-6701.124
-5965.531
-5141.052
-5008.078
-5401.027
-5818.876
-5313.04
-7180.812
-6778.65
-6452.698
-6744.005
-2594.554
-2443.619
-2308.776
-2150.177
-2232.551
-3086.612
-3276.693
-2789.12
-2686.32
-2231.31
-2370.493
-1434.127
2590.268
1434.667
954.8991
822.445
757.2496
1518.041
1127.98
831.4032
1513.395
1411.201
1358.898
2383.165
2061.234
1868.091
1887.754
1747.034
1400.98
1236.415
519.3878
65.10978
468.7968
873.6336
940.5597
251.4673
-139.9711
-1230.631
-470.5882
-1054.929
-1068.843
-1076.669
-957.0266
-708.1476
-621.0748
-212.128
144.3859
1551.099
29059.21
26122.86
23682.66
21477.91
19721.68
17603.79
16021.5
19777.34
18135.03
16870.61
15406.62
14319.54
12869.07
12482.93
12852.47
11576.54
10598.25
9656.967
8553.665
8628.534
8039.441
7238.26
6307.49
5674.308
5597.885
5820.372
5196.353
4390.681
-213930
-196496.3
-179718.8
-166207.7
-152425
-140434.7
-129693.1
-119060.1
-109709.3
-101114.2
-93214.82
