12.21693
-68.50785
3.504628
11.22606
37.76821
35.77526
44.04556
-7214.834
-2600.725
-885.1419
-265.4034
-27.75203
-877.5231
-255.1804
-23.97005
84.38446
133.4032
119.5839
48.60863
129.6873
173.0619
180.978
187.9656
194.6478
249.9039
133.0086
192.5426
219.092
217.5321
260.9715
258.3381
245.7639
187.2303
249.033
275.4567
301.4299
316.4877
321.5664
327.8496
319.6481
308.7181
320.7644
337.6527
310.5763
376.6406
383.7798
396.9208
403.7401
410.2529
407.2625
418.8149
432.0124
417.5711
383.8073
440.5434
496.1402
471.2701
447.7983
477.4273
488.0556
455.5841
474.0881
480.0939
481.208
505.8978
10667.04
4190.191
1867.496
1021.62
725.1622
627.8002
582.5264
509.8209
605.7875
633.3953
576.7894
594.8122
595.425
629.3038
620.6958
603.4804
610.7826
614.8393
638.2051
651.89
668.8179
607.0187
636.4935
655.619
692.1341
642.4744
681.0186
1088.956
841.9845
741.6007
753.6469
713.2069
717.3321
707.3043
716.1941
706.6142
725.8879
720.9262
736.3065
740.0259
747.9044
636.1487
719.3383
743.2462
756.669
556.6736
629.0381
708.5142
760.9788
478.9799
703.3083
760.276
785.4042
836.655
1853.524
1189.495
951.8112
873.9864
734.9083
774.0677
786.9599
793.8832
809.4924
821.5045
846.3087
869.9834
838.6951
870.7575
845.5938
834.9034
848.7327
834.5022
829.7196
748.6548
836.4334
876.7318
832.1913
830.4888
852.7574
828.2295
811.1023
842.7237
530.5395
767.1548
1377.079
1040.236
718.239
813.1106
850.1298
862.8676
930.0015
1224.938
1040.687
883.5634
857.9637
859.2794
870.8762
685.7847
822.8839
843.8279
846.8938
859.1604
802.1132
843.1269
855.7214
852.7551
851.6638
892.7474
920.9253
865.2837
855.7318
905.0662
896.7526
867.2987
849.4817
851.188
847.8278
917.4573
859.0685
846.2852
831.5919
828.0081
834.8673
820.7228
882.6432
852.9208
929.2108
855.5238
838.242
821.0018
1293.928
997.8055
863.8517
854.3908
807.2179
801.385
544.1204
735.0917
788.3117
770.7204
738.8934
750.2651
815.5715
790.1022
766.2757
796.0741
758.2941
-33.34985
475.778
646.6818
705.4358
723.5839
744.7013
744.0157
734.244
736.0693
722.6688
652.1949
697.2821
699.3816
710.1088
696.4288
721.3686
704.226
687.217
695.3993
694.2407
739.5064
424.5127
818.8394
749.5135
704.6931
659.4367
671.1533
616.1807
611.7318
619.4708
524.187
555.8638
599.83
605.2768
596.0173
572.3036
602.1692
575.8185
578.6728
568.5006
550.2771
527.4328
552.8311
449.4881
494.7677
234.3201
412.662
470.949
527.4374
512.7089
523.4468
1070.095
671.076
541.3706
482.219
440.7299
425.6131
391.2423
431.8533
435.1039
422.955
399.7276
385.1439
367.6933
362.6597
385.3384
87.75548
250.1595
310.5664
363.3391
335.0169
341.5643
323.3461
311.2995
294.879
323.3595
288.1361
286.1207
255.2107
242.4481
250.4539
235.2662
240.3854
221.4814
231.7975
116.3996
742.2008
353.4469
246.471
196.5903
165.0761
209.5773
172.3988
165.7039
199.9667
209.4131
176.7649
106.2741
130.9459
111.7793
92.12098
66.84876
80.64924
70.98979
97.9638
162.1361
76.74417
26.93793
10.76562
6.603633
-164.7904
-100.7532
-15.52669
-30.89008
-44.28066
-59.67466
-65.79046
-70.86397
-79.06391
-116.2258
-90.08333
-106.0832
-130.9831
-269.047
-177.5931
-193.8894
-175.3618
-172.1604
-180.5532
-205.9951
-249.2553
-240.4209
-242.9417
-233.5112
-244.5977
-264.8279
-232.2231
-227.6879
-237.0594
-332.0312
-359.3201
-300.3462
-300.8122
-296.1029
104.924
-152.5709
-310.3097
-328.8729
-333.5331
-339.2041
-345.9357
-405.4906
-349.0354
-319.3251
-376.5666
-413.8991
-414.0681
-425.1839
-384.83
-434.1184
-457.172
-421.9927
-434.57
-620.6559
-510.9205
-453.9782
-474.7862
-445.8041
-473.8843
-563.073
-534.0833
-598.0233
-496.6734
-530.9108
-563.9038
-570.6902
-607.4309
-587.486
-584.2021
-564.4984
-574.1183
-520.8318
-548.7262
-969.1174
-765.1764
-676.6898
-647.2799
-647.9788
-655.0642
-523.7287
-629.7857
-627.483
-661.5582
-651.5743
-492.7456
-646.413
-715.2603
-708.6813
-715.2185
-699.758
-726.6712
-732.4504
-752.5992
-735.1624
-834.9846
-779.2665
-770.5395
-696.9869
-736.0057
-764.9193
-773.618
-807.2646
-788.6955
-815.4984
-775.2981
-785.877
-806.8665
-838.9633
-811.2762
-839.959
-834.1714
-835.5995
-834.4293
-840.9553
-835.4102
-840.5871
-847.3954
-843.5861
-772.6864
-835.9476
-844.7865
-886.1714
-920.7581
-906.0327
-901.879
-896.5688
-889.2705
-856.522
-867.3668
-896.3599
-1474.01
-1096.135
-1010.099
-901.5191
-917.789
-932.115
-931.027
-920.16
-916.387
-943.59
-939.1178
-904.0983
-917.7573
-945.0089
-942.2037
-935.2233
-943.6828
-953.4963
-936.8105
-1024.414
-973.1922
-977.0054
-998.9468
-864.3414
-922.9235
-964.7829
-953.7306
-976.749
-978.4314
-974.8433
-975.0061
-936.9772
-947.9779
-1029.888
-991.4083
-232.7316
-689.0625
-875.4856
-983.1477
-1038.708
-982.4877
-957.0187
-1082.157
-988.5362
-1181.864
-1060.011
-1020.154
-1017.631
-929.3779
-959.2207
-963.5274
-970.3961
-941.9125
-964.2853
-961.5556
-966.0989
-977.4476
-1017.436
-1035.892
-999.7199
-1011.608
-945.8935
-928.6888
-928.1103
-922.1635
-1184.375
-1032.11
-961.7211
-919.5152
-944.2349
-942.1966
-932.5291
-970.0446
-903.1801
-931.3499
-939.8014
-920.6339
-931.3667
-901.6799
-993.5282
-935.7685
-807.926
-870.6416
-888.0378
-866.3282
-892.9234
-885.8982
-898.6878
-860.6085
-880.9398
-829.0656
-935.6464
-881.8162
-817.2763
-853.135
-851.0103
-837.2236
-818.2046
-827.4568
-822.3632
-825.1054
-817.6628
-823.5195
-816.1505
-820.6265
-824.6257
-791.8643
-1097.771
-870.9575
-891.1386
-788.9329
-756.8133
-756.8687
-788.9228
-772.6345
-747.8192
-750.9119
-765.7407
-755.634
-734.7081
-728.5703
-717.6964
-720.1516
-691.1532
-713.2799
-709.4651
-678.7505
-713.3488
-688.0726
-732.1628
-675.3948
-680.241
-967.0813
-764.9204
-654.4521
-635.851
-614.0948
-614.8274
-603.9126
-610.2792
-604.0764
-595.7175
-584.7544
-609.0944
-592.4628
-588.6051
-565.231
-541.0889
-533.3079
-532.3717
-491.2512
-208.902
-355.3821
-470.8752
-496.9422
-478.2759
-486.2998
-464.6213
-446.2492
-462.0517
-469.5295
-403.3752
-382.4279
-417.7867
-403.9248
-461.9383
-405.7815
-330.5167
-351.7265
-372.4924
-382.2391
-374.1518
-347.8526
-351.5346
-339.732
-333.1529
-312.7448
-320.4584
-305.5678
-306.8616
-229.7147
-225.562
-361.5704
-356.2645
-293.6106
-264.8819
-398.4561
-205.2194
-143.232
-187.7677
-239.0185
-218.6972
-169.9685
-177.4647
-207.686
-174.4786
-139.686
-142.8795
-184.498
-168.9844
-146.5414
-175.343
-144.2714
-111.3696
-94.8727
52.16354
-23.88003
-21.18055
369.6291
76.7177
4.406211
3.256842
-1.334625
-48.78002
-1.161508
6.530743
17.02247
47.43601
10.62909
25.35879
43.55293
53.57981
51.44946
59.1258
92.50581
59.06384
92.86147
76.61484
55.84609
60.18266
104.285
71.70461
143.7786
77.99283
146.784
155.4681
183.059
156.9525
173.2108
192.7246
218.4583
205.9408
345.8654
270.5344
255.2916
250.9916
240.1714
237.519
1935.12
869.837
499.6749
382.6212
357.1644
258.8098
386.2615
418.6148
282.5941
313.6273
343.9891
376.5694
350.9919
-902.0673
-103.9772
213.3916
318.7476
365.644
376.3059
514.1429
447.3259
440.0236
523.5576
470.3494
436.7044
453.5433
523.6467
471.1296
456.9683
473.079
443.2679
366.5363
476.7617
511.5232
476.6968
503.3853
528.5616
489.7663
443.6362
479.0227
517.2679
560.7863
566.9636
561.8643
566.3791
547.152
563.1699
565.1896
610.7945
607.6517
591.8531
-1345.375
-110.0609
347.9923
520.4406
581.639
583.0653
633.2192
616.9391
715.6411
661.32
767.1078
697.8992
665.6269
677.071
687.0385
672.4313
30.08395
425.7198
582.2884
635.731
723.2363
720.9243
718.3737
708.2729
684.1789
690.4486
740.8843
1426.531
962.8246
994.8473
815.6196
753.2437
736.0945
708.6128
707.5167
688.9029
726.1405
685.5823
718.0597
715.1879
702.2437
735.4599
752.0149
731.1584
737.5084
749.3098
966.3778
833.6133
776.2583
776.4967
768.0359
808.8459
812.37
796.4261
775.9419
767.6662
761.7539
702.1568
696.5513
738.9873
760.0106
748.0071
764.8262
704.1901
749.7499
559.2092
688.5477
739.7855
721.3864
774.065
771.7162
769.8894
650.8565
745.279
784.1874
1092.859
877.1699
840.3237
793.3514
787.1515
782.6468
780.2205
766.9562
745.6788
753.8358
768.3151
757.134
652.5126
721.4313
748.8656
754.561
607.4388
690.7332
680.93
717.0183
750.7664
751.2149
773.0606
733.105
710.0595
726.8855
717.8763
719.2303
450.5523
1842.227
1116.01
861.7681
769.007
747.7654
719.4172
713.2955
672.0044
674.6988
686.0725
682.7354
689.6803
688.5574
655.7461
617.4905
1210.294
717.5311
663.3705
653.9184
669.7476
640.4248
619.7883
611.0396
611.0338
600.0702
573.3844
147.9255
456.4379
561.1681
573.264
582.3107
598.7586
602.8921
587.7902
587.0398
582.2632
573.6906
572.1426
532.1771
528.4311
529.3935
652.0758
578.5828
439.2579
477.3953
489.0191
477.0502
411.652
447.9745
436.1957
491.6247
491.1398
460.2755
447.6266
455.3006
420.7897
407.0752
1333.905
739.8282
470.9294
415.4936
404.3164
368.1581
358.7981
394.382
356.447
411.2313
342.2948
339.7338
330.5978
967.3132
573.3283
420.2967
350.1686
340.9393
332.0535
307.0094
325.7855
279.2121
344.5646
253.4785
283.9856
261.0898
244.1029
218.6602
311.8354
236.6129
230.8059
186.7839
190.728
164.4128
120.0527
142.6545
151.4823
203.4298
162.9295
160.8864
126.1629
121.5098
59.31235
11.74742
44.71611
58.5084
-25.60397
37.20144
530.7847
237.0612
105.6957
44.0642
37.52487
16.67403
-28.00101
-26.48441
-3.494044
-265.8592
-454.518
-176.2557
-80.01679
-73.64959
-65.60275
-82.35309
-93.04909
-233.7875
-22.08212
-88.90408
-115.2427
-145.794
-141.1594
-138.577
-142.5556
-170.162
-247.0781
-214.3016
-175.3686
-231.0248
94.41476
-139.9098
-148.2408
-249.1791
-252.6708
-259.0125
-290.074
-285.5773
-252.6126
-287.1175
-288.7526
-282.4682
-303.681
-306.5695
-327.9829
-336.295
-357.397
-458.9946
-405.1268
-391.5726
-460.6447
-389.6356
-397.3373
-408.4704
-423.8061
-435.5
-442.0722
-419.4729
-453.6378
-463.9542
-429.716
-462.1359
-457.8913
-525.1315
-532.8646
-519.3622
-523.4736
-521.0091
-524.8282
-525.556
-594.2403
-528.9608
-565.2077
-530.4541
-577.5393
-599.0594
-646.6056
-614.4188
-623.2634
-602.8811
-616.3087
-632.8414
-607.688
-629.9933
-652.816
-671.4159
-649.7263
-620.9498
-699.0185
-721.8947
-712.9221
-724.1112
-739.5394
-691.757
-683.9085
-720.2057
-732.247
-730.7712
-746.3333
-768.236
-698.0892
-742.5523
-785.6976
-1011.459
-872.4402
-827.0132
-789.4038
-751.6109
-775.549
-784.913
-806.2919
-806.8167
-852.0862
-912.3198
-882.4991
-850.179
-850.1918
-860.6708
-872.0809
-909.982
-891.474
-889.3882
-950.5019
-920.7579
-891.5894
-917.7148
-955.3145
-920.7215
-914.6645
-934.5464
-807.3818
-886.4294
-924.8178
-965.3097
-957.5179
-1032.215
-992.8098
-967.5883
-873.3055
-937.8015
-972.3212
-583.7
-841.2418
-932.5458
-1295.51
-1105.176
-1036.036
-1012.063
-985.7522
-989.9079
-866.1928
-967.5349
-985.9583
-1342.084
-1646.395
-1211.772
-1074.637
-1084.318
-987.3833
-897.0691
-968.0007
-1027.627
-1055.337
-1047.631
-936.1783
-1021.847
-1017.784
-1006.603
-1089.482
-1026.034
-1041.242
-1059.9
-1062.103
-1074.38
-1065.817
-1067.633
-1047.917
-1051.516
-1063.622
-1050.118
-939.0051
-1002.633
-1026.488
-1079.544
-1036.291
-1070.743
-1075.031
-1016.264
-1056.101
-1064.908
-1114.958
-1087.058
-1110.417
-1103.166
-1065.352
-1065.416
-1032.632
-1072.322
-1068.847
-997.8151
-1050.069
-1059.828
-1047.5
-1066.903
-1061.866
-1027.411
-1045.251
-1050.298
-1066.959
-1111.372
-1066.941
-1070.029
-1057.606
-1041.839
-1011.105
-984.5142
-969.0356
-992.9339
-1044.285
-1035.494
-957.549
-1134.355
-1078.143
-1101.654
-1045.982
-1028.449
-1518.943
-1187.942
-1075.498
-1054.392
-1027.643
-988.6121
-994.2788
-759.0142
-930.7305
-971.6853
-389.7345
-931.6594
-941.9382
-876.1185
-939.3031
-950.5485
-933.2182
-959.5724
-1136.365
-990.6412
-958.6437
-952.5776
-940.964
-1090.245
-1183.856
-1010.304
-931.1702
-946.0212
-793.4992
-858.7755
-886.7234
-877.1709
-887.3727
-850.5923
-893.8445
-887.6231
-891.7345
-865.1794
-852.6213
-808.7686
-832.0332
-822.0625
-827.6551
-839.6925
-831.8117
-811.0482
-798.3894
-677.4674
-747.833
-761.4868
-755.3531
-522.6249
-666.4459
-659.8675
-735.5181
-762.0698
-734.5489
-562.6529
-666.9103
-679.7284
-686.0098
-699.1834
-690.1534
-686.8766
-656.4442
-645.0955
-661.9116
-685.2308
-685.0947
-1311.259
430.1572
-254.074
-538.0692
-590.6193
-601.1188
-636.8437
-597.708
-560.8951
-6951.395
-2940.444
-1394.013
-855.7052
-667.1221
-622.512
-561.4542
-548.2369
-518.1549
-328.1048
-428.6836
-482.1992
-476.1824
-487.0343
-489.9691
-463.7999
-485.8488
-473.6844
-432.7428
-432.4505
-439.2892
-425.5202
-405.3484
-409.8805
-393.372
-422.7712
-417.6996
-365.0377
-360.9949
-353.7538
-278.2504
-331.5915
-343.754
-242.7669
-290.9017
-298.9523
-1057.946
-526.3775
-199.1747
-246.3145
-239.7514
-242.9005
-263.3019
-307.8977
-208.8692
-208.5935
-208.8346
-73.68741
-144.6415
-173.5008
-144.4823
-77.64895
-115.3638
-116.2622
289.5465
50.4804
-43.60511
-188.5221
-131.9438
-123.9562
-128.0031
-72.83465
-72.18327
-87.16392
-66.55803
-56.45825
-37.69921
-16.56569
-14.77887
1.169286
-2.360695
-1.420931
-4.922316
-7.421559
22.443
39.4994
-38.32303
-13.13348
69.54446
75.61783
100.9369
104.6347
-4.275959
49.25826
28.58999
245.0713
-233.3518
8.450908
85.48217
123.5034
131.2165
136.5531
147.929
166.6866
-201.8586
34.71518
143.5882
190.5389
208.8478
257.6032
237.8924
260.0718
270.8394
159.717
203.9445
247.5539
281.6893
268.1436
329.3094
320.1201
276.3757
352.2249
268.3025
188.0626
285.4149
298.1504
270.1473
315.3453
347.3393
261.1945
353.5577
378.718
357.3336
373.6446
366.2165
385.4791
402.301
439.1539
383.2551
515.8193
472.689
398.7657
418.6088
439.5403
471.1993
564.0988
461.9154
455.5678
489.4583
524.9304
511.2127
435.3142
473.9617
537.0672
509.0339
500.9729
521.6312
522.9572
522.4753
521.0335
517.0015
616.5757
579.6556
539.0257
136.3439
402.528
495.8381
546.6523
536.1221
500.3246
439.7335
532.9226
550.9959
568.7683
7.850734
379.8272
446.8202
522.7498
587.2537
608.7017
606.3251
590.194
598.9375
623.8925
619.2914
547.6527
549.1848
608.3059
661.7314
662.3417
641.9564
664.4105
672.5895
670.8137
663.0127
626.833
602.5954
636.1291
650.2481
649.174
869.9567
501.0116
137.9464
590.6588
637.1962
258.8657
521.9779
654.8424
661.0985
665.0176
664.7351
745.5679
649.4273
656.0654
657.8055
663.3503
665.324
660.0245
666.9086
690.609
660.5852
671.7081
660.8337
662.842
688.5875
693.7184
674.4369
670.7404
1850.289
1246.977
881.3746
734.9616
656.0471
649.067
663.7726
639.6519
638.5698
724.4741
676.2581
761.2026
540.9046
618.1868
629.6625
636.8004
650.6715
641.6286
655.9236
674.2903
651.1575
655.857
646.7635
643.6955
645.3511
633.7099
643.4317
624.1408
644.3286
567.8389
586.9479
601.5897
599.4032
599.9242
605.2579
588.5774
575.5129
586.7009
566.2036
568.0341
580.4995
589.6659
571.8636
577.6354
560.7971
583.2276
572.2899
542.7979
589.3811
542.5546
574.9814
496.0195
522.3654
673.3209
638.1653
531.1917
500.9046
493.4388
497.4275
482.2107
474.2752
495.7662
453.3959
487.0706
498.2097
445.9501
451.3993
443.3382
460.2041
441.3719
415.7362
411.694
429.3183
348.1563
398.4868
429.4002
328.7497
378.9372
366.3036
340.7978
368.831
278.7883
293.4368
318.3503
333.8326
348.2387
320.4818
309.9551
399.2366
321.8745
305.2352
100.168
268.4561
266.5335
256.8844
295.1244
243.4781
232.2021
218.7757
284.7081
206.8318
237.219
325.1878
-244.3954
31.87413
115.1253
145.231
276.0591
729.7426
361.8431
218.7739
4720.317
1772.91
224.631
164.0051
76.29576
101.4133
81.16729
87.27815
113.8542
78.08714
58.93118
19.92395
28.76023
-12.20918
9.233795
1882.964
672.0278
213.4961
57.12216
1.967216
-62.25963
-60.67418
-59.44922
-113.7422
-97.76183
-76.98753
-82.24013
-70.77381
-26.34757
-71.14914
-103.3551
-113.3527
-119.3114
-126.6918
-145.157
-144.4285
-128.795
-153.2289
-115.2188
-164.042
-176.8265
-314.2918
-311.8754
-237.4744
-230.6659
-254.3667
-284.7125
-200.8646
-255.0412
-253.7725
-574.8169
-391.6515
-373.6223
-329.6435
-335.6558
-603.2611
-424.7765
-446.6249
-399.01
-388.3815
-424.5409
-397.8806
-406.1875
-350.6452
-458.9071
-723.1474
-454.2781
-446.9208
-451.427
-458.6425
-750.2088
-568.2951
-504.4804
-488.4304
-506.6755
-567.7827
-581.3578
-542.0694
-510.4167
-541.301
-536.6684
-540.0814
-563.5546
-516.3256
-545.9263
-570.3198
-2957.01
-1435.184
-933.9854
-727.6482
-824.0126
-742.8324
-686.0318
-670.7435
-663.3382
-619.8536
-704.2414
-1051.464
-798.7919
-731.1463
-770.8776
-766.3837
-748.526
-712.8431
-718.6408
480.7093
-307.1452
-626.5592
-709.4112
-355.0864
-640.9505
-734.0223
-780.7622
-783.857
-834.2367
-875.3261
-823.1362
-816.8584
-832.0132
-837.8804
-835.8097
-859.448
-863.1049
-836.3297
-847.8508
-939.3381
-1087.986
-971.4305
-927.9139
-920.8644
-515.0686
-774.442
-885.0489
-897.8502
-2158.78
-881.7422
-926.3402
-1000.883
-966.7364
-999.3177
-1049.571
-1021.141
-1003.768
-978.1615
-990.8805
-987.4697
-1003.366
-999.5292
-1001.992
-1003.667
-1028.961
-1023.236
-1037.638
-1057.852
-1035.278
-1101
-820.4635
-1035.638
-1051.962
-1083.88
-1079.647
-1055.419
-1053.91
-1098.811
-1148.972
-1112.177
-1092.414
-1061.56
-1081.774
-1086.445
-930.4721
-1015.827
-1171.191
-1128.869
-1107.003
-1204.83
-1138.742
-1097.975
-1110.241
-937.0015
-1117.379
-1105.664
-1100.645
-1131.001
-1128.187
-1084.611
-1110.315
-1143.879
-1142.569
-1136.354
-1141.807
-1155.98
-1157.091
-1134.158
-1156.211
-1152.226
-1148.901
-1168.561
-1041.111
-1107.453
-1143.962
-1155.022
-1161.858
-1169.838
-1190.442
-1179.818
-1178.806
-1170.05
-1175.119
-1244.88
-1196.602
-1196.166
-1181.962
-1175.399
-1097.769
-1066.276
-1136.404
-1144.548
-1121.257
-1146.863
-1161.235
-1165.755
-1189.291
-1183.575
-1182.553
-1177.439
-1155.284
-1154.845
-554.2469
-1058.957
-1167.865
-1142.566
-1075.99
-1117.391
-1112.418
-1124.872
-1139.166
-1144.573
-1119.502
-1150.321
-1142.605
-1159.189
-1142.932
-1123.376
-1139.827
-1074.231
-1112.411
-1121.988
-1129.186
-1063.18
-1086.567
-1033.406
-1090.981
-1041
-1178.223
-1148.519
-1047.061
-1053.714
-1072.285
-1074.54
-1095.976
-1068.923
-1088.884
-993.903
-938.7507
-1011.834
-953.4004
-1013.046
-1228.214
-1122.72
-1062.116
-1039.04
-1032.358
-1026.653
-1228.252
-1051.792
-1013.216
-1034.631
-1122.191
-1026.512
-999.3099
-1006.928
-985.1208
-992.1811
-957.23
-961.627
-942.3726
-936.8753
-685.0658
-820.2714
-881.6141
-919.0151
-931.2224
-863.8253
-837.3841
-889.8738
-889.6738
-913.5154
-889.9628
-861.1941
-870.4176
-487.0272
-738.8868
-783.9212
-820.4848
-819.6475
-826.1695
-789.5219
-811.6224
-808.1668
-793.7034
-798.6936
-805.4571
-786.2446
-835.4449
-491.9032
-670.6198
-724.3133
-749.5447
-722.1487
-728.5902
-701.5603
-718.6812
-713.9147
-675.402
-643.8379
-662.2847
-688.7951
-990.1916
-783.8402
-706.9184
-676.8687
-670.7196
-652.5277
-628.1192
-650.4743
379.8231
-209.7941
-462.5984
-549.662
-555.5232
-572.7246
-553.5607
-580.0666
-543.7521
-529.8748
-547.9591
-1044.17
-712.6133
-573.8158
-550.5587
-505.6269
-503.9989
-334.7388
-465.03
-443.2729
-1129.776
-687.9814
-500.2582
-443.2859
-365.5776
-386.3752
-404.4029
-401.8768
-400.2693
-364.3697
-366.9322
-354.0824
-337.5252
-333.6784
-309.1166
-269.8715
-294.3928
-307.2508
-288.9704
-292.588
-284.6521
-280.2031
-279.2759
-195.541
-209.3521
-231.1696
-258.2807
-225.2958
-216.9999
-219.0959
-213.3263
-181.2811
-262.4774
-194.5957
-159.1546
-151.6874
-100.1972
-129.1348
-128.9846
-257.9111
-216.3084
-166.4219
-118.6268
-82.7168
-58.0838
-111.5387
217.0456
40.86232
-65.17392
-50.38572
-40.56259
-22.58413
-49.56635
30.86665
-64.67758
1.103464
16.80561
37.48848
34.9988
10.64374
40.12872
315.2017
186.296
96.79055
70.89561
78.90442
77.06495
122.9586
97.11085
100.5235
121.8757
139.629
136.3727
131.3021
156.2871
155.4545
174.7613
167.1003
100.9446
198.5019
190.5101
186.4149
210.4649
162.27
250.8061
227.2637
-618.6976
-65.00627
161.1445
222.7965
280.0274
257.4622
261.9626
274.924
278.5684
324.7753
306.3038
290.4706
250.3722
297.2094
309.659
376.8142
366.0401
355.3982
395.8638
482.4356
404.1165
383.1965
556.0095
786.7199
523.3587
440.3604
398.016
411.5134
383.9422
413.5251
402.2916
411.8896
397.7112
403.1801
448.5229
445.299
439.1073
450.9184
451.107
443.5735
446.581
447.1012
488.9805
484.8845
487.3587
528.0368
494.1744
499.3605
412.9015
461.9673
537.1343
500.2806
553.9336
514.4344
505.5726
507.2622
540.5998
488.4274
489.4726
569.2048
540.3992
543.4092
542.3233
538.1127
515.3281
517.031
546.7933
559.4362
563.7821
475.1782
438.0166
525.6765
538.8458
541.2901
573.1965
545.042
561.1842
546.7718
561.6603
559.193
712.4991
596.4744
569.2469
580.5693
444.8261
522.4462
572.4374
560.284
378.2695
535.1338
571.188
575.6677
570.5942
575.8158
554.9242
959.9078
736.103
637.844
602.599
584.6792
563.2449
563.2978
562.7459
420.6671
512.6597
554.9971
567.2499
572.2164
557.3046
562.461
589.0811
564.3867
434.8083
315.1393
474.2167
526.1909
559.4888
540.8982
558.8161
553.8899
575.9124
540.7346
502.1958
522.1018
536.2274
491.058
511.0772
519.0566
733.5298
624.5455
576.5163
-463.1802
121.3315
278.0066
246.1319
657.2454
547.6217
509.5254
518.1555
503.608
459.2723
500.4299
479.457
484.2859
537.2901
349.9697
402.5641
738.9988
579.6205
499.002
470.6485
404.7972
424.6796
419.8626
578.4989
449.681
393.0763
418.2757
406.4328
433.3381
428.1512
406.8213
395.9121
379.8608
353.5199
345.7742
352.2862
287.5422
346.1961
324.2479
346.7187
416.3182
281.7834
317.9869
305.3638
389.1648
446.9341
353.2173
168.4572
243.3002
256.2316
285.498
271.9632
272.1286
352.1067
321.5259
263.4105
270.9934
243.7249
215.0043
228.41
200.7955
197.0376
170.7513
186.8443
376.4389
228.7647
204.9653
169.8716
150.0308
158.2268
138.6405
104.5561
95.71221
93.70192
95.4025
105.8082
75.47264
71.12665
56.64946
37.09092
47.49958
-1996.737
-695.5258
-819.4225
-319.0292
-85.38982
-5.047584
4.190478
-16.75363
-98.94153
-73.93825
-85.72802
-52.64899
-53.50849
-59.02973
-35.78142
-81.20093
-94.59328
-163.4112
-117.2273
-123.6595
-122.8636
-135.7646
55.68199
19.99354
-85.41226
-136.8078
-65.87623
-163.0268
-74.69016
-146.4596
-203.3727
-140.4404
-188.8687
-214.612
-281.828
-250.9176
-244.0886
-254.6731
-262.2742
-232.8119
-259.3907
-303.6713
-311.912
-271.3196
-283.4961
-301.5347
-313.8219
-124.5537
-250.5449
-132.8523
-297.7939
-370.5341
-416.6876
-381.1606
-381.2398
-405.3713
-426.792
-434.7975
-429.7095
-422.6478
-440.874
-442.7955
-485.0192
-632.7629
-546.1704
-531.5469
-513.7562
-515.2493
-527.2084
-541.2882
-548.3585
-553.9476
-556.4922
-557.5061
-576.5408
-609.9693
-658.4553
-613.6104
-617.7614
-557.0296
-579.0751
-655.9418
-650.5096
-900.0961
-744.7339
-668.9789
-663.3766
-679.203
-695.8922
-709.1557
-845.8557
-900.1501
-968.0258
-798.8351
-760.6794
-784.2625
-766.8207
-767.503
-763.4481
-754.236
-787.5
-807.6569
-796.1695
-802.6783
-819.1338
-837.3843
-830.9855
-832.8645
-828.3997
-830.9666
-860.3895
-886.7633
-668.2406
-808.3578
-866.6936
-917.562
-908.6545
-910.6493
-725.0755
-866.9879
-892.8967
-920.9057
-928.3153
-1005.993
-959.6642
-967.4937
-1001.405
-946.2934
-1079.391
-1009.545
-1001.216
-1023.938
-1008.994
-1001.968
-1030.565
-1020.198
-1065.883
-1050.735
-1057.464
-1061.507
-1093.709
-1070.732
-1064.215
-1099.153
-1095.41
-1094.082
-1207.587
-1186.529
-1132.183
-1114.367
-1119.357
-1120.033
-1110.614
-1122.346
-1122.99
-1083.435
-1162.691
-1165.829
-1163.096
-1164.115
-1155.315
-1138.669
-1184.172
-1187.302
-1180.883
-1157.369
-1217.636
-1444.139
-1310.948
-1261.063
-1228.977
-1196.109
-1212.046
-1215.576
-1203.616
-1211.996
-1185.618
-1133.389
-1238.229
-1230.148
-1232.696
-1255.851
-1219.867
-1239.077
-1257.001
-1356.142
-1228.944
-1229.688
-1281.619
-1269.414
-1248.467
-1340.905
-1294.924
-1275.833
-1215.259
-1238.807
-1237.645
-1298.235
-1272.392
-1252.048
-1261.502
-1266.248
-1342.947
-1286.201
-1306.484
-1186.763
-1277.642
-1261.864
-1276.14
-1280.24
-1200.048
-1239.468
-1017.391
-1154.057
-1238.524
-1282.026
-1295.113
-1314.884
-1306.964
-1264.693
-1265.321
-1272.828
-1215.243
-1240.663
-1246.165
-1253.463
-1264.06
-1197.938
-1429.647
-1325.956
-1274.089
-1255.051
-1255.681
-1234.562
-1260.294
-1270.137
-1179.712
-1224.422
-1249.392
-1262.813
-1261.046
-1233.486
-1255.333
-1244.877
-1235.924
-1171.056
-1251.904
-1229.435
-1191.266
-1208.348
-1177.807
-1230.538
-1199.026
-1203.369
-1227.583
-1208.468
-408.8907
-923.6167
-1088.817
-1147.701
-1221.834
-1184.181
-1176.839
-1152.811
-1164.994
-1204.533
-1170.219
-1162.912
-1138.519
-1160.023
-1177.248
-1152.665
-1163.381
-1148.172
-1111.576
-1071.896
-1102.282
-1098.616
-921.8542
-1090.027
-1094.177
-1093.422
-1085.637
-1085.887
-1082.212
-1068.658
-1044.049
-1035.952
-1035.201
-1058.058
-1066.724
-1060.037
-1063.194
-985.5386
-1036.033
-1023.239
-1180.87
-1069.28
-1025.135
-1012.608
-989.2578
-1009.872
-1076.142
-991.6232
-993.0489
-1021.241
-969.5597
-950.0854
-911.7486
-840.6124
-888.5836
-859.633
-867.539
-889.9137
-886.2512
-886.5465
-878.0882
-876.7058
-877.3988
-853.1108
-839.6141
-764.5126
-732.1199
-792.9418
-805.8519
-885.0062
-829.9935
-834.066
-776.0654
-757.575
-927.2054
-767.2009
-760.0663
-739.4927
-676.1456
-716.0935
-719.6797
-740.9112
-709.9269
-702.8437
-816.1362
-782.028
-722.2983
-686.0836
-686.542
-664.7546
-650.9385
-651.4722
-611.9523
-606.6458
-604.4566
-590.4671
-597.5397
-583.1962
-581.3558
-564.2418
-565.0731
-553.0213
-556.6172
-501.1732
-513.1172
-683.6397
-528.1552
-606.9097
-581.3945
-505.9746
-497.9855
-491.1343
-450.1705
-440.9979
-713.1506
-461.9537
-425.2952
-416.493
-415.609
-435.043
-421.2358
-400.8068
-376.549
-369.065
-295.619
-321.1527
-298.8878
-324.7329
-351.8348
-245.6921
-304.4845
587.0796
47.82273
-149.6324
-193.9461
-221.8718
-244.4002
-128.5013
-216.1739
-216.3148
-223.7898
-178.1712
-183.3932
-136.541
-174.8627
-193.273
-204.4695
-166.2256
-375.3495
-241.1355
-6.667785
-122.6473
-137.2488
-123.1677
-113.4182
-81.65627
-76.51968
-73.01528
-146.3475
-94.25847
-78.97282
-65.76872
-68.43488
-50.92336
-60.43178
-45.36717
-37.52879
-12.49566
-31.1782
-7.118046
6.055327
-4.433411
-11.12864
18.86407
35.19876
60.48783
46.17566
448.5982
191.6372
99.47082
94.30104
87.70546
79.29735
85.32932
98.69668
62.67285
130.7023
31.23103
90.18846
122.4218
142.5013
158.35
158.0596
172.3941
192.7808
175.7196
193.0011
198.3401
237.3066
224.6336
244.4264
226.8846
227.9434
197.7675
233.7383
227.9249
244.6231
230.3038
249.2021
314.5559
295.475
267.2274
134.7403
213.2498
265.2211
326.2464
291.4494
294.7972
265.1729
466.5325
362.143
238.4201
311.6171
290.0365
540.5401
419.1316
395.231
334.9715
348.476
347.1065
365.996
356.9748
393.4225
388.5849
376.8107
395.1744
384.7299
346.9542
361.632
420.834
434.8506
387.5391
389.7627
396.7975
402.95
399.6878
390.2541
385.0652
417.0806
467.4267
442.2268
429.158
408.3759
431.1686
444.2867
426.5542
438.3899
431.8187
476.9107
447.0637
344.5464
424.6254
434.657
395.6773
447.7907
466.6617
358.0384
467.6949
317.2603
415.1928
451.8775
487.584
473.9599
503.1716
340.5259
549.0623
484.1885
476.1
480.0248
520.6525
462.9407
453.6206
453.3692
534.5937
490.0283
499.0222
516.4392
493.6322
484.3983
495.8923
477.0245
1001.073
638.6556
558.4097
547.4164
492.7247
464.2521
232.0191
338.1481
400.8161
433.8087
451.2813
518.4269
520.7482
456.8444
452.4453
451.8939
428.8628
-65.95397
135.2696
321.5773
385.7601
366.5609
390.2261
397.5105
383.1756
431.2945
426.0338
451.084
487.7376
462.9965
399.5337
404.6428
344.6532
386.3364
400.8204
370.9691
382.1402
413.6351
389.4247
453.8355
360.7264
369.871
351.2017
337.7127
351.1295
137.2155
274.0145
315.0615
329.1311
331.8865
246.6609
292.0308
287.4181
247.8589
278.8132
319.1353
511.4039
408.8637
335.9812
402.4538
326.819
275.9737
274.5112
274.0309
309.0459
261.0972
302.4742
269.7351
203.1617
217.6569
197.4582
194.1538
212.5269
224.4651
218.243
199.7959
194.327
212.9003
179.1932
257.7312
198.0366
182.3948
153.6091
146.1089
130.4227
32.34337
77.67804
205.9285
125.7361
99.94207
100.542
128.8702
100.9748
-142.9414
-9.773404
-39.66145
23.06495
90.74992
127.9514
64.28861
86.29269
63.82248
8.611303
-3.680716
-15.50854
-14.18738
-15.46291
-36.32878
-20.93833
-74.5903
-79.07162
-58.3807
-83.92215
-84.49757
-66.89063
-45.68271
-82.29281
-43.79532
-129.6358
447.9404
77.15648
-64.29959
-121.3874
-131.4709
-155.772
-177.2189
-187.4098
-210.1106
-208.5689
-185.0169
-218.6327
-217.8174
-214.2688
-222.6851
-230.3952
-278.3249
-286.7358
-259.1053
-1691.371
-808.4077
-487.995
-382.1511
-260.4448
-310.5502
-347.5919
-325.1456
-322.5803
-317.3274
-352.6289
-415.4867
-396.4998
-417.7712
-410.2118
-406.7039
-438.8517
-487.5447
-488.4925
-460.8946
-471.8942
-517.1759
-522.148
-531.8682
-511.2505
-514.6967
-529.9378
-506.8956
-311.4861
-455.4704
-508.192
-542.5822
-537.5417
-564.7358
-580.1076
-588.8774
-581.8221
-590.6155
-600.1636
-617.699
-599.2512
-646.5455
-692.0179
-712.9988
-654.7293
-724.7843
-699.828
-685.0732
-697.7134
-715.541
-728.1218
-719.5502
-749.2375
-759.7955
-743.2801
-715.8296
-769.1836
-764.5862
-780.4254
-777.7015
-788.4807
-802.0336
-836.453
-807.2791
-831.0864
-839.5632
-123.6421
-556.4219
