67.96858
79.3031
46.37178
68.93137
151.6136
90.3569
80.56815
15.54595
5.768348
-2.250567
-3.867458
-124.7102
-93.64594
-40.3335
30.44971
23.4085
5.140953
2.797251
-54.69006
-60.05592
-14.71373
-15.25478
-28.7466
-9.748145
4.874295
-27.24198
-30.68088
-95.29055
-28.24356
-247.1771
-198.1492
-67.35552
-151.8513
-120.1357
-49.66812
-4.741292
58.87708
-36.32601
2688.869
1908.496
1242.262
788.7994
513.6611
233.8385
129.1412
-5.908991
26.00729
13.32413
6.236783
-7.131423
-24.6975
27.49378
-10.662
-58.51582
-133.3206
-75.7444
-284.0518
21.8941
-2.138143
-0.5288135
-8.136194
65.54295
34.60951
10.01265
-34.74818
-12.17071
-32.9959
-39.14089
-25.64795
-39.01208
-35.82483
-42.12584
-30.05411
77.86992
96.75709
41.27095
-34.55127
-44.89201
61.25168
-1.77861
-6.981647
-48.39369
-72.68032
-28.52307
-1.323304
-0.8675126
-23.84134
-33.57627
34.89553
-11.6003
-24.32289
12.41534
-112.0431
-230.0138
-220.8097
-392.0296
-273.6391
-207.5768
-178.877
-107.8948
-90.21375
-99.26469
-114.5456
-141.9334
-142.3582
-120.5441
-32.09159
-87.08971
-119.3342
-263.8061
-206.7273
797.7197
496.7268
308.0541
175.2722
40.24222
11.7418
-27.25306
-48.48787
-92.17625
-0.2303187
-3189.029
-2067.055
-1376.516
-956.9458
-728.6968
-538.6836
-380.8534
-254.6241
-58.13573
607.6987
358.3403
210.6802
103.3612
145.6918
52.99507
-97.77171
-80.37261
-11.82454
-47.68142
-172.0336
-193.5909
-146.1117
-113.3705
-72.53519
-19.21995
-36.93393
-27.26001
-58.26734
-76.38655
-102.0508
-101.8209
-66.57666
-238.6512
-229.297
-194.2543
-173.8818
-73.97866
-80.58478
-97.06275
-97.15781
-98.48543
-79.23472
-82.46463
-99.71554
-40.31815
-89.05398
-164.9253
-165.8547
292.5929
-23.12236
184.2998
1989.13
1328.586
818.2922
550.5762
214.4258
88.47895
-187.5765
-207.0304
-206.0441
-150.1326
-129.6917
-173.5265
-163.8286
109.8747
32.1336
-683.5679
-514.0734
-367.0559
-247.8229
-222.4181
-225.9586
-771.9411
-566.5068
-462.9746
-237.915
-219.503
-194.8346
-169.3669
-170.8111
-183.8954
-162.8764
-194.5956
-198.449
-199.8033
-253.188
-217.7972
-213.0327
-134.0924
-183.0963
-173.8382
-183.9924
-183.3402
-168.0903
-170.2144
60.30172
-49.57865
-102.9483
108.6931
119.9845
-10.91796
-64.7683
-133.2508
-84.16591
-134.8895
-131.2558
-187.533
-188.6368
-107.8752
-167.6456
-199.9411
-212.3497
-219.2697
-230.2133
-169.5403
-1126.589
-763.0405
-597.9332
-501.364
-270.675
-250.8256
-222.4708
200.7068
60.96001
-160.5105
-186.8864
67.96635
-18.84819
-109.4878
-151.7615
-210.8552
-206.166
-215.5417
-195.6279
-210.725
-208.6748
-256.549
-205.0597
-138.0865
-214.3711
-300.6757
-296.1128
-137.8682
-219.1231
-233.5275
-243.9874
-206.944
-201.9125
-249.4577
-261.0115
-252.5122
-253.6725
-246.9918
-93.77765
-188.1481
-214.1756
-236.1036
-267.7795
-251.1747
-278.9119
-264.8378
-253.9531
-247.0943
-261.929
-49.59211
16.60319
-126.2228
-157.1511
-265.8007
-266.9015
-412.2559
-253.2455
-264.2363
-318.8494
-428.7471
-402.0206
-359.9243
-324.7015
-405.0619
-345.2305
-347.4942
-1159.902
-953.2931
-701.6945
-575.7362
-487.5044
-538.1109
-449.1397
-407.0353
-451.9707
-470.3434
-428.7796
-382.5941
-345.1088
-342.7109
-314.114
-293.3808
308.6644
-575.3977
-443.1741
-380.3585
-391.9183
-418.7978
-429.7289
-410.1195
-365.8557
-320.2499
-359.7712
-347.4282
-349.7205
-309.379
34.54228
-114.9052
-219.9494
-275.9634
-293.602
-120.2139
-194.2248
-239.6513
-269.3775
-318.9728
-480.5566
-421.2118
-336.3659
-256.9767
-309.5026
-315.0546
-501.0294
-459.5025
-422.8077
-408.8602
-383.0671
-382.2007
-383.2723
79.66453
-70.49977
-175.851
-225.4871
-277.0629
-316.8396
-299.9676
-650.9237
-541.074
-497.1045
-13.89873
-101.2212
-187.8415
-295.1291
-323.5686
-252.1929
-248.0587
-267.8776
-363.0782
-313.234
-331.0193
-339.1047
-308.4188
-294.5122
-317.9336
-351.6851
-364.387
-432.0074
-423.5012
-394.3084
-302.6911
-288.4888
-427.1902
-414.9859
-401.0479
-368.8597
-373.7832
-374.8765
-364.3426
-441.7537
-457.5493
-412.1922
-287.8702
-320.8589
-355.2696
-383.9408
-385.9364
-307.9025
-262.5224
-265.3786
-334.5004
-319.8252
-327.2541
-365.3727
-340.0463
-292.3935
-336.6257
-356.4157
-366.2082
-371.1771
-490.163
-450.4215
-419.2585
-393.8316
-388.5063
-343.4252
-389.2368
-384.0918
-379.2686
-387.4803
-359.5666
-422.879
-440.6321
-412.1254
-418.2572
-393.78
-368.4633
-404.3999
-400.0479
-394.6801
-475.1176
-485.4215
-513.1436
-455.2687
-430.3547
-436.4886
-433.1678
-416.0333
-458.2757
-558.7942
-508.0899
-576.4483
-486.3551
-467.5975
-471.9206
-1643.601
-1290.491
-1001.55
-764.706
-673.1914
-444.6603
-512.7696
-467.4657
-484.5496
-452.0513
-427.1806
-535.769
-559.0661
-489.5371
-481.7634
-504.0612
-513.2573
-356.3495
-360.2507
-381.5077
-899.0338
-2904.147
-2074.908
-1517.445
-1152.131
-884.4462
-748.6114
-883.7039
-733.6094
-629.4854
-517.0143
-505.9578
-646.3476
-530.4849
-498.1582
-467.3705
-529.9908
-497.7275
-451.5007
-452.6498
-484.1464
-505.8135
-588.0322
-487.4887
-426.2392
-489.7476
-480.631
-586.3128
-688.159
-607.6784
-603.9628
-522.0867
-554.4081
-470.5601
-446.6015
-218.8645
-258.4109
-325.2213
-356.4083
-421.0277
-468.0929
-408.4572
-526.7267
-503.1633
-517.9186
-411.8859
-417.3643
-470.4846
-500.5044
-501.3096
-510.7385
-1043.514
-843.6172
-697.1465
-506.8355
-528.5828
-528.689
-634.6629
-513.5916
-305.2867
-347.6277
-392.501
-410.5036
-508.6111
-533.6877
-520.9903
-551.1609
-501.5787
-479.2996
-445.5915
-476.7539
-432.8433
-524.8695
-513.1113
-391.2314
-764.5401
-649.4219
-581.3309
-521.469
-477.933
-505.9292
-273.81
-370.0005
-425.0626
-458.9438
-491.751
-480.3975
-434.6578
-455.3479
-485.3509
-413.482
-448.9887
-541.8301
-515.8317
-505.1362
-472.3273
-472.859
-487.2371
-984.4199
-1009.781
-828.1947
-755.7982
-642.615
-618.4192
-561.2666
-493.6269
-508.2822
-506.6833
-510.6713
-498.1972
-508.3823
-495.3825
-34.57307
-166.8201
-258.0261
-331.7762
-506.0851
-553.9772
-610.4507
-610.666
-623.9441
-476.104
-537.543
-571.7346
-560.5563
-611.9284
-553.7422
-541.4221
-553.3582
-538.292
164.7514
-157.0795
-686.1824
-641.6445
-547.09
-532.4113
-194.2579
-311.0543
-412.1662
-460.085
-494.2959
-510.4879
-548.4887
-526.5089
-524.6462
-520.0249
-575.3013
-516.1867
-560.1369
-588.6489
-677.118
-670.5009
-957.1049
-783.71
-665.5468
-641.7308
-630.943
-623.014
-684.6923
-796.3453
-848.397
-734.9293
-33.81604
-351.4809
-650.9225
-614.4984
-672.7942
-651.8987
-496.0938
-558.0687
-627.4372
-759.6839
-689.0303
-1720.906
-1305.139
-1015.462
-874.7204
-823.1397
-717.6427
-716.2568
-602.5325
-593.9656
-609.5191
-603.5722
-581.2652
-579.4005
-540.4211
-564.9193
-556.9947
-152.4351
-263.2475
-373.3379
-457.0367
-478.4485
-610.511
-591.2387
-643.0235
-617.9622
-591.2374
-595.0445
-590.1921
-569.5804
-605.3101
-571.2119
-628.824
-588.319
-574.9632
-578.3703
-475.0385
-548.5828
-584.0091
-594.3621
-627.2662
-628.7891
-627.7922
-624.0435
-607.7267
-611.1739
-599.2571
-613.9284
-605.805
264.2633
228.0689
-98.19768
-280.7122
-351.4732
-528.3549
-573.3974
-600.1052
-563.574
-558.3934
-566.4487
-656.7304
-430.1395
-473.2482
-589.0497
-648.5494
-657.7982
-597.49
-591.91
-613.3162
-617.5262
-611.8216
-594.145
-653.4333
-655.3758
-616.3967
-738.3672
-706.6408
-672.4858
-653.0841
-625.0275
-613.1488
-621.1387
-647.9562
-724.9508
-712.7071
-678.5627
-616.5936
-494.3648
-523.3127
-582.1077
-598.4294
-673.1144
-506.7588
-674.0745
-700.4323
-701.2496
-681.3154
-656.5285
-633.5363
-538.0252
-584.6789
-594.0661
-590.4564
-603.0475
-613.3441
-600.3929
-780.0975
-739.2034
-705.1806
-713.1898
-776.1444
-737.7131
-390.6805
-497.2242
-588.118
-113.4314
1442.6
866.6036
492.1493
82.77724
-199.0012
-356.5208
-588.9063
-640.4445
-632.7856
-668.6306
-681.474
-678.4855
-676.1425
-660.9132
-673.7402
-668.0633
-671.4688
-675.9188
-718.1309
-713.1847
-718.3199
-684.0226
-690.5134
-687.3293
-671.0853
-674.6856
-679.2868
-709.6759
-692.7612
-733.2013
-721.0381
-721.6562
-730.1698
-689.2089
-704.3039
-954.4795
-876.6313
-836.632
-784.3451
-735.9363
4322.204
2577.883
1451.034
747.1743
256.2755
-325.0792
-404.3845
-525.8481
-583.4822
-574.192
-642.28
-663.8785
-695.2934
-727.6575
-727.1894
-691.5094
-714.2818
-714.7775
-723.1088
-663.1222
-746.4452
-745.1307
-763.3931
-750.9992
-738.7496
-720.7061
-604.1663
-654.0211
-701.2785
-730.2691
-743.9223
-722.3526
-739.1208
-733.468
-729.011
-719.4318
-726.4816
-930.3424
-970.4948
-889.1038
-850.6528
-815.2294
-729.9167
-756.4238
-828.8764
-775.3004
-759.9547
-767.1693
-778.9776
-804.6765
-776.6444
-776.9877
-65.13689
-308.5162
26.89535
-226.9211
-393.6052
-550.3681
-676.8701
-803.0595
-835.5177
-807.3551
-799.8768
-779.4895
-769.4858
-791.1323
-819.5916
-799.7598
-786.7506
-796.3257
-827.2429
-710.5681
-702.4031
-751.5671
-712.4775
-720.2348
-758.9232
-757.7355
-714.0708
-761.2072
-805.6897
-775.0267
-716.1904
-711.4258
-752.1466
-792.1627
-764.8729
-771.3029
-825.5714
-828.6478
-789.5979
-806.0815
-798.1193
-801.3365
-803.7932
-868.7762
-852.2724
-864.7532
-542.6724
-647.0926
-743.0925
-782.9539
-775.5169
-802.2316
-873.0119
-866.322
-945.8268
-908.2393
-827.7104
-788.4707
-800.019
-836.0302
-911.2479
-897.7923
-924.3018
-878.3213
-466.803
-578.1366
-667.5012
-827.6081
-830.8957
-884.113
-872.0547
-965.3173
-912.0285
-909.8158
-903.4452
-886.232
-792.9597
-807.6443
-824.6651
-847.6189
-849.3496
-871.009
-801.2576
-833.6659
-829.6625
-713.5909
-780.2584
-826.1333
-829.5648
-814.76
-848.1176
-1970.322
-1574.727
-1863.757
-1528.241
-1317.544
-1863.697
-1577.585
-1326.584
-1168.086
-1060.843
-1055.363
-978.2323
-962.6178
-963.9686
-920.271
-1017.615
-947.4042
-935.731
-880.3619
-847.3636
-931.9821
-1057.98
-919.8185
-891.3379
-898.7797
-610.9717
-716.7954
-809.9
-868.6495
-886.6282
-974.5655
-1113.754
16842.27
10667.57
6682.28
4078.028
2354.206
1220.921
498.9777
37.51299
-308.3068
-457.2063
-620.1589
-714.7439
1327.579
559.4458
103.9802
-127.3569
-384.6297
-481.4686
-622.9354
-827.1575
-844.3902
-886.8244
162.3621
-1279.501
-1144.532
-1027.505
-959.2133
-939.3713
-957.9189
-977.1379
-955.5314
-959.3945
-1079.555
-1031.852
-1063.62
-841.2423
-867.0257
-543.574
-695.4664
-789.1959
-844.7658
-871.671
-1062.438
-1006.238
-975.3692
-911.8041
-621.6914
-739.9208
-779.4312
-923.87
-849.1202
-951.4488
-964.0413
-970.0572
-904.9927
-903.2474
-902.56
-977.6471
-930.2993
-942.7816
-930.3551
-977.1399
-1163.39
-1106.661
-2055.14
-1695.338
-1449.221
-1280.367
-1168.29
-1087.758
-1042.925
-1006.988
-988.534
-1007.684
-892.9925
-928.6423
-997.4794
-969.4592
-1032.141
-1025.718
-908.7472
-932.8825
-896.8907
-982.6638
-1059.976
-1034.635
-721.4398
-814.1156
-857.0372
-886.8791
-3143.712
-2331.925
-2392.365
-1823.798
-1523.221
-1296.755
-1274.544
958.367
277.3295
-117.9675
-434.4205
-618.5113
-821.46
-890.3707
-946.8221
-961.0681
-981.9924
-1005.618
-999.2687
-1025.618
-1002.921
-1014.059
-1008.383
-1053.598
-1011.93
-1167.64
-1111.856
-1035.994
-1007.944
-1097.986
-1139.87
-1144.877
-1099.591
-1076.818
-3784.839
-2814.246
-2274.977
-1813.203
-1589.749
-1415.613
-1014.017
-1013.256
-1095.824
-1072.474
-994.0059
-1472.901
-1390.791
-1154.466
-1121.997
-1153.815
-1116.862
-903.1754
-730.7896
-815.314
-846.6514
-996.5715
-1400.055
-1238.431
-1020.848
-1044.897
-1048.708
-1019.248
-1014.341
-1050.969
-1053.683
-1042.044
-1008.911
-1000.901
-1033.08
-946.4684
-992.0634
-828.092
-927.2861
-954.3721
-984.3823
-542.824
-677.9403
-857.3649
-913.7657
-852.4791
-923.9336
-940.535
-942.4376
57.72435
-337.5287
-556.1809
-721.5846
-836.3229
-925.1817
-956.3906
-1006.876
-920.9878
-981.5062
-1048.721
-1055.45
-1055.51
-1052.273
-1045.436
-1043.157
-1021.227
-1393.073
-1298.74
-3881.191
-2913.508
-2417.526
-1921.939
-1640.823
-1508.678
-1064.054
-1042.147
-1055.301
-1017.802
-1041.923
-1002.462
-995.5809
-1015.517
-1023.28
-1034.74
-1054.062
-1016.498
-1035.652
-1071.721
-1070.958
-1214.307
-1160.855
-809.8205
-898.7233
-918.3679
-991.9814
-774.6814
-899.2113
-1010.111
-1044.017
-886.6842
-1034.02
-1053.918
-1045.455
-1034.182
-691.4142
-841.0382
-923.5709
-179.3164
-462.1362
-392.2067
-640.0774
-860.5713
-917.1681
-985.4498
-1116.079
-1130.376
-1069.969
-1085.449
-1066.939
-1534.328
-654.6589
-845.1088
-987.672
-1008.629
-1034.649
-1030.773
-1197.03
-1164.537
-1156.561
-1129.329
-1115.896
-1131.441
-1134.506
-1149.036
-1135.276
-1125.422
-1226.845
-1676.248
-1435.374
-1296.389
-1251.494
-1212.434
-1065.173
-1078.995
-1102.958
-1076.151
-929.8313
-1220.698
-1185.562
-1084.606
-1076.546
-961.6972
-1000.299
-1012.704
-1444.559
-1285.999
-1265.833
-1216.077
-1267.499
-1207.99
-1150.953
-1105.125
-1128.862
-1175.407
-1145.519
-991.028
-1074.648
-991.632
-1106.459
-1105.936
-1136.837
-1164.934
-1223.027
-1193.95
-1193.169
-1155.065
-1129.84
-1081.793
-1154.507
-1118.393
-1116.186
-1114.058
-1125.072
-1115.863
-1163.084
-1137.264
-1134.703
-1120.166
-1207.697
-1156.161
-1153.745
-1094.243
-1105.45
-1044.186
-1048.724
-1142.445
-1125.63
-1042.162
-1070.773
-1068.925
-1045.966
-1068.595
-1092.844
-1097.17
-1129.125
-1124.33
-1115.436
-1137.119
-1145.401
-1243.572
-1193.682
-1172.928
-1130.977
-1122.607
-1158.502
-1134.153
-1173.125
-984.8509
-1050.471
-1081.317
-1114.49
-884.1843
-973.6754
-1060.194
-1088.358
-1110.683
-1123.311
-1119.171
-1149.389
-368.8981
-598.5097
-916.4678
-994.3172
-1076.608
-1107.796
-1117.761
-1145.406
-1084.179
-1118.861
-1140.707
-1138.737
-1143.033
-1157.081
-1143.291
-1180.639
-1221.57
-1197.198
-1145.411
-1150.343
-1176.003
-1234.991
-1212.001
-1190.405
-1152.529
-1155.023
-1152.814
-1124.63
-1265.257
-1270.75
-1250.356
-1207.518
-1185.951
-1141.298
-1177.039
-1121.953
-1139.686
-1173.385
-1012.333
-1058.284
-1120.668
-1127.46
-1176.294
-1193.944
-1104.368
-1188.369
-1211.053
-1219.545
-1216.009
-1165.004
-1193.289
-1134.175
-1195.024
-1182.366
-1259.381
-1210.865
-1206.12
-1241.58
-1216.139
-1242.969
-1264.632
-1256.893
-341.5103
-626.0857
-854.5437
-988.8478
-1088.728
-1185.758
-1207.251
-1233.429
-1546.704
-1427.441
-1350.761
-1347.316
-1306.897
-1268.053
-1181.935
-1260.92
-1261.887
-1263.832
-1255.367
-1280.313
-1251.069
-1235.109
-1257.967
-1250.502
-1432.857
-1384.329
-1327.376
-1309.064
-1306.041
-1308.534
-1170.355
-1143.629
-1178.19
-1250.324
-1257.891
-1217.376
-1249.542
-1240.438
-1255.561
-1347.658
-1734.555
-1611.219
-1617.215
-1511.662
-1491.637
-1388.692
-1335.686
-1374.296
-1314.041
-1311.211
-1417.856
-1446.681
-1376.136
-1703.287
-1552.987
-1469.502
-1422.357
-1393.9
-1363.071
-1343.235
-1375.203
-1265.153
-1281.164
-1290.541
-1260.463
-1283.404
-1406.026
-1399.498
-1368.461
-1356.848
-1316.068
-1325.989
-1607.982
-1505.029
-1455.36
-1422.354
-1371.192
-1467.478
-1413.07
-1365.331
-1240.165
-1339.99
-1340.339
-1330.082
-1325.389
-733.6744
-961.9459
-1106.56
-1203.383
-1454.853
-1446.318
-1403.198
-1386.947
-1401.259
-1378.951
-1404.549
-1399.427
-1378.33
-1409.149
-1392.055
-1353.098
-1357.595
-1452.406
-1423.702
-1410.794
-1375.912
-1422.611
-1365.69
-1322.622
-1266.301
-1211.19
-1261.339
-939.902
-1085.299
-1158.834
-1224.107
-1259.862
-1314.127
-1476.181
-1434.576
-1406.824
-1527.745
-1439.525
-1409.207
-1386.044
-1390.29
-1270.809
-1306.892
-1398.432
-1373.976
-2009.909
-1730.198
-1522.134
-1481.87
-1463.749
-1398.727
-2284.877
-2012.103
-1794.481
-1662.661
-1594.083
-1523.913
-1486.636
-1218.818
-1327.122
-1276.765
-1326.344
-1353.973
-1333.274
-1347.894
-1351.051
-1159.631
-1293.149
-1309.98
-1344.136
-1433.659
-1341.181
-1337.357
-1358.055
-1339.589
-1319.269
-1623.642
-1546.841
-1508.67
-1484.16
-1456.042
-1458.706
-1410.238
-1366.361
-1345.424
-1353.769
-1388.296
-1349.644
-1336.052
-1336.541
-1381.158
-1389.976
-1430.985
-1404.29
-1395.414
-1389.553
-1487.036
-1474.956
-1470.34
-1433.213
-1399.465
-1457.269
-1477.098
-1430.89
-1455.812
-1434.245
-1438.823
-1418.509
-1462.476
-1282.106
-1329.263
-1400.438
-1477.962
-1401.648
-1406.727
-1432.944
-1437.695
-59627.54
-39597.23
-26464.23
-17859.08
-12194.22
-8534.12
-6119.543
-4472.715
-3489.645
-2842.056
-2384.181
-2000.279
-1784.489
-1700.41
-1598.358
-1510.834
-1512.192
-1483.187
-1487.454
-1544.617
-1470.084
-1438.203
-1345.221
-1416.535
-1516.357
-1587.975
-1532.809
-1491.559
-1479.512
-1559.163
-1729.53
-1649.998
-1602.009
-1546.234
-1549.687
-1529.187
-1609.517
-1560.452
-1521.42
-1510.479
-1538.164
-1495.715
-1493.716
-1489.112
-1481.102
-1614.314
-1675.172
-1598.741
-1499.3
-1521.014
-1464.396
-1409.48
-1441.555
-1579.907
-1519.559
-1514.509
-1458.893
-1442.167
-1482.34
-1434.398
-1444.755
-1452.451
-1501.852
-1451.714
-1572.975
-1531.262
-1537.471
-1519.065
-1124.707
-1251.448
-1372.69
-1459.931
-1497.317
-1466.885
1344.252
390.0375
-264.4873
-698.8592
-992.4349
-1183.057
-1307.331
818.1341
-2.56804
-559.3807
-918.2545
-1084.08
-1230.251
-1306.475
-1392.761
-1452.247
-1473.391
-1501.13
-1522.888
-1534.896
-1614.175
-1598.832
-1587.244
-1700.954
-1691.621
-1633.834
-1364.614
-1439.636
1751.093
-328.0311
-737.6722
-1007.743
-1183.748
-1313.288
-1410.375
-1408.764
-1438.037
-1457.115
-1477.282
-1397.671
-1447.2
-1510.855
-1533.958
-1530.414
-1558.145
-1453.83
-1514.046
-1519.268
-1528.63
-1572.58
-1629.318
-1556.136
-1550.043
-8677.506
-6224.873
-4623.11
-3554.74
-2932.522
-2458.1
-2170.344
-1792.543
-1780.175
-1528.695
-1444.483
-1463.822
-1467.958
-1508.278
-1546.334
-1559.031
-1530.95
-1546.468
-1618.317
-1635.366
-1613.654
-1587.826
-1571.495
-737.0542
-1071.828
-1368.526
-1404.674
-1482.092
-1474.474
-1495.991
-1492.305
-1601.533
-1586.365
-1368.292
-1461.473
-1720.284
-1697.967
-1661.143
-1613.383
-1622.659
-1660.584
-1640.93
-1637.182
-1613.855
-1594.754
-1581.899
-1551.016
-1599.956
-1610.731
-1584.746
-1568.214
-1496.85
-1540.684
-1589.441
-1618.615
-1594.133
-1682.246
-1627.733
-1639.891
-1635.992
-1592.574
-1558.25
-1799.476
-1749.752
-1711.965
-1650.341
-1603.986
-1608.908
-1662.438
-1629.284
-1695.476
-1660.981
-1617.937
-1583.844
-1596.257
-1610.284
-1615.784
-1549.756
-1566.903
-1571.023
-1571.33
-1572.134
-1566.69
-1568.534
-1578.883
-1613.087
-1604.516
-1602.999
-1631.536
-1630.828
-1628.903
-1610.226
-1657.851
-1631.188
-1614.961
-1599.459
-1534.451
-1570.592
-1599.83
-1625.168
-1428.913
-1475.527
-1556.296
-1458.36
-1271.415
-1377.126
-1476.598
-1515.1
-1612.027
-1612.702
-1631.096
-1585.513
-1609.914
-1599.049
-1636.894
-1595.098
-1485.08
-1501.819
-1574.78
-1602.092
-1620.143
-1680.916
-1722.277
-1717.946
-1658.836
-1670.433
-1626.006
-1618.635
-1565.073
-1601.522
-1623.266
-1554.464
-1569.004
-1670.678
-1665.347
-1650.984
-2292.904
-2063.914
-1876.583
-1835.724
-1767.101
-1695.443
-1667.797
-1703.893
-1710.494
-1690.896
-1698.028
-1650.629
-1656.44
-1640.121
-1747.385
-1631.348
-1580.207
-1621.035
-1597.446
-1562.166
-1455.141
-1481.138
-1355.598
-1441.134
-1516.041
-1810.75
-1753.401
-1720.723
-1578.347
-1557.98
-1578.666
-1604.652
-1627.087
-1635.026
-1726.888
-1756.166
-1674.294
-1673.758
-1678.702
-1683.593
-1671.26
-1873.78
-1782.758
-1902.418
-1858.176
-1787.629
-1842.959
-1799.269
-2521.882
-2204.219
-2028.736
-1862.118
-1799.55
-1695.459
-1695.216
-1696.409
-1771.679
-1660.258
-1673.728
579.0978
-259.096
-697.4241
-1048.608
-1176.001
-1355.567
-1439.108
-1483.428
-1540.703
-1610.71
-1650.806
-1635.833
-1777.179
-1754.949
-1642.753
-1679.904
-1746.761
-1715.543
-1802.027
-1771.801
-1728.898
-1736.003
-1785.293
-1856.854
-1813.749
-1846.254
-1779.076
-1940.143
-3905.351
-3162.352
-2652.695
-2460.007
-2235.81
-2135.614
-1984.162
-1947.729
-1834.011
-1803.806
-1794.637
-1782.96
-1750.312
-1743.306
-1783.766
-1591.755
-1601.865
-1671.4
-1721.249
-1730.022
-1670.672
-1696.229
-1722.48
-1735.555
-1669.716
-1718.994
-1706.935
-1680.134
-1754.3
-1748.91
-1775.043
-1793.739
-1801.882
-1718.984
-1746.84
-1738.486
-1726.575
-1759.248
-1833.658
-1819.336
-2206.023
-2054.895
-1919.389
-1676.467
-1699.589
-1686.769
-1689.888
-1709.018
-1723.375
-1715.224
-1831.935
-1980.968
-1852.058
-1870.416
-1831.929
-1774.997
-1747.434
-1755.938
-1667.823
-1785.129
-2228.975
-2075.07
-1946.443
-1921.394
-1888.645
-1854.846
-1823.506
-1795.475
-1799.905
-1773.743
-1762.403
-1775.054
-1820.857
-1799.995
-1852.473
-1835.654
-1701.713
-1731.438
-1748.297
-1803.464
-1828.925
-1843.16
-1837.8
-1789.898
-1814.196
-1827.798
-1823.857
-2387.428
-2290.605
-2092.773
-2070.758
-1962.622
-2125.278
-1997.212
-1794.403
-1746.311
-1717.22
-1689.796
-1730.287
-1763.944
-1818.838
-1813.293
-1808.091
-1878.802
-1843.174
-1517.554
-1624.728
-1606.409
-1712.826
-1731.345
-1779.738
-1793.773
-1780.597
-1855.216
-1850.41
-1907.789
-1874.562
-1857.801
-1831.189
-1723.231
-1702.077
-1579.087
-1652.697
-1707.925
-1800.139
-1824.616
-1847.453
-1853.848
-2065.57
-1974.84
-1918.613
-1892.281
-1877.441
-1870.459
-1875.272
-1760.247
-1918.947
-1855.355
-1850.758
-11465.11
-8150.638
-5936.174
-4564.862
-3607.659
-3008.684
-2610.713
-2190.691
-2080.151
-2008.407
-1951.302
-1882.457
-1974.809
-1936.318
-1925.267
-1911.883
-1971.977
-1918.833
-1915.89
-1951.005
-1908.355
-1899.834
-2122.142
-2032.339
-1849.25
-1895.714
-1907.735
-1927.119
-1928.604
-1980.255
-1959.715
-1975.692
-1926.64
-1919.055
-1944.255
-1968.545
-1918.088
-1928.797
-1929.535
-1900.251
-1913.15
-3304.559
-2787.933
-2484.811
-2307.231
-2182.561
-2105.762
-2016.851
-1977.535
-1954.155
-1910.493
-1920.929
-1930.287
-1941.15
-1800.847
-1847.21
-1856.562
-1937.833
-1859.505
-1878.343
-1876.239
-1890.346
-1921.312
-1943.689
-2177.476
-1995.779
-1997.461
-1944.242
-1926.782
-2188.663
-2127.247
-2125.625
-2073.455
-2025.76
-1978.601
-1932.701
-1953.9
-1950.428
-1914.047
-2166.755
-2092.154
-2089.805
-2032.943
-2033.283
-1960.197
-2454.374
-2161.823
-2087.273
-2016.532
-2009.938
-1987.098
-4088.653
-3371.453
-2705.656
-2473.017
-2358.495
-2093.154
-1580.727
-1711.96
-1806.382
-1877.248
-1909.283
-1914.314
-2036.667
-2003.817
-1995.348
-1998.962
-2182.568
-2095.584
-2053.802
-2023.6
-2057.357
-2061.837
-2035.949
-2039.635
-1973.07
-1958.654
-2039.864
-2038.658
-2020.641
-2039.558
-1256.784
-1495.167
-1621.495
-1739.582
-1859.442
-1896.76
-1935.7
-1974.797
-1973.433
-1942.704
-2169.611
-2391.057
-2280.962
-2182.631
-2080.596
-2088.088
-2039.404
-2019.693
-1926.252
-1930.618
-1956.066
-1991.093
-1989.896
-1995.183
-2157.56
-2108.489
-2063.432
-2092.577
-2100.51
-2087.448
-2031.514
-2048.216
-2058.936
-2069.634
-2125.114
-2102.696
-2030.704
-2090.198
-2091.814
-2067.125
-2061.509
-2043.071
-2103.891
-2100.764
-2098.359
-2086.075
-2051.564
-2064.614
-2073.391
-2113.714
-2101.71
-2207.094
-2144.227
-2085.929
-2070.229
-2041.652
-2104.699
-1950.645
-1945.737
-2005.502
-2043.678
-2015.049
-2040.996
-1927.175
-2020.226
-2047.149
-2045.962
-2042.858
-2062.526
-2036.568
-2061.816
-2029.331
-1646.433
-1774.234
-2104.834
-2026.034
-2000.66
-5359.466
-4230.663
-3551.997
-3052.771
-2692.403
-2506.137
-2308.864
-2283.271
-2237.155
-2200.932
-2140.626
-2116.407
-2090.58
-2098.637
-2069.293
-2052.69
-1987.202
-1999.829
-2058.073
-2050.947
-2075.519
-2072.451
-2062.703
-2031.251
-1970.822
-2026.659
-2052.899
-2067.887
-2065.538
-2035.238
-2040.383
-2101.77
-2007.878
-2044.335
-2187.752
-2151.42
-2156.391
-2145.658
-2121.992
-2114.628
-2096.014
-2053.482
-2080.067
-2102.844
-2052.782
-2042.448
-2195.59
-2187.591
-2150.262
-2123.122
-2094.715
-2251.999
-2254.281
-1682.499
-1827.543
-1829.457
-1878.339
-1962.549
-2041.831
-2082.931
-2014.111
-2042.149
-2031.367
-2102.238
-2208.868
-2114.237
-2581.279
-2403.515
-2349.575
-2315.272
-2248.883
-2179.084
-2212.67
-2187.5
-2128.691
-2130.573
-2036.682
-2042.983
-2090.225
-1967.134
-2058.541
-2161.008
-2294.166
-2249.901
-2222.885
-2125.308
-2082.709
-2112.477
-2147.13
-2094.226
-2103.487
-2138.739
-2184.467
-2173.681
-2174.335
-2124.404
-2109.876
4505.294
2483.41
890.9953
-146.2772
-816.0289
-667.3415
-1270.255
-1600.856
-1645.026
-1813.601
-1907.884
-1980.259
-2036.496
-2033.164
-2047.623
-2012.983
-2077.655
-1892.846
-1992.431
-2123.433
-1998.141
-2053.556
-2017.287
-2060.186
-2098.051
-2133.984
-2127.807
-2147.857
-2131.069
-2087.388
-2126.672
-2153.438
-2207.571
-2210.049
-2192.803
-2210.448
-2232.096
-2228.135
-2213.534
-2121.262
-2054.841
-2100.866
-2198.205
-2214.599
-2214.219
-2204.47
-2200.3
-2219.596
-2209.319
-2200.752
-2080.185
-2120.464
-2138.324
-2202.925
-2122.069
-2124.851
-2179.288
-2188.855
-2144.69
-2172.663
-1144.728
-1500.369
-1734.618
-1888.197
-1879.037
-1959.456
-2026.417
-2012.397
-2091.054
-2146.642
-2160.886
-2147.295
-2185.391
-2131.241
-2151.042
-2328.885
-2304.411
-2371.785
-2345.773
-2264.994
-2235.125
-2215.98
-2214.125
-2136.991
-2188.845
-2134.257
-2174.542
-2244.411
-2238.419
-2222.161
-2771.206
-2578.865
-2433.098
-2360.373
-2289.691
-2267.702
-2288.634
-2277.311
-2265.615
-2300.219
-2209.724
-2436.818
-2427.751
-2358.525
-2313.305
-2156.824
-2127.952
-1791.825
-1933.985
-2028.604
-1994.074
-2126.011
-2154.693
-2278.001
-2266.834
-2241.578
-2231.106
-2172.507
-2188.23
-2203.605
-2215.367
-2220.565
-2218.403
-2201.045
-2282.123
-2282.578
-2151.287
-2188.455
-2010.084
-2064.571
-2134.183
-2165.947
-1894.284
-2468.453
-2441.4
-2377.053
-2327.414
-2146.227
-2073.171
-2216.054
-2218.362
-2254.405
-2243.328
-16497.95
-11644.93
-8445.382
-6203.86
-4792.894
-3921.85
-3345.698
-2949.435
-2699.831
-2542.069
-2141.024
-1662.699
-1872.226
-2038.782
-1957.005
-2056.66
-2120.451
-2162.748
-2188.08
-2199.783
-2302.234
-2292.424
-2279.106
-2278.009
-2246.734
-2257.395
-2204.093
-2239.662
-6466.952
-5035.031
-4050.819
-3413.641
-2990.846
-2723.592
-2597.515
-782.4102
-1294.481
-1638.667
-1845.119
-1937.249
-2016.067
-2134.067
-2150.091
-2190.47
-2287.53
-2280.347
-2262.273
-2264.037
-2263.838
-2304.029
-2278.776
-2261.587
-2274.94
-2349.669
-2316.007
-2291.248
-2309.353
-2319.527
-2309.306
-2242.871
-1427.821
-1516.742
-1814.258
-1966.088
-12126.22
-8752.043
-6601.45
-5092.276
-4170.372
-3537.78
-3125.696
-3209.337
-2866.646
-2658.479
-2388.638
-2384.813
-2384.411
-2371.68
-2325.474
-2309.49
-2299.404
-2316.396
-2336.921
-2314.963
-2339.361
-2283.756
-2282.424
-2259.754
-2291.676
-2373.688
-2351.342
-2320.843
-2376.171
-2352.724
-2323.847
-2235.05
-2221.58
-1925.156
-1787.641
-1951.836
-2084.398
-2180.304
-2258.031
-2388.647
-2264.273
-2155.845
-2224.946
-2314.344
-2402.372
-2413.497
-2380.908
-2333.993
-2543.375
-2470.192
-2462.557
-2433.381
-2389.956
-2343.097
-2350.307
-2317.344
-3141.211
-2883.055
-4196.885
-4185.733
-3545.315
-3125.193
-2887.356
-2724.859
-2588.673
-2492.041
-2426.547
-2447.464
-2448.968
-2441.82
-2427.587
-2408.056
-2304.063
-2358.516
-2380.44
-2387.231
-2416.029
-2357.379
-2287.486
-2291.559
-2327.112
-2421.723
-2441.696
-2424.671
-2406.095
-2303.584
-2220.705
-2247.084
-2296.868
-2281.293
-2272.186
-2323.038
-2338.114
-2372.605
-2404.788
-2420.989
-2435.052
-2424.378
-2416.311
-2410.82
-2414.17
-2386.777
-2154.219
-2228.399
-2299.701
-2369.885
-2362.889
-2332.148
-2376.093
-2401.727
-2422.437
-2412.031
-2441.465
-2319.569
-2339.72
-2380.761
-2279.182
-2325.554
-2342.713
-2375.317
-1735.175
-1971.53
-2122.839
-2314.082
-2366.953
-2425.434
-2419.531
-2405.083
-2422.382
-2585.88
-2535.835
-2485.814
-2418.516
-2342.273
-2345.608
-2378.712
-2404.407
-2397.445
-2415.204
-2506.004
-2536.015
-2458.273
-2405.019
-2350.163
-2374.844
-2433.415
-2490.773
-2462.82
-2454.8
-2425.194
-2398.114
-2256.157
14557.52
8718.786
4896.663
2303.235
726.4071
-604.7251
-1229.9
-1672.562
-1859.401
-2055.099
-2203.461
-1673.635
-1907.875
-2101.267
-2395.157
-2449.298
-2447.309
-2448.315
-2231.085
-2310.013
-2314.257
-3589.586
-3208.766
-2981.874
-2840.67
-2716.175
-2632.386
-2568.139
-2376.097
-2402.532
-2446.706
-2510.947
-2672.296
-2741.918
-2631.41
-2616.467
-2569.679
-3139.996
-2950.615
-2822.329
-2728.974
-2645.629
-2571.034
-2659.52
-2602.713
-2583.595
-2538.657
-2514.19
-2406.319
-2449.146
-2469.568
-2578.199
-2553.412
-2524.582
-2498.249
-2491.463
-2474.705
-2462.939
-2458.02
-2457.225
-2449.219
-2474.805
-2500.96
-2479.206
-2459.308
-2452.053
-2450.505
-2546.271
-2520.54
-2523.65
-2550.006
-2583.728
-2600.058
-2566.965
-2583.982
-2730.778
-2649.545
-2600.368
-2558.537
-2561.137
-2517.455
-2575.514
-2609.137
-2580.286
-2559.54
-2622.165
-2574.083
-2553.505
-2551.752
-2037.386
-2173.752
-2296.507
-2389.698
-2449.218
-2451.524
-2548.145
-2554.263
-2568.334
-2608.999
-2629.262
-2629.956
-2424.598
-2355.832
-2392.082
-2481.885
-2515.983
-3175.712
-2965.445
-2801.625
-2713.685
-2758.69
-2772.182
-2707.482
-2552.885
-2533.156
-2346.426
-2471.373
-2510.848
-2591.102
-2580.6
-2563.328
-2562.135
-2577.581
-2579.916
-2567.508
-2609.302
-2610.751
-2594.652
-2565.162
-2590.512
-2573.144
-2685.039
27415.54
17071.5
10351.06
5875.254
2978.375
901.691
-467.8592
-1234.808
-1846.754
-2004.148
-2218.565
-2394.93
-2397.943
-2443.609
-2482.424
-2524.122
-2591.781
-2626.695
-2563.9
-2514.936
-2538.303
-2558.295
-2576.428
-2598.891
-2630.43
-2888.43
-2811.443
-2718.399
-2673.5
-2420.537
-2454.28
-2556.495
-2553.244
-2572.096
-2574.822
-2583.921
-2610.111
-2627.269
-2534.177
-2241.744
-2372.141
-2375.163
-2472.862
-3144.638
-2974.247
-3010.851
-2889.019
-2737.179
11389.55
6576.132
3386.161
1363.83
196.472
-769.7689
-1402.409
-1865.224
-2156.31
-2339.608
-2391.766
-2471.369
-2520.117
-2561.691
-2599.38
-2588.033
-2622.29
-3142.091
-3021.202
-2840.41
-2843.299
-2790.769
-2724.206
-2653.802
-2680.871
-2658.948
-2618.181
-2638.59
-2529.303
-2643.467
-2624.286
-2645.861
-3199.44
-3190.676
-3027.482
-2901.843
-2856.179
-2789.147
-2705.119
-2709.459
-2812.945
-2815.964
-2753.047
-2717.691
-2665.024
-2664.506
-2748.794
-2681.489
-2752.06
-2701.296
-2664.113
-2813.427
-2663.954
-2677.857
-2626.656
-2647.691
-2642.647
-2648.477
-2665.065
-2680.438
-2698.056
-2679.325
-3597.191
-3270.911
-3119.928
-2725.247
-2691.429
-2698.426
-2738.378
-2703.826
-2774.495
-2756.665
-2749.638
-2722.975
-2480.496
-2547.387
-2524.525
-2590.331
-2635.446
-2641.348
-2605.259
-2513.216
-2574.798
-2620.876
-2644.329
-2649.823
-2696.313
