198.7881
288.3542
741.0876
414.9279
-2974.651
-1123.25
-543.986
-32.97156
467.2542
481.0006
364.4323
312.5983
64.54356
-114.0866
31.27633
668.2615
382.3868
7635.346
1421.484
913.6661
672.7061
950.6004
251.9054
379.2438
537134.2
235830.8
104349
46120.5
17809.45
7972.508
3329.705
1598.764
778.3535
977.5635
635.009
-410.3555
-692.287
-148.6938
-29.63139
-2995.798
-908.1814
-302.4623
-50.58854
185.998
218.2054
204.8312
304.193
1655.947
-411.5183
-204.3367
457.0415
14893.3
6701.591
1336.932
657.1174
336.5495
-22.10435
-123.9943
192.2826
273.6804
79.3691
-1962.695
-854.2709
-766.929
-143.4281
-1093.485
11.18202
7711.258
3765.082
1661.494
1012.074
743.5154
10051.93
4414.613
2322.509
1153.233
705.7806
221.7573
539.4924
-11566
-5151.639
-2270
-1510.997
-1105.323
-92.67292
-3516.374
-4909.313
-1884.099
-1687.241
-486.9241
-51.60782
29.32365
598.8249
183.3649
1133.682
1021.033
6568.804
3129.317
1305.504
544.0393
69.79123
86.01761
-1273.007
-430.3126
-149.0025
123.7897
595.6198
331.3057
-2.136854
-243.274
-485.2725
896.7591
-68.12367
-228.7284
-68.08443
-72.10344
-142.749
-284.4701
1187.704
657.3017
921.3465
773.1654
1879.31
380.1352
-33.62076
1206.881
320.4556
76.42054
-292.4889
18.83804
-79.28389
-147.1704
709.6274
268.4857
-693.4412
-240.8581
22915.16
9620.017
4121.035
1636.895
814.3398
212.4615
-1082.333
-647.9617
-377.1465
-438.7792
587.384
267.2851
-36.55098
-267.7145
-567.4401
331.0917
-94.52824
-526.9748
-721.7672
-628.3251
-577.8223
-1506.66
-781.7101
-524.5048
-213.6309
-366.3238
-80.48216
137.9298
-124.2854
-407.1034
-142.1267
-401.0202
-572.0653
-869.1298
3794.269
1401.856
-97.09817
-79.78385
-301.689
-164.626
299.4299
-2477.258
-1851.173
-2060.069
-1393.485
253.1309
-343.8651
-375.9328
-616.1412
-550.4171
-1028.48
375.9743
-247.1952
-4396.178
-2466.884
-1417.429
-779.9709
-1129.339
-547.8203
-45.01326
185.7864
-385.6493
-517.3612
2217.428
963.6738
360.9835
29.88573
198.7237
-101.1909
-612.648
-725.9392
-714.9873
-1201.416
-1876.837
-1005.329
-619.0659
-439.8261
-2262.426
-1484.805
-1353.201
-869.6385
-696.7711
-1043.095
-1217.866
-884.9064
-455.9212
-748.3999
-1217.81
367.1846
-134.0255
-410.1288
-553.3699
2754.123
7333.666
2484.642
853.8784
93.26927
-381.9645
-1871.468
-1028.041
-250.1994
145.975
287.5925
-1017.706
-830.2268
-4460.894
-1651.953
-1092.986
-949.6331
-631.8025
143.2524
-477.0258
-1115.705
-597.871
-957.5332
-615.1927
-727.7711
-791.2729
-715.927
-860.4404
-711.3399
-545.0607
-507.6604
-965.027
-784.4561
-699.4931
-859.6343
-709.23
-691.1273
-986.0678
-676.2257
-767.5231
-655.9806
-717.2974
-783.3297
-246.4903
-377.0635
-56.03262
-1054.668
-906.6677
-729.0901
-651.2581
-847.7454
-1001.603
-885.9127
-753.9781
-337.883
-1075.345
-1774.683
-1340.933
-2725.571
-1230.739
-1133.113
-1005.449
-716.2081
-491.164
-1066.278
-1049.749
-614.7195
259.6136
-331.7516
-532.6351
-179.5298
471.5176
-267.3417
-628.537
-512.0471
-657.8319
-3537.166
-2056.423
-1865.196
-1185.042
-660.2701
-616.4052
-621.0468
-520.7062
-1582.978
-4100.302
-2049.746
-1223.074
-891.3039
-306.3247
-350.3104
-325.4908
-650.1077
44056.87
19321.97
8326.836
3387.395
2464.63
6554.21
2614.644
677.2097
-108.3599
2096.317
695.3948
-433.909
-1072.876
4089.286
1832.08
408.547
-202.3931
-467.629
-581.7216
-493.1459
-508.1355
-825.3435
-658.1313
-1254.269
-796.748
-544.8377
-177.4091
-343.6841
-504.3915
-752.2728
-349.6371
-489.9777
-580.8078
-609.8775
-554.0363
-68.97828
-389.6072
-919.1071
-755.0127
-494.2997
-1766.341
519.7569
75.29067
-3060.671
-936.6812
-623.6904
-1454.599
-680.0192
-766.5474
-666.2479
456.1561
-254.271
-159.1185
-3035.189
-1490.02
-990.836
-1275.286
-446.8272
-635.2691
528.8355
-179.9551
-2598.548
-2261.675
-638.4579
-2761.588
1551.056
551.2194
146.0845
947.885
445.718
-963.807
-350.2044
-125.6338
-1090.389
-1779.396
-649.1907
-3884.839
-1611.103
-778.9625
-458.1696
-183.0004
-263.2251
-146.8805
-16288.02
-6161.568
-3264.356
230.7571
-46.91237
-62.88759
-688.3236
-892.1904
-890.2971
-55259.45
-24972.27
-10748.45
-4842.291
-2646.395
-841.6431
-1287.357
393.8393
44.01264
-110.2306
-59.24815
-160.785
-325.3166
-1604.221
-1191.898
-10387.85
-23832.6
-10470.27
-4611.353
-1975.104
-1015.344
-372.3122
-3565.47
-1774.893
680.6063
256.0568
-52.02079
-56.79391
-69.09796
-54.98347
-605.1925
-661.9151
-429.2594
-2459.085
-1268.676
-1176.696
-575.1069
-697.134
-759.7947
-339.2529
-360.561
-1279.55
-643.243
-558.0842
-78.51793
13.11734
-35.18961
-189.0743
-82.33666
-305.8124
-137.3893
539.1104
370.7906
-1028.479
-411.9157
-436.5076
-359.8994
-1150.96
-473.6887
-1305.344
-578.1439
-696.8233
-717.3247
-438.2466
-560.8647
1025.924
-309.6559
-19.50386
-464.4424
-835.57
-254.2439
-239.117
-383.1114
-5167.454
-2256.799
-1252.417
-303.5347
-240.404
-749.5578
-500.9512
-2518.276
-1260.168
-795.5958
-10844.55
-5163.59
-2901.336
-1617.49
2129.099
-284.1182
-883.6926
-667.8952
-641.8993
-476.7639
-879.1357
-756.5696
-237.4848
-572.0309
-410.755
-394.9288
-548.4935
368.8309
-1421.371
-746.853
-1365.17
-718.4605
-668.5288
180.7601
-218.0574
-423.4689
-339.9837
-333.4398
-584.4246
-573.2157
118.8974
-119.0866
58215.59
25628.91
10982.52
4589.75
1553.314
48.48043
-272.3205
-136.6231
803.0598
303.1026
-283.8238
-468.3192
-451.3462
348.277
-285.2963
-608.6061
2633.815
947.5893
537.1354
626.528
366.3835
-437.6379
148.3879
-467.0471
-2463.469
-1867.37
-1085.87
-785.3298
35151.12
15282.09
6172.13
2825.376
864.1752
1484.651
247.3259
-373.3958
-301.8497
990.6599
-3091.058
423.5653
-347.6466
538.3408
116.9938
-160.8084
-20.79974
3786.074
1356.856
-97.50761
374.2435
7653.069
2733.189
2293.924
457.2061
933.3781
-673.342
-813.3037
-966.2836
-571.5898
-491.5948
-555.2423
-568.6005
-1249.826
-1374.952
79.46525
-423.3419
-602.3725
-839.8065
-2503.831
-1288.584
-1277.837
-1066.75
-457.0185
-688.4196
-4819.219
-2323.126
-1520.602
-1409.438
-1400.448
-962.595
-814.386
-744.2427
-863.4928
-18395.51
-8526.95
-3712.322
-1823.776
15145.19
6282.843
2419.299
-26.04426
-2572.467
-1758.515
-1754.03
-1472.209
-1012.153
-1034.93
-1079.05
-1121.513
-990.6226
-1033.104
-1377.832
-1500.786
-1126.523
-964.6712
-819.2011
-474.0675
-2120.105
-1500.845
-2619.944
-1414.192
1364.029
-304.6886
-805.0164
-863.5603
-562.6317
-523.5613
-1747.432
-1306.123
-758.9214
-1210.562
-979.1216
-1213.243
-1166.932
-2914.962
-2043.205
44188.44
20049.11
8198.902
2940.382
988.252
-264.7998
-939.0163
-166.8741
-722.7703
-836.1985
-1088.052
-948.9582
-1112.613
-1442.866
-1162.377
-710.2347
-1344.99
-1293.371
-1606.535
-1405.284
-1337.286
-852.8269
-1211.022
-930.2296
-874.3306
-1898.263
-1317.929
-1156.725
1714.576
47.50198
-1852.839
-1697.004
-1444.224
-1305.956
-1280.848
-2119.02
-1613.05
-1380.415
-1440.061
-970.9981
-1515.597
-1287.297
-1824.316
-1408.449
-1391.901
-1531.123
-1224.65
-1182.584
-367.5309
2836.641
404.3685
-402.0394
40.29041
-467.2843
-563.012
-919.2397
-2526.194
-1948.197
-1419.801
3889.075
1166.039
55.60472
-12.9681
-233.1892
7207.364
2837.258
670.9095
792.5405
-360.8287
-814.3643
-1169.595
-1282.403
-1092
-1352.082
-1652.151
-1560.838
-2252.679
-1659.103
-605.6931
-574.7855
-1498.915
-1434.224
-1216.497
-2502.732
-1870.721
125.4841
-859.2144
-1020.839
-1035.354
-606.761
-450.5775
-87.77082
-1599.287
653.5484
-3854.625
-2200.28
748.6603
-187.6484
-653.0864
-933.2665
-1067.671
-1118.696
-1452.34
-1589.673
-1482.821
-1479.006
-5798.759
-3200.774
-1474.778
-864.8461
-1048.483
-1053.117
-689.2206
-963.8914
-680.4242
-1242.947
-974.7347
-1420.991
-757.4428
-1233.472
-5015.163
-2746.611
-2982.639
-1857.505
-2138.739
-1625.888
-1314.408
4025.099
1432.411
418.989
-360.1945
-1606.558
-877.0316
-1083.781
-610.7466
-893.6763
-849.4009
-1160.369
-1221.465
-1054.501
-1615.223
-1076.478
-534.9846
-1028.786
-629.7883
1718.826
-317.2151
-415.4977
-691.1699
-669.0832
48.45494
-22.37269
-930.9854
-829.6673
-622.1382
-965.7033
-670.287
-357.234
-540.0552
-604.7318
-888.6287
-609.5332
-349.9586
-673.4515
123.3948
-98.09022
2186.088
836.1941
389.1198
261.5213
-251.2316
-279.0012
-662.4763
-438.3251
318.3731
187.0554
-665.7119
-851.1062
-898.2551
-643.1225
-57.30517
-3034.902
-56.9051
3237.198
802.2717
15.71445
-328.2771
-597.9542
-1109.218
-1015.489
284.7577
-318.679
-1135.885
-501.6842
1500.902
457.621
442.2776
-162.2369
-693.6073
-603.9749
106.5233
-205.5302
1230.606
-18.18501
2847.487
862.6815
412.9693
-251.9215
-854.9963
-898.4126
-945.116
-809.4407
-61.37744
-364.7187
-566.8171
-438.9055
-340.5524
1923.344
349.4779
358.9104
-1236.951
-1081.139
-13516.24
-6206.875
-2549.246
-1461.328
-1057.129
-518.6026
-9069.129
-4474.747
-2272.793
-1476.587
-1145.703
-1259.766
-772.7312
-1559.6
-2102.026
-1333.434
-899.2012
816.8614
-170.7811
-585.0996
-996.0279
905.9427
162.814
993.3118
-208.6446
-1798.14
-1210.59
-112.6499
-0.3500736
-1129.462
-155.4868
-595.8622
-1676.951
-1361.529
-1949.799
-1183.476
-1511.193
-1053.424
-721.4941
-828.1032
-1001.438
-439.0545
4326.369
1120.996
473.7176
463.1317
-246.4846
-314.5042
-135.7265
-1347.431
-1131.186
-1978.569
-1702.602
-814.6579
-406.1901
-396.1916
-675.2375
2140.086
1497.595
-709.2668
-334.2933
303.3889
-151.1374
-397.692
-794.8779
-1563.998
-676.8808
-404.6694
-443.4073
-281.6914
-1033.484
-921.0946
-415.7006
-1024.892
-795.9725
-483.9942
-630.396
-908.1079
-1077.696
-1932.004
-1169.215
-929.373
-871.3018
-379.9649
-1388.164
-974.0002
-1824.957
-1490.605
-1180.529
-973.035
-1096.509
-965.7057
-1488.38
-1180.522
-1157.374
7911.668
2863.118
702.1404
-505.8232
-889.2549
2186.55
-11505.05
-5610.347
-3172.64
-1418.143
-1173.04
-1056.728
-1708.334
-719.2164
-920.092
-1006.017
-1082.877
-540.6161
-990.3844
-1009.738
-1229.418
275.197
-788.314
-1032.033
-1144.962
-1230.143
-1349.789
-1468.75
-1435.062
-1365.808
-1590.251
-1361.777
-1402.923
-1251.1
-1801.477
-1599.088
-1420.486
-800.2474
-1133.392
5883.479
3189.823
540.0984
-295.2851
-1093.993
-1268.954
-1396.198
-1591.221
-1598.009
-1501.261
-1514.683
-1634.423
-1266.117
-911.0686
-970.0212
-1145.446
-812.4726
-1208.838
-1128.223
-1698.11
-1317.234
-2208.057
-1912.754
-1389.219
-573.5112
-1052.326
-1914.172
-1911.122
-1726.756
-1540.888
-1824.996
-1498.67
-1930.57
-1594.279
-2015.348
-1191.497
-1155.378
-1406.97
-1373.529
-1254.212
-1685.824
-1977.732
-1191.464
-1642.614
-1798.681
8114.576
2874.748
-3454.993
-2276.367
-2107.688
5551.188
1252.651
250.7228
-519.0015
-775.7506
-1436.005
-1145.991
-1395.94
-1131.438
-1743.094
-1623.707
-1779.57
-1345.049
-1529.957
-2270.536
-2143.881
-2022.03
-1580.244
-243.3816
-1093.075
-1247.933
-1532.037
-1911.247
-1966.635
-1914.845
-2023.862
-1302.482
-1750.04
-1618.471
-1650.156
-1595.885
-1744.523
-3435.92
-2302.978
-1958.475
-2800.042
-2663.468
-2194.645
-1880.938
-1527.379
-1533.948
-1853.367
-1634.287
-1536.918
-1733.541
-1693.79
-1667.899
-1620.018
-1784.913
-1968.144
-1944.909
-2048.224
-2136.18
-1031.28
-8537.168
-4757.152
-1314.976
-1601.829
-494.3767
-1228.444
-1520.527
-120050.1
-54311.43
-24698.68
-12068.15
-6279.258
-1576.79
-202.8056
-1041.234
-1615.188
-1578.215
-1856.676
-2614.307
-1457.524
-837.5569
-1188.523
-4485.602
-3179.546
-2677.262
-1916.077
-1890.642
-2341.281
-2344.636
-2010.357
78.26121
-1072.531
-1030.099
-4367.74
-3258.955
-2080.701
-1897.492
-2144.32
-2024.729
-1421.156
-1596.283
-1665.049
-928.7341
-1409.34
-1657.842
-1461.748
-2217.783
-1741.252
-1501.635
-1754.095
-1545.685
-1879.968
-1246.407
-34.58529
-907.6437
-1309.28
-1279.843
-6312.993
-4511.505
-2692.091
-2056.42
-1887.437
-2996.821
-2724.596
-1899.415
-1802.172
-1672.052
500.3169
-787.9552
-1526.436
-2154.447
-1236.697
-1549.509
4428.454
1047.799
-487.5038
-1243.705
-1387.627
-1606.485
4416.182
4539.058
653.1045
-567.1306
260256
114612.1
39099.26
11528.03
4344.134
952.6904
-394.2967
-1190.26
-1284.436
-1315.841
-1576.662
-1230.365
1335.657
-453.2354
-954.2541
-869.4874
-459.205
-1058.344
-1803.61
-2231.148
-1869.509
-1963.685
23322.21
9620.604
21168.19
8493.948
2998.751
485.6343
903.4203
3079.976
-305.4968
-842.835
-1315.733
-1324.531
-1371.727
-2309.365
-1868.92
-1513.616
-1677.952
-1458.433
-2400.472
-1667.379
-1075.876
-1278.522
-1609.908
-1242.054
-1308.374
-4962.251
-3072.308
-2225.815
-1074.594
-913.3171
-2636.778
-1963.247
-1302.578
-1179.087
-1659.008
-1468.818
-956.3986
4700.007
1506.193
44.48464
-648.8743
-1430.356
-1193.05
2180.869
287.7899
-722.4136
-206.5092
-2789.459
-1896.632
-1364.243
-821.0474
-915.8988
-759.2619
-702.5868
-1713.033
-1202.908
-3007.412
-1982.837
-1837.904
-1399.946
-2382.944
-1654.321
-1314.64
-1173.686
-1560.264
-1497.582
-1699.268
-1302.571
-1404.643
-619.5488
210.1766
-554.9833
119.745
-915.648
-1333.777
-887.8021
-2731.845
-1532.955
-606.6786
-1063.412
-6882.895
-3712.755
-1466.986
-1224.631
-1178.734
-396.4905
-860.8965
-1717.351
-3238.797
-1647.985
-1270.314
-848.171
-2166.933
-240.339
-543.1734
455.3602
-695.6698
-1121.202
-1028.203
-24353.27
-11488.93
-5854.53
-3141.436
-1887.529
-1659.751
-1187.023
-1218.516
-3447.739
-2566.661
-1650.755
-1058.55
-972.3015
-1900.28
-1956.082
-1974.499
-1484.952
-1446.29
-558.1732
-1168.199
-1135.99
-1413.787
-1463.608
-1542.814
-1699.634
-1362.888
-994.0379
-1099.231
-1065.082
-1025.931
1875.848
-844.8752
-1358.723
-1545.22
-1694.9
-1734.995
-624.6384
-1329.325
-1326.576
-1045.803
-996.3627
-999.8478
-935.6278
-1144.705
-1039.485
-1601.85
-1099.253
-1200.251
-1307.841
-1460.022
-1152.531
-437.5606
-1011.718
-1149.827
-1153.796
-491.6404
-932.4208
-1186.078
-1373.827
-1254.086
-1249.601
7.213085
2378.436
1636.331
506.9451
905.0281
-187.1099
-1126.575
-1585.837
-1370.026
-1231.934
-1433.62
-620.7527
-1273.807
-1456.371
-1482.659
-1064.623
4765.808
827.5509
-477.9608
-1654.228
-1819.578
-1308.313
-1330.217
-1822.254
-1443.393
-2237.799
262.3214
-662.6914
-942.1221
-1217.16
-671.7375
-1676.023
-1613.63
-1686.73
-1629.286
-2276.658
-2302.571
3343.119
469.8482
-71.07569
-796.7471
-863.3825
-1265.304
-1213.283
-1866.745
-651.294
-1683.565
-1011.783
-1222.121
-1303.942
-1016.883
-1444.488
-1703.205
-3811.717
-2245.879
-1911.934
-1746.89
-1573.969
-1967.949
-1957.878
-1769.778
-1939.707
-1843.726
-1866.247
-1660.136
-1744.608
-2131.206
-2318.314
-1284.587
-1529.384
2007.947
189.1675
275.387
-749.1421
-784.2775
-1918.153
1935.513
-488.6324
-819.8519
-1413.158
-1847.306
-1875.116
-1951.417
-2518.216
-2564.542
-2090.043
-1805.133
-1891.008
-871.4868
-1325.979
-1573.047
-1933.021
-1884.659
-2124.578
-2310.332
-3133.505
-1903.772
-1712.076
20.91413
-1371.122
-1745.924
-5883.93
-3909.53
-2866.831
-1643.257
-1599.029
-1960.219
-1953.517
-2179.952
-2518.104
-2516.63
-2271.26
-1979.562
-2080.521
-3306.446
-2853.355
-2469.442
-2138.422
-2073.157
7865.299
3859.964
59.82075
-1779.055
66.40799
-1041.427
-1783.677
-403.722
-1477.095
-1840.899
-1639.946
-1648.703
-1985.121
-2081.193
-1913.753
5033.04
1127.541
-1159.848
-1680.38
-1473.5
-2258.437
-2162.223
-1960.541
-2084.279
-2381.054
-2359.331
-2373.839
-2749.768
-2710.104
-3000.74
-8080.91
-3716.687
-3521.285
-4923.855
-3333.511
-2812.453
221604.5
97124.26
41580.54
16954.21
5676.415
1417.41
-1138.937
-3405.971
-2681.767
-2819.278
-2285.398
-5479.674
-3577.931
-2740.95
-2673.307
-1726.914
-1936.207
-3275.382
-2554.334
-2276.121
-1882.014
-3136.123
-2560.049
-2872.643
-2601.201
-2474.226
-2213.803
-1270.568
-1986.132
-2387.347
-2362.612
-1890.888
-2220.302
-1907.909
-1996.761
-2234.076
-2513.762
-2285.747
-2402
-2594.779
-2404.034
-2087.948
-2605.579
-2371.561
-2270.18
-1815.54
-2083.863
-853.7348
-1705.471
-1595.564
-4540.766
-3359.196
-3025.542
-2251.293
-917.079
-1896.287
-1746.229
-1085.82
-1768.843
-1715.886
-1851.156
-2247.863
-2335.085
-2022.045
-2298.206
143.6996
-677.5968
-570.5992
-2866.769
-2420.725
-2262.175
-2392.043
-2810.173
-6850.9
-3565.221
-3105.59
-3251.11
-777.5287
-1079.971
-3157.569
-2449.514
-2251.37
-1981.392
-2088.092
-2400.989
-1876.742
-1896.807
-2126.301
-2157.756
-2369.459
-1718.277
-2102.415
-1644.379
-1772.403
-1843.821
-2991.205
-2002.579
-2151.777
-899.548
-2208.999
-1667.477
-1912.327
-141.6824
-1400.779
252009.7
110637
47831.08
19998.95
7470.027
2196.674
224.415
-1975.021
-1848.151
-1953.303
-2331.497
-2401.483
-2213.65
-2094.034
-2420.57
-2215.509
-2152.706
-1974.737
-1614.082
-1740.458
-1769.636
-3559.756
-2170.149
-1837.331
952.7258
2723.135
97.96575
-965.9592
-545.2276
-1238.642
-2488.454
-2813.101
-2105.208
-2730.623
-2407.542
-2255.004
-1950.208
-1701.346
375.2947
-618.1993
-1237.164
-1481.846
-1972.012
-1832.981
-1731.48
-2000.762
-1633.823
-1535.521
-2317.729
-1853.882
-1938.537
-2672.228
-2126.726
-1642.06
-1479.159
-1609.905
-1661.345
-1732.635
-1789.882
-1606.261
-1557.959
-1796.735
-1840.458
-1563.087
-3121.879
-2441.5
-2259.243
-1877.843
-2030.946
-1775.58
-2062.911
-18627.63
-9268.56
-6260.336
-3569.333
-1847.29
-1808.939
-2408.029
-1862.069
-1935.83
-1913.576
-1686.03
-1516.912
-1356.052
-1737.453
-2161.665
-2008.448
-1922.235
476.3201
-1248.625
-1356.968
-947.703
-1478.657
-2751.873
-2518.807
-1955.99
-1356.18
-1329.417
-1378.959
-1176.526
-1304.153
-1503.154
-1674.737
-3052.449
-2455.508
-1814.116
-1439.028
-1800.106
-1872.828
-1653.958
-1758.109
-3220.012
-2798.025
-2053.883
-1661.761
-1621.833
-1457.823
-1470.82
-1512.251
-6327.581
-3770.476
-2923.311
-2093.258
-1921.728
-3665.42
-2630.946
-2582.012
8074.34
3562.665
619.5204
-778.0237
-1393.878
-1531.889
-1660.604
-1693.316
-486.3877
-1896.514
-1764.049
-605.2537
-1408.682
-1452.769
-1925.362
-1741.357
-2223.803
-1951.817
-2002.563
-1913.329
21033.23
8105.871
2917.312
2081.778
-933.1639
257.7919
-1101.392
-1556.943
-2278.005
-1797.555
-1655.13
-2656.303
-2140.142
-2657.152
-2225.51
-2192.299
-2793.459
-1969.256
-2130.691
-1857.828
-1808.143
-1694.988
-4559.23
-2980.445
-2348.977
-1878.812
-1912.497
-1895.088
-1927.132
-3038.471
170.5251
-1136.547
-97.9537
-1055.348
-2039.982
-2113.38
-4468.28
-3223.358
-2586.356
-2373.61
-2661.771
-2257.41
-2900.633
-2262.596
-1865.404
-2159.56
-1531.767
-16419.82
-8879.538
-5155.427
-2675.894
-2853.959
3938.802
78.84025
-1111.425
-1161.314
-1433.335
-1935.697
-2286.361
-2012.617
-1565.642
-1904.038
-1686.598
70528.3
29938.4
11817
4084.658
651.0963
-1122.768
-1579.168
23859.41
9081.24
2381.225
-469.6591
-1411.94
-1593.368
-2267.014
-2213
-2251.634
-2216.713
-4170.769
-3000.653
-6068.257
-2483.803
-2924.002
-2712.526
-1743.976
1939.816
-262.7412
-1280.086
-4564.789
-3508.55
-2808.335
-3028.262
-2636.293
-2838.835
-2047.605
-2010.911
-1874.675
-2017.993
4502.997
843.8898
-1009.41
-1868.07
-1753.237
1561.322
-822.5718
-2054.004
-2708.224
-2852.37
-2486.779
-2988.838
-1318.192
-1715.612
-2173.718
-2234.045
-3261.626
-2133.442
-9535.39
-4550.394
-3252.839
-2876.727
-2711.328
-2612.034
-2724.006
-2686.791
-3287.167
-2905.132
-2894.891
-2409.65
-2814.931
-2793.194
-1761.291
-2394.236
-2722.959
-2121.164
-1509.191
-2364.44
-2533.194
-2941.595
-2515.35
-2589.625
-2618.448
-2781.126
-2977.322
-2654.773
-2482.294
-2628.667
-2393.064
-2742.942
-2616.444
-2250.372
-11658.44
-8495.904
-5210.462
-2901.49
-2791.719
-2830.85
-2710.325
-2637.25
-2871.647
-2410.129
-2380.878
-2601.006
-2962.248
-2407.675
-2739.676
-2570.523
-2719.932
-654.571
-1651.369
-1800.633
17358.1
3838.714
398.6328
-1430.656
-2426.646
-2123.782
-2738.561
-2725.439
-2882.528
-2765.604
-2612.34
-2419.278
-2554.301
34808.79
12570.33
17029.72
5733.18
1403.795
-1018.604
-2538.686
-2621.26
-2651.598
-2348.107
-2059.447
-2464.457
-2839.01
-3766.49
-4472.898
-2824.781
-2843.242
-3134.658
-2399.269
-2594.66
-2581.627
-2621.366
-2885.541
-2657.95
-2534.265
-3193.998
-2823.415
-2292.317
-2287.13
-2489.407
-2535.356
-847.1599
-3305.01
-3367.579
-2070.854
-4277.661
-3122.965
-2840.751
-2885.919
-3091.215
-2291.584
-2609.077
-1918.291
-1914.677
-2064.171
-2541.529
-2929.126
-3737.317
-3085.494
-2888.747
-2600.871
-2510.378
-3299.552
-3096.477
-3022.746
-2686.866
-3175.527
-3452.172
-1993.336
-6895.594
-4303.942
-3267.466
-2132.224
-2403.549
-2336.87
-2367.627
-3930.372
-3306.633
-2769.465
-2776.825
-3374.152
-11332.41
-3799.376
-3526.971
-2040.434
-2406.31
-2751.229
1025.682
-1073.717
-1645.728
-2307.61
-2064.892
1498.038
-107.1418
-1196.524
-1770.955
-1285.78
-2239.238
-1821.896
-2331.104
-2496.679
-1222.704
-2417.496
-2762.698
-2331.717
-2221.843
-1979.543
-2441.947
-2489.059
-2419.625
-2503.211
-2410.184
-8795.536
-5435.863
-3920.052
-4398.044
-1732.398
-189.3725
-1209402
-534708.4
-246344.2
-273386.2
-121762
-55458
-25574.16
-12458.68
-6955.005
-4072.371
5227.427
1534.912
-28.50707
-1408.488
-2187.132
-2298.291
-2798.378
-2870.304
-2301.601
-3762.676
-2490.725
-2182.129
-1812.203
-1995.554
-421.2726
-1462.3
-2334.618
-2548.815
-2500.342
-4634.172
-3275.92
-2628.146
-2730.469
-2496.162
-389.348
-1585.203
-2590.083
-1604.743
-1760.983
-1515.682
-1927.383
-2099.875
-1379.139
-2071.289
-2195.273
-2083.088
-1862.312
-2145.326
-2756.584
-1826.348
-1937.995
-2491.539
-2200.641
-2408.412
-2324.335
-1949.202
-3812.864
-2947.435
-2247.325
-2704.785
-2502.622
-2203.005
-148.4623
-4092.998
-202923.9
-90460.76
-41458.81
-19326.06
-9731.195
-47273.74
-24489.53
-19094.75
-9697.684
-10468.72
-5314.58
-3230.942
5199.967
1255.123
-898.5223
-104.3179
-1104.613
-1729.752
-2258.359
-2541.432
-2184.781
-2332.34
-2447.953
-2343.533
-1023.359
-1393.361
-1852.022
-2365.395
-2564.911
-2343.108
-1580.527
-2051.493
-1545.595
-2007.589
-2089.969
-1839.487
-2121.996
-2162.94
-2119.664
-1830.798
-1872.667
-1935.943
-1996.69
-2192.22
-2582.594
-2423.931
-2436.192
-2116.711
-2348.814
-1829.734
-2451.137
-2349.787
-3875.764
-2792.756
-2466.457
-2203.83
-2387.64
-2545.789
-2651.856
-2174.648
-1851.304
-2029.216
-3337.727
-5650.29
-3328.91
2874.31
76.28204
-1096.203
-1225.661
-1175.549
-1755.572
-2189.167
-2010.358
-1742.46
-679.4568
114.7412
-1366.603
-2077.714
-1964.536
-2102.512
-2426.266
-2199.38
-2486.546
-2273.212
-2083.602
6877.76
1929.009
-340.0528
110.7636
-1259.531
-1675.616
-14903.21
-7852.645
-4601.039
-3329.625
-2321.185
-2317.678
-4085.022
-3134.094
2156.799
-367.8069
-1587.735
-2470.003
-2208.538
-11209.37
-7620.394
-4453.736
-2912.736
-2308.889
-2686.799
-2319.546
-2245.983
-2482.422
-3331.626
-3021.784
-2425.515
3168.72
-237.4766
-1660.315
-2096.128
-2518.332
-2542.916
-2582.187
-2655.244
-2613.965
-2417.037
-2526.574
-2536.632
-3734.026
-3186.893
-2751.635
-2892.305
-2205.376
-2455.063
-2622.559
-2289.075
-2753.547
-2700.271
-2415.364
-2950.673
-2270.898
-2309.857
-2632.759
-2896.741
-3319.526
-3155.866
-2894.316
-2984.123
-3029.318
-2052.783
-2748.343
-1357.503
-3008.097
-3353.868
-2972.027
-2677.319
-2586.067
-1280.707
-1288.04
-2691.685
-3381.794
-3146.331
-3342.816
-3950.071
-3309.558
-2907.91
-2959.29
-2927.453
-2704.305
-2982.16
46218.98
14651.53
4423.906
120.9766
-1389.09
-2027.405
-2446.516
-2763.29
-3045.948
-3401.384
-3127.449
-3114.102
-2124.669
-3024.35
-2998.362
-2745.283
-3183.722
-3071.256
-3088.556
-2113.198
-3113.269
-2798.761
-3110.286
1601.212
-520.7339
-2145.107
-2969.489
-3324.977
-3528.081
-3186.024
-3145.471
-2893.228
-3087.403
-3085.97
-3336.496
164.3095
-8843.464
-5355.174
-5145.843
-4121.894
-3700.064
-3378.632
-3319.062
-17586.66
-9872.178
-6923.894
-5351.241
-2392.038
-2843.931
-3305.196
-3092.162
-3094.822
-2789.529
-2893.333
-3630.238
-4866.539
-3912.852
-3557.385
-3410.331
-3438.985
-3488.725
-3919.474
-3784.898
-3936.091
-3215.173
-3206.509
-3203.401
-3122.746
-3278.054
-3433.177
-3430.092
-3599.337
-3438.852
-3390.47
-3365.854
-4500.3
-3973.926
-3637.703
-3547.947
-3344.886
-3369.417
-3341.018
-3304.127
-3200.517
-3225.355
-2933.256
-3196.313
-4189.281
-3726
-3721.38
20744.02
7135.329
1217.126
-1557.581
-2546.423
-3357.291
-3785.754
-3403.369
-3327.532
-3842.491
-3440.148
-3202.832
-7443.976
-5175.31
-4217.642
-3687.91
-1979.763
-2524.49
905.4628
-1410.159
-2699.398
-3239.965
-1876.3
-2596.355
-3062.321
-2811.248
-1677.257
-2596.761
-4070.626
-9970.163
-5741.627
-4636.301
-2617.236
-3043.331
-16618.27
-9432.893
-5185.231
-3951.625
-3412.729
56789.99
25230.79
8844.136
1898.353
-3073.95
-3121.647
-3274.766
-3266.866
-3324.007
-2744.304
-3952.559
-4628.032
-3768.679
-3584.189
-3646.522
-3546.314
3321.742
-248.3158
-2792.351
-2894.051
-2149.387
-2793.164
-2987.896
-2860.023
-3032.919
-7944.431
-4798.146
-3953.954
-25529.97
-12708.88
-6700.779
-4614.956
-3135.305
-4063.14
-3353.364
-2678.737
-2569.462
-2481.595
-2605.209
-2023.435
-2672.141
-3784.487
-3798.82
-3383.928
-4396.554
-3728.454
-2999.807
-3240.934
-4268.751
-3657.585
-6910.281
-4569.905
-3202.454
-4867.202
-5369.43
-3723.081
-4261.386
-4136.232
-3747.199
-3720.873
-3170.779
-4590.731
-4326.276
-3417.586
-3492.198
-3141.919
-2162.851
-2496.844
-2530.198
-2739.584
-2934.206
-1790.756
-2486.979
-2706.886
-2867.426
-2801.676
-2808.366
-2537.108
-3523.613
-3226.807
-3238.39
-2839.724
-2683.197
-2711.222
-2752.395
-2476.328
-2761.979
-2860.494
-3075.39
-2997.239
-1914.71
-2495.401
-2574.234
-2183.662
-1476.203
-1930.089
-3418.767
-2717.588
-339.3409
-1662.331
-2416.306
-6705.874
-4629.474
-3497.982
-3001.812
-3375.524
-2000.589
-2673.403
-1984.085
-2575.718
-2504.184
-2584.717
-2405.49
-2173.809
-2563.703
-4893.83
-3755.373
-3235.367
-2789.013
-2849.063
-2959.446
-2865.437
-2897.044
-2944.13
-3175.562
-1107.383
-1940.061
-2299.021
-2643.403
-42580.22
-21727.57
-11342.73
-6718.644
-4326.955
-4144.121
-3254.217
-3405.173
-2872.298
-2999.473
-2221.553
-751.404
45252.72
17390.16
6396.072
1011.798
-1292.633
-2012.778
-2326.301
-2744.13
-2443.02
-1531.844
-1822.695
-1839.7
-2289.369
-2151.602
-2092.423
-2573.341
-2635.834
-1979.145
-2603.393
-2339.136
-2636.282
-2593.543
-2814.45
-3084.867
-3078.532
-1663.693
-2215.21
-2557.31
-2801.735
-2385.739
-2609.881
-2348.171
-2514.608
-2420.453
-2464.759
-3120.45
-3050.198
-3278.384
-1454.824
-2211.638
-2631.16
-1953.335
-2352.547
-2857.248
-3251.833
-225154.6
-115106.3
-52438.3
-24514.51
-11211.21
-6364.436
-4720.395
-4236.61
-3613.542
-3254.826
-3736.626
-3231.152
-1907.721
-2752.122
-2611.266
-2927.081
-3135.58
-3116.982
-2789.259
-2876.151
-2362.546
-2649.932
-3241.602
-3326.539
-3734.481
-2273.564
-2451.817
-2845.135
-2997.997
-3240.987
-3286.909
-2625.915
-2865.737
-3679.002
-3787.515
-3430.403
-8357.214
-5142.81
-2925.586
-2669.839
-2161.715
-2405.976
-2054.841
-2739.448
-2607.003
-837.9334
-2292.283
-2896.727
-3355.639
-3198.746
-6210.386
-4731.895
-3917.771
-3588.567
-4554.977
-3603.044
-3087.332
-3189.504
-3267.536
-291.2856
-1818.793
-2848.181
-3396.338
-1864.697
-1757.18
-2673.962
-2908.501
-3419.552
-3303.406
-4474.823
-2528.709
-3651.311
-3494.2
-4655.628
-3470.37
-2616.312
-3488.293
-3878.628
-3461.931
-4511.617
-4188.672
-1162.425
-2041.103
-2727.075
-2925.516
-2821.129
-3808.318
-3880.278
-3487.58
-3820.437
-3714.409
-2404.699
-2791.012
-2371.988
-3159.746
-2989.586
-1948.283
-2254.351
-2419.872
-2995.118
-3250.611
-3285.461
-3529.846
-3697.943
-3412.284
-3454.049
-3181.658
-7811.691
-5717.664
-5301.864
-5596.913
-4963.405
-3905.46
-2713.221
1428.647
2441.822
-764.9413
-2126.225
-2654.215
-3068.066
-3289.628
-3372.384
-3465.073
-3956.027
-3764.455
-3603.036
-3495.819
-3901.439
-3769.493
-3993.472
-3588.57
-2645.909
-2542.604
-2930.953
-1438.915
-2121.391
-3675.353
-3571.197
-3891.597
-3262.928
-3278.754
-3359.387
-3501.886
-3905.189
-4306.875
-4465.125
-3983.515
-2929.564
-3670.816
-4244.948
-3966.186
-3694.253
-3726.934
-4200.459
-3820.318
-4022.361
-3255.729
-3288.986
-3407.945
-4181.485
-3866.583
-3813.587
-3159.202
-3557.952
-3559.392
-4684.462
-4809.635
-4227.746
-4194.031
-3957.635
-5495.474
6318.518
485.8693
-2409.621
-3432.971
-3595.218
-3901.237
-3726.074
-4110.164
-3957.533
-3621.149
-3517.601
-4001.412
-4346.913
-4887.663
-3897.032
-3780.952
-3866.946
-4918.147
-4323.306
-3428.82
-3410.067
-4201.59
-4190.599
19546.65
6352.071
916.5366
-2939.182
-3380.704
-3219.594
-4501.705
-3446.85
-9039.332
-6250.849
-5120.719
-4033.965
-3486.456
-4049.663
-4511.807
-3695.24
-3740.681
-3708.251
-2638.229
-3113.237
-3107.946
-3732.697
-4420.275
-4224.635
-3933.404
-3415.271
-3722.953
-3978.191
-4912.841
-4592.668
-4252.68
-4161.291
-4014.232
-3192.099
-3462.823
-3607.907
-1389.149
-2686.382
-42986.75
-21096.28
-11028.67
-6710.792
-4745.24
-4058.431
-3710.082
-5809.103
-4995.738
-4378.257
-4041.281
-3526.111
-3557.955
-3841.569
-3918.351
-18184.74
-10217.97
-6124.631
-4585.625
-4518.75
-249.6238
-3485.583
-3445.091
-3824.842
-3727.415
-3702.896
-3679.055
-3493.637
5551.829
267.8955
-1585.418
-1112.962
838.3831
-1860.313
-2692.642
-3117.823
-3186.727
-3622.109
10662.34
3133.729
-877.8868
-1959.205
-2167.37
-2985.679
-3028.365
-3273.373
-4453.293
-4015.334
-3885.749
-4616.925
-4416.26
-4013.551
-3708.791
-4366.362
-4951.304
-4208.429
-4409.149
-4032.197
-3302.568
-3516.952
-3365.716
-3007.591
-3122.554
-2044.655
-2321.285
-2145.312
-2866.968
-4652.066
-3778.895
-3695.54
-5376.913
-4358.475
-3978.741
-88280.77
-42286.01
-20903.48
-11372.64
-6730.017
-4539.315
-3230.815
-3863.515
-3821.152
-3531.995
10210.77
4486.767
984.0809
-1102.014
-2288.718
-3078.472
-3391.956
-3306.197
-3302.012
-13315.32
-6712.847
-5232.473
-4006.412
-17897.75
-10114.69
-6489.652
-5192.512
-4730.677
-3759.382
-3864.94
-3864.876
-4825.172
-3199.791
-3371.001
-2759.726
-3110.483
-2973.368
-3143.424
-3379.448
-3046.141
-2531.847
-2254.853
-2770.91
-2895.2
-3417.459
-1547.379
-3087.336
-3509.701
-2996.231
-3102.902
-3420.489
-3270.073
-5344.85
-2649.72
-3096.756
-3086.598
-3036.367
-3293.076
-3271.608
-3928.096
-3333.174
-4241.166
-3502.085
-2273.109
-2953.591
-8085.947
-5022.49
-5199.839
-4494.137
