-196.6516
-202.8009
196.3842
438.4559
-171.2659
-180.816
589.9462
-175.2103
514.3724
286.519
104.4726
-257.9255
172.3887
788.6658
-149.4785
806.4154
125.7613
-349.8026
-219.9995
-366.6266
-1579.586
-14.4138
479.6249
-2153.958
100.5211
193.9124
217.9727
-233.1558
612.1499
-242.9127
38.82827
586.6144
1361.413
350.101
126.6424
-139.4051
-445.3067
-7313.961
-144.8079
40.00748
457.6762
33.36872
-372.6369
-234.949
-403.6301
-54.80889
121.7171
-531.9352
131.7784
190.635
242.4717
102.5188
71.88693
26090.23
1410.126
66.92546
209.0192
510.7542
-286.8361
-173.7082
225.8683
65.43046
-66.06767
-18.57766
-19.16888
379.6878
396.9628
137.4585
160.0685
372.0189
-2154.606
311.6158
296.3258
60.96844
405.6634
-266.8656
474.0258
573.0332
1715.016
192.6851
174.7131
-1888.29
46.7206
79.18913
1311.733
-754.8569
1267.099
-200.9742
424.2026
-21.92105
467.8931
-151.2456
3096.42
722.5582
-1571.265
-40.4575
-3952.245
-113.4837
221.6816
886.5462
1603.845
182.3416
779.7698
2392.62
122.3654
-95.0159
-2185.2
841.3603
-71.94251
397.2078
-92.99482
277.7938
536.4363
394.1808
1247.231
929.6175
-63.31756
294.5651
1541.765
1018.838
267.6877
216.5238
-642.0614
-523.9132
1072.768
-1253.678
129.1674
267.5062
-122.0491
-317.5521
310.718
188.1506
281.2596
1773.885
763.5626
340.806
-558.2018
86.96599
372.4987
606.4645
-273.8006
-1241.771
-53.91829
193.5316
182.0892
492.6097
-437.7789
-313.4025
-206.5558
190.593
32.1728
42.63435
-380.3496
171.3977
848.3417
330.8971
256.2344
205.528
14.88375
-168.4246
309.8739
486.4353
124.0896
-1812.857
342.2224
434.0749
-431.5688
148.6574
-27.75792
-77.73462
181.9442
143.7238
-498.3689
50.1473
279.5733
348.2749
-414.311
247.0179
109.2155
-348.1589
-193.1406
131.7073
40.9515
61.44337
387.6452
531.6946
192.4346
109.8043
261.2778
-129.6437
2042.165
300.1484
17.50188
30.82123
506.8407
-114.3871
-1151.441
237.6146
83.60825
182.5477
855.8679
660.2265
84.95258
161.0693
744.1285
-107.4398
102.5625
508.401
93.82478
358.1317
169.1148
547.5773
78.60723
-138.1234
406.1809
15.17778
-19550.87
-1067.225
6.144499
-329.7571
-94.51429
330.8471
236.2782
41.42125
-158.8117
721.6159
-125.6923
-3759.009
-208.6998
-231.1608
590.448
-849.848
-41.67207
-953.016
-34.57293
-1897.304
-176.6538
-114.281
-549.645
91.8524
-678.2875
484.8882
570.9953
173.4015
595.8381
-216.2909
38.8204
86.63766
47.98006
-165.8185
-109.5956
187.9926
-12.2916
-53407.14
-2158.979
-21.86366
98.44044
323.3268
-122.0292
247.7379
940.1726
7.36328
-1831.376
150.1693
-13.54528
1796.131
191.595
16.08765
233.9602
-939.1865
56.26755
-355.4164
-197.554
-104.7218
-176.7444
94.54498
-4723.166
-17.34159
1144.336
-8623.053
-1674.983
-56.45783
-571.5787
463.4738
193.1066
-172.5586
-3.499078
194.1287
439.9309
20.59435
418.6346
16.07977
2.012555
-491.592
-60.2473
208.9616
-642.1805
-385.9107
140.8679
-2481.462
-168.6493
-244.7615
-550.2547
-176.2623
-2814.563
-354.2762
-402.9233
-697.3
-333.8845
-1395.205
-86.74607
272.7893
-199.9447
-214.699
1293.61
-164.1152
36.81942
235.387
-253.3493
-72.86416
-217.0773
-189.0617
-109.4096
-121.8083
-132.6569
26.45286
-119.2675
191.4231
283.0731
-772.6093
-320.6946
-186.5133
-296.1852
-252.7333
-44.36705
-106.6934
-379.9305
-381.6689
-426.6842
-660.6371
-264.9978
55.18653
-49.5335
-381.2277
-218.3464
619.0747
-135.6467
-321.2046
-819.3607
127.3196
-159.6925
441.4036
221.5442
48.66641
-381.6577
-469.9301
97.71055
-530.0898
-145.3159
-264.2915
121.5461
243.975
-225.175
-694.7694
-459.5272
-6979.108
-526.4067
-654.0637
-78.48772
-179.7242
33344.07
2062.762
247.4202
-1363.543
-1903.094
21.22367
-567.2756
-534.5601
-47.53628
3193.336
-766.0529
5.187534
-3.060862
-613.3329
-254.9896
-467.7892
2788.148
-329.2884
32.41896
-382.083
-522.4321
-2843.814
-290.4176
-181.2981
-1421.659
-316.029
-698.2485
-582.116
292.196
525.5231
-585.4626
-936.5653
-161.4543
-1059.154
-386.352
332.3348
-157.2992
-6618.527
-1379.887
110.5606
862.2359
-4028.91
-771.7158
-404.5636
-1533.176
-42.03676
-365.9485
-199.2401
-618.5412
-337.5731
-715.0907
-583.059
-303.6163
-473.3968
-343.1021
-488.6543
830.6425
-128.5025
-532.8993
2830.554
-528.7881
-559.9275
-592.2335
-389.6102
4568.944
-216.8561
-414.8771
-806.9663
-6034.506
-418.4285
-374.5526
-981.7833
356.1292
-1433.63
-522.4723
-526.9917
-507.8771
-332.5554
-630.7564
203.3411
-403.7623
-818.5124
-547.5595
1227.249
-1105.406
-722.5338
-589.0109
-218.3734
-4634.715
-905.3028
-567.1236
-859.537
-89.95283
-521.4683
-638.2113
-665.5973
-690.8797
160721.7
6158.065
4119.839
-1364.432
869.7743
-772.0812
294.1108
1849.3
-234.7587
-954.6452
-713.5658
-370.4824
-974.5874
-37481.36
-1957.162
-986.8205
-2143.375
-489.1128
-507.9567
-1088.7
-727.6755
-894.8624
-842.3615
-1167.214
-337.4612
2561.924
-364.4375
-448.6327
-448.3467
-696.4878
-1553.844
-1063.764
-752.0726
-1973.055
-624.7967
-569.9356
-980.2122
-702.062
-628.3578
-709.6869
-1226.734
-251.9141
-813.9205
-916.9598
-2923.277
-775.2461
-948.7646
-1050.411
-966.1874
-937.6222
-6015.155
-1750.661
-107.882
4711.111
3072.037
29.06997
-853.27
-555.2619
506.9345
-569.8999
-1311.275
-1114.139
-1007.86
-717.3166
-663.9484
1501.641
-1012.937
-620.284
-2172.611
-761.62
-679.0367
-1147.136
-826.2228
-753.5541
-374.9569
-638.5861
-744.3991
-1211.118
-1191.142
-4825.702
-723.5979
-559.469
-924.4576
-727.1761
-678.2518
-897.1294
-879.9544
-323.1741
-774.5138
-1779.097
-557.7646
-650.2475
-984.9363
-673.2521
-705.2437
-1092.624
-776.6491
-10997.84
-1962.678
-1022.708
-673.839
-697.0033
-429.1063
-1439.941
-2000.568
-1171.571
1263.786
-760.0377
-1255.275
-1406.305
-821.7034
95.39179
1058.6
-550.9686
-1539.422
-558.7896
-1010.505
-890.9932
-636.8181
-774.4087
-688.0771
-701.225
-1133.862
-754.1034
-4579.781
-1130.912
-967.0118
-781.54
18428.45
-256.2509
-819.5412
-1250.024
-968.3788
-785.8068
-673.3486
-327.7816
-980.8684
-370.9557
-872.316
-726.4369
-1425.128
-1081.758
-658.6536
-849.6469
-1118.687
-881.5128
-236.2478
-695.097
-2287.839
-1381.975
-893.0646
-725.4525
-895.3931
-729.8898
-764.8846
-1033.77
-1149.137
-785.4134
-700.5647
-660.6003
4644.61
-380.9965
-615.8295
-1294.469
2800.162
-673.4848
-1158.953
-1144.959
-251.0412
-4557.455
-3426.37
-1716.12
-516.8635
-1088.14
-550.9528
-793.9909
-665.649
-765.7505
-1217.559
-911.1558
-748.9607
-1417.879
-904.307
-1301.201
-1053.859
-991.8104
-989.0458
-1035.849
-1003.64
-1444.903
-1246.925
-1730.074
-948.5779
-717.5774
-624.424
95.98439
-847.9097
-869.772
2233.054
-829.601
-665.0077
-956.2779
1090.423
-1165.222
-909.1802
-210.2597
-1113.802
-677.0805
-871.846
1112.121
-890.9213
-779.5029
-2058.027
-1006.299
-895.5226
-1189.875
-318.4642
-660.6996
-413.4694
-823.4115
-794.2289
-1039.226
-597.3795
446.8416
-417.9829
-653.6884
-835.3391
-950.6491
-923.095
-336.1656
13254.07
3618.577
-945.379
-717.0987
-1409.413
1983.3
-1100.722
-1252.984
-900.5023
-2054.973
-586.3234
-520.5147
-148.0278
2603.932
-936.5849
-853.6591
-1098.805
160.1192
21801.15
-251.3187
-931.6884
-828.2745
-567.3125
-1035.581
-914.1676
-483.4897
-2898.022
-689.9903
-795.4848
-515.2888
39.14158
-2128.662
-499.5894
-978.4523
-329.8003
6492.652
-736.0914
-787.1567
-916.1979
-914.5452
2256.806
-563.2926
-4113.41
-936.3589
3412.346
-481.3036
176.9854
380.3249
-874.9456
-243.5736
-666.1428
-886.8589
-1115.397
672.3912
-498.1904
-702.9936
-1062.759
-745.3416
-6109.373
-1207.414
-1061
-789.3246
-561.0023
-687.3843
-770.1383
-1198.746
-886.65
-1078.863
-1324.852
-647.1813
-973.7581
-700.4407
-1266.512
-697.3827
-541.634
-695.6535
-686.7581
927.5792
-6368.233
-1089.033
-827.0846
-829.2124
-1197.881
-658.7131
-861.3074
-744.134
-438.6232
467.6554
-1341.593
-1139.437
-999.7103
-785.9805
-878.4011
-787.4074
-506.2079
-276.5129
-733.1957
-814.8978
-662.9897
-1036.822
20327.64
-229.0718
-1829.89
-1153.449
-1917.12
-511.0622
3859.322
208.602
-532.0171
-792.3423
-1966.313
-565.8959
-944.7274
-754.6305
-934.3921
-817.133
-1237.911
400.041
-386.029
-438.8262
-659.8737
-1084.215
-690.1275
-322.5632
-757.314
-636.7039
-1538.528
-498.8548
-238.5398
-816.9881
-818.554
-1006.254
-423.4838
-756.9711
-413.7548
-1663.653
-732.0202
-434.5001
-1136.336
-737.6969
-649.7653
-966.9658
-793.5535
275.3719
-688.5747
-479.0073
408.1011
-159.7755
-460.1386
-479.5568
-924.4651
-754.8469
-645.3221
-763.5458
-702.6199
-721.9225
-1228.872
-766.4082
-2086.502
-919.5596
-798.4546
-17.05677
-556.6562
-1027.951
-621.2275
-652.191
-1553.918
-649.8729
-405.6819
111.9181
-628.7312
-2681.637
-643.7612
-840.52
-555.0384
-495.8457
-982.7606
-125.724
-745.5946
-1111.476
-511.8644
-361.9515
-593.6668
-719.7561
-678.0388
-857.4922
-147.1677
-982.3536
-882.5741
-266.6596
-297.7477
-564.9905
-576.5106
-431.5993
-804.2139
-1071.712
-715.5655
-601.1288
-712.428
-568.2586
-714.1738
-761.6603
-582.1878
-470.7928
-836.7117
-523.241
-1016.225
-718.3864
-2774.119
-402.3496
-790.5988
-115.7866
-465.8477
-540.5126
2026.856
-896.8574
-581.7915
-379.242
-1547.961
-904.2456
-781.3684
-287.3242
-356.5351
-987.0667
-288.5529
-325.1197
-876.5495
-471.7911
1175.996
-351.9935
540.4926
-700.0916
-483.3968
-818.0358
-286.982
-335.6215
-213.8648
-649.7733
-711.7722
-613.8577
-994.2344
-4145.673
-553.623
4488.327
-406.5204
-719.3844
-1796.108
-882.7069
1377.416
-582.1357
-604.0309
-460.9377
-681.1473
581.2001
-1922.64
-822.8175
-979.65
635.3305
-538.6488
-665.9611
-273.0107
-1092.709
139.8801
-524.8145
-151.7184
-403.5761
-954.3659
-252.8756
-857.8228
-481.3075
-398.3104
-695.9836
769.7574
-435.5301
1425.904
-696.2003
-780.6649
-417.3898
3.54099
-718.5598
-419.0601
-537.9177
-528.2171
-679.833
-315.0794
-667.5984
-232.313
101.9209
-600.4196
-789.1645
-484.8333
-271.9401
-512.8936
-140.6433
-786.0483
309.272
-785.0663
-658.297
-966.5356
-857.1217
-835.2302
-780.1542
-1491.322
-911.9576
-920.2722
-528.8304
-622.9122
-573.1794
-321.7344
-789.0305
-518.121
-622.447
-798.472
-566.0307
-1059.33
-348.0855
-632.0616
-13109.16
-1562.124
404.2223
-295.2737
-403.7853
-299.567
1526.684
-799.0774
-441.6863
-1336.83
-844.3351
-711.8983
-993.5572
-1567.558
45551.7
1398.965
254.6696
-760.6213
-355.9916
-475.865
-815.6215
-650.987
-1253.787
-598.2813
-1413.872
229.4154
-635.026
-1428.805
161.2491
-833.2201
-364.0381
-689.6934
-861.6907
-731.7268
-662.7392
-1007.056
-1006.197
-823.0688
-1443.903
-750.0501
-455.4401
-336.569
-437.0037
-309.3847
-18262.44
-1195.607
-687.5268
-605.7312
-705.1895
173.0036
-548.4369
-582.4819
-813.4806
-246.4433
-2305.491
-811.4629
-1263.008
286.6212
-1943.396
-653.5209
-665.6648
-689.7859
-571.911
-207.1033
-670.9032
-794.3614
-373.0493
-2021.098
-1038.199
-927.6747
-1082.206
-589.5552
-970.0583
-637.3489
7989.435
-56.26808
-639.2462
-659.2956
-646.175
-378.7142
-761.5719
-671.5007
-640.4902
-134.0296
-387.5948
-636.159
-1239.693
-1034.849
-707.4311
7.785287
-450.7499
-530.4808
-657.6834
3365.912
-788.7268
-869.2014
-1070.843
-703.0015
-897.3754
-270.8243
-1018.164
-1246.196
-1112.875
-348.5543
-756.7002
-3613.884
-2028.1
-775.1181
-860.1975
-2259.742
-915.9559
-639.035
37.40141
-982.9256
-208.351
-1108.737
-846.6796
-611.4865
-822.2926
-912.4942
-770.9152
154.807
-956.6533
13044.56
-150.4833
-1201.895
-398.0994
-734.7346
-672.1505
-928.636
-1031.306
-793.7631
-1024.928
-925.7599
-690.8578
-926.023
-807.0143
-547.5783
-1164.199
-796.6048
-1220.575
-2039.3
-923.6088
-697.5629
-1446.153
-891.5848
194.8992
-1194.598
-1418.165
-195.8797
-913.6946
-684.0282
-1077.68
-963.1586
-1026.313
2765.299
-3558.697
-565.6037
-766.7308
-315.6964
-1102.08
-1153.978
-2248.21
-1519.181
-1880.467
-736.4532
-1630.024
-543.1051
-1086.159
-1095.881
-841.3484
-419.7884
-1277.3
-934.0097
-190.5728
-1773.145
-1590.802
-268.0934
-1210.409
-1185.365
-1676.11
-808.8871
-1019.211
-797.8594
-3804.213
-1281.613
-1105.655
-887.051
-1015.763
-1380.085
-3291.195
-702.2896
-1117.413
-1240.273
6389.198
-985.4696
-912.3502
-843.2856
-1087.26
-1096.555
-1207.789
-2316.225
-1905.638
-1165.783
-1320.271
-2245.697
1588.788
-1245.979
-750.4985
-2142.364
880.8523
-831.9453
-757.7199
-1429.355
-1854.631
9046.96
3306.974
-1446.792
-1499.841
-241.1372
-2761.143
-1817.43
12352.83
-831.681
-2214.844
-1593.242
-1431.726
295.0184
-80.9185
153.5246
-465.6475
-2121.967
-1102.998
-1010.927
-978.7069
-395.9179
3332.106
-1199.487
-2402.069
-1715.144
-1243.823
-1300.558
-1471.771
-1361.265
-1115.576
-1769.44
-566.2978
-720.6848
-1411.892
-1385.389
-1293.716
-1441.295
-1169.288
-957.3924
-6232.738
-1758.138
-1378.321
-11583.16
-3308.436
-2073.467
-1475.421
-1191.329
-2023.627
-1103.366
-1558.67
-740.0476
-1417.593
-661.3555
-639.9483
-1195.227
-693.8093
-442.4495
-1346.508
3494.514
-1442.155
-820.7758
-321.5813
-1764.614
-1328.091
-2598.422
-1095.201
-1456.055
-2161.152
-1397.316
-1363.745
-1155.331
-1836.464
560.7192
-1862.91
-1437.969
-1661.859
-1749.755
-1038.785
-1250.224
-1589.558
-1213.718
-1601.969
-1351.141
-1438.145
-2161.622
-1552.933
-1072.39
-1200.277
-1076.151
-1527.53
4660.318
-1258.668
-1606.567
-1461.007
126.6604
-3148.038
-1460.371
-1550.714
-829.0725
-1284.592
-1420.187
-1719.705
-1433.652
-1322.375
-1803.117
-1347.889
-1473.81
-1801.294
-120.3451
-591.6959
-1253.587
-1087.078
-1340.851
-1462.666
-1230.537
-1242.468
-663.6699
-2230.255
-1658.549
-1419.951
-2539.222
-1339.373
-1796.469
-1282.393
611.0453
-1473.315
-1837.593
-2389.073
-1901.422
-1748.341
-1864.096
-1420.712
-1559.395
-1654.769
-1598.359
-1383.306
-2158.42
-608.0119
-1532.506
-1295.723
-1373.438
-1959.228
-1588.05
-1421.006
-1634.905
-1485.816
-1678.84
-1188.686
-2753.757
-1324.282
-1714.504
-3368.088
7446.709
-1093.669
-1444.85
-1493.338
-1602.698
-1773.412
-913.6205
-1592.756
-1619.058
-1429.962
-2090.859
-931.0533
522.8289
-1133.185
-937.9564
-1780.651
-1237.596
-1375.464
-2291.571
-1239.726
-2695.158
-1855.831
-1406.053
-1385.422
-2129.058
-1692.715
-1530.444
-1616.601
-1926.499
79.39799
-1233.909
-1411.922
1619.093
-1490.345
-1001.049
-1469.631
-1937.83
-1600.835
-1525.329
-1821.884
1118.852
-1633.774
-1658.833
-1673.286
-1717.101
-1504.039
-1462.789
-1711.236
-1365.788
-1763.178
-2355.585
-1475.861
-1645.851
-911.9439
-1530.386
-1888.859
-29366.42
-110.0704
-901.8969
-2255.248
-1834.948
-1666.91
-1645.321
-1204.391
-2378.841
-1403.318
-1506.462
-2666.035
-1807.25
-1394.486
-9161.784
-1432.127
-1701.068
-15107.4
-2172.198
-1730.546
-1511.331
-1943.132
-2591.433
-1877.215
-1630.314
-2370.096
-2196.747
-1368.739
-1712.175
-1855.06
-1405.284
-1384.967
-1631.587
-1981.472
-3183.533
-1421.817
-1807.016
-1616.828
-886.9799
-1769.702
-1298.883
-2943.894
-1519.573
-1701.401
-1798.924
-954.7348
-1522.852
-3408.301
903.5298
-1315.832
-2640.234
-1344.82
-1390.473
-2116.432
-1558.823
-1113.422
-1401.309
-1595.638
-962.7253
-1656.072
-2189.979
-1596.203
3037.857
-100.0292
1082.064
-765.6603
-1642.221
-1777.5
-1819.805
-2080.843
-1247.912
-3081.132
-1696.854
-1783.351
-1760.364
-1789.362
-1617.632
-759.6226
-2178.436
-1738.41
-1684.119
-1577.353
-1287.144
-1031.29
-1341.618
-1401.554
-1634.855
-2387.426
-1143.411
-892.5707
-1790.523
-2585.93
-1744.756
3139.668
-11225.13
-2161.08
-1808.17
-1583.934
-1528.82
-1619.217
-1483.754
-2288.895
-2305.824
-1734.408
-1806.922
-1779.046
-1587.562
4558.955
-843.7977
-2135.025
-2159.567
-1331.002
-1433.874
-2251.523
-1580.239
-1670.712
-1663.668
-1581.634
-1739.306
-1256.653
-1534.66
-1423.813
-2121.59
-1270.957
-1651.535
-1513.702
-2240.011
-2725.489
-1520.291
-1946.034
-1624.994
-3933.86
-1823.293
-3920.129
-1668.393
-1416.603
-1365.819
-1596.082
-1377.821
-1257.634
-1487.865
-1209.457
-1090.312
-1507.148
-1299.38
-4312.232
-1559.167
-2023.305
-1592.376
-1514.888
-2203.777
-1807.841
-1537.304
-1645.215
-1326.613
-201.5454
-1762.388
-1762.667
-1182.053
-1802.823
-2675.939
-1539.434
-1993.01
-1726.762
-1783.163
-1641.527
-1881.399
-1888.853
-1279.16
-1702.602
-1500.773
-4401.97
-1568.716
-1587.074
-1340.925
-1759.058
-1740.861
-12173.83
-897.0422
-648.8958
-1479.837
-1188.685
-1786.39
-2994.311
-1907.273
-1577.753
-1378.069
294.7575
50040.4
813.5319
-1135.829
-1669.737
-1280.307
-1273.59
-941.0985
-1707.326
-1897.611
-1444.033
-1392.878
-2029.487
-1337.079
-1450.926
-1447.051
-3451.961
2129.233
-1715.644
-1874.332
1206.599
-1286.954
-1402.523
-1520.67
-4187.518
-3265.14
-1224.687
-1141.967
-854.736
-1214.888
-1443.07
-799.3181
-1697.578
3431.001
6750.472
-1078.93
-1667.907
-1233.104
-1864.135
-2895.43
-1678.61
-7164.598
-2577.701
-1242.203
-2293.756
-1548.904
-1217.05
-1376.197
-326.2393
-2551.073
-1255.523
-1454.532
-1491.039
-6633.259
-1670.415
-1501.239
-1372.921
-1252.43
-1325.412
-1124.465
-2532.254
-921.8967
-2007.942
-1269.28
-1256.427
-1222.942
-1299.104
-1561.126
-1358.905
-1842.685
-1248.963
4660.677
-875.1397
-1454.862
-2281.284
-1492.178
-931.1837
-1299.459
-2199.476
-1394.054
-1222.536
-784.8436
-1541.563
-1021.614
-1154.422
-1286.694
446.7674
-2414.518
-1424.332
-1585.087
-1442.488
-1240.209
-1507.366
-1138.808
-2176.468
-8713.618
-1899.037
-2923.117
-1494.027
-1410.211
-1832.807
-758.7136
-1987.403
-1365.411
-4575.601
-1573.012
-252.1028
-1056.11
-1521.513
-401.3291
-1307.975
-1220.668
-1446.722
-1362.599
-1002.884
-1893.335
-1297.539
4915.062
-1155.317
-1586.711
-1383.36
669.2412
-1895.632
-1739.041
-1863.134
-1021.989
-1239.289
-1561.569
-1465.506
-1116.227
-664.0281
-1273.337
-949.6141
-1487.548
3820.187
-129.8182
-1349.732
-1607.016
5232.52
-1008.978
-1390.421
-1224.506
-1781.41
-1348.719
-998.8193
-1237.945
-1445.408
-1352.966
-1291.18
-1414.447
-1269.783
-1526.412
-1326.999
-1741.091
-1127.919
601.2202
-1503.469
-1776.59
-252.0975
-1494.219
-3784.805
-1431.756
-1506.697
-1288.372
-5152.371
-1669.506
-445.4986
-1100.777
-1246.383
1367.077
-1219.033
-1447.951
-2188.757
-1713.561
-1822.579
-1174.089
-1435.145
-1474.168
-1072.159
3225.149
-1200.817
1319.82
-906.1847
-1254.28
-2033.82
-1155.142
-1312.008
-739.5105
-901.8923
-1518.892
-1343.424
-217.0831
-1247.034
-1388.444
-1695.429
-3774.642
-1554.598
-1288.456
-1360.592
-1313.282
-887.9952
-1614.443
-1650.321
-49493.55
-3192.016
-1319.865
-1451.337
-1338.673
-1101.627
-582.3707
-1467.392
-925.6931
-1331.06
-1418.914
-1276.581
-742.6665
-1498.155
-1788.003
-1388.853
-1010.15
-775.8509
-1328.005
-1219.437
-262.9011
-1414.946
-1230.504
-3683.203
-1539.515
-1854.362
-6019.808
-1927.963
522.7614
-1193.177
-1020.016
-1693.544
-1540.318
-1221.066
-390.124
-1395.042
731.1014
-1040.19
-716.63
-1744.333
-1122.851
-1439.417
-1565.36
-1153.088
-1349.762
-1540.299
-1542.489
-1099.544
-1265.239
-1491.846
-936.2168
-1475.017
-1393.51
-1019.322
-993.8692
-1691.133
-1281.026
-1661.228
-2991.162
-1566.099
1251.562
-1398.649
-1506.182
-2417.392
-1575.797
-1400.849
-1582.331
-1234.187
-1594.78
-1334.301
-1586.822
-1442.03
-2002.778
-1114.482
-1146.849
-1123.238
-1322.417
-1588.23
-1285.432
-1368.806
-3025.458
-1136.65
-2665.605
-1449.419
-1287.96
-1709.132
-1532.492
-1754.737
-1414.508
-1244.847
-1191.856
-620.9904
-2920.865
-1621.087
-1529.711
-1144.465
-2327.684
-1607.021
-1907.266
-1124.689
-1622.608
-1304.847
-1520.008
-1372.987
-1389.413
-1030.126
-1574.863
3164.784
-853.2336
-1127.052
-1780.881
-1528.303
-1825.349
-3980.153
-709.0755
-1235.835
-1426.198
-1176.73
-1745.189
-1639.612
761.5564
-1505.072
-1026.715
-1333.276
-1450.471
-1513.784
-1185.107
-1280.998
-1937.289
-1534.38
-1731.943
-1408.027
-1488.271
-1645.283
-1478.854
-1675.862
-3389.05
-1422.179
-1790.388
-658.8996
-1699.148
-506.7372
-1515.542
-1679.981
-908.285
-1438.068
-1083.25
1506.146
-477.9127
-218.9855
-1904.247
-1572.125
-1482.979
-1591.432
2540.308
-1494.548
-1241.586
-1358.497
-1652.608
-1559.011
-1606.28
-1714.871
232.9347
-1574.444
-1353.542
338.3626
-1474.482
-1953.952
-780.7768
-1397.877
-1955.46
-1597.196
-1693.742
-1613.066
-1967.384
-2066.849
-868.2691
-1641.3
-5877.169
-2782.065
-1741.339
-1557.042
-2090.008
-1403.269
-1901.358
-1135.099
-1831.44
-1181.2
-786.6653
-1550.001
-1973.644
-1745.258
-1620.835
-26274.43
-2726.022
-1752.536
-2354.445
-1654.835
-3418.154
-2013.312
-1854.842
-2434.876
-2011.447
-1896.805
-1692.404
-1854.695
-2695.791
-1757.038
-1825.815
-1508.095
-1786.053
-1869.834
-1991.433
-1935.525
-1656.8
-1574.003
-2102.793
-1609.836
-2036.999
-1386.784
-2080.373
-1554.785
-1476.865
-1915.109
-2027.702
-2124.986
-1201.299
-1806.605
-1412.378
-1819.57
-1841.81
-1769.677
-1883.945
-1979.513
-2063.081
-1928.89
-1890.83
-1953.207
-2045.363
-1078.863
-1836.734
-4188.872
-1776.666
-1859.475
-1697.523
-2592.571
-1848.318
-1927.751
-1264.098
-2039.68
-1775.126
-1761.118
-2365.371
-2197.513
-1590.011
-5273.21
-2245.977
-1844.907
-2103.783
-1925.563
-1849.359
-2772.365
-2050.177
-1993.768
-1707.658
-2074.946
-1291.441
-3177.244
-1954.39
-1801.481
-2059.511
-1920.863
-1852.341
-2917.001
-871.1026
-2157.393
-1805.274
-1789.696
-2175.59
-3903.086
-2080.205
-2243.577
-2625.907
-2048.705
-2085.434
-1082.442
-1984.66
-1846.939
-2176.051
-4392.775
-2122.879
-2324.302
-1912.969
-2382.502
-3741.343
-1261.681
10704.63
-2533.034
-2328.983
-1710.008
-1970.946
-2694.13
-4202.261
-2349.799
-2483.381
-1848.258
-1949.947
-2185.815
-2227.774
-2108.559
4803.06
-2064.951
-2233.42
-2316.83
-35180.87
-3343.623
-1732.538
-2239.077
-1535.042
-2103.152
-2140.336
-2002.332
-1580.433
-2840.345
-3002.865
-2229.457
-2170.096
-1647.404
-2050.642
-2809.159
-2608.045
-2273.682
-2036.357
-1642.146
-1878.262
-2053.654
-2142.131
-2372.482
-2244.881
-1658.935
-2132.598
-2306.726
588.7702
-1042.444
-3124.69
-2148.416
-2246.355
-2238.972
-2119.032
-2199.357
-2164.719
-2552.649
-2207.152
-471.9551
-1147.376
-7309.12
-3812.794
-2297.715
-1957.038
-1569.224
-2431.572
-2118.632
-2425.54
-2394.817
-2636.345
-2461.647
-2285.461
-2002.332
-2241.586
-2279.751
-2134.972
-2327.11
-2324.943
-2344.107
-1614.776
-2761.493
-1997.96
-1960.412
-2169.38
-2358.778
-2297.742
-1020.708
-2069.47
4268.265
-2219.809
-2430.448
-2926.558
-2128.446
-2321.317
4402.993
-2253.029
-1483.75
-2067.654
-3916.62
-1852.005
-2204.434
-2480.226
-2393.28
-2274.895
-2195.817
-1293.205
-2745.676
-2389.4
-2237.299
-2468.007
-2493.286
-2549.109
-2387.7
-1749.7
-2171.415
-1823.983
-2306.006
-2117.082
-2199.513
-2396.406
-2479.144
-1731.879
-2776.34
-2283.176
-2539.853
-2072.624
-2485.679
-2178.512
-2220.373
-1973.883
-2573.384
-8099.201
-2154.359
-2468.857
-2550.819
-6508.643
-2477.195
-2693.02
-2348.394
-2474.764
-1012.521
-2385.179
-2518.877
-2164.13
-2051.52
-7263.793
-2348.929
-2525.068
-2406.216
-2647.665
-2247.225
-2352.526
-1994.438
-2311.092
-2361.17
-2613.17
-2476.024
-2993.051
-2313.937
1792.532
-1968.88
14431.68
-1662.459
-2241.243
-1665.714
-2218.765
-3149.438
-2522.832
-2310.818
-3513.915
-5364.373
-2754.459
-2324.634
-2802.745
-2594.708
-2594.832
-2503.724
-2455.561
-2033.654
-2927.058
-2368.628
-2548.349
-3301.839
-3572.61
-2547.94
-2134.628
-2096.601
-2332.14
-2571.557
-2157.092
-3487.832
-2601.881
-2328.767
-3288.982
-2059.764
-2133.735
-2394.906
-11961.32
-2810.922
-2433.882
-3132.133
-1792.294
-2345.932
-1371.843
-2406.085
-2666.371
-852.2058
-2128.296
-1530.813
-2599.486
-2526.16
-2462.037
-2126.02
-2413.748
-2240.314
-3458.872
-2613.381
-2560.925
-2446.874
-2234.914
-2519.576
-2447.666
-2690.576
-2167.087
-1690.531
-2240.897
-2389.166
-2355.191
-2077.388
-2374.777
-2765.681
-3217.266
-2138.39
-1826.642
-2981.068
-2466.065
-2366.48
-2241.719
-2474.489
-2126.683
-3373.81
-2251.732
-2501.899
-1959.648
-2598.75
-2263.226
-2135.633
-2414.304
-16096.42
-3299.811
-2082.819
-3238.491
-2489.459
-2875.177
-1526.75
-3042.998
-6482.597
-2330.159
-1639.756
-1812.385
-3029.555
-2471.527
-2362.017
-2985.802
-4296.693
-2829.809
-2781.226
-2554.621
-2321.857
1467.444
-2707.542
-2954.588
-1679.038
-2447.077
-2268.446
-2164.24
-2386.727
-2056.162
-2175.679
-2372.245
-2381.725
-2264.921
-2035.624
-3825.627
-2495.183
-2251.972
-2134.351
-2152.905
-2437.791
-2721.881
-2341.342
-2453.985
-2056.702
-2167.149
-2701.693
-2420.473
-2725.087
-236.9484
-2200.252
-1598.375
-14069.26
-2820.169
-2459.701
-2606.766
-2806.057
-2834.322
-2601.282
-2045.989
-1861.007
-2135.698
-2294.464
-2217.535
-2219.424
7096.95
-2093.97
-2259.688
-4886.439
-2025.831
-3012.123
-3123.359
-1907.196
-1783.417
-2499.075
-2709.361
-2379.742
-2452.513
-3172.991
-2525.682
-2231.569
-2013.928
-2173.448
-1877.946
-2367.634
-2269.014
-2216.409
-2271.761
-2264.462
-2379.759
-2140.824
-2369.962
-2742.564
-2141.788
-2888.474
-3369.265
-2188.754
-2439.073
-1086.647
-2297.564
-2246.322
-1812.414
-2364.163
-6815.307
-2301.075
-2023.574
-2174.084
-2337.458
-3075.706
-2982.033
-2334.269
-2184.05
-1989.545
-2156.064
-1921.952
-2394.505
-3158.154
-1932.701
-2104.715
-2835.307
-2640.608
-757.7316
-1683.998
-2410.501
-2161.728
-2157.77
-2050.764
-2289.309
-2284.153
-2364.358
-2322.474
-2738.416
-1986.754
-2964.92
-950.0205
-56.15702
-2250.526
-2076.409
-1973.54
-3353.505
-2362.003
-2203.324
-2153.013
-2403.031
-1936.623
-2108.157
-1658.499
-1887.557
-835.3722
-4508.266
14905.41
-1686.545
-1912.999
-2374.224
-528.8134
-2204.289
-2441.16
165.3155
3135.575
-1961.137
-5612.541
-2164.087
-2374.465
-1414.799
-1822.241
-2098.022
-2968.773
-2573.284
-1884.172
-1871.542
-2289.5
-856.557
-2504.441
-1525.449
-2169.364
-2154.813
-2040.113
-2238.284
-1954.106
-2072.16
-1922.237
-2039.94
-2686.718
-2440.118
-2091.684
-2063.382
-2079.985
-2026.335
-2169.376
-2033.99
-1950.438
-1882.862
-1786.291
-2245.677
-2232.834
-1874.025
-2366.45
986.5861
-2005.629
-2211.701
-2409.96
-1925.391
-2156.68
-2160.825
-839.2006
-1336.224
-2409.395
-1984.769
-2089.965
-1142.389
342.7176
-2228.071
-1800.366
-2303.464
-1520.957
-1788.413
-1908.736
-2187.566
-2075.879
-1551.606
-366.0177
-1970.529
-2508.996
-2400.366
-2261.134
-1981.197
-2314.446
-2460.369
-2205.473
-2277.994
-2353.802
-2127.626
-1943.427
-1489.356
-2101.142
-3291.838
24549.82
-1163.633
-2308.402
-9338.512
-2380.714
-2008.921
-1591.286
-1794.14
-2414.066
-1850.384
-1967.48
-1599.858
-2392.842
-3975.334
-2243.686
-1403.472
-2447.239
-2301.877
-3444.044
-2174.149
-2247.251
-1965.639
-2013.325
816.4841
-2255.539
-2020.154
-2255.461
-2338.686
-2601.745
-1016.367
556.7019
-2267.313
-1674.309
-1282.33
-1989.744
-2154.06
-2214.558
-1900.702
-1852.162
-2185.55
-2036.854
-2663.416
-2215.389
-2092.651
-2283.951
-3382.948
-2215.281
-2113.487
-2491.043
-1974.889
-2010.879
-1945.712
-1688.515
-2726.5
-1326.04
-2038.924
-1522.326
-2529.129
-3055.222
-2482.225
-1940.197
-2058.95
-2203.887
-2717.623
-2419.413
-210.1549
-1609.154
-1843.907
-2195.988
-2279.577
-1351.629
-2208.576
-2642.651
-2414.42
-2241.368
-870.4788
3211.755
-1875.074
-4156.329
-1931.361
-1679.548
-2116.288
-1931.986
-2025.655
-2410.099
-1744.307
-6890.568
-2245.363
-2030.948
886.7823
-2016.216
-1434.197
-2637.003
-3257.162
-2055.009
-2688.767
-2135.894
-2634.341
-1572.702
-1954.812
-2663.43
-2056.406
-3206.048
-2723.588
-3061.572
-1868.776
-2031.169
-2352.861
-2028.544
-1983.764
-1879.109
-1615.71
-3865.357
-2226.435
-2254.523
-2130.775
-2511.726
-3343.704
-5088.381
-1933.724
-2046.117
-2066.668
-2381.299
-1852.234
-2397.976
-2143.277
-1329.625
-2880.504
-2386.094
-2057.935
-17.26327
-5959.291
-2100.227
-2407.791
-2792.563
-2125.038
-4869.719
-1147.918
-2321.922
-2716.723
-1764.195
-2216.877
-1945.321
-684.2985
-2282.624
-2664.304
-2171.217
-8331.398
-2602.941
-2075.218
-2326.608
-1976.949
-2180.018
-2135.499
-2161.97
-1816.124
-2305.854
-2422.589
-2176.14
-2468.818
-2202.122
-2174.446
-2332.595
-2535.824
-2256.946
1182.394
-2062.153
-1914.857
-2056.431
-2396.702
-2413.108
-2156.645
-2504.309
-2213.136
-1796.008
-1936.207
-2059.858
-6585.197
-2781.109
-2564.35
-2506.75
-2399.812
-2245.992
-2099.763
-2280.592
-2097.636
-2331.077
-2438.679
-2732.693
-1892.583
-2406.607
-2693.995
-2271.479
-1750.086
-2499.259
-2334.275
-2351.537
-2337.3
1623.184
-1568.574
-3432.513
-2427.411
-1619.559
-3598.766
-2454.244
-2396.183
-2330.508
-2421.717
-2818.244
-2888.067
-2721.086
-2542.166
36782.12
-784.1414
-2293.699
-3515.962
-2678.913
-2042.805
-2544.594
-1394.35
-2591.475
-3223.672
-2919.794
-2441.983
-2122.622
-2704.837
-2279.596
-2355.06
-2791.083
-2252.132
-2552.189
-2513.76
-1666.214
-1209.111
-2349.957
-2554.869
-2023.275
-2558.625
-26922.85
-3525.782
-2410.57
-2383.716
-2597.446
-3148.388
-2381.668
-2638.994
-2249.07
-2883.734
-2501.175
-627.2841
1595.057
-2079.111
-2349.715
-2273.47
-2653.783
-939.6236
-1035.648
-260035.3
-12904.59
-2976.727
-3028.349
-1763.253
-2526.564
-2550.444
-3086.872
-2544.107
-3435.903
-2761.019
-3012.038
-3009.826
-2105.696
2198.27
-2241.821
-2819.322
-2742.161
-2588.316
-2452.526
-2714.219
-2769.2
-2160.21
-2655.831
-3019.53
-2775.516
-2335.292
-2928.13
-2234.631
-3295.524
-2702.047
-2086.126
-2604.299
-2379.563
-2728.447
-2602.519
-1902.074
-2666.162
-6010.62
-2872.669
-2648.286
-2404.349
-2617.841
49053.41
-274.9683
-2541.57
-2729.932
-2653.265
-2781.123
-2835.649
-4321.271
-3316.957
-2983.564
-1798.821
-2384.51
-2444.873
-2802.299
-1895.393
-3123.644
-3127.041
-2905.532
-2770.015
-2767.32
-2111.31
-5819.223
860.573
-2345.146
-2701.076
-2804.551
-4292.212
-3170.055
-2993.917
-1234.188
-3539.631
-2898.985
-2942.244
-3249.941
-2764.306
-1591.719
-2830.476
-1539.112
-2141.883
-2999.137
-3830.338
-3180.488
-1602.629
-2279.709
-3494.477
-2579.24
-2683.257
-2714.32
-3182.145
-4149.161
-3602.813
-3352.512
-3029.294
-3212.381
-3666.864
-2736.958
-3058.588
-5340.443
-3623.079
-3374.613
-3717.018
-3178.633
-1585.603
-2816.616
-3118.417
-2883.464
-2956.566
-460.4174
-2949.363
-3114.216
-2443.704
-2676.691
-3161.84
18424.47
666.8634
-2987.918
-3016.466
-2933.6
-3091.295
41919.91
-1275.48
-2746.705
-2817.12
-3100.256
-2939.147
-3254.456
-878.2861
-706.8529
-2107.169
-2811.575
-3078.051
-2982.837
-3080.822
-3139.235
