1837.417
1229.845
955.0285
-157.1017
543.9998
1975.27
1495.666
1639.809
2172.757
1787.092
1737.655
1634.965
923.5715
816.0817
812.2641
1009.027
1049.795
929.479
4.682583
396.663
-4507.535
-1789.943
-923.4536
-203.4037
466.5318
770.2991
-2066.081
229.3377
281.0922
545.8043
1459.745
574.0999
914.596
571.1855
119.6006
-915.4193
-314.0892
24.94269
-1117.267
-532.2617
-117.2104
-536.3748
-328.8504
159.7991
69.52057
1877.697
149.4573
-273.0068
-440.1673
-1416.583
5109.611
2648.707
963.0082
382.3773
-44.38192
-1361.842
-1346.946
-1273.496
-1011.487
-1072.235
-3219.962
-2085.185
-2908.588
-2002.869
-1243.682
-868.9097
-839.9769
-1161.542
432.4815
-180.3612
-98.94878
-851.5964
-500.4445
-918.1606
-1977.918
-608.4495
-367.4085
-275.2192
-1222.033
-596.8011
-708.428
-775.2797
340.6601
-303.5422
126.3525
-27.53898
-222.7278
-267.3347
-1019.597
-619.0489
-376.8009
-532.263
-461.7471
139.6154
2247.63
1903.486
21269.76
9995.07
6002.296
2928.483
1503.321
1144.875
799.7347
-2215.784
-775.9483
48.26605
4019.897
2460.353
1541.146
1293.855
558.225
1386.985
777.9879
-816.4841
103.2321
337.8858
533.1146
593.7067
365.2644
1035.777
1044.86
-2462.992
-875.0466
-191.3648
663.9987
81.04847
370.175
427.9957
1245.276
1326.794
1580.066
-183.1673
1126.005
763.5384
1006.325
868.8002
460.5815
331.0029
585.1003
4381.808
2943.896
1651.457
136.8862
-89.43073
-226.3853
2446.297
994.7497
-451.448
-44.06289
-217.4522
-381.0302
-151.5022
-393.1912
-379.6661
-718.9457
-384.2946
-569.3837
-2182.739
-1356.14
-716.5656
-993.2794
-414.8495
-1258.559
-4330.03
-2641.872
-1936.248
-1635.508
-1194.78
-349.2468
-670.633
-1000.002
-1340.274
-1212.027
-1291.88
-1290.984
15732.6
7158.012
2488.725
119.8757
-823.4107
-889.4129
-690.8589
-1072.979
-834.1135
-760.891
-224.9078
-410.4523
-813.9838
-498.739
-786.1824
-840.2941
-847.0433
-860.1664
-1014.287
-418.5997
-592.4145
-772.1591
-1337.944
-556.3996
860.9647
362.0769
229.2913
-101.3799
-172.7465
1184.637
499.489
-2236.742
49.79546
-54.96058
393.5441
54.68216
-163.7736
264.3282
6874.879
3422.202
2026.563
1144.294
771.581
2771.928
1165.022
1316.45
765.7776
481.6534
1026.432
-2943.057
-465.7992
374.59
-84.15473
328.9631
173.6034
-1210.193
-333.6181
376.9215
380.3413
397.8231
472.8827
581.4108
999.032
582.1286
-840.4016
397.9631
311.7105
286.7784
86.64062
192.8567
-101.7359
-494.7564
-7357.183
-3103.882
137.7185
399.4572
207.5012
-192.1192
-63.97371
62.48892
-375.5608
-272.0156
-290.9968
-302.4525
-333.2984
-23.48747
2.792169
-160.8398
-285.5482
-709.7229
114.0462
-333.9494
-610.0847
-760.8156
-237.7631
-920.8115
2161.302
531.2431
-1331.311
-1039.16
-1160.889
-1230.894
-1325.59
-115.8751
-889.3196
-996.5557
-1657.13
-1448.124
-36954.65
-18447.31
-9667.721
-4901.358
-2768.64
-1961.088
-1233.168
-1015.884
-1097.462
-379.3787
-600.1558
2145.047
726.3336
-6562.13
-4122.957
-475.2181
-599.3154
161.5477
2461.485
829.6325
-61.59481
-347.1356
-561.7045
-749.1598
-1745.342
-817.4127
-604.8381
-151.2039
5.15974
-1521.787
-897.252
-662.8294
-234.456
-221.0174
-415.4243
9.621068
-2932.363
-1245.951
-648.7003
-281.0088
-154.669
314.4736
867.374
577.6157
1436.807
3311.832
73.94083
653.103
799.2187
611.5569
333.866
357.808
-6026.61
-2394.569
-743.5098
5441.668
-56005.09
-26215.34
-11988.99
-5435.72
-2222.474
-697.4302
8.753301
556.8447
1286.193
942.5742
504.7294
660.6463
500.366
777.9068
58.71786
-716.4415
-3209.334
5646.816
2925.689
1640.799
916.2897
-76.3414
386.8798
589.3405
-238.6357
215.2947
-187.6365
-365.6542
-452.8273
-468.835
-626.9094
-234.4908
-330.8305
-726.597
-701.3348
-836.3595
-750.2778
-773.9678
-880.4327
-1375.702
-826.9198
-1265.655
-1100.45
-1153.069
-1084.182
-1072.967
1032.987
346.1942
-343.2462
-1103.373
-1377.711
-630.8206
-929.8362
-713.7097
-868.7047
-1191.509
-1275.49
308.3904
-363.8613
-867.5181
-3862.929
-2607.083
-2221.294
-1962.691
-1521.479
-2192.065
-1141.473
-850.9495
-1272.691
-751.604
-746.9547
-1391.645
-630.9081
-1049.601
-727.4367
-1709.804
-944.9593
-657.6093
-631.8945
-451.7431
360.2031
91.39481
-427.4299
-289.3119
-451.9387
-51.36783
-66.62674
-135.2448
698.4096
597.1972
-1536.762
-1531.473
-325.4172
59.78899
1643.658
941.1071
435.6306
258.6309
341.0612
499.3215
462.639
483.5385
491.8103
-982.3016
768.6394
725.2736
737.7098
-37.58919
544.4744
-1219.732
-342.7509
424.4256
513.1787
497.312
362.2509
46.70975
5.520611
2397.864
1988.922
2356.154
1419.75
553.34
123.5844
-168.7558
-22.12061
1896.972
747.7534
-1578.607
-796.8869
-502.3812
-288.2716
-61.56993
207.9485
-74.22433
-232.9758
-585.547
-82.23497
-626.7411
-2249.286
-1337.225
-4782.49
-2252.151
-1512.053
-1534.039
-703.5611
-713.9691
-1494.776
-1400.33
-1684.175
-1437.206
-1262.99
-1249.733
-1289.204
-3155.531
-2108.72
-1569.942
-1871.967
-1794.867
-1922.043
-1383.491
-1586.807
-1525.572
1467.888
-11644.85
-5707.136
-2632.183
-1684.107
-2451.871
-1738.594
-1596.785
-7811.458
-3533.313
-10983.77
-6011.919
-3086.26
-1795.111
-948.2002
-1474.438
-254.9442
-2121.332
-1481.846
-1294.172
-1270.317
-3941.799
-2222.969
-1349.555
-1120.743
11598.91
5689.306
2419.674
890.2788
415.6828
-201.296
276.5628
71.09726
-141.9242
658.2855
423.7533
247.2176
-120.9668
-174.3206
-111.0691
545.6089
485.0113
628.3279
400.2459
912.4292
4704.309
1882.598
1093.68
1079
375.653
560.7421
445.5245
831.7097
524.2277
1297.019
2621.186
1563.852
661.3404
742.5256
1465.512
1334.667
822.7937
-7.262312
-153.8657
-462.8319
-541.659
-292.0903
-1460.924
-1056.776
-1661.804
-3048.69
-1786.745
-620.3386
-257.6864
-7184.258
-3194.338
-1934.809
-1020.969
-427.2697
507.5997
466.282
320.6125
1015.422
234.5921
110.996
1106.407
-72.53671
-329.1397
-439.9892
-581.7418
-1099.536
-1232.203
-2988.999
-2948.669
-2415.591
-1628.949
-1295.135
-1104.284
-1020.21
-2524.585
-771.3439
-947.5681
-1019.162
-1066.104
-1416.005
-2070.35
-1854.239
-2514.161
-1898.325
-2469.611
12250.53
5148.214
2408.717
725.4199
-344.9833
-1033.232
-1212.87
-873.226
-1500.648
-1390.235
-1207.766
-1245.218
-987.3451
-1347.837
-1092.737
-1351.078
-605.2654
-450.8739
-614.966
-606.1526
-426.085
-456.7884
-559.6481
-314.6507
-384.7527
-2048.891
-400.7297
-733.5759
-2294.243
-1279.774
-424.9516
40.10468
-92.77148
-3.014239
83.07297
838.3554
840.5988
79.2385
-525.5999
20.49681
-36.68243
-159.2508
-86.05285
227.1228
104.2126
786.5039
556.2391
838.2268
1057.436
3733.913
1683.167
1102.525
788.1108
320.7568
-335.6624
136.1684
-202.61
-110.1074
55.99068
1815.198
2777.123
1394.668
849.9462
152.8376
170.5955
534.5278
-127.8777
143.5845
269.688
-278.4229
108.975
-391.2877
-84.54661
164.6145
-3123.564
-1537.159
-1007.271
-633.3328
440.7925
-53.67294
-660.3438
118.0953
89.15903
-428.0718
-1836.328
-1486.297
-1129.134
-965.8569
16254.85
6770.979
1578.344
127.4833
-707.3054
-971.4951
-790.6305
-1600.557
-1647.542
-1423.156
-1496.584
-4661.463
-2542.488
-5937.944
-3847.558
1325.393
-7.701946
-1060.301
-1284.625
-1206.35
-1673.98
-1601.52
-1044.476
-1139.451
-1110.639
-1101.235
-1931.319
-1847.974
-1123.303
-1716.962
-445.2501
-949.4182
-902.7735
-4075.379
-685.1337
-733.4657
-983.1048
-296.1851
-846.3202
-1842.307
-1284.848
-763.2089
-601.9929
-1403.257
551.6528
-201.0393
-768.2655
-451.1484
1179.714
718.3408
89.49853
-142.3601
-118.3982
-860.9201
-435.6991
2436.772
2212.866
835.9204
235.5415
892.9809
359.2884
-216.9567
-305.322
108.1826
-1815.93
-327.8857
678.3496
465.9221
415.9949
842.0293
156.6659
88.04974
-164.9463
-2501.204
5464.762
2766.364
1439.188
1290.47
-999.2123
-326.6906
-301.9876
-424.7308
1118.208
652.2535
457.6974
251.83
-342.5719
-9.708562
62.48315
-316.6047
-161.8742
2870.07
1388.159
493.529
172.2707
-57.9911
-139.7472
-397.9841
-378.7632
-527.5136
-5304.27
-2961.514
-1651.622
-1849.685
-4112.18
-2612.469
-1965.23
-5303.377
-3027.723
-3177.526
-2154.596
-1621.895
-1434.889
-1492.989
-1005.121
-497.2455
547.8185
-1800.693
-1659.243
-44.02684
-1282.524
-1308.561
-1370.69
-1442.894
-1173.608
-1075.642
-1404.884
-48.67285
-511.7988
-1580.87
-1454.953
-495.6424
-1063.382
-2049.056
-1808.345
-1647.497
-2333.41
3694.615
1366.696
987.115
-1535.109
-1775.354
-1831.102
-1546.163
-1451.317
-1219.517
-1816.186
-1606.207
-3149.397
13706.14
5944.639
2279.709
637.9203
-368.8315
-620.905
-2149.607
-1165.955
-254.3583
-799.759
-628.707
217297.8
102857.2
48024.67
26068.42
12240.78
5625.38
2387.075
1236.813
497.875
125.0896
623.8702
170.1109
-2536.837
-1107.084
1111.543
1133.228
840.8928
1507.737
808.6051
796.0631
339.794
-71.04664
-652.5577
-75.1794
-125.9255
13.95071
368.6471
-324.4891
-773.4913
-604.1426
-126.8588
581.5956
247.7159
2041.444
38.85097
-115.9753
-42.88748
-226.6398
-235.65
10.76122
-435.499
-387.7022
150.8274
501.114
-1525.235
-1828.766
228.7975
-308.7967
-311.2236
-410.3747
-251.2503
-616.1883
-13169.71
-6830.397
-3883.377
-2498.054
-1828.102
-10905.47
-10448.64
-5636.067
-4861.713
-2995.851
-1943.482
-1394.927
-1387.758
-473.7799
-517.5171
60.03493
-725.2235
-1015.764
-1402.706
-2471.605
-1948.834
-2761.499
-203.3858
-955.9339
-947.2223
-415.8024
-737.5995
-1407.937
-1218.859
-1466.26
-1536.204
-2258.159
-1861.692
-1845.979
-1196.061
-1421.376
-884.736
-1357.669
-1522.759
-1764.423
-1504.087
-3134.704
-2134.25
-1591.945
-2457.004
-53829.98
-26451.49
-13103.92
-6756.811
-5581.912
-3192.796
-1994.438
-1972.663
1808.922
193.588
-638.7117
-175.8545
-406.1543
-269.5502
349.5902
3363.424
1125.197
366.4476
221.1167
294.6079
-35.79185
-14.27014
-265.5466
208.8766
-2592.63
-1305.849
3945.298
9870.476
4541.729
1834.815
1313.375
573.2806
686.7692
3495.341
1539.955
644.2221
748.2966
316.7843
188.3189
-526.4983
-282.5933
-1591.686
-638.5267
-288.2511
273.9188
235.1579
115.0347
-339.7108
-73.41477
11.75971
240.8823
-25.99736
-133.4078
-358.3494
-544.2174
-415.7468
-469.5094
-738.9878
-1188.089
1964.608
-129.1294
1435.553
362.4318
-791.6761
-578.29
-371.6507
-1530.613
-888.8301
-1219.114
-1149.287
-830.8146
-272.2439
-545.8417
-1427.701
-2115.392
-1608.135
1688504
798856
377765
178110.8
83570.9
38424.91
17309.54
7006.599
1939.648
-1745.942
-2497.923
-2018.923
-2075.928
-2218.998
-2102.666
-1934.764
-2040.942
-2038.935
-1604.547
-2055.757
-1880.811
-2301.181
-1817.583
-2596.453
-1889.577
-1221.173
-1448.583
-1763.443
-1700.248
-1866.793
375.7083
-392.4486
-315.9679
-930.7538
-1176.708
-1094.644
-902.4927
-900.0022
-469.6475
-670.3576
-836.7981
-740.2368
-382.6236
-693.582
-235.5264
-1282.159
-7554.777
-4105.47
-2273.682
-956.1724
-297.8441
-470.0293
189.5347
-243.6569
-143.0696
69.89983
321.03
156.534
-269.4403
-196.8632
156.9486
-789.9413
-308.8225
-167.8309
234.0411
513.9754
1468.259
677.9133
362.4355
271.2092
578.5417
-189.3605
67.32171
19.52168
-574.3477
212.5273
-246.7176
-282.1564
-257.5259
-537.3453
-676.9894
-718.4175
-1187.073
-2142.341
-1070.996
-2455.647
548.5388
960.6929
179.5403
-238.7084
-104.6762
-634.1988
-678.6388
-922.466
-1088.534
-885.3234
-692.1066
-607.1436
153.2448
-689.2126
-588.6215
-964.5504
-1147.132
-666.7209
-3547.028
-2600.221
-1858.047
-1526.094
-1070.559
9578.322
3305.701
815.6724
-545.7401
-808.3816
-1273
-1628.54
-1828.396
-3324.957
971.1768
-283.575
-1525.019
-1695.249
-2448.282
-2273.736
-2203.728
-2145.917
-1947.974
-1626.889
-1221.471
-1816.563
-1760.565
-1762.095
-1833.299
-216.4894
-1594.458
-1821.184
-2034.463
889.9023
-289.289
-901.6985
-64.74963
-854.9152
63.06763
-506.4013
-849.4908
-4496.653
2241.23
386.7895
-755.4615
-638.2464
-247.2125
-520.1101
-1266.941
-699.9143
-991.0929
-753.32
-1124.107
-510.8091
4333.653
4066.667
1606.976
-202.9985
412.0679
-329.6499
-456.9874
-1130.119
2249.906
639.1935
194.4636
212.0406
30.99214
186.4705
47.21333
75.02846
-35.6121
222.4626
1454.247
235.2769
-453.9976
-334.3299
-316.0473
-206.1923
-233.6954
-5.927893
-540.1767
-267.3967
-1216.276
-1145.114
-439.7599
-495.132
-317.842
-350.7605
-301.7062
-436.859
-200.6973
-187.801
335.7394
-187.204
288.7101
-1966.986
-1076.572
-862.8459
-1122.443
-626.9196
-859.7376
3376.571
2080.123
385.6795
-442.2517
10229.08
4124.702
1313.725
-318.8961
-2050.229
-2560.23
-2086.072
-1985.132
-2007.433
-1844.156
-2989.905
-5384.589
-4821.172
-3227.751
-8010.527
-4385.452
-4183.46
-2913.288
-2445.713
-1594.225
-1686.837
-384.7862
-621.6059
-2208.429
-1725.805
-2123.631
-2315.663
-378.4034
-1796.446
-1680.828
-2076.99
-2096.101
-2455.243
-1964.228
-2529.511
-1916.399
-1427.417
-1556.185
-1692.831
-2154.041
-2289.701
-1798.761
-1883.184
-1603.792
-2034.917
-1944.143
-1314.094
-651.7932
-498.2447
-249.8865
-288.315
1258.607
50.55932
-538.0202
-712.5654
-943.5883
-699.9933
-582.3825
-535.7928
-558.9827
-474.4623
14373.76
6726.359
4117.466
1061.79
1090.039
-174.6821
-185.6252
-287.6404
808.8426
545.0685
128.7118
236.2376
-388.7251
-84.27262
-696.7606
-20.53455
-155.7408
-261.7211
-105.0842
-207.6418
874.713
1649.663
666.6014
-500.4708
-392.7066
-387.0586
-14.09513
376.2069
-2266.439
-1189.542
-844.2174
-1523.715
-2988.846
-1530.405
-726.6252
-415.7678
-685.0238
-232.3736
-477.0439
-714.9093
-615.4324
7529.434
2757.702
-778.6574
-1129.616
-812.4816
-1027.844
803.2368
-975.2601
-1583.277
-1611.554
3000.627
959.3603
-3438.572
-3576.764
-2080.324
-2075.695
-3005.518
-2496.72
-2403.676
-2066.906
-2258.978
-2315.317
1702.803
595.2548
-906.5347
-1942.684
-6145.987
-4048.955
-3459.004
-3147.743
-5585.773
-3192.079
-2682.489
-2494.49
-3307.97
-2845.335
-1873.394
-2091.857
-1946.148
-2336.479
-2410.837
-2395.424
-2523.335
-1856.885
-2751.548
-12114.69
-6508.108
-4637.412
-2845.776
-2037.737
-2405.575
-1516.211
-1937.89
-1629.247
-1502.347
-1237.498
-613.466
-1135.624
-720.6496
-436.2798
1237.615
188.5286
-386.1088
-614.0356
-357.2396
-568.2643
-679.1907
-143.5821
-377.058
-1263.638
-952.6487
-1294.994
-971.711
-310.3206
-470.3249
-426.1044
-308.1346
-146.7211
6483.192
2838.19
899.8615
188.646
-212.6831
-175.893
-123.6538
83.32234
155.7006
-16.17613
-1579.399
-3316.961
-2125.209
28.11996
-610.2021
-836.3823
-196.2177
-601.298
-226.5923
-507.3293
-880.8703
-2196.299
-1863.496
-1148.194
-614.0687
-833.8706
-1128.691
-660.8852
-365.702
-116.2901
-593.8361
-865.202
757.8442
-3966.906
-2696.706
-2046.553
-2055.432
-1938.982
-3390.679
-2878.373
-2511.519
-1681.097
-2102.901
-1929.912
-689.5317
308.7884
-807.2171
-1419.851
-1757.846
-1738.047
-1692.989
-1652.481
-2089.579
-2326.472
-6758.801
-4895.039
-4710.257
-3093.305
-3323.436
-2181.605
-1800.6
-2193.201
-1879.231
-2311.701
-2184.932
-2368.328
-1385.65
-1851.004
-2279.629
-2151.65
-2255.892
-2163.162
-2273.296
-2030.914
-2379.679
-1798.427
-2555.858
-2098.092
-2093.272
-1957.067
-1577.857
-1666.905
-2158.207
-1645.246
-1731.181
-1534.745
-1472.589
-1523.737
-1413.746
-1286.804
-1235.611
-1142.252
-2206.579
-1977.253
5209.064
2101.996
-8224.275
-12216.69
-5997.463
-2752.024
-1962.926
-1480.419
-805.1116
-94453.02
-43784.01
-20939.27
-10103.34
-5235.186
-2751.797
-765.803
-705.4499
-1149.068
-588.0585
-768.4729
-2803.765
-1671.394
20.42456
136.9321
-204.9177
-54.2275
-243.2954
14418.1
6474.406
3096.003
2461.639
1191.681
-303.5938
-603.6257
40.7028
-333.796
-507.3356
707.5342
-33.1374
-685.0543
-664.9675
-407.481
-644.084
-639.1217
-640.3582
-964.1324
-1262.098
-1168.468
-122.5008
-1063.04
-1201.828
-1532.08
-4325.597
-9237.317
-5200.761
-3525.87
-2657.501
-2553.301
-1929.451
-1737.7
-1889.532
-1769.456
-1776.536
-1741.67
-1899.438
-1841.944
-1915.681
-2037.877
-2530.092
-2459.52
-2220.405
-1679.659
-1788.053
-1311.454
571.1649
-1298.765
-2162.902
18123.47
7409.757
2336.785
636.4125
-702.9516
-1573.186
-2047.151
-2103.644
-2168.555
-1474.856
-1212.989
-1502.848
-2064.806
-4555.607
-3034.576
-2370.633
-1786.558
-1604.587
-943.6494
-1458.157
-1295.934
-1299.205
-4180.344
-3860.168
-2445.753
-958.828
-1689.092
-1635.651
-1514.583
-19035.2
-9438.268
-5819.515
-3306.787
-1611.61
-1526.069
-1191.733
-1176.131
-2007.235
-1304.144
-985.0791
-601.3768
2687.634
378.5381
520.2613
692.6956
-798.5525
-528.1993
-624.4835
-526.4733
-725.589
116.7525
-261.1932
-538.2515
209.4069
-307.2727
-1543.702
1008.075
123.1547
-248.611
-151.8009
-571.0425
-560.3063
-641.8594
-942.0586
-695.6001
-63.69135
-410.1212
-747.9953
-954.9365
-671.1829
-909.0464
-667.2714
-678.1735
-575.265
-592.1512
-645.2905
-1505.891
-1138.592
-1051.506
-1089.109
-1238.627
-5083.496
-2686.244
-6280.802
-3816.994
-2468.904
-1650.5
-2659.602
-1617.775
-5687.159
25428.31
17958.36
6368.924
1838.516
-180.5493
-1198.235
101.8919
-1061.729
-1638.551
-1004.181
-1352.94
-1865.096
-2250.252
2240.377
-293.9557
-1227.666
-1536.348
-2484.04
-1629.38
-2711.061
-3013.03
-2536.452
8442.2
820.4095
-1048.513
-1020.945
-1920.91
-1775.647
-2042.835
-2146.889
-1826.495
-1998.93
-2051.22
-1498.393
-2126.738
-1942.213
-1754.485
-1755.002
-1891.946
-1852.868
-1799.689
-1719.167
-1707.584
-2197.312
-1551.639
-776.2997
-1104.099
-2538.449
-2073.989
604.993
52.92852
-573.3103
-233.569
-864.2561
-344.4983
-641.8232
2230.588
1133.182
63.17498
-382.7131
-852.9691
-799.6867
-696.829
-431.2217
-299.7212
-261.2361
-853.3941
-687.873
-869.8837
-721.0628
-242.9492
-987.146
-763.3364
-768.4691
-657.1365
-788.1011
-1021.086
-868.3022
-270.6042
160.1689
-278.8093
-532.16
-464.2524
-595.0194
-546.2854
-1661.021
-1153.845
-1150.064
-1253.28
-1121.059
-1198.819
3008.188
806.9142
-333.9913
-346.1155
-2062.449
6101.865
2534.152
297.8399
-853.6735
-1123.515
-1544.016
-1388.666
-1536.974
-1685.05
-1835.198
-1605.306
2166.274
139.2393
-2700.711
-2285.068
-2234.268
-2192.413
-2582.664
-1337.086
-1620.009
-2024.798
-3017.124
-2949.522
-11075.5
-6353.84
4245.728
1092.657
-1030.792
-19017.24
-10217.59
-9514.11
-6229.701
-4334.063
-3043.846
-2530.03
-2548.595
-2540.251
-2432.999
-1761.447
-1962.063
-1386.157
-2741.284
-2563.256
-4234.323
-3089.901
-11689.44
-5332.446
-3248.932
-2731.135
-3036.816
-2385.581
-1113.882
-1293.575
1312.877
-17.75229
-1179.461
1836.146
86.59106
-803.9572
-782.8603
-1210.332
-727.4903
-1036.154
-552.5111
-681.0546
-1275.677
-1161.352
-311.4338
-1018.701
-646.1017
-1402.992
-1389.225
-1234.053
-379.1694
-660.6217
-717.0645
-882.2414
-1046.498
-1916.102
-1824.984
-870.2416
-397.5762
-360.2545
-669.9301
-723.1571
-1955.341
-2271.551
-1072.86
-859.2753
-797.1619
-416.7541
-953.2203
-687.4446
-501.9635
239.5925
-124.2427
27.1934
-354.8195
-461.3769
-643.6928
-965.7194
-1900.609
-626.7665
-1995.575
-1714.572
-2001.49
-1648.208
-1461.562
-1292.244
797.1985
-533.9939
-1150.301
-1002.008
-1542.746
-1291.26
-1633.915
-1269.981
-1995.277
-3550.388
-517.6189
-1803.547
-1672.912
-1812.119
-2024.91
-1883.553
-1805.721
-1961.746
-1632.583
-1541.254
-761.5744
-2712.378
-2628.208
-1735.936
-2224.349
-2319.947
-2419.983
-2440.957
-2469.013
2978.18
1834.095
-734.2625
-2000.354
-1948.053
-2113.153
-4823.48
-3398.181
-2938.14
-2852.025
-8387.035
-5986.189
-4097.318
-4052.797
-3670.802
3358.003
1069.573
-311.8517
-1453.512
-1687.84
-1795.109
-1309.328
-1681.15
-1595.048
-1594.418
-1667.697
-1759.023
-1502.803
-1269.766
-385.9812
-97.98962
-2520.236
-2061.514
-1152.348
11787028
5586119
2646935
1253800
593169.7
280512.5
133102.8
62592.92
26231.63
11904.73
5090.013
2320.167
771.8038
-1776.426
-1459.08
688.4324
-258.6163
-653.6474
-636.951
-791.2403
-750.3021
-625.716
-717.8404
8039.364
2863.518
832.5199
-7063.948
-3833.67
-1952.309
-1831.98
-3463.123
-2098.341
-5636.446
-3583.244
-2062.289
-1164.7
-1784.528
-1299.66
-3543.733
-2134.897
-1479.575
-1011.315
-1461.787
-1855.992
-1625.792
-2442.783
-2237.774
-1754.325
-1368.569
-1769.21
-1757.77
-1759.919
-2178.601
-1855.056
-1532.927
-1785.912
-1929.149
-3145.18
-2773.231
-2629.409
-2884.114
-2557.876
-2348.092
-2362.777
-1492.596
-1951.971
-2391.506
-2563.831
-2551.347
-2509.299
-2570.418
-1393.004
-2000.238
-2846.701
-3105.216
-2523.584
-2027.454
-2278.186
-2375.656
-2011.221
-1637.991
-1952.617
-2285.471
-2873.913
-2033.317
-2294.444
-2334.823
-2568.393
-3878.258
-2963.523
-3091.785
-1888.12
-5662.667
-12.56138
-505.4954
-848.2277
-1791.198
-2021.839
-1955.962
-2011.586
-1773.781
-1969.252
-2018.821
8673.128
3382.777
778.4087
2844.025
489.4157
239.852
-400.0628
-1115.251
-1676.469
-1879.135
-1224.379
-345.6963
-86.52671
-626.5903
-885.1061
-824.3735
-1614.307
-52.00073
-394.7898
-668.9569
-684.597
-650.2087
-482.2886
-706.6636
-444.0311
-937.7703
-1062.46
-816.6733
-831.1557
-900.145
-834.7624
1637.088
1639.597
584.3359
-341.1751
-1392.928
-2066.227
3277.68
968.4827
686.529
1076.928
443.3367
-304.8147
-838.8445
-821.993
-327.9688
450.1405
2625.187
712.8728
-47076.74
-23240.41
-12161.41
-6538.148
-10454.43
-5655.199
-4047.355
-2583.521
-2277.605
-2381.994
-2150.484
-1674.933
-1278.003
-2052.672
-2131.707
-2220.518
-2655.91
-2157.419
-2309.55
-1741.593
-1954.843
-2258.1
-2042.254
-2502.674
-2173.658
-2992.922
-1619.297
-2224.576
-2544.73
-2196.916
-2378.853
-2614.078
-2695.94
-2646.287
-3047.35
-2389.244
-1353.511
-1761.619
-1942.146
-2387.086
-2696.69
-2659.197
-2594.543
-1458.958
221.9516
-1253.347
-1990.021
-2042.579
-2282.734
-2414.498
-3298.563
-2430.456
-2776.559
-2485.541
-107686.6
-52100.76
-26317.52
-14020.77
-7990.718
-4644.1
-3125.516
-2995.112
-2313.413
-2230.908
-2260.115
-1904.257
-2339.719
-1577.812
-1216.752
-1020.876
-1143.367
-1623.857
-1060.871
-1113.192
-1043.081
-1060.648
-1280.907
-1158.848
-1230.812
-1692.702
-1012.894
-856.8272
191.2767
-37600.03
-18352.81
-9165.052
-4938.688
-1618.878
-346.2463
-583.1198
-661.6178
1716.683
940.5791
-2267.381
-1873.98
-695.7981
-644.1687
-4537.343
1545.974
131.3948
1830.733
-3.300194
-975.5164
-1121.906
-1567.021
-1439.565
-3569.501
-1209.905
-1454.981
-2370.411
-2274.959
-1745.485
-2127.214
-1747.846
-1925.273
-1821.78
-1752.322
-1349.969
-2382.378
-2193.428
-967.4867
-1458.085
-1841.675
-2011.529
-2281.828
-2101.953
14284.49
5525.78
1118.482
-915.1107
-1837.187
-2148.914
-1886.491
-12945.91
-7606.73
-4986.477
-2980.683
-2870.951
-2723.108
22961.63
8104.401
2453.767
-298.3444
-1970.801
-2500.962
-1677.326
-2432.062
-2517.225
-2676.002
-2490.447
-2716.985
-2638.548
-6648.731
-4516.749
-3505.635
-3089.429
-2665.475
-2548.538
2369.833
-5094.652
-3445.96
-2833.276
-2775.512
-2939.585
-2627.523
-2369.267
-2121.413
-1993.329
-1718.578
-1454.132
-1951.883
-1937.099
-2250.041
-1781.74
-1903.269
-2209.074
-1106.217
-1352.829
-990.7323
-1163.346
-1140.872
-1178.343
-1308.505
-823.3345
-882.3841
-1303.996
-1560.931
-1062.154
-1173.027
-1040.173
-878.0109
-927.0284
-731.7744
-764.9552
-323.7393
-795.2875
-787.8257
-768.5021
55649.11
25992.32
11468.03
5220.781
1169.304
112.6787
-370.8207
-805.7605
-588.6296
-2309.448
-2107.374
-1446.878
-507.6751
2567.911
145.0445
-192.3339
-1150.14
-1395.311
-1700.204
-1004.62
-1188.753
-1390.511
-1808.011
-1841.233
207.5186
-790.1176
-1424.785
-1873.828
-2517.988
-2473.304
-2963.726
-2289.721
-2203.516
-2672.459
-2390.781
-1490.83
-2015.575
-299.8411
-1486.71
-913.9866
-1473.269
-1007.872
-2516.735
-2451.491
-2616.497
-2615.764
-4397.566
-2860.1
-2907.447
-3084.404
-2558.939
-2883.862
-3830.225
-4484.089
-3652.619
-2681.282
-2721.901
-2926.841
-3328.361
-2823.39
-3286.394
-3996.373
-3063.602
-3133.501
-3037.158
-2639.23
-2536.867
-2685.386
-3111.905
-2709.963
-2582.118
-2433.84
-2359.676
-2455.864
-26632.28
-13602.55
-7173.121
-5107.614
-3418.839
-2766.656
-2483.72
-2243.479
-1300.34
-1553.336
-1737.421
-1928.111
-2327.599
-2001.91
-1862.616
-1822.674
-1952.399
-1814.554
-1765.809
-1082.024
-1226.008
1644.478
126.3378
1121.125
-389.0498
-754.3209
-1404.268
-788.8092
-1229.032
-1125.557
-834.0459
-922.1238
-758.4908
-891.8594
-1539.301
-1739.956
-1386.372
-1242.49
-1593.034
-1439.33
337.8042
-567.4922
-868.542
-972.6971
-1080.255
-994.562
-831.0166
-836.9463
-1584.087
-1608.131
-3230.312
-2683.71
-2408.789
-2022.736
-2312.07
-1712.586
-1874.918
-1534.973
-2257.991
-2076.366
-1901.334
-1865.321
-1979.127
-2932.501
-2405.532
-2405.432
-2562.292
-2421.98
-2795.222
-2611.226
-2962.93
-2721.966
-3167.152
-3260.12
-2865.686
-2522.458
-2282.46
-2636.805
-2883.628
-2253.572
-2385.044
-2502.362
-2353.741
-2424.252
-2681.404
-2919.383
81587.06
36763.8
15899.77
6435.476
1158.031
-927.649
-1970.108
-2701.542
-3511.973
-2986.743
-3751.405
-3618.583
-3351.9
-3709.931
-3123.084
-3151.924
-2966.98
22055.36
9280.621
2900.48
529.9079
-2017.09
-2049.926
-3197.962
-2495.755
-5287.801
-3723.964
-3602.516
-2780.344
-2153.268
-1651.516
626.0982
-464.5779
-1520.193
-1208.501
-1907.07
-2080.353
-2550.776
-2146.328
-1342.57
-1650.354
-1771.498
-1121.532
-1185.083
-1214.364
-1073.951
-1908.619
-1853.126
-1496.215
-1310.137
-1808.767
-1435.317
-1427.906
-1154.025
-1286.573
-1432.66
-1296.486
-1186.064
-3092.967
-1855.601
-1473.84
-1674.113
-1492.869
-1357.512
-2234.019
-1615.257
-1444.248
-1132.504
-1304.835
-1534.607
-1652.629
-1382.189
-1485.603
-1159.934
-866.0354
-2184.567
-1849.949
-973.3458
-1846.742
-548.3653
-930.8352
1178.722
-587.8644
-1250.513
-1477.928
-2045.038
-1864.116
-6064.556
-4025.418
-1794.477
-1906.829
-2506.939
-3548.151
-3523.765
-912.1035
-578.1651
-2001.247
-2071.002
-2367.672
-2977.515
-3083.812
-82594.91
-39831.47
-20645.69
-11718.41
-7208.215
-3849.741
-3806.631
-3572.952
-3277.337
36.63867
-1673.433
-2434.164
-2741.406
-3237.661
-3951.693
-3532.566
-3385.269
-3191.102
-3002.108
2006.739
-1361.024
-2637.838
-2932.582
-2970.302
-2511.083
-2692.575
-3489.739
-2909.353
-3079.151
-6269.225
-4307.241
-3394.785
-2264.68
-603.2965
-1675.159
-2435.573
-2288.808
-2626.351
-2385.552
-792.0746
-1385.984
-1785.609
1875.079
-70.55172
-1029.457
-1583.503
-1468.973
-1426.246
-2018.86
-2142.763
2798.631
543.6566
-4038.257
-2556.966
-2375.559
-2835.016
-12551.77
-6373.3
-3590.41
-1813.719
-1511.112
-575.4859
-970.9732
-1198.181
-1081.312
-1545.237
716.8399
-539.0483
-195.3089
-880.6095
-423.4636
-2646.892
-1556.381
-1521.299
-1902.47
-1387.935
-1579.512
-1881.788
-1495.848
-1538.809
-1704.083
-957.8209
2379.187
-1852.596
-2167.966
-1203.735
-1305.654
-2390.701
-2820.435
-2137.297
-1767.573
-2323.363
-1630.725
-2330.994
-1776.504
-1767.271
-1987.189
-3032.017
-2999.952
-2580.215
-4090.097
-4867.684
258373.5
120953.2
56143.27
25267.36
11157.62
3215.037
411.8021
-34577.12
-18040.76
-10198.87
-6520.723
-4448.648
-2129.557
-3169.186
-3123.462
-2841.338
-3299.871
-3151.909
-3340.784
-3761.165
-3534.812
-3453.489
-3357.823
-3289.097
-3032.841
-4533.178
-3601.476
-3580.605
-3416.042
-3042.868
-2821.733
-2725.67
-2856.286
-1602.595
-1694.433
-1601.719
-2778.761
-2995.918
-2838.85
-2947.713
-3243.324
-2235.635
-2098.695
-2463.145
-2864.925
-2495.88
-2146.848
-10624.48
-6476.978
1554.259
-735.2964
-1656.291
-385.7235
-1111.628
-1585.439
-1598.126
-1934.573
-2405.003
-2231.234
-1436.13
-1652.115
-1547.85
-1653.301
-1337.311
-5407.239
535.5227
-6617.495
-2790.442
-2681.457
-2099.867
-2219.987
-1732.423
-2967.071
-1783.293
-1355.098
-666.0508
-587.6649
-1110.821
-1009.756
-1375.289
-1485.492
-1947.626
-2176.38
-1848.275
-2543.495
-2139.545
-1896.006
-1978.99
-2080.793
-2313.476
-1922.932
-1617.787
-1680.066
-1733.447
-1733.862
-1752.571
-2298.51
-3141.91
-2854.685
-2209.718
-1986.224
-705.9963
-1648.617
-2284.693
-2776.173
-2540.506
-3678.043
-2459.343
-2568.276
-2537.411
-2014.513
-2348.091
-2375.568
-2161.925
-18396.79
-9766.256
-6435.471
-115.3844
-1983.471
-2593.077
-3306.543
-3087.994
-3247.379
-1793.931
-2225.248
-3102.985
-3127.088
-3151.007
-3075.305
-3328.841
-3290.34
-3232.737
-3034.339
45071.44
19734.27
9556.277
3609.6
5402.243
-3884.182
-3342.682
-3509.217
-3747.784
-3617.256
-3558.824
-3333.132
-3648.168
-3159.24
-2504.283
-2672.914
-2151.389
-2956.081
-2631.348
-2282.873
-2383.961
-339.9936
-1033.55
-1577.368
-2105.211
-2084.55
-1192.802
-1334.783
-1898.285
-1345.165
-1340.274
-2016.223
-1960.796
-2014.631
1478.843
-483.9119
-1492.268
-2415.761
-2518.347
620.188
92.35795
-645.2624
-997.477
-1961.692
-1566.952
-5383.238
-4230.984
-2410.622
-3802.039
-2747.745
-6243.35
-3192.451
-2183.614
-1901.556
-1554.388
-1660.646
-1534.975
-1420.825
-1658.708
-1567.498
-1817.849
-1422.758
-1479.545
-1621.165
-1806.843
-1857
-2429.386
461.0629
-912.2394
-1628.326
-2634.665
-2234.934
-2084.653
-4469.183
-3286.679
-3009.764
-2837.884
-2652.777
-2366.839
-1833.439
-1949.423
-1895.242
-2513.887
-1958.733
-2484.323
-2405.527
-2751.87
-3114.069
-3088.747
-3583.614
-3351.537
-3323.691
-3452.271
-3271.526
-3223.611
-3169.136
-2971.19
-2922.55
-3312.876
-4233.356
-3588.528
-2838.968
913476.9
431356.4
200287.6
93385.4
42325.03
18727.98
7545.908
1684.939
-2271.154
-2737.69
-2908.544
-2637.421
-2949.581
-2622.196
-2629.393
-2831.637
-4502.322
-3507.647
-3540.885
-3245.319
-3120.401
-2854.649
-2626.217
-3397.686
-3168.944
-3519.487
-2300.655
-2139.073
-2336.764
-2528.998
-3019.413
-2237.629
-2298.438
-2222.295
-3390.225
-2452.14
-2089.653
-2000.575
-2022.594
-2034.221
-1666.183
-1733.939
-1380.229
-1129.766
-1394.956
-1067.147
-2016.368
-1668.893
-1890.968
-1623.816
-1567.278
-120303.4
-57940.95
-28485.1
-14254.53
-7423.384
-4498.936
-3119.584
-3674.639
-2478.412
-1833.748
-1939.738
-1643.967
-1906.581
-1708.579
-215852.3
-103621
-50311.07
-25130.12
-13099.33
-7169.387
-4694.963
-1130.421
-1868.761
-2122.546
-2269.816
-4247.456
-3005.312
-2627.477
-1886.345
-2031.346
-2289.096
-2639.543
-5083.453
-3538.686
-2761.807
-2707.038
-2391.661
-2935.228
-3310.97
-3238.609
-3086.137
-2325.107
-2914.809
-2713.639
-2900.503
-128828.1
-62818.46
-32188.03
-17086.23
-9668.532
-104.1019
