-6789.251
561.3081
-1110.987
841.9146
-971.9358
1041.583
1283.541
-20069.59
-668.1679
-672.099
1192.796
4891.231
-247.7918
-19.18229
-432.7154
246.1629
530.6017
1827.482
871.1085
-37.39275
380.5897
14133.8
6092.703
697.4377
717.535
5911.282
966.487
103.3414
320.0982
160.9657
414.1793
137223.1
2072
373.4609
-465.3835
347.2205
191.3606
-1589.557
212.9218
1775.586
7.269135
1200.364
178.6733
-124.288
-159.2777
-306.0547
-26276.12
-97.11609
-462.332
272.0988
-374.7008
1063.93
-664.7346
545.0288
843.9425
346.8908
-285.5622
-96.31829
491.2096
-593.4853
631.1355
322.1966
-758.4681
-6510.255
-534.5177
1150.276
-627.1435
248.1977
-66.49979
800.1547
-328.4363
-3358.739
-789.9844
-129.0675
38.71664
-932.197
5869.488
13.85942
-549.2024
-1440.112
-1014.146
-109.61
-3857.487
-57.96179
-1167.285
-1429.595
306.9788
292.1752
716.5462
-2601.057
191.2547
341.3134
-1707.447
-309.6613
1390.256
-553.2072
-307.2885
39.21449
-472.2097
-1286.008
-365.7714
3074.002
-1700.208
-373.6017
2094.556
-515.8573
-236.3277
-1237.028
-653.1309
260.9537
-964.3151
11533.59
-1158.816
5552.01
-857.3185
296.5236
-732.1596
-2209.992
-1374.364
68.12159
-1064.857
5828.108
-448.6767
976.3249
-660.8456
-1419.76
-1117.852
457.5505
-1175.344
-681.7068
-701.9566
-404.8188
303.3236
2455.418
-911.0987
-1796.659
-565.1115
-6082.542
-772.7258
78.65607
3791.07
-578.2524
-1370.737
-766.5363
-10893.47
-800.4484
115.9733
-6053.652
-1327.511
-12109.99
-3290.496
-394.8454
-537.7737
-481.3171
-484.4468
-395.1224
3277.152
-404.7016
8518.133
-266.4789
-2002.545
-127.6886
-4881.89
-333.3687
322.9519
-791.8897
549.4835
-1027.955
-1014.955
-227.3855
-626.6959
-17624
-343.314
-647.0296
-1170.101
-3983.665
-262.9373
2024.555
-19493.28
-973.7702
341.9926
12.00769
284.5152
-1271.815
-963.8747
-2016.985
-1296.352
-441.2228
9921.849
-48.66559
261.517
1224.974
4540.299
-317.0169
-1275.467
1026.683
-4290.607
-339.5417
-734.3676
8353.024
-63.36322
243.9917
713.2181
-1000.65
-70.51056
50.54786
-68.08103
1510.76
-3574.848
1111.113
-423.8251
978.6301
-199.0346
-7132.49
-3784.485
117.8201
-361.1461
62.12313
-43072.86
-1479.66
-1126.832
4.606299
-17462.21
-566.7737
-1464.495
1060.336
2595.129
531.0083
-57.24235
863.2701
424.8452
-42.8859
-311.3815
-715.466
1018.84
548.6262
1439.724
-3225.059
110.4548
5728.828
-1595.316
-466.4781
-3598.75
-72.48457
757.2291
765.1206
691.3677
516.6451
-190.7479
624.7957
-1658.09
-936.4302
729.8708
-122.023
640.7221
719.7157
3439.505
1367.625
1480.813
2569.422
652.9184
709.0461
310.304
596.028
-14852.27
213.3189
777.9142
1176.096
942.7651
345.083
-22445.08
-407.777
470.9185
1114.185
1026.362
524.452
1041.342
519.454
2777.953
658.6075
1511.704
683.3154
536.0032
887.6285
1046.995
752.24
622.2485
939.5524
372.2947
-1471.947
1321.167
2532.939
813.2919
867.8205
1274.829
1024.915
-1849.21
1361.477
1112.713
3548.937
1122.302
1327.302
1095.158
937.1929
1064.12
72.25881
613.5806
1029.329
-19.80528
212.1168
1704.894
797.2904
1057.804
3182.191
1496.812
225.76
1352.498
742.038
-1170.349
573.2229
1176.054
897.5151
1760.564
1278.655
2035.64
786.8208
944.5235
-19179.59
-1292.203
-164.5197
399.2831
2123.631
1556.295
-4322.502
-1113.61
1605.551
-384.3172
697.347
2379.131
80.84663
-2199.099
23772.18
1230.8
371.7805
4380.097
204.2932
1765.4
79.22938
1083.716
-627.1361
475.3731
304.0157
-1843.066
3800.464
663.4704
-3463.004
826.0549
-1208.741
4228.256
933.0082
334.3875
2797.632
606.8916
445.2975
583.8858
322.7949
356.6441
347.3269
-524.515
162.7321
133.1742
1420.711
290.1433
-1023.899
-163.4421
-704.6753
-395.8213
49.27334
-637.8023
-7.89928
11541.77
560.9749
954.644
49.25399
-978.8395
553.228
85.3174
88.06267
397.7163
-665.4418
214.5522
-267.3026
-532.255
-455.3252
737.327
1670.051
101.1816
2100.299
186.2508
-2201.835
-555.2467
-1496.176
-3035.079
-1285.963
-220.3091
-1408.196
-693.2225
1431.76
303.9945
-753.483
-801.9994
-132.324
-208.3543
-415.2262
-1180.204
-1830.76
-200929.5
-4848.162
4231.559
-2313.193
-456.8014
-867.7419
-808.0001
-1118.254
-2712.178
-1136.954
-308.4074
-28.45149
-989.9641
117.8119
-1902.436
-462.7061
-240.6759
-675.3237
189.5259
708.2484
-5224.206
-650.4179
-11171.64
4587.027
-611.1433
45.12075
503.2816
449.5311
1302.005
-13169.24
-618.9362
-596.3444
234.81
-5167.99
-709.0392
-1607.787
-958.0869
-10634.6
-1027.024
2202.446
-722.2816
-3838.919
-782.026
1099.151
-62.42073
28.66766
-512.634
-911.3474
-601.7235
-94.04548
-192.8113
198.2033
-574.0713
-335.337
267.1732
-332.0027
-675.1441
-1914.764
-196.5436
-2229.576
-280.0351
-216.8156
-500.2608
-149.047
-2856.566
-615.2975
-1114.933
1218.255
144.456
-1143.159
-482.776
-543.4595
-323.9807
-719.4731
-5197.439
-699.8873
-1289.093
-382.3185
-2442.679
399.2599
-1495.951
-23.86025
-387.1476
-270.7622
-2474.877
-211.3448
-230.0344
230.4061
2334.221
-117.7072
-2656.529
1094.677
-93.73899
-29.80022
114028.7
4164.543
-171.283
738.433
1428.62
805.2725
5852.095
-412.9687
-443.1538
1061.327
59.43877
799.819
403.632
37.60091
108.6726
392.3194
-17196.47
-842.6043
874.5715
4654.436
324.4498
-70.22943
189.7728
-2805.019
-1030.326
7981.195
1631.044
481.0125
-961.7573
-304.6993
3.450578
-454.3572
94.41043
539.6452
593.0409
188.4081
658.6349
-378.5616
1892.388
278.1933
-12.34039
142.8675
12970.74
-1307.029
13.9052
-1128.984
-447.4119
1425.992
834.5213
648.1019
1541.582
986.1016
717.2227
1718.026
600.9913
1002.992
-282.638
599.5567
270.3329
1889.451
1443.583
604.3189
-10288.29
-260.544
3537.195
452.3255
-294.9707
527.0714
785.4361
676.6856
-1398.866
1076.802
1098.168
-4350.055
415.2809
909.8114
1209.417
3131.487
1072.464
1267.483
1232.869
-5518.731
948.4746
399.4419
1372.307
335.5551
-30727.74
-1091.286
815.4257
1934.656
3044.562
2058.607
812.9955
891.3329
2471.704
1090.786
257.0284
625.3126
1163.633
1112.83
1494.555
999.3724
472.3704
1946.639
2020.733
1043.304
459.8588
826.7413
850.793
1399.402
3645.975
1813.806
-4770.987
1302.229
1023.068
-458.5166
825.8173
918.13
539.7727
1172.486
271.026
1083.292
-470.4278
669.5732
3318.515
839.2177
2114.022
879.4703
602.8024
6917.358
1047.213
1240.303
1170.766
1663.272
2825.003
-2124.665
4345.978
895.1467
1440.173
2323.902
-13729.68
-1113.17
923.7239
-10847.97
225.1712
493.1788
220.9105
5633.623
1076.804
735.5756
-5534.935
-258.3628
502.9483
-4249.203
484.8484
-4269.471
-113.8772
-1.155454
13.67471
4419.352
262.7899
-2452.127
1128.667
1287.829
2588.106
1098.39
984.0951
632.816
902.3944
1088.568
1694.672
295.6677
9704.772
946.4806
3513.3
813.8496
747.1837
-1641.913
1077.836
28788.97
-1035.689
1918.456
-5260.682
803.8429
3001.424
682.8432
-664.8316
966.5595
-220.7881
-1415.993
223.7559
690.8088
293.3195
-1595.237
-4291.341
-175.5453
160.6189
1367.475
66.62511
505.7429
1115.332
1674.618
-241.9336
478.1944
-2745.662
-779.0371
-713.9898
-716.5633
595.978
209.245
-5542.666
-372.895
1387.138
-2746.921
-127.6577
-83.61044
596.7903
92.97726
-517.1381
-173.9432
256.1116
113.9748
-471.6291
202.9167
145.7829
54.28036
-2439.345
-1371.059
537.6068
-328.4591
-355.3514
-222.1963
1536.859
-160.0409
-1041.897
-2305.601
-92.56063
312.319
-1881.269
-360.243
-1777.91
1003.541
-740.5241
-1874.379
-1398.473
-539.0371
-70.74648
-434.3126
2297.879
735.8202
-57072.6
-1829.91
-454.165
-357.2349
-670.7592
15013.06
-3023.8
486.8355
-148.1823
1488.077
232.7578
-237.1696
-616.982
-936.9328
602.7784
-304.7396
-424.4642
-167.2855
-1196.25
-449.5502
2087.311
-5452.859
-1382.778
382.2002
-561.9454
65.43443
1208.133
7781.268
-453.5222
771.3729
-2622.31
0.0993633
402.4509
404.3754
1656.957
36.45847
-2166.676
-329.2367
-2945.218
-357.8654
-326.6474
-1110.058
-8.037235
684.1065
-207.4834
-214.9622
-845.2082
-1140.855
200.1768
-188.5502
487.9713
364.5923
-141.0861
1246.992
159.3184
1321.738
356.1126
-1969.888
574.2266
1122.335
-310.7625
-229.3668
-356.6278
-1020.81
518.5504
55.84973
40.0251
-49.17978
-78.1958
196.6
1006.413
63.62379
-2169.761
26325.86
-1181.798
1353.665
-459.0778
22245.53
80438.44
-315.0336
-95.22931
-3877.12
756.7445
342.8795
-871.8162
195.5434
180.8526
691.1512
637.822
798.1965
-795.2521
-1354.201
251.1305
807.1906
-4454.239
8106.913
1325.371
2410.116
473.584
4312.65
-314.6468
894.0089
367.4113
-19225.89
392.1544
1660.789
-278.0565
606.4656
273.3001
597.2389
867.6576
-757.2838
328.1123
966.791
2013.413
-612.9853
1567.734
381.9698
672.0165
-298.727
1432.827
1072.585
-959.367
804.5741
895.7483
473.7475
4607.523
1429.036
6932.417
1199.714
-217.347
-57504.45
-397.6978
934.5348
1362.137
1022.712
814.2047
1749.38
1370.995
-1228.022
-3243.386
25.74149
561.2535
643.018
1947.227
-373.1839
404.5655
1005.491
-360714.2
-8545.397
61.9993
-695.1443
4.490322
-222.137
1888.19
1299.757
962.0861
3403.838
949.7223
7782.684
1726.997
60.14885
1062.411
93.37437
623.9599
1064.656
117.9183
-34127.19
212.6852
1377.628
1022.468
730.8793
2149.831
1364.776
1246.124
27556.45
-562.8425
2208.426
1709.312
1206.423
2194.743
8194.472
1166.257
825.4018
-1148.324
-272.0544
1467.584
1435.7
-543.1022
1146.366
1076.688
-964880.8
-24188.58
-1245.895
5830.822
1703.62
1598.649
1226.647
868.0884
1317.856
1144.269
891.344
1119.903
2030.426
1266.751
1021.394
862.269
82.42681
874.3318
778.1759
1458.39
1389.255
-2402.655
1414.86
702.4692
1126.184
772.9524
1580.353
1504.182
901.619
1415.614
-5195.765
-659.632
395.5127
997.8677
957.2603
1832.401
2377.218
52754.68
3034.657
8450.193
72.79353
2789.412
1025.825
-202.4216
472.4842
206.0046
1049.248
1588.81
43.75323
446.3552
1958.123
-1776.697
-22.48952
1018.253
894.074
566.8848
1653.96
811.8148
688.6367
522.6136
794.9066
786.0971
-170.8531
851.6868
105.8804
1460.92
-2625.787
-43.54795
614.2542
1225.578
969.1236
745.1973
588.263
-81.73377
463.0672
986.5162
799.5618
890.2033
668.5145
2086.25
477.7187
-10.53695
4881.248
-193.5645
412.8051
1044.521
3408.627
155.0462
1156.267
1154.99
-293.4248
1027.204
224.5451
-83.63246
654.9882
-23299.8
179.6322
185429.1
5078.962
856.0044
462.1596
-453.4349
134.1
895.9457
1055.855
325.7058
14.38872
184.3193
-349.9222
-1208.513
345.8389
-260.2984
116.4155
159.023
-1380.808
-818.7816
-74.95663
-778.8044
520.2905
225.908
-758.0755
-784.1342
252.7999
173.7024
231.5001
322.076
-750.2792
16.55923
-601.7856
-431.551
882.6864
215.9828
-277.6621
1025.026
455.2504
1408.116
-2920.765
694.1767
2107.531
-274.1934
103.6607
-2158.335
-821.8747
-181.1828
79.66533
165.8796
-478.9387
2404.29
70.89875
542.3662
-419.9454
-185.3806
79.44056
2.072768
-478.6523
-151.3716
321754.2
9315.958
760.6927
-656.2165
-2599.974
3296.697
-249.8256
694.4978
192.3661
194.0463
-317.6778
-221.2217
876.1642
232.2669
-85.10816
3657.902
-1614.29
-638.381
468.2653
-221.5485
208.0231
-4791.363
-231.4914
-674.4333
380.8544
738.0854
641.8025
-545.9096
-1037.596
287.4519
335.2049
578.0577
-365.1442
520.199
-701.6729
336.3739
-240.7271
6333.654
1223.817
-65.03509
350.5366
4576.737
2328.442
214.5556
-1035.886
675.0043
-3134.924
694.5666
385.2955
733.7394
1286.451
-10317.13
-6599.262
1924.526
71.71018
1479.603
1318.453
1577.43
-28.22681
529.5111
619.1162
1544.262
-1190.615
6503.399
2633.785
201.5819
1126.801
160.0443
325.9869
1266.742
489.2313
-2433.036
-1479.449
1090.191
-4135.996
99.16222
572.6478
-7965.649
-2545.53
-327339
-8747.011
1428.931
681.9397
23185
1462.986
530.3928
1271.018
-11604.16
143.4061
823.1921
-1923.643
493.2956
955.0924
753.6204
494.1231
-3838.329
1102.241
817.6022
-27715.58
27.25114
1093.688
405.5893
1471.949
5585.314
732.8488
529.6068
1254.526
1475.318
1629.351
1678.887
1125.492
590.3178
2222.408
1306.216
2248.265
1271.313
40.548
1915.689
1924.805
2496.869
2851.09
282.0534
1813.679
1536.09
790.966
973.7725
874.1308
1556.856
1760.5
1498.693
1059.819
3946.965
2238.697
5453.506
1211.645
-9732.36
1833.378
1056.022
1397.938
1104.192
202.4293
2780.849
1903.976
-38781.88
657.289
919.9338
784.422
1446.019
657.2895
4052.279
-2420.608
1930.438
471.5954
423.1314
1335.775
1412.697
2170.747
511.6503
3441.543
1649.558
1652.123
1660.014
2557.703
-1744.944
1742.879
1075.923
-195.4988
1292.218
1307.271
881.3832
-314.9661
812.8548
16028.73
943.7087
178.6524
2431.803
938.1249
-3316.081
1437.029
612.2142
2368.371
1188.894
276.3527
619.313
1038.801
1462.856
-288.0861
928.1724
-1172.331
544.3918
-32.43319
1637.627
480.9987
62944.01
3247.603
1968.484
-238.3827
1191.884
1365.369
1339.655
1812.097
1427.47
1756.863
1531.794
2416.589
973.5697
684.106
2283.275
875.6817
286.345
287.1683
4791.975
863.7421
1486.988
3743.393
1433.561
1463.281
1783.518
870.6272
884.8893
-580.2668
1409.641
857.6111
-104.6644
832.6318
1711.571
1149.982
-167.4175
-973.4996
668.8438
-1053.774
1124.355
862.0164
597.501
825.2898
-151.0113
5058.588
1523.32
812.9722
-122.1146
1383.203
-33.1964
455.2986
1908.947
478.6851
393.886
6579.708
1500.628
-199.1107
528.8468
406.5168
75.70802
114.1385
102.3499
563.7838
13367.14
785.3228
293.447
-41.92412
-400.4782
166.0745
145.6458
166.2946
166.7033
1137.356
746.4563
-117.2715
656.406
3957.62
-167.0515
298.3855
-32511.63
1887.017
-16637.24
3605.453
672.8168
74.29748
-1263.434
1185.028
59.71408
-634.9629
6.200219
188.048
-22919.34
-1039.369
1743.442
2383.928
-833.8153
-4335.969
-356.0971
668.5818
-142.5309
172685.4
4318.549
36.22564
-598.3378
126.6956
-405.8031
123.4046
-3054.594
-546.2689
-265.6499
564.8618
49.84056
690.5914
832.0728
50.001
-5839.649
-682.3889
567.2674
451.9087
355.0803
656.3498
993.6731
7978.949
658.2053
2791.429
2068.958
240.2205
1092.016
857.4376
3166.668
-401.6594
1009.812
-45.20967
-504.1964
-65.60094
-1747.314
2335.432
-815.6814
-355.3286
-166.7499
-701.8105
-664.8217
449.1005
-1183.349
356.9817
-597.8811
343.8575
-1312.793
-2165.573
173.0095
-937.8092
449.329
1496.221
-680.4192
143.975
1097.503
834.1764
383.6944
-678.141
5500.9
-2269.469
125.2515
380.4577
7718.172
1161.05
-530.1503
1197.931
1018.83
1009.652
514.5258
371.457
3763.179
900.9362
-96.82704
50.75681
4171.928
-628.5392
455.2307
1629.604
835.5034
2236.321
487.9585
948.8894
1558.415
392.1482
1083.676
708.0692
3899.287
94.42935
977.0647
1197.657
1181.04
880.3419
-105.1656
-1558.119
-1498.498
-7165.264
-3846.89
630.2187
676.753
1160.855
354.6831
1398.756
479.9965
622.1027
-9614.443
-65.03146
732.6284
1029.695
1201.066
315.7286
960.9869
3811.624
-116.3007
9313.132
1083.171
1063.648
-242.7835
-9783.014
-60.94471
-181.8003
-284.7093
-1714.373
795.8691
5420.306
747.5203
1231.626
1207.995
330.7688
20.03094
5439.3
1082.231
-1365.397
88.364
236.4016
1099.312
1228.805
586.3643
2147.785
1200.971
1219.896
-1777.688
1593.325
792.6975
-3094.715
1904.856
25165.36
1306.206
4905.941
719.261
1335.501
1781.933
2280.377
1571.16
2123.145
1207.053
1656.988
2615.733
-78586.1
-663.8854
6958.048
1012.829
822.311
2797.113
9451.715
1952.642
1590.357
1675.478
1275.033
1164.943
1712.251
1120.291
868.9748
1075.01
1634.134
2080.937
1960.308
7211.282
3535.289
1730.166
-3021.326
866.9886
1642.19
1441.931
1253.576
1231.703
3639.113
2879.554
3563.847
2084.28
31.64865
1299.587
1562.102
1235.846
-1463.724
517.1054
789.8154
1384.532
2668.877
3097.944
5367.655
1554.015
2581.05
1010.614
1204.597
1815.22
2109.577
1794.435
1122.912
4786.624
2286.575
2828.768
869.9855
1859.118
4373.425
1354.274
1713.926
2561.357
3689.925
186.3784
1932.658
1580.1
1719.429
3070.627
1225.235
2484.034
2211.784
-197.8417
-6296.047
2007.412
2267.944
1098.556
1118.042
1672.662
979.8424
1817.679
1150.141
664.9355
801.8521
1391.53
419.4913
1302.991
2500.4
1550.111
874.5018
3711.731
1877.831
976.9779
2369.152
1005.635
-5524.226
603.8978
1323.875
2649.931
2553.929
284.705
1824.723
1727.757
1025.237
600.0162
1136.765
424.2409
546.4426
1239.474
735.1059
477.1327
988.7582
1133.894
366.0441
-15334.74
-1562.214
974.7233
477.1952
1605.075
1052.239
654.5151
506.8367
-1692.413
-2242.034
1490.652
1348.191
971.2309
1533.209
496.2745
662.0728
517.1021
691.9535
1077.164
628.8587
1649.975
-1389.931
581.7725
-640.7572
1013.506
59063.31
2706.396
5986.573
277.8315
2113.878
-33838.38
27871.55
1732.376
392.9065
-913.3075
1055.83
1221.879
-1948.117
1104.277
315.1465
-7657.23
-814.1287
625.4696
270.8267
1081.899
29157.78
1237.21
511.0087
437.4333
135.5537
-295.1811
-645.5433
512.7451
-10.43786
0.9057084
-4398.409
-12105.87
-108.2458
501.7013
-132.8289
4242.422
632.4267
374.4584
-708.6842
1305.768
-430.0655
243.2193
10.38813
9.904722
1855.054
-2765.551
489.4983
3006.75
-170.5343
652.8964
337.5567
393.4182
-1262.228
68.88728
-709.9154
619.2914
-1823.363
1384.707
571.2635
4214.102
6223.325
364.503
8315.796
-1462.338
2208.044
488.764
992.208
486.1441
146.9447
604.4944
-58.94401
720.6122
810.3191
839.0816
-90.1944
684.0444
-7248.556
1453.893
1423.497
159.748
1380.515
582.4063
426.6077
962.0167
503.3004
727.7251
-118.5941
-1400.517
-2675.375
-124.9582
719.1643
751.4813
546.5287
1012.765
1623.783
567.3369
122.5475
2234.441
-2714.285
626.0862
1032.446
629.1595
414.0726
2289.13
376.4962
-455.6669
554.4203
1329.368
738.0625
660.2443
-96.37649
205.6605
491.7816
840.2864
901.6109
310.2663
613.5383
2952.733
-787.2968
-62470.63
-640.9151
2723.384
938.3724
1492.188
1305.333
-2204.831
333.1185
709.8397
1034.167
983.3626
1263.712
619.5111
4879.52
228.5552
1699.192
672.3255
2841.623
-2904.392
-0.0007606358
1305.414
198.9101
456.3714
1531.39
2529.375
777.858
695.211
1503.717
311.8803
-1010.946
-3348.087
1460.572
2451.083
1700.647
1031.564
2082.373
1112.766
123.3054
1931.192
839.0539
1615.587
1173.887
1446.572
1180.652
1446.367
3128.532
1501.524
1214.69
1581.99
1578.18
1861.818
258.4329
1035.737
1788.623
43848.41
-13500.64
-496.9113
1584.316
1424.111
-2394.381
1236.042
564.3089
1806.801
1743.873
2162.479
-3407.786
1790.714
452.6712
2104.401
5558.898
1156.711
2361.264
1980.552
2337.06
1775.059
1973.642
-23946.05
-1130.399
1171.42
1551.802
1664.912
2036.535
2344.799
1817.719
4135.605
5795.578
1132.285
2202.467
2336.356
5153.558
2213.022
1463.959
1900.25
1920.675
3664.822
1325.661
1530.61
2086.725
1853.857
2656.428
2138.693
-100.5058
-4049.903
1659.89
-11676.5
1141.28
3014.852
2195.56
2555.35
1987.623
1601.996
1479.909
10591.3
520.9603
1936.176
1551.106
1217.261
8791.631
8027.506
2402.183
1597.991
2544.692
1787.54
1486.218
1634.826
-617.5667
1692.493
1838.343
1329.734
344.9817
769.4849
-773.0203
1360.444
1121.402
107.3638
2828.519
663.8004
2339.38
1929.688
1344.477
3239.456
1273.062
-311.4184
1561.382
1524.755
91.99473
-5592.174
1376.439
604.2766
2678.533
1153.09
667.5129
842.043
2788.454
2495.956
-2515.503
1339.734
1258.545
-492.3776
2386.34
1357.874
-28.91331
-1785.835
1369.129
823.9845
1380.787
1733.796
1027.846
-10093.96
734.4334
903.3421
-1324.782
205.968
1403.712
674.3111
1305.56
854.7551
1910.946
-123.6746
982.1131
1077.224
1304.875
421.9756
643.567
546.4918
797.3981
-594.8819
1009.464
863.0465
1143.589
1315.708
888.2205
701.1807
225.275
-4124.315
1332.93
-2074.646
1322.104
280.8529
1227.186
3486.533
1100.142
205.7919
-263.6464
-216.8064
1532.56
257.3892
-43.78434
50.53307
-17265.33
2918.866
742.8077
683.5875
742.4157
248.139
543.6122
541.7205
550.9695
-2555.248
479.3264
359.8889
507.3664
623.0264
-486.4546
-2503.706
1602.301
-1348.958
38861.22
3677.161
888.9429
602.3568
176.8893
42.16562
1761.852
672.9903
1031.82
-957.7658
359.8362
-74940.2
-630.9381
1044.39
-30.40221
515.3595
613.8497
3599.125
408.0941
239.1339
-877.5198
40.67644
512.8784
-1780.587
-370.397
561.913
2333.826
-2751.602
2543.422
-8459.403
191.6714
352.8694
463.632
204.581
5292.79
295.2281
243.4073
332.3825
1193.564
455.8747
557.7928
283.8459
-808.2459
925.7898
1237.469
-290.1812
629.0855
915.688
-462.1169
383.2418
1175.899
43.20973
302.1692
653.8061
1134.145
971.7077
766.7592
1756.608
617.3706
-224.723
4166.167
629.0709
-70492.89
-3717.718
264.4017
5934.041
2109.59
714.0153
918.2761
651.9252
-8.793199
673.7893
575.6187
3081.233
-30355.87
-264.0806
1919.82
1169.727
348.9456
423.0194
1448.845
1037.161
1317.882
2275.847
1016.718
-8524.412
877.4391
-690.576
77.66332
592.7125
791.6711
1476.882
-1809.418
1080.096
-268.9462
2227.854
3389.148
1356.191
17202.27
1464.571
940.1378
720.9437
2022.483
1663.711
1900.472
1651.802
1371.944
2524.125
1491.245
10160.55
2063.522
2037.929
-739.2784
1003.259
489.5323
1706.869
-1254.371
371.6053
14.08303
2058.44
1716.149
1567.378
563.5683
429.5712
879.6558
1721.922
1772.844
1408.588
1450.407
1832.429
1835.349
1025.303
2295.551
1944.591
1938.394
1492.429
417.3189
1547.992
1359.975
733.107
4424.767
1794.993
1651.318
2655.048
4680.872
2752.585
1859.272
1994
-572.0501
1510.871
1818.82
1579.903
2215.386
16892.23
2062.79
-10299.3
1391.959
-17304.28
2334.554
2151.477
1928.188
1663.058
2664.174
1885.331
-6384.22
2220.271
1080.393
1221.594
244.4106
1575.429
4547.646
-1852.636
1550.091
2172.606
3475.733
1853.444
1713.735
2235.177
2083.072
2207.706
-20500.99
2470.452
1168.48
1744.886
-37408.6
-2292.071
1446.717
1469.44
565.3038
2262.256
2015.454
2043.084
-3202.064
1781.746
1891.502
223.9673
1601.517
1293.865
1098.344
2115.581
1876.126
708.3226
6789.454
2808.277
2285.922
-4395.501
1406.021
5732.912
7137.071
6771.905
1775.709
3002.228
2423.246
2106.637
1751.136
2688.373
2612.809
2739.854
973.3289
2271.579
2044.86
1857.083
1225.075
1863.095
2759.5
1639.699
1116.15
1446.127
2034.041
1793.505
1202.66
-500.614
1480.788
1734.018
14548.05
1115.702
2705.67
2977.446
1669.239
17247.88
2825.421
1177.927
1527.713
2014.267
1437.59
639.964
2277.593
2161.612
1694.225
1550.755
829.6528
1058.702
855.3506
1511.227
1557.324
1340.221
-5856.453
1223.098
1159.419
2117.134
-878.7367
1984.837
613.5758
1818.396
-8329.558
956.0913
2306.721
2606.256
1600.176
1413.293
-475.3483
-692.244
6153.561
512.9588
1757.205
1887.625
917.038
9752.957
4066.8
1547.789
1251.928
2335.818
765.113
623.4616
983.837
1196.745
776.0309
1477.584
243.7083
-5321.09
6292.188
1692.814
4970.856
-3981.239
748.7309
991.4158
714.9198
-15939.13
1494.979
-53.64919
1286.946
840.6872
335.0654
1571.317
-1475.988
3.539661
753.8797
1347.981
246.7569
451.3064
35.35999
1516.546
4890.745
1724.251
1095.791
-422.9599
230.1289
871.0986
602.8697
592.9695
117.5171
886.3137
860.1398
814.4001
1729.338
396.7186
608.4088
-873.9123
2745.866
5131.27
791.6661
373.8222
-678.2049
426.8253
902.1753
-1188.722
-1866.282
1450.014
2370.62
1359.632
489.2837
-345.5318
618.8324
118.6324
469.3919
-1650.797
621.7414
2479.841
775.6283
943.3449
1432.968
-42.38262
-576.0762
1172.529
680.9716
934.8457
560.5703
118.0893
984.7333
884.357
836.509
392.7074
177.6003
138.0749
728.7754
733.5238
2104.636
-17150.95
183.1954
1029.372
-563.7586
579.5419
1344.457
6534.672
68551.04
2359.377
1138.699
22.84759
-65.36306
900.3122
-842.1615
10314.76
2014.868
1944.857
909.4173
630.5141
1177.029
674.4394
35.53809
798.911
-606.1895
-147.5682
1761.319
-1659.889
1180.248
7842.942
2126.106
1149.854
123.8933
664.9968
458.556
-587.4143
16121.57
2803.011
1527.829
1737.98
796.6937
1323.847
1521.331
3615.234
-373.3317
-560.313
1505.244
710.357
287.9904
1076.774
1188.527
915.0757
2355.238
1932.393
1267.454
5249.279
-11449.39
2709.28
2717.497
-296.2979
-11323.09
-22268.94
-3259.64
1015.91
894.0447
1047.082
656.2998
328.9869
1320.555
944.5608
1451.81
1658.203
349.0399
1249.325
1984.464
4483.941
2385.33
-1294.287
2079.951
1142.678
1772.145
-2409.7
1544.101
-24184.84
531.2485
1594.055
1577.976
4361.345
2984.727
4543.964
2547.456
2250.781
2668.681
1769.569
1879.807
345.3392
1971.608
1269.742
1655.601
551.3459
-403.8327
2086.105
1754.159
5688.924
-19751.27
860.8707
298.1344
1202.724
1044.99
2555.911
-7051.047
674.081
3304.539
1402.937
2207.477
3461.035
1022.407
3587.285
2098.818
1857.011
2996.531
1898.02
2075.511
2089.486
2276.181
4640.352
1343.089
1712.868
2146
2162.916
4426.183
2183.673
1859.355
2092.016
2652.586
2048.469
127096.3
6980.334
4105.68
2056.186
1710.615
-5815.932
1832.115
2382.628
1698.541
2655.758
-1214.879
1990.691
2227.888
2485.634
1604.617
-10500.42
463.991
1216.552
1175.837
1872.501
2389.005
3343.731
2119.158
3016.077
1409.9
2310.247
1529.374
2266.301
1551.912
1398.171
2465.297
2586.83
1643.643
3261.999
3281.728
1876.505
2461.083
839.5466
1675.299
2639.717
-1297.694
29830.22
2298.867
2980.088
1643.15
1471.479
4200.94
1598.177
2481.535
2055.673
1754.64
2654.453
1466.598
2642.456
1428.313
6364.002
1419.483
131.9525
1851.849
188.2932
2388.268
838.0207
1156.295
882.4889
1503.201
2186.229
1353.713
594.2088
7280311
191533.1
4876.084
1044.814
3717.038
959.1025
1510.359
168.6766
1283.654
1206.515
-99.45789
1297.48
1446.488
2208.877
1526.579
1951.663
-4180.421
2074.993
1113.233
1345.675
1069.296
2181.247
1535.66
494.4751
1607.462
2426.51
129.138
1729.67
1145.297
1384.707
-4040.069
601.5281
434.4579
2178.826
-2169.684
-512.8872
459.019
-1205.903
452.4135
-384.5805
797.9939
6274.742
2699.18
2440.094
209.576
-481.5185
1122.734
-1793.809
722.3094
1159.74
-311.7486
1424.779
11873.93
1342.796
-294.8627
878.3885
-484.2792
1390.275
536.0636
831.9212
-3115.593
-7972.351
1562.764
-806.6965
325859.6
10048.16
3654.815
-684.8663
219.597
1825.437
-21406.58
304.005
924.6272
1101.975
512.0039
364.0746
699.4887
1218.292
-814.7267
-1589.486
7666.483
-546.0222
677.9212
831.7909
2443.75
3039.79
379.7504
792.6587
802.9139
1539.215
612.3953
1650.155
3050.845
-6770.639
1027.966
468.5764
-4979.709
1302.146
-10609.27
-1245.179
-1201.472
616.0362
-501.8556
1425.238
469.1721
801.9051
1049.074
1430.77
-1438.427
810.7736
-637.2223
87.56131
880.4463
-32.4103
1011.217
-503.576
-420.1805
-136.2276
742.8906
221.7817
2695.626
60.85222
3652.33
1381.087
2309.931
1456.998
3299.81
965.4656
695.2608
1529.971
158.4374
1893.139
7.634844
1354.175
58789.05
89.79621
755.7905
1701.855
1094.16
1991.251
-736.2125
1430.113
1327.107
700.6471
-107928.1
-1337.898
767.6592
1017.968
2544.602
1521.659
6372.784
1657.155
-5.460557
3644.844
1613.564
276.7563
630.8929
-1237.556
-457.9744
1599.031
755.6969
1440.134
1418.301
1067.217
1756.618
1535.028
-3404.855
7855.786
-423.1966
1759.206
-3707.285
1112.945
1627.448
1573.271
-2182.445
2069.485
1803.923
1177.098
1795.147
1499.263
1908.314
1576.836
3459.771
1465.773
2132.258
1793.166
1275.827
1796.626
1197.598
2327.183
-383.1304
2085.559
2029.095
1490.489
2029.912
1772.658
1304.501
964.4463
1897.004
2239.691
2195.867
1809.287
2018.084
1950.757
2053.044
2068.747
2533.394
2417.26
989.9255
123.5994
2225.875
2813.473
16577.88
3589.962
777.0934
2593.371
1787.887
16460.35
-817.6275
14759.56
3471.463
4284.044
1232.263
911.4921
2125.471
2453.601
1746.064
2633.298
1375.228
2204.123
-14984.94
2559.074
1642.316
1195.664
2023.352
2213.253
5205.394
1026.971
1777.313
384.4648
2381.091
4293.666
-8017.603
1794.414
2871.074
7788.25
1768.81
2235.152
4231.546
1698.706
3139.671
2036.15
1628.63
2104.557
1967.635
6587.635
2207.693
3068.051
780.8591
10665.09
2605.038
3074.539
2626.442
1973.19
609.3427
37892.9
991.7613
1891.001
2052.47
693.4727
2402.304
1811.741
3201.285
2261.583
2499.718
2336.527
1912.998
2113.084
3193.485
2051.089
1990.619
1837.346
-10624.66
258.0433
164.7863
2196.303
2373.896
2387.105
2925.444
2249.936
2634.521
876.5856
2358.851
6147.567
4095.159
2356.372
3628.993
1807.417
1360.704
-386.7423
-4838.378
1254.595
1717.868
764.8162
2053.785
2511.663
1728.91
2396.224
2002.994
1960.933
2431.361
2714.626
2455.075
1290.808
1058.463
-4394.439
854.6847
24841.84
1476.077
112.4234
1786.621
1897.31
-23.94785
2957.051
2355.68
1720.874
2835.371
2400.489
1237.373
10779.15
1581.731
2069.462
3557.738
1993.644
1110.832
4709.382
1610.347
1386.605
1339.927
1156.801
-4397.428
1111.987
1033.821
2709.425
471.6576
1983.903
1585.522
1413.069
1373.278
1212.453
1658.89
1296.725
-1241.176
-1012.191
1563.159
1862.75
1030.241
447.0159
1594.589
1187.723
934.3235
1520.753
1340.771
2475.62
266.1449
1161.451
1291.898
1399.052
2754.075
6790.572
1137.22
1095.941
1618.083
1050.849
1701.264
-4163.39
-7928.359
894.1906
956.9258
844.6549
1755.963
1088.774
187.6011
992.594
1551.12
7095.122
1082.384
-39.17516
1364.85
1498.342
954.7274
