1616.889
1513.179
1656.311
-590.6291
-947.5667
-910.2092
-816.1591
-4467.604
-4576.76
-4632.522
-5082.047
-4846.625
-4677.938
-4931.963
-3755.729
-3441.405
-4727.492
-4775.376
-6034.006
-5725.833
-5740.789
-5161.76
-864.1955
-814.7892
-1423.521
-1411.944
-1300.038
-947.8107
-1341.649
-927.2561
-317.85
-321.5714
78.39478
-125.2769
737.8148
378.8504
921.964
1242.093
1012.851
-1288.187
-1402.724
-1512.522
-1423.47
-1531.025
-1122.564
-1340.811
-1128.238
-1037.314
-1023.308
-1046.643
-1104.191
-878.5328
-835.1983
63.05045
8.897979
385.2527
698.5368
266.9239
-0.9602621
-486.3675
-532.7627
-382.5068
-214.6849
312.5749
227854
217446.3
209912.1
202941.7
196091.5
189164.6
183003.6
177111.8
170322.4
164394.5
159031.7
153672.4
148335.4
136293.4
131592.9
127571.1
122859.4
119166.5
114983.8
110694.8
107223.5
104334.6
100572.4
96475.85
92997.1
89256.85
85729.11
82948.6
79685.21
75525.88
73511.91
72522.96
69834.69
67294.97
68527.02
66463.51
64095.27
63250.24
61648.54
69521.92
67537.51
65360.91
62963.78
60605.57
56661.65
54743.97
53195.8
51466.71
49700.92
48254.79
46493.11
44289.3
42582.1
41524.05
40406.9
39205.22
37206.69
35786.59
33952.57
32820.59
31176.42
29934.64
29342.98
24530.73
23735.25
23022.72
22395.89
21710.76
20994.47
20968.56
20051.88
19183.83
18592.41
19640.91
18136.7
17512.16
17164.93
16625.87
16126.15
15537.68
22767.14
22129.6
22092.79
21386.19
20654.66
19829.99
19020.4
18634.68
17823.06
15687.9
15258.51
14556.45
14117.2
13850.88
13517.97
19323.2
19171.58
18593.05
17727.41
22461.42
21716.05
21124.57
20535.61
20575.54
19925.58
20618.99
545.8771
616.7137
631.9537
694.423
-38.62254
-184.0088
-85.37502
166.1083
467.8815
406.6474
-4648.314
-3522.967
-3475.386
-3533.184
-3346.513
-1416.83
-1441.865
-3164.739
-2869.997
-2888.33
-2584.4
-2680.271
-3480.971
-3514.377
-3429.011
-3110.295
-2396.049
-2271.673
-2170.649
-1819.27
-1679.85
-1769.564
-1522.757
-1400.404
-1388.131
-807.8087
-699.5909
-395.285
-964.5671
-715.1976
2630.711
2509.529
2194.777
2078.882
-32138.51
-30707.47
-29641.64
-27791.9
-25175.29
-24374.9
-23718.83
-22655.92
-20112.88
-19532.88
-19064.77
-18533.2
-17506.85
-16796.28
-15921.32
-16475.63
-16796.32
-16727.62
-16037.04
-15496.29
-14309.82
-13763.04
-13644.65
-13281.73
-13001.26
-12070.61
-11954.26
-11218.9
-10803.78
-10416.6
-9015.029
-9048.103
-14820.94
-14663.58
-14255.24
-13469.35
-13135.24
-11492.76
-11052.48
-10248.16
-9937.942
-9649.156
-9362.942
-9763.221
-9455.243
-7556.997
-8186.879
-7968.761
-7118.2
-7321.73
-10946.76
-10500.71
-10543.68
-10164.39
-9873.844
-9407.506
-13318.93
-12669.4
-11410.7
-10964.05
-11721.46
-11174.63
-10889.66
-13643.87
-13276.57
-12687.57
-12190.24
-12279.48
-11746.52
-11381.55
-11768.16
-11453.27
-10861.08
-10265.25
-9741.414
-9415.887
2428.819
2404.21
2715.406
2212.155
1858.618
2401.962
2493.119
2116.263
1963.995
2058.876
2083.494
1984.627
2018.285
3964.603
3452.49
3332.56
3749.842
3857.239
3760.525
3751.206
3899.547
3824.501
3650.422
3953.897
3873.15
4504.8
2606.658
2518.229
2503.23
2668.984
2448.617
2350.815
2600.27
2542.426
1428.14
1749.76
1513.506
1780.017
1429.506
1430.774
1305.63
1320.928
1395.643
1252.048
1431.71
-21578.04
-20832.39
-19905.56
-19064.42
-18330.91
-17642.8
-16882.57
-16743.57
-15937.62
-15385.18
-14387.38
-14130.27
-13679.37
-12933.64
-12543.67
-12242.84
-12185.04
-11631.35
-9560.324
-9373.385
-8844.975
-16095.37
-15550.17
-16870.52
-16273.49
-15640.64
-14661.02
-14446.34
-14017.99
-14257.39
-13997.27
-13723.37
-10943.55
-10806.5
-10662.24
-10095.04
-7192.681
-4700.35
-4468.679
-4759.314
-4415.649
-4101.755
-3157.686
-2939.705
-2619.81
-2469.414
-2362.345
-2805.149
-8132.033
-7999.665
-7760.345
-7609.402
-5789.879
-5704.62
-18867.07
-18413.23
-17488.28
-16993.03
-17759.51
-17250.7
-16780.49
-16287.24
-13386.39
-14292.99
-14248.75
-13577.92
-13150.44
-10713.48
-9915.221
-9654.723
-9092.49
-8647.996
-8315.045
-7831.191
-12142.87
-11683.25
-11361.79
-11501.38
-10809.24
-10094.33
-9064.788
-8814.271
-8740.78
-7691.546
-8964.008
-8682.166
-7578.077
-7366.368
-6229.625
-5347.718
-4987.795
-4703.874
-4392.046
-4406.6
-4536.475
-8918.298
-8721.137
-7865.488
-7525.535
-7267.01
-6757.727
-6614.761
-6091.037
-6274.3
-6238.295
-5804.405
-4848.301
-4912.192
-5108.294
-4964.785
-5273.08
-2694.782
-3995.807
-4277.369
-3918.731
-4079.177
-3821.359
-3440.914
-3450.339
-3426.975
-3391.459
-3574.3
-3512.827
-4004.489
-3627.167
-3669.058
-3411.323
-3336.433
-3838.096
-4236.738
-3720.02
-3809.669
-3914.751
-3664.388
-3480.119
-10695.51
-10198.26
-9884.28
-9534.505
-9321.493
-9159.971
-8810.933
-9402.125
-8917.451
-8445.38
-7983.371
-7081.633
-4529.785
-4267.459
-4202.472
-4164.566
-3219.891
-3011.981
-4309.224
-80675.39
-77757.36
-74928.25
-71878.58
-68899.15
-66764.12
-65299.98
-63573.24
-61438.57
-59269.51
-57466.1
-54789.45
-52739.8
-49618.28
-48120.72
-46295.32
-22952.34
-22348.75
-21097.85
-20749.75
-19397.6
-18700.79
-18112.5
-17285.52
-16392.4
-15758.07
-15064.05
-14438.35
-16391.33
-15365.99
-18673.49
-18183.27
-17515.9
-16733.46
-16310.97
-15868.34
-15590.35
-14980.12
-14192.02
-13769.79
-13372.17
-13033.4
-12682.56
-11062.45
-10522.97
-9719.086
-5584.796
-5680.293
-5494.837
-5686.111
-5391.446
-5160.347
-4633.775
-4765.997
-4751.427
-4360.795
-4318.688
-1236.382
-2942.66
-5432.037
-5323.715
-5240.201
-5616.437
-5696.791
-5691.537
-6034.201
-6034.688
-5953.309
-5580.374
-6462.779
-5775.306
-5875.472
-5493.726
-5246.396
-17978.98
-16593.94
-16434.79
-16628.68
-15795.06
-15643.35
-13685.2
-13104.91
-12990.87
-12891.08
-13592.13
-13133.86
-12674.43
-12190.11
-11851.32
-11581.17
-11848.49
-12303.1
-11600.44
-11450.65
-11196.07
-10952.59
-10548.65
-10877.15
-10969.2
-7318.068
-6460.804
-5456.782
-5437.138
-5141.887
-4726.224
-4774.043
-4748.014
-4509.483
-4172.991
-3877.979
-4637.579
-4661.418
-4107.204
-4958.08
-2926.762
-2764.222
-1623.465
-1338.324
1700.028
781.1445
363.8058
408.2079
1010.493
962.636
852.832
932.3823
843.1566
941.7481
939.3386
626.5185
67.90155
-206.9524
-209.6742
-297.9402
-80.29654
1656.443
1466.188
2064.478
2148.939
1943.074
9302.721
8674.858
8839.991
8359.231
8168.838
7638.018
7509.389
6988.905
6567.569
5227.788
4916.611
4535.099
4425.193
3853.48
3679.015
3388.821
2323.295
2074.496
1802.64
1833.764
2571.931
507.1825
2680.521
2316.112
2414.341
2606.138
2702.472
2527.289
2806.338
2768.127
2347.646
2527.035
3582.191
3330.562
3346.579
3325.731
3267.375
3222.704
2563.628
2596.344
2630.439
2365.118
2396.5
1946.492
2386.396
4557.058
4600.617
3809.815
4381.879
4302.023
4938.616
4744.37
4701.229
4926.712
4325.065
4272.894
4053.537
2844.793
2476.667
2299.649
2445.455
2355.591
1887.878
1510.517
1093.193
1350.541
1444.598
698.6402
711.8236
1327.664
1017.29
1150.916
1149.341
639.039
648.5528
498.5339
92.44361
52.50504
89.44664
208.4883
369.7249
278.7996
286.5409
197.8984
223.8526
557.2966
219.1621
366.978
-23.66944
-22.08112
-102.1835
-68.36766
-138.1612
-348.308
-1801.053
-1679.389
-8030.117
-10753.88
-10519.78
-9959.443
-9493.995
-9289.356
-7446.985
-7586.831
-4984.301
-6523.747
-6348.747
-11591.97
-11709.4
-11429.63
-11089.98
-10234.31
-8996.16
-8580.213
-8125.726
-5583.561
-5597.985
-5833.095
-5583.908
-5374.189
-4695.786
-4418.906
-3216.696
8102.139
7761.37
7751.427
8813.346
6291.423
5547.861
5287.093
11525.97
10915.13
10571.03
10905.58
10116.43
9799.381
9320.403
9123.979
10112.6
9499.663
8703.37
8963.415
8845.756
8722.319
8418.801
10025.37
8756.753
9044.316
8743.452
8473.783
7875.276
10953.19
11147.33
11227.67
6166.263
5599.637
7081.553
6830.829
6898.063
6901.701
6682.148
6285.253
6154.696
6291.266
5397.306
5085.032
4960.808
4179.542
4234.857
4313.788
8613.749
8701.391
8325.483
10005.24
9946.719
8116.683
7931.559
7758.197
7959.843
7524.426
7570.668
7395.24
6511.232
6293.141
6422.081
6063.131
5859.253
4710.215
4644.103
4285.197
4390.036
4602.56
4141.767
4186.361
3757.904
3486.244
3035.733
2670.659
2635.24
2456.896
-6186.959
-6079.087
-6042.993
-5603.714
-3681.377
-4322.022
-4090.543
-3615.138
-3625.169
-3397.495
-3417.528
-3445.141
-2861.26
-2893.482
-2896.256
-3206.555
-3645.817
-2907.308
-3169.244
-3530.016
-3098.691
-3059.538
-2957.417
-3397.659
-2749.287
1051.819
1065.172
1393.346
2323.981
2147.652
2153.111
1300.739
1784.031
1547.852
-23056.99
-22312.62
-21464.44
-20962.39
-19650.33
-18713.12
-18040.29
-17750.17
-16798.8
-16418.05
-15907.84
-15298.19
-14648.88
-14307.93
-13965.07
-13476.45
-13570.67
-13157.44
-12946.97
-15785.46
-15137.4
-14689.29
-13804.63
-88608.77
-85551.67
-82605.42
-79876.59
-77274.21
-74985.27
-72804.65
-70701.26
-68838.02
-66282.04
-64392.96
-61913.17
-59649.35
-56938.16
-54979.91
-53029.75
-46239.86
-44544.86
-42918.62
-42709.98
-41228.03
-40433.08
-38733.84
-37356.92
-35974.51
-34735.58
-26980.93
-38658.54
-36810.23
-34383.15
-32677.37
-31623.61
-30525.87
-29310.75
-28258.44
-33335.19
-31554.61
-29952.76
-29294.98
-27992.13
-26804.29
-26073.03
-24877.5
-24813.43
-23805.01
-18672.6
-17755.87
-16497.52
-15976.08
-15023.54
-24809
-24102.27
-23014.04
-22414.98
-21960.74
-20916.54
-20325.16
-20029.47
-19523.92
-18519.2
-18048.75
-17081.57
-16545.43
-15726.68
-15362.74
-15216.67
-15086.61
-14478.63
-13938.82
-27229.56
-26242.98
-25059.2
-23949.83
-22401.65
-21885.64
-21507.62
-19820.14
-18995.28
-18388.6
-17410.17
-16830.25
-16325.36
-14789.15
-15200.85
-14310.16
-13796.74
-13719.9
-18918.86
-18196.54
-17141.5
-16358.01
-15510.33
-16249.31
-15920.27
-16437.04
-15871.36
-14441.35
-14035.82
-13717.49
-13327.47
-12126.04
-11689.6
-10002.76
-9559.197
-9331.037
-10086.85
-9639.182
-9473.515
-9095.98
-9017.333
-8564.779
-8502.063
-9166.347
-8790.532
-7829.494
-7444.365
-7326.565
-7227.3
-7088.388
-6780.843
-6862.216
-6634.91
-6808.268
-6631.827
-6414.901
-5959.134
-5820.51
-4584.753
-4711.393
-4977.527
-4904.463
-4889.204
-4768.468
-4568.464
-3825.05
-3978.251
-3818.571
-3481.562
-3423.74
-2475.56
-2040.124
-2619.844
-2278.555
-1976.542
-1932.253
-1535.012
-1726.052
-2309.55
-2274.957
-2398.509
-2598.795
-2350.296
-2274.801
-1773.964
-1550.53
-1215.734
-1163.051
87.79504
42.16126
129.3777
503.3076
411.5565
-10348.14
-9842.405
-9187.292
-8181.971
-8553.535
-8056.468
-7726.746
-7070.02
-6489.05
-6069.995
-5384.603
-4968.621
-5134.782
-4803.831
-4101.45
-4179.516
-4119.56
-4052.633
-11076.76
-10434.39
-9617.128
-9888.812
-9347.958
-9701.796
-9308.666
-9050.72
-5684.337
-5723.414
-5546.999
-5644.003
-5933.48
-6052.714
-5808.718
-6973.467
-6747.94
-6407.131
-6165.621
-5963.269
-5877.013
-5823.716
-5495.139
-5463.125
-5247.73
-5059.003
-4999.043
-6177.877
-5589.404
-5527.988
-5240.738
-4901.644
-5888.802
-5837.92
-5726.328
-5827.613
-5435.929
-5238.661
-4514.287
-4514.436
-4453.194
-4323.354
-4581.009
-4157.777
-3339.304
-11940.48
-11519.59
-8935.627
-8769.622
-8376.804
-8057.598
-7812.79
-7401.052
-7369.426
-43337.73
-40384.26
-39300.48
-37766.95
-36150.56
-33843.94
-30499.43
-29425.1
-28385.48
-27145.92
-25077.05
-25169.85
-53910.64
-51734.26
-51101.22
-48939.62
-48174.9
-43396.52
-41935.35
-41161.02
-38390.9
-36867.52
-35389.12
-33573.87
-32057.28
-30739.56
-24370.84
-22886.62
-21999.74
-21344.51
-20799.64
-23831.63
-23640.9
-22707.89
-22064.55
-21226.67
-20764.1
-19636.82
-18982.79
-22968.06
-22387.26
-21695.59
-21265.79
-19776.76
-15410.15
-15078.18
-15048.25
-14971.36
-14712.69
-14887.95
-13818.7
-13666.41
-13486.92
-12759.45
-12289.6
-11877.28
-12163.64
-11923.01
-11294.44
-8910.019
-8237.134
-7833.784
-7656.57
-6096.278
-5856.77
-5586.481
-5236.205
-5292.651
-10014.07
-9688.336
-10067.25
-9595.333
-9175.107
-8868.854
-8577.621
-8175.003
-7834.493
-8175.958
-7985.752
-7725.048
-8487.423
-4259.647
-4231.348
-4008.126
-7994.263
-8668.147
-8601.903
956.5686
1068.022
1109.302
911.4383
1015.583
840.5849
878.7826
524.4287
728.6626
710.4058
217.676
-304.1831
-302.3446
-886.8439
-809.2907
33.12773
281.7159
-124.6533
1491.383
1477.765
6.913202
-83.89466
389.1732
1682.106
1571.026
670.213
575.572
833.8854
1088.35
916.0102
915.1123
-2446.737
-2346.492
-1665.852
-1777.873
-1762.79
-1501.988
-1118.16
-557.6128
256.0664
-57.28678
-105.4675
-265.5985
1258.85
1311.084
1257.05
1524.211
1355.139
2440.405
2023.702
1164.815
1067.028
1172.875
1091.02
895.3891
679.4262
1108.76
1552.364
-33523.88
-32822.26
-31193.82
-30010.17
-32062.41
-30929.63
-30113.59
-28962.12
-27642.11
-26422.03
-25526.5
-24447.89
-23210.71
-22250.92
-21267.95
-20630.69
-19784.55
-28584.56
-27927.25
-27986.62
-27204.02
-26176.61
-25231.98
-23808.33
-22142.32
-21407.24
-26272.89
-25323.47
-24667.67
-24098.68
-23103.67
-23021.4
-22013.03
-21109.23
-20401.05
-19283.01
-18502.01
-24206.66
-22877.21
-22228.84
-21803.18
-21233.24
-20431.74
-19670.34
-19235.27
-18404.84
-17950.07
-17443.79
-16774.55
-16592.44
-16918.85
-16078.2
-15994.37
-15918.33
-15295.37
-14607.08
-13904.4
-13421.92
-12616.33
-12333.62
-12010.21
-11642.35
-11316.08
-11630.72
-10678.31
-10309.33
2640.624
2492.049
2369.636
2372.97
2329.705
2244.749
1590.12
1527.061
1463.667
1507.981
1669.645
1708.315
816.5923
928.9095
1057.591
-4516.401
-4760.254
-3886.191
-3428.819
-3302.153
-3100.967
-3208.285
-3036.58
-2836.256
-2434.766
-2730.012
-2855.35
-3864.777
-4083.777
-3870.403
-3621.706
-3643.969
-3803.891
-3860.689
-3814.068
-1647.72
-2254.557
-2100.647
-2401.033
-1223.927
852.3337
764.2614
1037.571
1034.005
866.9834
797.4283
781.1026
817.4695
8065.382
7762.342
7434.524
6870.713
6293.918
6404.935
5171.717
4885.862
4596.87
69713.1
67130.49
64958.43
62774.66
60211.73
55414.33
53563.21
51663.6
49943.95
48014.2
46859.07
45228.19
43837.32
42702.08
41253.71
39975.41
39979.62
37964.59
36745.02
35352.06
34256.41
32750.93
31754.7
31126.99
30250.2
31253.39
29576.02
29670.36
28895.28
28775.63
27362.16
26355.28
26710.37
25196.8
24479.98
23674.84
22487.35
21726.7
20918.61
20404.31
19735.53
18865.6
18358.11
17849.8
17080.11
16513.91
15997.42
15805.96
15597.15
15286.42
15129.28
14677.05
15520.39
14656.53
13484.36
13351.86
13143.63
12981.04
12481.23
12116.8
11861.94
12128.94
11872.94
14757.51
14550.56
13824.63
13250.55
11078.86
10685.64
10375.17
10173.89
9557.35
9291.155
8241.331
7926.202
7842.198
7836.386
7437.534
7441.612
6753.721
6118.692
6496.915
5915.021
5476.384
4898.747
3267.876
2988.041
5158.552
4582.344
4063.645
3930.643
3709.03
2643.352
2786.011
2475.06
2255.386
1766.125
1724.837
2269.079
7094.476
6909.822
6812.026
6683.106
5464.954
5232.966
4815.714
4687.625
4572.925
4319.779
4116.588
4269.124
4336.788
2970.276
2680.574
2963.846
2071.22
1895.053
1884.631
2134.151
2035.694
2289.541
2542.876
1854.57
1028.78
852.1076
-1722.979
-1640.719
-7290.152
-6118.538
-6218.685
-6135.397
-6034.43
-5557.753
-5469.46
-5037.13
-5108.503
-5042.998
-5001.475
-4929.661
-4458.26
-4388.988
-4456.914
-48243.58
-46680.11
-45110.29
-43347.87
-42168
-41022.56
-36289.95
-35052.26
-34850.57
-34063.69
-34249.84
-33082.89
-32148.18
-30826.29
-29954.99
-29082.62
-28265.5
-27185.36
-26437.63
-26379.35
-25744.65
-24774.86
-23318.46
-21545.93
-21179.03
-20514.2
-20694.61
-20039.17
-19106.86
-17442.03
-16738.23
-15917.05
-15488.69
-14421.73
-13616.46
-10691.13
-2661.331
-2459.848
-2115.135
-2015.579
-1923.505
-1914.114
314.3115
-815.5907
-1971.751
-1683.752
-1696.038
-1308.012
-1490.859
-1030.83
-815.6681
-646.4344
-650.6132
-627.2055
-53.13087
-838.7278
-19.64302
-2608.246
-1900.594
-1697.378
-1577.056
-1397.694
-1423.082
-1003.409
-1559.235
-1751.136
-1572.036
-936.1938
-735.8465
-184.9783
566.2343
752.0862
5597.437
5439.22
4736.571
5285.639
3970.262
3691.727
6235.857
6544.613
6458.954
6388.06
6299.926
6136.131
5929.723
6122.467
5937.722
5901.105
5666.282
4823.236
4341.242
4637.33
4579.406
4408.608
4250.11
3986.275
3810.622
3572.264
4528.665
4538.614
4600.731
4477.819
4220.267
3851.648
4223.078
3774.649
8472.364
8382.122
8127.223
7228.643
6985.473
6878.661
6812.28
7165.249
6848.044
6483.352
6420.295
4776.955
4251.906
4293.957
3069.8
3715.142
482.3954
-584.5129
-352.2337
-1912.322
-1627.516
-1971.136
-2102.62
-2021.808
-1828.355
-2129.725
-2109.045
-2760.318
-4846.148
-4469.744
-3805.79
-3812.495
-3755.752
-3881.043
-3998.327
-4104.344
-3952.998
-4951.867
-5398.86
-4283.172
-3125.335
-2551.977
-2446.949
-1660.327
-1949.284
-1787.89
-1319.36
-1359.545
-1351.678
-1289.25
-1485.782
-1181.363
-1426.377
-1564.278
-1543.516
-1624.896
-1009.351
-2072.25
-2414.615
-2564.064
-2487.85
-2807.904
-3101.755
-2882.475
-2500.754
-2619.859
-2865.872
4867.789
4770.97
4448.02
4387.027
3555.176
2794.08
2320.982
25579.14
25291.81
24219.64
27655.19
26702.05
25992.7
25795.87
24689.53
22938.58
22048.19
21558.92
22609.24
21927.95
21226.23
21220.2
20588.41
19819.83
19246.43
18683.68
17454.38
17205.7
16417.01
15865.8
15251.29
14760.44
14262.45
13788.58
13194.31
13166.27
12124.13
11800.88
11857.01
11255.8
10680.61
10228.03
10425.86
10377.17
8777.337
8365.627
8515.666
8849.224
8460.831
8019.889
7185.333
7040.427
6938.534
6778.032
5970.164
5504.117
6039.519
5621.903
5592.119
5760.876
4878.644
4145.591
4521.181
4061.249
4889.645
4776.03
4571.561
4601.346
4065.718
4014.224
3641.038
3772.027
3636.041
3669.824
3677.625
3640.357
3276.718
3326.91
4641.836
4433.458
3822.017
3255.117
3015.925
2333.383
2333.916
1980.606
1597.573
2052.547
2130.608
2336.839
2047.891
1932.84
1164.163
1122.798
1116.38
925.7916
1358.573
1298.93
1240.047
1103.419
3544.423
3188.318
3113.732
-152.0243
43.12749
125.5677
-1642.141
-1163.126
-2936.977
-2696.459
13425.88
12553.09
11870.77
11658.06
11264.94
10681.31
10129.23
9971.941
9418.055
9022.012
8589.332
8282.692
8093.859
8275.893
8029.263
7539.206
460205.6
463407.4
447530.1
433492
418679.4
404559.8
390704.1
376682.3
363895.3
351605.5
341669.6
330116.1
318971
307139.5
294340.5
284359.8
274206
264800.9
255745.7
246788.5
237089.2
229015.5
225882.2
217967.1
210244.9
202430.1
195525
189174.6
182653.5
176427.5
170165.9
155824.8
150835.8
145661.1
140407.1
136128.3
129669.1
125011.8
120646.6
116689.9
112520.5
108638.1
104750.1
100903.5
97940.2
94277.7
90902.73
88254.44
85109.09
82143.48
79359.63
79087.57
76350.76
73877.93
71420.08
68523.34
66812.34
64755.9
62745.61
57851.46
56403.85
53332.49
51217.43
49558.21
46719.43
44803.35
45089.79
43864.89
43873.62
42346.78
40750.77
39168.03
37972.62
36561.2
35331.92
34295.23
33834.33
33728.95
31182.63
31156.54
26921.4
26116.31
25278.67
24130.06
23489.31
24619.21
24680.19
23938.08
22765.48
21914.51
21239.04
20499.3
19856.34
18114.84
17177.07
16560.02
15796.25
14606.27
14158.62
13927.64
13311.32
13074.86
12689.41
12966.41
13747
13460.21
14144.51
13843.94
13440.71
13047.29
12751.72
12195.25
11199.26
10623.77
10497.07
10864.39
10425.6
10172.89
10490.18
10023.62
9964.158
9631.726
11076.52
16666.67
28826.98
27477.53
26061.03
25362.95
24569.12
24004.56
23422.05
22497.82
21683.94
25171.61
29676.23
28891.16
28131.96
27618.91
26403.5
25692.93
25011.02
24129.56
23246.2
21160.83
20494.93
19759.16
18847.83
18664.98
18472.49
18016.85
17460.69
16611.49
16163.55
15371.44
14981.14
14083.53
13149.44
12596.84
12230.73
11890.94
11493.99
10768.9
10458.81
10569.84
10153.47
9150.539
8968.072
8625.9
8698.722
8450.608
8243.041
7954.399
8376.698
8186.341
8292.71
9100.977
9084.291
8604.282
8457.471
7970.255
7769.22
7120.332
7046.806
6741.549
7055.546
7491.629
7024.859
6841.146
6603.616
6468.648
5418.831
5311.624
5322.698
5530.927
5540.157
5135.639
5053.799
4829.727
4825.288
3299.513
3059.919
2727.276
2916.901
2806.606
2403.789
2838.646
472.5817
250.7293
1058.87
850.3118
809.6512
135.7683
987.4868
882.6894
1012.345
274.4721
126.5029
-71.26799
-29.02079
280.2229
804.3145
113.202
-37.48412
172.9106
220.1016
-133.8594
-300.1664
7.953666
376.9642
792.7815
798.6634
759.4927
807.4381
982.3936
1013.576
920.7631
671.0363
444.8741
1054.677
895.1384
864.1649
897.8397
775.1343
1424.416
1078.313
-53.49886
7.193091
99.28449
-21375.8
-23316.7
-22550.49
-21808.52
-21376.98
-20259.15
-19625.91
-18453.09
-17344.34
-16546.19
-15248.2
-14998.97
-14364.81
-13791.68
-13633.18
-12944.71
-12793.43
-13224.38
-12431.8
-11537.31
-11216.86
-11147.17
-10212.85
-9712.428
-9475.983
-9314.748
-9061.979
-8570.834
-8442.31
-8092.356
-7350.306
-6869.611
-4893.483
-4800.139
-4968.055
-4835.488
-4244.013
-4095.95
-4000.372
-3585.347
-1937.482
-2073.658
-2123.14
-2410.366
-2403.542
-2330.245
-2171.15
775.8184
544.2242
515.4748
434.224
501.5469
397.712
512.2578
563.8072
268.2425
854.4427
880.8292
755.7192
492.3905
348.3483
-442.1214
30.346
241.1798
3073.383
2841.186
2720.917
2472.645
2408.068
3511.476
4443.655
4114.087
3688.233
3426.246
3294.919
3357.853
3007.305
3416.024
3074.971
3066.456
2405.391
2943.318
2020.381
2641.007
2426.606
2690.132
4860.303
-8091.72
-7918.273
-7885.481
-6448.699
-6069.717
-5962.804
-6799.056
-6651.199
-7316.032
-24218.28
-23795.91
-22295.21
-21876.9
-18520.82
-18205.38
-20218.65
-19514.07
-18661.47
-18033.57
-17520.27
-17990.18
-16039.14
-15495.34
-14093.79
-13445.96
-13036.4
-12186.07
-11035.02
-18886.07
-18051.82
-17532.37
-18594.87
-17912.94
-17209.36
-16716.9
-16169.17
-15203.31
-14666.38
-13955.22
-13180.62
-15803.34
-15019.03
-14414.29
-13358.18
-13288.25
-12738.71
-12394.06
-5599.563
-5466.294
-4707.625
-4576.303
-4108.285
-4207.434
-4127.757
-3359.429
-3580.464
-2784.846
-3014.511
-2586.443
-2664.671
-2499.704
-2872.48
-3165.777
-2988.031
-2974.648
-3545.711
-3389.287
-3381.847
-3727.484
-3570.601
-3872.278
-3877.883
-1545.18
-918.324
-1142.311
-1004.235
-492.006
-687.4133
-395.5405
2190.959
2384.824
4019.931
4752.57
4432.73
4118.706
5006.188
4727.97
1337.379
1345.028
1546.248
996.3984
823.496
807.7921
794.3927
319.2348
-19.06703
-96.11838
95.1134
-115.6495
-14.29153
71.99592
1718.033
1700.916
1583.543
1638.023
1590.478
-11252.59
-10898.08
-9837.965
-10483.6
-10164.85
-9203.508
-8547.75
-8701.833
-8564.541
-7953.586
-7111.432
-9014.245
-8819.4
-8441.215
-11415.39
-7487.542
-7169.795
-6406.207
-6325.453
-6131.087
-6239.021
-5750.29
-5857.078
-6360.961
-6231.153
-6122.37
-5700.316
-6145.213
-6203.031
-6586.347
-6407.969
-6047.617
-5833.945
-5931.209
-5165.038
-5621.73
-6782.387
-6529.924
-6391.697
-6465.356
-20293.68
-18821.56
-17300.88
-16812.84
-17295.28
-17000.81
-17151.69
-19040.87
-18442.26
-18892.5
-19876.14
-19118.28
-18569.78
-17951.45
-17202.46
-18633.61
-17830.6
-17222.79
-16651.34
-16057.66
-19064.75
-18418.52
-17538.84
-16865.9
-16514.66
-16341.35
-16316.98
-15668.89
-15748.9
-15338.88
-15165.03
-14742.66
-14905.01
-15022.3
-13906.55
-13816.45
-13346.65
-12043.33
-11686.18
-11348.01
-10977.43
-10451.07
-11899.36
-11176.7
-10585.33
-9481.004
-9313.051
-9256.257
-8666.445
-9308.585
-9026.242
-9292.457
-8783.731
-8458.574
-5783.594
-4689.71
-4569.621
-3937.556
-4510.496
-2828.478
83.27122
412.0821
4419.859
2750.191
2523.462
2562.631
3005.465
2682.166
2503.498
1996.235
1658.551
-2788.959
-3089.402
-2626.83
-2539.443
-2781.43
-2811.931
-2950.492
-2677.33
-2918.865
-2854.172
-2666.348
-2763.343
-3348.124
-937.2314
-985.3022
-768.7884
-497.6785
-553.4461
1794.257
1714.892
-10894.55
-10618.26
-10093.29
-9728.939
-8991.459
-8667.539
-8526.306
-8110.257
-8439.137
-8336.602
-922481.6
-891349.2
-861051.3
-832091.5
-803195.2
-775855.6
-749667.6
-724520.6
-700026.3
-676319.7
-653523
-627245.8
-605852
-586061.6
-566265.8
-546893
-527805.6
-509111.2
-491674.4
-473953.1
-456056.2
-441255.3
-426535.8
-411750.7
-397110.7
-382226.9
-369389.8
-356455.9
-344432.5
-333884.3
-322528.9
-312321.8
-301436.8
-290774.8
-280593.4
-269235.5
-260689.6
-251964.2
-243610.5
-235276.4
-227309.7
-219498
-211994.9
-205149.5
-198187.7
-191078.6
-184807.8
-178125.5
-172868.1
-167073.2
-161189.3
-155647.9
-150533.7
-145168.8
-140009.1
-135264.3
-131354.5
-126744.9
-122054.6
-117565.5
-114399.5
-110711.5
-107620.4
-102531.4
-98942.83
-94080.59
-91082.45
-87667.9
-84592.5
-81742.49
-79011.78
-75707.84
-73169.74
-70866.14
-65385.54
-63154.03
-57745.32
-55462.77
-53369.3
-53979.74
-51933.44
-50145.13
-48520.31
-46862.48
-44854.03
-43374.04
-41980.63
-41957.44
-36691.15
-35116.09
-34088.38
-34429.99
-32379.64
-30986.84
-29612.47
-27775.96
-28402.75
-27225.51
-26273.23
-25165.69
-24947.71
-23878.14
-23262.69
-22392.4
-21491.15
-20938.62
-20480.29
-19310.3
-17879.66
-17240.35
-16577.35
-15629.03
-16337.94
-15965.29
-15459.6
-13948.21
-13403.46
-13898.83
-13719.26
-12926.8
-11146.04
-8276.89
-8008.778
-7655.607
-7569.509
-8270.054
-4955.147
-4759.358
-4531.644
-4471.585
-4114.64
-3729.737
-3906.929
-1335.075
-1218.375
-998.8312
-1017.832
-810.3384
-722.3804
-689.5554
-671.0019
-649.5544
-482.3529
-105.373
32.54053
97.13459
-46.27756
-105.7765
-75.51618
-2481.599
-2453.165
-2198.474
-2191.053
-1891.978
-3053.273
-2605.905
-2346.633
-2241.634
-2136.499
-688.2456
-750.6968
-988.2326
-1719.842
-2250.33
-2020.106
-971.8786
-840.0173
-1194.983
-1229.604
-941.383
-1056.491
-1906.999
-2295.984
-3174.01
-5195.288
-4914.505
-4701.414
-4686.435
-4638.043
-4410.537
-4392.033
2453.038
866.7348
1365.332
1211.783
1233.253
1469.098
-579.2573
-644.6133
-378.5099
-498.1329
-715.6981
51991.4
50209.6
48513.38
47515.67
45987.74
41775.84
41634.73
40141.3
38793.77
36753.97
35684.53
34332.09
35040.74
31736.72
30729.77
29944.94
28837.67
27909.01
27101.15
26660.53
25898.1
25026.02
22224.82
21486.41
20611.05
19904.55
19233.87
18831.28
18775.06
15918.55
14655.78
14106.3
13795.77
13095.52
12305.58
12370.54
11916.01
11463.02
10845.19
13884.36
13917.08
13004.16
12207.68
12146.05
11514.93
11045.86
9158.805
2436.06
2757.384
2661.832
2345.84
1903.427
2088.001
1853.918
1664.968
1738.343
1996.284
2031.689
1650.329
1786.895
1835.755
1719.5
1485.189
1608.42
1727.711
1637.745
2480.272
2417.555
2404.618
2621.566
703.1926
701.9052
800.9283
1408.842
996.0212
3211.831
2583.606
2432.232
2338.95
2564.718
2798.07
966.0313
883.7027
1004.114
792.0931
761.9169
1255.996
1048.413
1151.208
1338.2
-19384.11
-18633.31
-17401.78
-17699.3
-17327.49
-15956.01
-15355.69
-16013.47
-15583.87
-6247.062
-6033.923
-5856.278
-5572.637
-3463.149
-3418.364
-3095.206
-3082.204
-3118.067
-2533.19
-2453.391
-2426.652
-2496.413
-2321.162
-1254.604
-1413.055
-2146.665
-1948.106
-2776.461
-2853.135
-2609.146
-2535.002
-2487.272
-1785.689
-1538.505
-1718.456
-1755.839
3420.522
2197.007
2206.849
2330.746
2314.347
2261.363
1900.171
-4313.291
-4589.171
-6776.452
-6203
-6104.019
-7118.285
-7163.457
-7416.559
-6363.983
-6409.984
-6790.732
-6515.165
-6268.741
-5919.891
-96019.83
-93584.79
-90405.37
-86692.2
-81829.97
-75569.24
-73406.87
-70912
-68451.65
-66614.24
-64447.44
-62482.08
-60272.76
-60331.99
-58678.65
-56948.09
-55730.81
-53971.1
-52303.86
-50045.05
-48465.76
-44723.28
-42865.59
-41333.82
-40003.14
-39236.36
-37807.54
-36512.14
-35160.17
-33354.21
-32205.21
-31042.64
-30095.41
-29246.17
-27958.51
-27076.5
-25487.32
-25489.58
-24597.3
-23430.29
-22375.3
132204.5
127617.5
113709.4
110041
106349
102699.7
99169.02
92599.66
89266.34
86366.6
83403.86
80827.43
78039.11
76255.71
73695.9
71091.04
68427.7
66239.71
63803.2
62565.21
60707.04
58545.87
56650.61
54490.87
55615.52
53838.78
51969.18
50023.51
48086.88
46527.07
45108.05
43408.43
41924.52
41156.36
39234.47
37333.39
40996.17
39472.65
38979.87
38736.97
37080.63
29905.45
29458.22
28888.8
28065.23
27826.92
26707.8
25215.67
24300.26
22657.03
21909.38
35844.21
34486.65
32834.45
31514.88
30339.91
27894.78
27902.72
27362.6
29639.92
28982.66
28993.03
28078.98
27159.52
39693.43
38899.28
37073.62
35405.52
34214.86
33014.59
31881.18
31241.13
30864.26
29618.48
28490.48
26520.49
25543.17
27927.29
27172.33
26612.29
23160.26
22799.69
22384.34
22840.22
21957.26
20981.6
20407.21
19837.11
19353.88
17780.84
17223.75
18488.76
19018.57
18530.54
18034.69
17500.26
16973.52
16489.47
16057.84
15399.77
14731.16
14073.93
13643.79
13470.21
13564.75
14507.31
17650.12
17862.36
17724.75
16986.43
16211.16
15530.23
14539.34
14131.56
13683.71
13258.58
12727.5
14281.06
13626.16
26614.08
25260.83
24344.87
23340.83
22293.1
21500.24
20984.29
20135.56
19287.64
18786.99
17400.74
16779.32
15861.62
15346.98
20097.79
18686.11
18126.24
15171.69
14621.31
14274.1
13352.57
12805.64
11083.51
10333.63
10280.89
9709.408
9422.321
9312.435
7947.575
7601.283
7307.228
18126.86
17861.28
18358.27
17557.52
18626.58
18236.62
17351.02
16671.93
17122.36
16290.02
15925.07
6479.126
6386.632
6066.046
5978.787
-28763.59
-23820.13
-21825.31
-21000.5
-20962.69
-20314.05
-19580.06
-17760.97
-17111.31
-16559.84
-16155.03
-10488.05
-10811.07
-12616.87
-12366.73
-11930.14
-10991.97
-11020.76
-10579.14
-9107.816
-8640.018
-8499.615
-8604.148
-12021.1
-11179.61
-10660.83
-9671.504
-9253.671
-9061.681
-8809.568
-8272.463
-8045.134
-7913.575
-7631.622
-7565.883
-7092.876
-6291.196
-5487.249
-5111.831
-5068.95
-8319.139
-7367.178
-6864.302
-6994.001
