-3790.419
-1662.784
-889.396
-355.8395
572.8538
-862.8322
33945.17
70080.41
29926.18
13310.88
6309.669
25293.39
9989.569
7263.739
4958.842
1951.223
2841.537
-1701.662
-223.9492
373.509
92.26096
1127.523
1363.484
1284.515
830.4244
1936.201
-39.55271
249.8862
518.3986
863.1175
89.77403
1438.75
911.8217
-49116.71
-19994.75
-9072.677
-3890.75
-1957.939
56.80305
1460.809
-4742.018
-1650.206
-819.2174
-164.6358
10581.37
950.4964
1720.464
513.6847
2267.627
3500.029
2206.819
1466.58
1598.714
785.1319
7402.175
3234.152
1914.955
1641.042
186.4062
233.8842
4885.384
1625.143
849.8517
-1053.862
1552.108
976.323
217.1264
649.5039
1310.018
-211.4906
-618.546
-682.757
4323.551
-3231.596
579.6504
2051.067
2011.517
-32684.58
-12933.67
-12623.36
-5802.775
-4209.346
-1927.423
2602.621
2300.375
3884.579
1166.639
1156.55
879.5415
715.3054
1644.334
4905.379
2647.881
856.2734
3696.473
3832.907
1690.966
990.7371
151.0357
-1586.298
5282.78
-1260.814
-43.42086
1618.539
2543.139
4997.979
135.3864
853.2071
689.8278
1396.703
20.37318
-441.6508
-130.9155
-967.8403
-1457.664
542.2705
-317.5423
854.3561
258.2703
10.76882
123.4727
-13009.06
-4922.592
-1817.227
-1973.098
2143.784
506.7753
163.3523
-3639.035
-478.8453
1424.608
-975.3378
398.4152
3006.39
1055.439
1412.903
-134.1018
2016.134
-4275.737
-2200.881
-1662.588
68.06286
568.7378
3738.616
2672.887
-163.4597
-2748.011
-1817.487
-313.5462
4328.09
897.5807
376.6286
-627.1373
-337.3161
468.7814
-831.5427
-1233.394
-2677.532
3080.97
4660.808
1790.512
1477.055
463.8578
650.5922
-23727.37
-8402.771
-1355.286
1687.999
251.7768
1373.976
603.4877
360.3809
1610.304
4378.64
2944.536
2770.01
-1827.603
-1717.347
5984.001
7391.815
1999.319
4331.879
1463.113
1866.22
1621.255
1533.201
1558.999
1561.318
-14039.08
-4595.493
-491.9477
84.39132
2584.894
5150.869
2849.162
4401.636
950.496
-194.3756
560.4982
921.0897
1180.087
-683.411
8962.658
3331.871
1946.089
2428.184
1991.389
-6595.102
5884.221
3626.06
2504.726
1291.454
758.9045
2884.125
3258.151
-1201.649
-959.8998
10612.55
7142.334
4824.51
3483.352
1880.385
-4073.457
-2861.619
447.5203
-355.8315
5285.307
1023.949
1970.852
-34040.18
-13812.79
-5578.913
-2346.1
5073.153
2877.866
9916.418
6035.951
2977.782
2053.383
1082.114
3133.897
1698.182
14901.77
9198.437
6320.398
2315.208
949.7119
-2702.056
636.3835
755.5731
31.79819
-1684.925
-1197.449
-6846.282
-8308.47
-1841.662
7.317276
-2538.246
-32654.47
5623.546
788.0634
368.7039
-2557.196
781.0194
735.9031
1233.961
1138.97
2622.369
-6725.37
-2520.739
-385.2563
587.1411
-2212.184
-740.2499
679.9313
-1475.745
3413.892
2025.672
-11559.32
-4079.068
-891.3214
-25.54744
116.0092
354.2434
105.6106
1.689711
767.2712
-706.3552
-1135.686
-2201.095
-937.2786
121.1638
681.8258
1639.96
747.5041
4445.593
10420.92
4625.516
1879.66
1460.418
-332.6218
-447.1671
561.6975
588.2853
1083.535
331.1736
4213.814
2531.451
2522.45
343.7141
999.3487
2232.103
-4784.347
-1979.093
-2301.434
-1406.33
59.04701
-135.7019
1029.173
-1192.047
-1471.349
-2685.424
-1357.444
528.6631
994.0087
951.8697
354.618
2858.624
1231.557
463.5175
4435.605
1414.552
-155.1817
2480.283
-2872.419
-4785.649
-3533.809
-3467.172
-5655.796
-2373.883
-1234.784
-1218.759
-713.6933
-3584.996
5449.587
-3062.734
-1416.728
-2231.185
-382.9629
-359.9917
1261.557
-121.8309
908.7728
-4034.77
-1602.483
-1635.009
-556.0932
-6811.779
-3422.757
-29844.6
-14327.39
-8403.172
-4691.553
-1083.324
-114245.4
-77946.59
-35424.29
-15138.47
-4240.158
-1711.896
-671.0745
3470.254
2505.55
2054.155
2674.846
871403.2
362264.5
151191.5
64099.42
25584.52
9911.671
4935.377
3543.557
382.0879
1755.355
424.9417
163.0776
-93.05936
-172.3808
-405.4941
-1563.058
282.4188
-1652.055
-851.5848
16.23224
-3276.116
-519.6728
-2019.89
-2070.458
-1384.305
112.28
-614.5962
-473.6578
-943.303
-1046.631
-1348.894
366.5338
282.7641
1524.252
575.3294
148.2382
-76.69404
119.0136
-50.16917
-319.8986
-4391.702
-12707.93
-7237.839
-3980.546
9151.31
7845.759
4125.369
10121.37
5300.25
1480.597
3247.603
2120.932
2303.445
657.8207
-2782.095
620.9256
393.3019
-1141.839
929.7234
-1796.398
39.7543
-2056.207
-1899.139
8833.604
2589.666
2578.022
1197.081
394.8957
-113.7022
-1108.337
-713.0435
-1235.31
-176.3295
1661.677
310.7925
-5127.896
-1694.739
-1481.412
-654.8067
-6254.749
-2167.263
-500.2777
121.6764
-3127.847
-5170.346
20538.54
7433.4
2962.356
-937.9595
393.1176
-225.3582
-112.2757
-898.5181
-515.7726
-4927.219
-2112.682
-737.6108
-2268.51
-1373.128
2485.268
-846.6473
154.4421
708.9588
103.3713
2915.232
-876.8315
-1511.089
-1919.193
-1527.761
13374.65
8699.622
3229.565
2465.322
2264.383
1339.006
1726.105
2644.494
709.8537
85.85214
-750.3937
5384.118
3122.678
1349.652
-336.9796
-1020.078
-8256.859
-2764.796
-2747.275
-6023.112
-3071.601
-771.7353
-2227.22
1324.608
-22.46621
3604.304
-667.6854
-34125.72
-22060.82
1616.661
510.866
329.8257
2604.481
825.7346
-1255.873
148.0758
1539.43
1379.326
1273.696
865.4502
-1011.76
3823.745
541.9155
-3434.784
-4027.667
-1615.779
3232.21
2352.876
997.9582
1151.177
470.4384
-533.7823
-2009.837
-465.9953
172.4456
-120.5587
-757.8067
-1417.523
-1595.444
-1455.175
-2252.189
-1421.021
4130.385
3789.27
1836.636
787.848
-2284.853
-1004.499
-1247.12
-2135.644
-8720.867
-3992.641
5167.704
2618.707
1686.483
3486.97
2608.113
1594.452
1732.526
709.3943
1124.99
48.21416
-6618.632
-2995.746
5801.461
3844.423
1264.302
441.4276
-455.7491
675.848
-471.4059
-2246.837
-583.1528
4880.822
2764.697
-511.391
-1900.464
-95.41908
-1970.178
311.2205
2897.024
7594.891
3090.814
1731.523
1289.598
1461.808
-296.401
1952.645
485.6259
452.8068
681.5399
619.7101
4748.795
5483.109
1932.262
2672.9
160.4704
731.1263
1649.938
2948.489
2669.002
-347.9819
-1170.324
-3455.318
-1767.284
-1514.338
-515.4152
-1261.485
7701.148
3545.672
2095.337
1371.456
2067.402
1844.351
701.7055
257.4383
-204.1812
1103.395
1001.563
1466.939
3384.361
945.9419
1479.646
3844.657
-42.24997
-3420.978
57388.46
30762.11
10982.34
6507.26
7497.611
7148.819
9851.421
4107.114
1768.42
1082.023
4703.584
-1171.819
337.54
764.4715
956.5815
13805.06
6678.956
6134.526
3210.284
963.9585
-477.5891
94106.19
43619.55
14895.66
10701.4
4771.054
2336.141
2756.083
-51702.23
-21435.54
-9009.191
-3412.961
3781.821
10948.79
-8363.472
-1849.673
-2779.641
-2405.141
-669.333
804.1503
1033.036
417.6122
30570.72
14180.28
6855.888
1331.771
18706.03
9027.351
4202.229
575.0962
1493.915
1379.999
1306.56
1648.852
1924.705
481.565
996.7059
696.5705
959.4689
1797.058
1476.513
716.6611
-776.9007
169.5208
13903.82
6964.308
5148.134
8585.298
4165.496
3226.683
2671.175
10424.3
4870.344
6401.618
2084.635
2631.556
2094.613
-5430.145
-6076.009
-1569.405
236.5022
-223.2545
2466.229
2191.78
1779.879
1302.023
3348.414
4369.845
2727.58
3597.012
7747.57
1579.661
3965.79
3158.547
1813.42
2239.44
2048.085
16488.05
8712.352
4660.694
3215.744
2694.37
4638.397
153.0207
-703.5213
-6015.787
-2345.618
-3727.757
80.88669
72.61706
848.4272
914.9128
178.9788
798.2979
870.6982
901.4262
1719.67
2670.772
453.1946
-857.9513
59.41113
-405.7306
423.4196
2400.05
2533.174
121.0464
-388.2234
-17.64805
1529.266
711.9255
1121.134
-283.7891
2479.519
-944.8218
4628.658
3440.859
2735.123
2001.384
2373.373
4494.13
12991.48
4529.006
3245.899
3216.522
4827.251
5406.987
3038.19
1471.257
609.5921
-309.0057
3122.188
1794.923
1331.52
355.0862
4635.665
2493.922
-3362.392
-662.2396
-658.5521
-15.13224
1457.791
-326.5712
5810.671
2904.438
2055.762
-40.16584
670.3311
902.0741
6288.211
-1021.773
937.1763
-29.08541
970.2485
4054.339
-103839.5
-41138.82
-16824.69
-9731.751
-2955.041
-1184.342
-17274.18
-6998.057
-1553.534
-2636.478
2027.785
4399.286
7227.226
3378.309
-1435.869
697.57
-1090.428
684.2528
781.444
2055.631
1843.183
1689.63
876.9444
1182.6
640.5722
-11987.62
-4094.091
17341.6
7561.277
2527.503
1797.197
-1634.735
-377.7495
-2343.583
-483.92
2082.881
3904.305
3672.96
2693.369
1957.608
8304.505
2997.41
3109.259
1588.28
-4696.698
-1897.422
-257.2001
-2036.939
-3358.16
-1607.893
602.4608
-146.8714
-556.2628
1501.265
1021.897
2599.468
70.61189
509.9945
627.5413
-5672.843
-1214.145
3588.346
2617.107
6325.789
4377.958
3025.99
5903.871
212.1503
547.5374
991.1008
1026.448
1849.212
1460.225
7192.16
4406.277
788.2076
-381.5748
76.21734
-2241.182
169.1756
867.7608
1172.798
-1128.591
-208.9438
1675.393
1083.203
85.87373
-1174.706
8583.137
617.4727
3334.762
-215.5276
97.36991
220.3163
3342.25
1254.885
1651.55
-147605.5
-61193.49
-25683.04
-11081.65
-5125.152
-2518.278
1285.663
-71.90508
1587.706
751.2581
-250.6968
236.189
1247.972
206.1197
-118.5939
15.4408
424.6814
340.8116
14296.29
6012.175
2266.031
-3279.327
-1376.513
-167.5417
2804.47
1447.083
1026.05
-2980.98
1407.21
1348.655
157.2956
-1837.558
-2302.709
-361.516
383.4502
240.6295
2411.597
68800.97
28797.67
5107.694
2087.811
148.2282
441.9959
-961.0859
-2228.384
-988.0349
-2015.607
-1571.191
-710.1932
-177.0784
129.1775
3559.038
5119.304
1054.989
2066.086
650.8903
-163.0039
-2554.554
-1045.629
-6355.006
-2248.987
-1058.085
-2048.252
-18231
-5706.22
-3086.369
-619.441
-1763.467
-674.7039
-677.7175
370.67
115.2705
-633.8345
1072.346
-8.16785
-623.8111
-173.2235
1461.889
2425.397
1033.17
1884.758
2749.157
-23710.39
-10523.14
-7422.405
-3542.02
-2288.26
-1015.049
-859.2933
-528.7202
-962.0323
-1267.073
2687.904
647.4528
2165.905
1155.309
-341.1725
223.029
313.8855
673.0761
805.7161
1443.165
650.289
-14920.44
-3040.076
-2662.926
-3513.201
-10066.44
-4346.636
-2363.153
-6396.553
-1355.068
-5538.862
-3655.481
-3379.224
-3971.801
-2630.888
-1002.638
-21220.78
-9063.865
-4139.409
-3252.555
6462.75
1299.589
2459.192
33.33407
-199.078
122.0352
649.5339
998.8572
802.6444
372.8002
997.8965
329.3186
405.7375
11012.23
3768.369
628.2332
-1756.55
-133.7976
246.8592
-618.2209
720.8272
-120.2233
-1103.64
5099.398
819.5501
222.2001
3156.468
2007.141
-5955.989
-6734.958
-2708.026
-955.8253
6002.982
2527.259
-19314.21
-11656.78
7515.482
2286.222
1400.708
32.78414
-189.6662
8092.812
-1204.354
-2051.126
8184.034
902.7979
-345.954
655.1111
4906.603
2647.908
16130.05
6511.776
5253.834
1215.524
2330.237
-1843.388
357.7025
-3155.383
-6079.969
-1804.11
1336.773
435.2123
1382.501
-32844.6
5373.364
9714.304
5083.071
2737.491
817.3872
8338.878
3616.05
-11872.42
-4134.13
-2317.437
-1445.297
-4812.402
-2873.098
-634.3828
-882.414
-1032.977
2311.726
1125.133
594.5085
-235.7577
1262.649
2310.968
-7819.558
-5545.994
-5659.536
-24323.92
-10648.46
-2020.674
-15216.71
1631.895
-169.9716
-72.51745
-1226.094
462.8103
-13489.12
-4750.463
-811.8406
-225529.5
-97728.52
-40516.96
-16866.7
-7192.559
-2097.487
-1016.223
726.0138
2239.28
8594.866
3493.452
-4657.963
-6664.839
-1645.665
-1583.986
1372.157
-2598.082
-2882.299
-1712.743
-347.0195
7787.96
3381.177
3972.42
1602.824
1551.282
-3541.026
-2271.968
-1179.297
-4384.479
-3264.596
10946.12
5006.537
1716.234
1488.3
-7025.195
-2170.379
892.5406
947.7554
1452.437
348.0006
438.5156
511.0901
2482.181
-2045.114
4585.22
-720.8077
179.4408
537.0678
-2451.2
-1695.853
-2527.288
1091.748
-335.3169
199.8091
-1781.258
340.0983
-6639.936
-4820.536
-668019
-281983.2
-122398.8
-51568.41
-20850.43
-12889.08
-5027.04
-1083.09
-2915.729
-1041.243
3660.378
4059.312
3045.932
1027.217
1174.999
7184.366
4417.929
1886.299
2487.02
6329.292
3228.309
2577.725
2270.334
1684.653
2067.263
1707.302
1582.976
1748.326
2426.994
1687.123
66523.68
32974.71
15656.27
-10180.05
-4219.491
-5092.376
9015.443
-6198.065
-1671.365
392.3329
579.3758
1227.126
2746.143
477.8634
231.6538
1242.076
1124.308
202.3018
1637.137
1680.633
1944.639
1224.35
941.6188
-585.7165
2489.815
3039.952
1688.778
1391.405
-5215.744
-613.8254
281.3396
-2845.862
-537.5841
90.19947
-617.797
728.8324
1550.385
1541.015
2017.365
912.1579
-20743.25
-7680.18
-2965.551
-330.5078
-3652.49
-988.9029
2741.364
1939.678
-834.7593
-31.40152
-26.49956
4488.008
5291.748
5247.452
2505.472
3445.502
2872.661
4206.622
-6776.531
641.2615
-2966.738
-401.9654
-4597.324
-1230.22
4094.414
1814.962
2802.347
1967.599
3694.101
2408.748
2449.668
1855.895
1534.389
2268.71
6920.167
3844.919
2841.666
2569.643
-485.3438
1386.096
-3304.011
98.27893
1430.531
1355.551
504.8021
1455.459
2048.869
1666.348
2499711
1046234
441542
186688.2
79911.59
34172.21
15189.38
7606.661
4947.469
-678.6674
3821.479
2137.186
4116.288
4314.786
1770.482
3281.502
2636.886
1247.716
1819.363
1848.31
3695.28
5597.607
3074.641
2997.985
1588.889
4697.839
2912.743
1722.066
27185.37
12630.89
2822.048
2408.055
2362.8
-2151.422
-403.7728
2444.49
371.9774
402.4007
746.001
1816.452
2469.175
3382.023
1064.207
722.1562
3041.998
-375.2201
407.4098
-5475.44
-924.6889
-329.0352
1415.318
953.7602
1359.291
-16678.82
-5764.008
-544.9815
-55686.85
-21794.58
-7747.557
-1952.682
-19972.56
-8470.842
-1710.256
-87.33732
44630.35
19835.79
11745.89
8274.189
3999.341
-1367.006
-794.4864
-560.4357
2713.179
2116.741
-7708.204
-2926.462
581.0232
1173.608
2288.167
1726.581
3426.574
2682.894
20410.31
9031.573
-43980.02
-17567.73
-5264.031
-1355.603
754.7925
3620.818
3025.693
2202.358
6205.651
2007.553
1176.718
-120.8492
240.4155
1170.376
-1249.842
522.6688
4268.854
8800.971
6871.47
6868.635
11567.3
3715.109
1851.08
2502.332
2653.771
2537.608
1709.014
1645.8
660.7166
1596.383
1650.015
950.883
-8.922639
894.255
939.6189
-3504.055
6891.749
3770.744
-1705.658
-1767.336
2401.006
1864.632
357.9408
416.088
-4977.585
-645.4308
-2165.817
-7963.001
-2810.183
-757.334
747.8399
1400.669
1503.454
705.66
1190.808
1735.123
1045.085
-1335.307
744.8586
1922.73
2603.909
2605.039
1278.595
4772.343
2376.147
425.7109
1612.691
1653.207
514.5568
149.0122
1598.939
664.5354
1091.035
-61.05271
6678.811
3933.25
-1690.781
-55.38039
915.0404
1176.472
741.5814
2727.839
1636.195
1319.451
2520.071
-1322.292
128.2668
683.5168
1120.803
332.6729
1133.237
648.5329
1061.522
1609.726
188.7105
384.2925
-226.3921
-259.7858
-46.78415
177.4233
3368.478
-2376.1
-856.2251
-1218.419
666.4876
1333.313
2142.714
3430.061
1883.164
-2914.343
-650.9972
-1807.255
-2863.603
-1220.281
-1000.29
133.7766
8451.12
10691.06
6669.342
966.4071
-641.5714
-253.9467
382.1993
793.8147
1773.358
3381.292
-329.916
-900.32
-486.399
4435.032
2956.733
-122.5424
1248.006
813.9046
2294.338
-638.1306
-1675.781
348.3833
-12242.92
-13683.73
-4248.119
-1327.121
357.3295
-1383.079
602.0645
1979.779
2051.509
1640.669
768.3555
-56.70551
1113.573
-703.5555
-2400.232
-591.6099
-19608.27
-9654.265
-4938.198
41554.13
16533.44
7650.19
2893.736
2739.895
1278.964
539.8697
3929.253
652.5679
1760.666
1242.113
1279.7
3459.465
3071.85
-36631
-18258.81
-7469.949
-1289.719
2618.021
-384.7602
-353.8595
79.1957
705.7071
220.7875
2639.532
2658.126
427.5079
-441.9437
-899.2987
1064.735
-426.9062
-91.16003
-3199.55
-2190.896
-1271.149
81015.82
34013.68
14897.7
7270.811
4166.424
-761.2665
-4260.416
-1681
310.8772
3423.69
3174.704
1236.614
910.4375
4930.529
2809.284
1355.385
798.2233
-226.8844
974.9245
1749.18
1959.419
-3875.71
-3927.838
-7023.773
-8440.614
-3250.572
-1277.748
2464.017
864.2063
-463.6758
-69.29103
2504.833
1252.003
99.02819
1061.314
241.2011
1618.506
1377.156
3798.168
4610.557
3371.478
2730.494
2925.033
1403.539
1782.382
2382.352
1781.284
1509.043
-384.1587
-2768.627
-6455.711
-2224.162
-4411.334
-1987.343
-799.4977
-1659.899
-125.9865
-357.6071
-1536.432
-685.0506
-916.5955
3858.578
2329.136
374.9977
583.5963
932.8144
-232.2783
510.6592
-548.0088
179.8916
1744.421
964.194
-475.4949
834.5951
584.3893
-344.7231
-4782.3
616.5562
3780.573
2140.357
1462.339
524.9717
51.83241
469.5365
-435.4815
-243.9115
2150.486
-73.94324
306.0932
615.6213
518.0527
-602.6552
2568.434
2618.131
2785.191
145.4224
1092.136
1215.341
983.9966
729.6634
45887.61
17287.58
7820.778
8869.296
267.7628
-916.7728
-346.0175
-472.9123
696.0534
524.1319
298.7292
2724.402
10550.14
4968.534
2592.173
2343.562
1147.199
-10628.23
-4031.147
-2619.687
-2297.598
-1135.011
-861.1124
-1755.582
-3008.131
-5055.425
-2608.915
-80.22529
-412.1175
400.8107
1760.082
-5346.814
2603.658
2309.376
-11149.83
-5028.874
-703.0127
3879.735
1299.91
494.5051
-420.3989
-1686.793
211.216
470.2553
-2621.225
-4347.141
-1250.548
2194.851
438.1071
1405.32
-81901.75
-29631.61
-11847.24
-4789.441
-701.6931
-1232.492
1307.892
1310.513
7570.749
3255.642
2123.912
39080.24
17193.17
3242.767
1202.804
1349.983
9883.902
3263.903
2182.925
2639.305
706.1148
460.5844
-1199.897
-286.6627
-1600.468
63.40133
617.8269
618.4672
395.6031
-1716.577
1678.433
1305.455
-1623.856
453.5336
5284.152
-2276.225
226.12
7819.012
3115.564
2031.755
-3003.552
-1024.281
788.0006
2128.767
2006.547
1750.197
-1027.094
-51899.95
-20094.79
-8351.232
-2217.743
775.2677
-6120.413
1204.872
-6408.176
-3338.365
-3076.28
-1141.917
44766.12
19783.82
12335.33
6677.14
6079.467
3145.496
3610.844
-2373.345
-248.6812
2997.76
775.4526
1518.606
-525.4922
197.7802
882.6249
287.7256
12477.91
5780.896
2783.107
3577.786
2463.409
2424.876
8315.871
4800.296
12246.46
5867.178
2518.04
2274.421
-11510.13
-10271.99
-3583.134
92029.53
40425.26
18653.76
8056.031
3876.859
805.294
599.9279
1735.192
1715.953
1967.789
1278.27
1092.944
2659.035
1970.295
-3235.706
-1352.512
-327.2683
3214.245
155.2269
152.4672
2761.976
3022.215
1049.735
1593.817
6567.585
-901.9875
128.6077
1319.284
1097.248
366.3388
204.1355
679.1041
4901.844
841.2493
2182.372
3041.166
3279.243
4965.747
2396.854
455.604
1036.476
1712.001
3870.975
3701.647
9075.686
3683.082
4290.7
5257.788
3202.221
2305.332
4146.988
2453.403
4778.684
2671.201
-2243.176
-75.27564
2882.036
6156.858
5139.787
2905.957
2289.568
2976.518
2926.483
3321.046
2583.433
2511.808
5980.502
4050.265
87699.55
37605.2
16882.22
8068.934
3614.231
887.986
6327.802
-258.8578
-536.7479
1159.064
2526.468
2106.153
5223.334
2515.005
1413.837
771.59
3219.096
3537.34
2820.368
2748.125
3198.378
2009.379
2805.304
3296.994
3678.607
1885.513
2143.015
2326.994
1404.284
1721.739
448.0293
1513.77
2200.726
1073.687
639.8975
1329.05
-2487.389
203.2339
2050.818
3481.703
5689.049
5084.148
500.6183
9494.799
4917.554
3750.058
2491.632
4701.692
-2181.369
-3170.994
324.9769
2155.278
2476.626
-2430.617
-148.6152
320.4606
579.6849
2112.233
2339.038
-3758.403
12784.8
100860.7
43302.39
19220.52
9147.928
4757.896
17171.91
8385.63
5904.007
3128.654
1258.347
1834.671
1937.732
2008.889
2335.319
-1831.761
279.9358
1756.012
1654.995
2499.494
2544.656
2177.027
2542.066
2700.375
-49900.99
-16954.29
-6733.071
-1625.943
1215.99
613.9912
412.5766
1986.588
133.7849
1048.273
-26064.19
-9312.786
-2673.925
-1355.114
-297.974
1494.606
6932.891
5050.606
2159.018
1056.595
-54161.16
-12433.73
-3371.409
-563.5965
9.154313
-29.02953
2436.84
2118.851
5223.176
4426.963
5605.047
3014.135
2458.654
1745.09
2697.019
2470.193
2459.433
1983.637
3376.177
-123.0859
1476.416
1387.044
2957.216
2399.205
1775.178
929.2461
-10135.87
-3745.663
-1003.203
-585.5279
2303.008
1295.65
2529.986
2540.501
2444.95
1731.981
1794.452
-260.5463
792.8497
2215.847
1847.773
2258.075
3751.179
9669.826
3919.134
-12908.08
-2987.426
458.0123
1946.578
-612.3605
-855.6974
66.76276
3812.185
2202.48
3014.678
3927.872
3202.84
2694.991
2566.773
723.7822
1237.422
2391.539
3045.79
2203.415
3403.823
2876.798
2333.122
2760.632
-4881.123
463.7063
1168.291
3497.353
-589.0861
-7465.78
-2771.325
349.4779
287.5029
3707.921
1695.199
1776.794
1869.24
3937.716
-2726.316
-3846.12
1264.593
969.0399
1318.883
2540.986
1693.913
-1461.953
976.5529
1657.627
1483.853
2671.539
-6829.576
-2104.991
-313.0556
1225.645
-2721.385
-333.6978
1172.535
358.666
2019.467
638.6487
1113.751
1241.57
2236.856
2335.436
1473.102
167.1922
215.9287
1395.408
-626.4654
1334.228
522.6842
1826.12
-1996.209
-759.8583
-291.7832
3853.559
1769.788
1488.684
860.029
-51.46424
2174.35
-4904.54
-3464.02
-993.9425
-303.4906
792.0384
594.4613
1286.846
1751.678
2658.576
3303.997
4675.12
2049.36
2720.609
-827.57
483.5816
686.3864
29795.23
13007.02
5488.242
1852.21
1747.019
2197.611
1390.825
1033.611
1210.187
2781.567
-2769.024
203.4537
784.501
227.4989
2338.086
229.6676
1540.957
1591.814
-12239.03
-5974.899
-2780.845
53.89998
4399.816
541.8439
281.3389
427.0076
1055.607
431.776
-844.1992
395.1094
7251.417
21904.02
9260.463
4168.459
2299.145
11203.72
2706.262
-1891.646
-330.9331
243.7888
538.0183
534.7423
134.2766
441.1456
-2127.093
1163.169
1183.657
2560.054
26198.64
11453.25
5687.299
2530.98
2235.858
4524.779
2568.268
1125.449
21777.28
9399.035
5078.659
5863.259
2253.648
2604.161
16491.08
8183.526
2701.654
1287.124
-758.0038
-621.4565
7404.655
3548.438
2552.984
-179.7152
154.8614
-60.4487
-927.0313
-333.5906
-1115.534
-2371.707
-1440.161
437.5698
-279.0963
265.1989
1302.917
568.0325
-1179.03
-23160.57
-8324.362
-5944.727
2292.695
1565.832
-649.2309
-2779.373
17954.7
7445.42
2198.145
-3904.432
-2063.608
620.7971
1049.124
1457.887
196.3936
1879.956
898.0329
934.1714
350.1538
-387.3472
-968.6789
1083.237
7979.302
3179.786
-223.3856
127077.8
52586.34
24459.46
9741.039
994.3532
1443.55
217.6562
-726.8872
558.8919
4812.515
2383.657
1662.275
-2147.891
-1023.446
4781.912
2476.825
1552.674
588.1481
588.1381
11682.98
2583.487
3477.483
624.3124
-2816.779
-1311.245
-15.44096
-92.97805
-427.5354
419.758
680.4567
-3604.477
-1629.345
3481.464
2280.614
1319.656
255.8863
-663.8763
-385.5746
1057.249
3820.833
3434.052
1736.656
-2078.444
3464.831
2864.594
2983.424
1713.059
-241.4511
5380.61
3561.794
2571.878
2162.023
7642.38
5083.963
2536.277
2089.334
1571.502
1728.903
4818.653
2215.526
-916.47
243.9893
493.6505
693.6876
4114.737
3136.196
1381.543
1626.208
1566.819
5449.482
3266.307
1585.594
1195.149
-625.3306
1774.44
5694.918
2764.95
1398.617
1679.921
1898.579
504.1031
624.9241
2872.899
771.4727
2103.092
-83.65771
-4149.768
-77.96569
44972.08
18681.12
8097.894
4405.731
2911.453
1808.729
4729.586
2128.611
5175.109
3605.407
202.9339
-1817.837
-647.1801
1091.13
-4248.817
-1396.96
-1489.334
-387.0579
382.8503
1220.244
2477.957
3888.637
3074.73
1164.36
1168.205
1515.632
142.9007
158.4455
-18296.8
-7804.252
-4621.358
-3004.762
737.2859
594.698
2206.873
2896.411
2229.35
4387.384
1767.222
2588.978
4788.025
2788.034
-2445.15
-584.0061
1441.318
1172.382
16.30966
2290.068
2981.635
2197.034
783.1858
463.7673
2297.992
1734.433
-4338.375
-368.8562
-5466.315
-1510.561
778.8332
-317.8763
535.6556
-568.4442
1307.304
1254.293
7338.779
4494.961
5729.665
5393.7
3566.421
750.7628
-617.5258
-3701.968
-134.7004
-2650.907
-180.6554
-1964.535
377.256
6196.003
2054.668
-820.4913
1033.601
778.5713
-1924.515
639.475
285.5997
2126.76
2483.757
6128.184
1675.415
4402.69
12810.82
17924.91
5159.718
3428.569
856.8925
2513.699
2433.495
2882.484
4686.809
3172.063
1827.929
2509.168
2113.502
2434.709
1718.715
6678.784
4545.605
2361.365
2848.593
1255.294
2135.274
1663.141
2215.125
2209.99
3171.582
1861.409
2029.885
2096.935
2545.533
-2761.342
167.7756
-3102.644
-2017.007
1022.78
2256.416
2720.048
3112.549
3155.227
-14061.94
-3748.71
692.6378
2297.181
1556.064
1087.605
2363.867
3000.198
1942.692
-280.3837
659.3151
-571.1058
269.994
4400.644
3032.112
4087.677
2281.831
1635.939
2394.066
3387.563
2849.711
3932.23
2818.548
2396.955
2627.61
2015.768
3628.266
2567.067
-2397.246
414.0607
2651.65
2733.337
2544.248
5867.53
6111.032
5164.729
3804.768
8183.608
4389.664
12885.12
6904.526
5767.973
4055.814
-1841.505
2188.723
938.3414
1459.904
1466.675
2427.348
2560.497
4481.084
3987.988
2843.2
166.2463
157.9575
2278.081
1546.596
5788.982
4332.105
3543.843
4365.656
1582.356
1186.181
-3296.141
-573.4995
1538.496
2927.844
2450.892
2605.564
4119.188
4382.771
-178.5498
1365.131
956.4738
1482.598
-1944.773
281.5641
2003.2
903.5505
982.0689
842.9821
68423.41
30152.9
13002.39
5762.302
2164.227
3175.534
-979.245
-898.2946
2743.904
4595.175
-8514.114
17939.42
4099.264
2813.205
4055.403
3125.938
8748.62
7691.679
-37126.13
-13843.71
-591.2572
1505.763
2954.447
7929.791
5468.038
2172.134
3346.736
3662.418
57361.94
25913.14
11813.13
2717.742
4827.706
15185.1
10409.28
3766.803
11695.41
6332.005
3545.496
3559.724
2393.15
1508.491
1890.999
2098.883
2573.067
2933.884
2910.799
-1112.351
1777.904
3672.178
-2783.22
-12856.5
-4213.257
-2044.17
5142.376
4499.184
1524.236
-1435.252
519.7953
58.58167
-9006.898
-2292.771
-879.9277
-823.3764
3196.672
3028.571
7290.371
6043.953
9194.739
4224.425
3131.135
2358.344
1921.132
207684.6
88356.15
38629.46
18295.99
-1778.58
-58.4054
1466.522
3326.815
2855.321
-378397.2
-157522.2
-63840.51
-24815.51
-9027.954
-3409.911
458.3495
2450.097
631.0109
1786.953
1806.95
2128.494
1299.373
2855.563
4010.943
2820.346
19831.18
9858.117
9669.871
3748.083
-2432.882
1238.799
2819.43
3366.138
4147.468
-754.3726
509.8877
5801.957
3858.562
2908.521
1292.006
4849.425
5307.589
4239.442
2509.149
1967.551
1612.751
2661.496
-3935.758
90.55333
2669.267
-59334.36
-25161.53
-8348.423
439.5379
2489.465
1972.932
362.8957
2291.419
2899.903
2806.986
1283.722
1404.3
-687.5547
1517.589
2120.247
1625.94
2535.841
2531.281
15393.66
9927.685
4267.89
4272.689
-883.8404
-511.728
857.2754
3822.099
20035.89
9300.408
4441.226
3136.241
1471.001
-487.1376
-1561.837
1650.163
3345.53
568.9656
-9.234656
832.4424
551.2538
580.9739
2495.599
3894.503
2027.36
6146.551
3022.694
1905.88
1241.162
118.739
140.9199
1627.016
1237.813
-276.5198
627516.4
274426.5
114558.4
50378.05
23187.58
10879.77
4850.834
3838.507
8914.525
-9060.035
-19843.71
-4548.441
-1295.278
737.4779
520.8293
-7828.722
-700.0896
1311.057
1421.58
872.3802
-1303.324
9586.76
-75773.04
-30811.32
-10760.67
875.04
3017.84
1571.834
1157.618
1359.805
4857.767
3054.429
2694.001
379.573
1266.38
2583.067
1901.572
-1276.523
2020.502
-4339.239
-3161.824
319.5313
658.7139
202.9816
32203.27
13867.93
5987.513
4436.537
6390.535
2683.348
2550.349
1741.352
9168.105
4432.982
762.6996
-1934.304
1897.98
1917.597
3326.756
-127.9033
229.2425
648.2517
498.6087
-2941.814
8440.961
4330.553
2304.297
1228.008
2576.724
1826.708
3273.745
947.54
194.9569
9253.378
5149.124
2021.492
1991.67
1305.828
16729.74
-33514.35
-13410.05
-3320.4
3946.299
3972.658
-12993.18
-6009.238
-1089.834
-23015.45
-9245.642
-4159.95
-1161.261
1380.667
1107.045
18104.18
7992.259
7498.289
4251.411
3294.682
2592.891
-1805.603
496.9759
791.7198
-6942.913
-3854.802
-1242.819
835.0032
1184.264
1092.195
1602.35
1139.77
1161.284
523.149
2925.994
-532.4414
3068.154
1163.799
17157.05
5080.193
2096.894
3087.762
2517.141
3172.762
-6451.083
-2133.77
4291.297
646.5445
808.4483
-128.3586
-477.5288
-27.28696
273.5468
979.939
571.0994
-11886.97
-3833.305
-1278.674
-432.2136
338.1533
212.0944
-154.8174
-361.5699
2811.384
1321.41
2681.435
2611.758
2347.628
1504.177
15163.9
5267.087
3353.844
1801.191
230.6376
-381.2793
-1014.868
545.3875
2241.16
818.6569
2125.358
2122.708
8008.141
3884.938
1670.268
152.8279
2000.294
1154.309
2267.037
7573.303
4244.101
1701.745
1334.966
3479.302
2510.862
-398.9784
593.8175
212.6791
1254.426
-545.9007
1760.784
-2844.944
-1208.479
694.7796
183.4002
2166.305
-40.7891
-7315.453
-2545.683
-26715.31
-6194.045
388.6359
942.8578
366.9234
1478.667
-166.0415
3271.853
2160.899
2865.974
2701.494
3574.473
1391.246
2200.653
615.6672
1007.216
-48146.3
-19396.19
31347.68
14176.96
3507.642
765.718
2974.958
-712.5172
231.5049
50263.65
23710.43
11279.87
4024.244
2715.759
2328.065
1888.052
3614.608
5604.925
4880.246
2933.738
906.8144
1084.63
-919.0771
10634.76
3542.531
2973.015
3022.425
2269.243
-19553.7
-7885.933
-1250.858
752.2361
3649.32
2682.442
853.1088
4904.836
3438.702
35344.43
14628.91
7147.287
-9544.637
-3150.639
-28.05499
3808.479
3305.275
-11698.07
-4031.238
805.6808
1855.602
1352.666
1687.092
2612.214
844.7674
178.9767
466.2883
1068.151
-3521.529
1804.44
2424.356
7706.476
2417.734
2381.484
7145.207
3696.577
3589.518
19836.84
9399.666
2660.153
2282.713
2236.614
5640.144
3651.266
2384.856
-50793.26
-22750.17
-8337.314
-2382.541
3755.241
2747.403
2266.101
2353.851
1799.461
7916.402
3760.706
175555.1
85160.85
37178.08
