404.2259
-4918.701
-1029.005
-198.5096
770.4256
219.5146
593.1539
374.946
989.4681
324.5641
670.7308
856.4846
397.5445
464.6085
420.0272
375.471
247.7313
687.652
-1005.277
-6424.522
-1306.289
6128.961
1193.679
6934.536
1559.714
980.4392
-2224.278
-33.79154
626.7609
1376.985
813.3912
483.1594
447.5054
230.1524
533.6133
510.7625
-323.8769
91.30206
619.2504
728.8755
1015.203
946.7545
557.7004
-1988.454
-3948.758
-525.1926
297.3479
569.6142
1499.416
625.4141
950.5682
862.1344
147.8249
646.2612
1440.229
1089.275
699.2047
560.6054
344.2748
1717.127
1312.872
810.5432
763.9668
21.89206
214.9084
364.5058
543.5302
800.2695
1095.88
265.1057
432.5754
485.1133
417.6434
1837.616
727.7305
-37.82184
782.4988
786.4128
638.6267
359.6053
634.8235
791.0461
831.3872
1073.791
884.0097
857.0906
1457.799
917.1436
825.3136
630.2294
668.5652
709.6722
506.3645
567.2758
659.8726
297.0212
512.7341
874.4773
684.0779
474.8309
681.7293
277.5293
457.3733
632.5736
883.8274
7055.893
2210.579
1021.029
457.3003
586.4159
453.5115
581.4107
727.7034
110.648
432.8698
228.9202
228.4864
825.9795
666.2953
-2754.519
-378.2345
333.3729
218.8263
569.015
478.6579
359.3324
393.5578
719.554
1756.722
722.0631
1699.354
1902.411
2390.308
-680.1291
166.4557
341.5503
1884.067
287.2237
296.3569
539.4199
-3381.669
-718.0877
-3059.074
-530.4762
-251.2351
3642.713
1054.365
474.2784
72.25752
152.8329
329.4404
860.1588
675.3685
369.2736
18.5117
338.6895
1266.851
563.2796
1190.121
1016.652
231.7336
-1624.93
-947.7378
-28.34173
-1518.656
-2112.666
-823.3872
-91.51349
63.76122
44.88453
-177.2295
-153.2386
-169.5231
-22.04117
290.2129
171.0095
169.4967
-0.5578828
141.6556
-62.6412
-108.818
-232.6821
-34.34692
-493.3593
-16.61256
-518.3203
-167.3421
-928.7596
609.5493
-456.1613
24.48707
129.3037
4.606639
58.274
-214.2937
-68.06194
-167.3985
-245.8757
-214.2392
-562.5215
-180.4027
-133.4021
-822.8242
-185.069
-486.6869
-450.6828
686.1545
-497.4166
-215.4748
-269.4534
-275.7743
-526.8994
-575.8509
-644.3766
-500.4477
-26.18824
-264.155
-180.9737
-727.9357
-590.3448
-335.7351
-380.6523
-704.4701
-1112.767
-852.2176
-7301.537
-2276.899
-861.1936
-702.5289
-335.8478
-551.0508
-672.3412
56.60862
-327.2787
-181.8691
-19937.02
-4214.657
-1708.486
-715.6461
-298.4155
-419.994
-949.2527
-669.2478
-756.0149
-752.5375
-1431.977
-1212.038
-1398.473
165.0122
-537.5268
-791.8281
-916.6915
-466.0746
737.2754
-585.2106
-983.0024
-877.0403
-1130.508
854.5438
-602.2538
-1078.959
-872.1768
-2133.457
-1323.558
-907.2758
-1207.853
-603.0419
-460.1211
-903.0255
-934.0209
-953.0224
-588.7706
-745.3383
-887.6018
-767.468
-423.8069
-655.4724
-831.7351
-727.5872
-804.8718
-983.375
-1191.785
-1877.691
-1312.642
-1326.665
-1981.333
-328.4789
-692.9055
-318.7485
-732.8529
182.9374
-1033.676
-936.2156
-707.9218
-1119.123
-3191.35
-1618.095
-933.8696
-1152.219
-1096.494
-1170.201
-981.7038
-1015.162
-918.0064
-1301.319
-2704.683
-1236.533
-1103.798
-929.5756
-1084.257
-1604.836
-765.3906
-1678.763
-1056.553
-856.1355
-1066.394
-1144.119
-945.9282
-668.9968
-851.3565
-1000.677
-696.4639
-1004.256
-1051.773
-1491.33
-1218.282
-782.5617
-1028.048
-557.9428
-510.5587
-894.9928
-877.5483
-1084.191
-1546.862
1731.83
-343.0178
-729.634
-479.959
-4737.237
-2044.03
-1245.9
-1054.038
-1545.409
-1154.101
-1599.74
-701.4692
9565.439
8474.594
1489.906
-618.0587
-3146.201
21945.58
4171.502
3442.35
9.650089
-912.8737
-565.7481
-962.0591
-970.787
-679.5091
-557.7821
26.11888
-931.522
-1052.926
-1084.545
-979.3298
-1096.151
-867.5725
-885.7196
-988.7401
-470.4339
-976.3645
740.7911
-855.9478
-1072.165
-1153.25
-1257.154
-721.4375
-614.1248
-868.2382
-1205.38
-1562.932
-1025.691
-953.8701
-67.75281
-694.2348
-869.1464
-965.4948
1445.53
-866.7058
-1821.454
-752.1855
-871.9
-4852.468
-1144.555
-1812.892
-2482.146
-1114.825
-844.9166
-749.2165
-865.0752
-642.0235
-389.5281
-1934.701
-1341.456
-1309.998
-989.0328
-666.1874
-1280.66
-1272.815
-1092.526
-1226.008
-893.9146
-759.695
-883.218
-1995.792
-2530.106
-1059.557
-39852.44
-10082
-3449.909
126.7711
1162.088
-642.2146
-612.8294
-1327.928
-307.0168
-366.8946
-566.0022
-1249.221
-1162.994
-261.6029
-247.0951
-627.4541
-934.8776
-697.7051
-683.5405
-987.2631
-848.475
-620.3558
-1328.721
-728.992
-721.6767
170.0249
1157.893
-185.2354
-314.6811
-39.72468
93.7976
660.1582
-303.7735
462.1572
13.51334
-400.8241
-508.0768
-517.9648
-295.1828
-308.1128
476.7135
-363.4366
-763.6796
39.62649
-400.1354
131.3109
-390.6132
-41.89988
-1670.844
-725.413
-2092.403
-467.1081
-85.76862
269.0336
170.4445
187.847
-239.3671
-297.0889
-1365.486
-42.05812
-82.91332
-699.0865
-495.4437
-569.689
-313.6299
-1881.381
-397.8575
-188.2718
-379.8347
13.95335
-398.8698
-160.5062
-106.0571
-239.1915
7.195691
-456.6271
-82.14857
-397.7836
367.1554
921.881
223.1919
99.8349
116.5107
-32.11265
317.1356
-75.65753
-582.7103
184.4522
267.0478
-74.41868
-44.4144
-8.785334
102.7561
309.4967
-4380.927
-922.8189
-206.2474
33.64179
-756.4568
-644.4789
863.2462
230.9029
-91.39913
39.17427
-150.1861
439.3469
3.35608
-32069.64
-8216.944
-2069.88
-736.015
19.08743
-147.4966
143.8753
-2456.081
-593.7745
-531.5544
-266.9852
42.87696
5.869775
6.787042
-49.387
776.7715
292.5744
204.086
-95.21268
297.0666
27.94461
63.26483
133.9042
235.9887
1048.805
422.6595
561.2814
318.4381
634.7017
745.3842
334.801
90.2294
140.4671
275.9586
-92.97623
28.01813
-159.6957
179.4465
207.3499
699.0352
516.2096
-54.79002
-206.5177
76.80283
-457.8549
-1313.393
-417.3105
282.3757
472.8332
-25084.59
-5424.643
-1000.465
-91.38763
-226.5891
-171.8032
-2146.99
-502.4758
94.21359
-42.33613
-416.783
218.3551
-975.65
-475.3453
129.87
3694.296
1066.617
-2110.402
-436.4212
-466.873
-234.8683
-22.85332
29.59394
-152.4435
101.0602
-258.6929
-370.8531
27949.71
6452.328
1091.828
-534.0256
-658.8703
16.34034
544.7264
-1120.819
-378.7494
-569.3503
-179.2179
-25.23919
2037.788
581.0096
-83.46437
-226.64
142.7884
791.2822
168.7026
-170.4793
-181.5392
-176.7958
95.31182
413.6328
-1704.73
-481.9502
-39.9873
346.9116
902.7988
-473.7798
39.7578
240.5302
74.97948
-275.4441
-65.59033
60.21149
-142.3526
-224.7932
-132.0895
-103.3742
29370.53
7035.145
1549.805
-330.8003
-229.1986
-695.1659
-628.2289
-169.8296
-156.1097
111.1283
-375.2791
-193.1767
-386.8945
-1187.265
-493.9189
-380.224
-235.9328
-312.3837
210.5729
191.9287
148.644
-305.2785
-802.499
-498.3061
-499.0034
-411.4751
147.645
-331.5169
-454.1631
-4551.734
-1514.203
-3264.87
-1077.602
-735.6003
-467.8041
-277.0202
-601.5252
-771.7745
-706.972
-600.4457
-1115.37
-635.4214
-371.8807
-398.0343
-674.7651
-663.9976
-1209.951
-2161.434
-1047.665
-1578.921
-708.2382
-509.1622
-896.329
11.79292
-428.6047
-430.6234
1044.658
68.49435
-1358.069
-1058.737
-996.4178
-687.806
-1004.177
-918.4908
-620.309
-590.7487
-983.209
254.0555
403.2818
-474.9295
-802.2595
-282.751
367.6896
-698.7985
-1355.167
-769.485
-973.6546
-1110.295
-176.4228
6116.844
1311.116
-182.2521
-2674.094
-1616.582
-337.4482
-761.7757
-1678.744
-131.7659
-614.6137
-1255.78
-253.6995
-861.2546
-16115.75
-4280.419
-1713.39
-1098.196
-1113.186
-945.575
-2841.028
-1598.478
-1327.802
-947.8137
-1068.737
-1263.885
-1140.396
-1155.46
147.0308
-557.4404
-699.1607
-1230.817
-363.3188
-1244.149
-1808.358
-1364.737
-665.2739
-1378.93
-1540.898
-1446.314
-948.9189
1594.094
-741.3412
-496.3216
-3225.948
-2938.124
-950.6287
-1180.654
-1321.118
-730.7796
-1341.086
-1418.041
-1335.128
-1331.797
-1402.928
-1304.517
-1276.377
-1359.211
-1390.373
-1238.521
-1330.423
-1295.606
-1304.642
-1367.658
-1722.178
-385.3698
-1369.963
-1055.815
-1418.883
-1510.175
-1586.999
-1676.316
-2162.717
-1684.767
-1159.787
-1295.037
-1098.793
-1408.286
-1378.33
-302.7277
-428.8055
3078.272
-509.9413
-1355.338
706.4372
-1388.5
-870.6024
-1553.096
-797.1691
-1672.711
-1601.875
-1609.433
-1351.252
-50243.68
-13170.2
-4596.559
-2283.085
-1850.529
-1689.208
-1581.889
-1659.053
-1754.267
-1161.051
-1339.451
-1568.969
-1475.932
-598.8094
-1207.039
-1592.2
-1770.07
-1350.196
-2210.148
-1464.503
-2487.087
-2967.761
-2113.831
-1802.91
-645.4284
-4177.688
-2187.506
-2037.803
-1703.188
5071.687
-64.44733
-1380.316
-1540.143
-1726.774
-1595.223
-1357.472
-2603.563
-1566.051
-1825.161
-1864.209
-1423.966
-1726.779
-1231.466
-4294.183
-2448.988
4713.323
-111.5728
-1738.905
-1686.32
-1281.277
-600.8769
-1471.3
-1377.456
-1617.579
-1307.455
-2581.94
-1969.496
-1648.575
-428.8045
-1677.839
-1686.15
-1723.243
-1869.329
-1937.662
-1489.505
-1726.405
-2061.816
-1662.402
-1595.828
-1621.257
-1443.763
-1507.622
-1525.313
-2403.116
-1483.301
-1439.927
-974.3891
-1111.174
-1503.233
-2626.891
-1810.568
-4440.456
-2294.834
-1660.23
-1393.612
-1642
-1752.34
-1214.157
-1377.135
-859.9948
-1321.777
-1345.403
-1251.833
-1285.794
-1335.788
-2347.803
-1031.577
-1234.075
-767.0237
-1117.509
-1347.399
-1191.111
-1490.596
2198.548
-507.0015
-1262.979
-2100.571
-2411.061
-2353.634
-2145.319
-1671.608
-1365.283
-1620.288
-27209.02
-7229.812
-2429.293
-1588.648
-1304.419
-1378.158
-1326.357
-1503.761
-1002.811
4167.047
-80.34447
-860.6061
-1345.27
-439.9205
-1342.955
-2693.928
-1702.545
-1668.818
-1057.761
-1334.067
-1105.659
-1434.599
-1245.118
-2741.949
-1467.732
-1226.466
-1501.713
-1132.909
-1398.295
-1065.84
-1201.942
-1830.69
-1243.287
-1232.678
-764.7113
-392.8317
-922.6587
-1441.273
-1905.592
-1034.363
-863.7274
-860.6323
-1022.364
-710.8468
-1056.091
2918.281
-120.8045
-543.2399
-852.4914
-837.595
-761.2994
-1014.636
-1081.038
-1226.284
-1934.825
-1230.422
-920.1073
-851.2929
390.4539
-1303.403
-1222.287
1264.558
-178.7052
-764.0238
-848.1101
-802.5044
-637.1672
-899.4745
-1358.398
-871.0928
-421.5596
-227.6394
-1059.188
-12501.46
-3728.66
-1255.683
-843.9202
-367.3962
-1196.346
-1918.322
-240.1995
-383.0885
-628.7147
-1205.853
977.0703
-374.613
-1134.886
-605.3778
231.3937
-326.9184
-384.6964
-2175.34
-2268.187
-2079.403
-996.9621
222.5862
-353.027
677.6948
-3461.691
-1111.941
-873.1156
-877.0431
-728.8537
-4460.302
-1782.727
-1016.817
-389.2597
-911.3573
-574.9912
-656.1989
-1057.475
-629.414
-932.7224
-4265.918
-1379.767
-2810.715
-519.2848
-592.1102
-243.5013
-544.4624
-299.2321
-441.7877
20788.94
4423.805
680.8071
-151.596
-595.6022
-649.8713
-809.4158
-669.8753
-770.9927
-466.8673
-834.9529
-538.227
69.68211
-357.9231
34.19502
-378.9588
-2929.681
-991.6291
-625.2637
-721.8307
-422.9664
51.21757
-121.2974
84.05579
-1576.71
-567.7378
-355.9098
-456.0408
-252.0817
-257.6253
-372.2543
-220.9314
2550.039
242.0364
-536.5126
22696.62
5006.986
773575.5
184089.9
43237.47
9903.587
2008.867
319.9378
8.723271
-479.6143
-556.9545
-1145.708
-613.5858
-5719.701
-1816.975
-545.8098
-429.6799
-1059.446
1236.333
32.60363
-195.723
-267.6728
-261.5415
150.9963
-587.8501
-257.4068
364.7417
-410.5434
-420.3502
-382.7367
-551.2505
-458.0476
-654.6675
-628.071
-391.2301
-1719.315
-834.6214
-31.97841
31.43128
-504.9931
-999.4143
-668.1089
-521.7237
-1356.607
-611.358
-426.1628
1018.598
-2.359284
-614.2822
-759.5808
-837.3148
-3390.171
-1304.95
-93.25559
-1084.722
-1634.007
-1001.1
-731.9422
-654.8383
-3170.26
-1964.363
-1732.868
-1045.698
-717.0538
-921.4133
917.346
-460.7762
-606.6475
1098.617
-314.4852
-898.6025
-880.2603
-863.3132
-841.9488
-961.7312
-742.6138
-1014.574
-597.2605
-1106.053
-875.9808
-1214.668
-1072.22
-958.0041
-1242.261
120.3822
-497.9107
-1130.95
-815.4663
-1531.185
-361.7525
-664.4525
-822.2457
-856.4926
-368.4171
-842.9607
-1052.64
-904.8466
15.01219
9336.69
1430.746
-332.0296
-1062.973
-1223.297
-1229.527
-1687.308
-1278.493
-810.5372
-864.6918
-899.6381
-734.0173
-1193.687
-660.7025
3095.156
303.127
-761.228
-740.1383
-146.7598
-592.0452
-1954.149
-1921.898
-1374.171
-1635.66
-990.5085
-1080.439
-1192.728
-1138.626
-1351.991
-1472.527
2943.415
-271.2604
-8465.146
-3007.113
-7097.87
-2723.499
-1526.38
-656.6726
-1699.369
-1796.283
-1207.408
-1172.549
-583.0997
-1286.582
-1263.155
-892.458
-1215.31
-1147.277
-1287.631
-1649.977
-893.5912
-1344.67
-1395.319
-1583.733
-1077.925
-1258.536
-1894.998
-2141.405
-1778.85
-3332.758
-1950.19
-1815.352
-1502.127
-1547.468
-13596.22
-4159.382
-2841.943
-1608.359
-2124.426
-1767.797
-1903.084
-1173.717
-1592.037
565.5848
-1090.973
-1524.623
-1701.864
-1638.528
-1761.781
-1520.657
-1622.037
-1564.858
-1616.025
-1791.849
-1900.83
-1615.184
-1703.999
-1826.477
-2141.279
-2124.28
-2095.036
-1956.652
-3462.966
-2953.801
-2111.044
-1996.245
-1943.962
-3376.951
-934.385
-1673.098
-1823.284
-1703.772
24775.6
4408.194
-505.98
-1369.783
-1528.108
-1339.142
-1714.233
-3499.083
-2218.693
-2909.297
-2215.315
-2026.324
-2024.848
-1777.253
-2517.963
-2071.139
-2301.693
-2085.653
-2601.782
-3228.893
-2390.984
-2398.589
-2293.924
-2427.691
-2167.977
-2236.217
-1986.976
-792.7048
-1925.05
-467.8694
-1690.717
-2114.554
-2226.815
-2248.752
-1990.767
-1750.548
-1839.999
-2359.148
-2024.912
-2316.774
-2170.113
-2798.134
-2761.16
-420.6289
-2035.034
12028.33
1257.932
-1038.241
-1931.549
-1468.531
-1221.65
-2065.356
-2932.007
-1424.471
-2783.823
-2951.725
-3880.087
-2609.566
-2354.869
-2160.045
-2076.349
681.9289
-1548.913
-2635.556
-2204.43
-2171.246
2425.325
-1031.363
-2282.742
-2120.024
-683.6568
-2005.721
-4365.125
-3141.958
-2321.364
952.9759
-1540.559
-2021.408
-1997.736
-2244.154
-2413.508
-2077.548
-2207.051
-1986.556
-2103.868
-1791.379
-2177.676
155.6767
-1762.908
-1982.42
-4074.656
-3136.125
-1209.972
-1966.598
-2158.44
-3935.321
-3280.707
-2285.918
-2339.841
-49.5951
-1260.289
-1937.797
-2088.271
-2196.974
-2146.651
-2139.844
-2464.106
-2194.084
-2356.25
-2048.247
-2307.072
-21389.08
-6630.618
-2726.743
-1547.153
-435.581
-1659.664
-1888.603
-1710.177
-1696.126
-1689.635
-2064.072
-1902.688
39.91208
-1531.25
-1432.165
-2909.314
-3902.583
-6337.648
-1657.434
-1905.817
-1904.897
-2249.417
-3540.679
-1722.047
-2158.847
-1202.835
-1741.057
-2152.324
-562.5432
-1645.136
-2118.05
-1962.444
-2106.691
-1778.954
-4241.724
-3677.117
-705.4291
-1542.638
-1813.885
-1976.463
-1831.466
-1928.629
-1720.541
-1809.249
-2006.887
-2072.565
-2211.31
-1945.723
-1997.088
-3162.344
-2139.707
-1931
-3434.202
-1879.327
-2390.214
-2925.772
-2347.413
-3947.663
-2279.829
-1914.698
-3253.439
-2043.79
-1904.566
-1640.545
-1684.707
-1761.54
-1895.013
-2026.077
-1640.273
-1549.681
-2031.125
-2132.787
-2315.03
-1255.591
-1603.754
-1433.366
-1399.286
-1618.843
-2781.078
-1895.606
-1121.11
-1473.223
-1547.869
-1806.984
-5127.002
-2498.767
-2060.58
-1535.05
-1490.477
-1673.7
-1216.519
-3437.707
-2015.743
-1464.5
-1501.724
-1403.671
-1556.629
-1718.985
-1759.482
-1104.735
-2416.785
-1723.076
-1040.49
-430.5129
-1607.867
-1451.329
-1388.656
-1332.296
-2452.101
-1596.563
-1617.993
-1617.851
-1778.038
-1389.616
-933.9628
1522.641
-1010.007
-293.739
-933.6485
-949.0471
-1319.432
-1059.303
-997.2821
-1148.357
-1121.493
-1182.822
-938.0768
-908.0542
524.5603
-1091.821
-1207.428
-10204.54
-3415.58
-1611.162
-883.8618
-1280.447
-1403.777
-38022.69
-12418.89
-3995.025
-2172.474
-1511.529
-1138.986
-1140.281
-923.9566
-1316.714
-1173.178
-1525.829
-1459.118
-1125.663
-1275.486
-541.55
-872.9606
-1046.612
-971.2159
-1787.674
-1217.507
-1133.521
-1249.903
-916.1143
-832.6547
-1854.733
-1269.439
-915.6085
-763.7982
-1276.661
-1284.107
-903.2984
-1036.703
-952.5906
4823.762
-341.6573
-951.6587
-1256.644
-1252.467
-1269.904
-6.907807
-328.9695
-725.1199
-557.4453
-990.3642
-1631.834
-1243.941
-1352.373
68257.7
15482.52
-8200.883
-2307.708
-1719.764
-1378.043
-1186.72
-613.9942
7700.069
797.17
-904.611
-991.6745
-1339.606
-1209.145
-518.463
-2238.715
-4064.185
-3768.575
-2067.795
-1111.421
-935.2396
-1192.703
-1151.552
-1757.666
-1332.562
-1138.065
-855.0273
-1041.744
-1267.054
-995.7059
-2105.612
-1375.588
-1322.074
-617.8343
-2151.133
-999.4016
-871.2569
-1002.638
-102.3722
-425.5841
-667.3564
-439.5029
-1052.027
-1023.676
-1639.25
-1139.63
-1157.014
-1199.864
-1005.408
-998.6314
-87.86946
-833.7016
-1117.834
-615.8757
-1794.076
-1408.226
1749.845
821.3113
24678.48
5311.971
-3251.211
-1790.248
53.40805
-1233.89
-3490.047
-2643.556
-1850.069
-909.8848
-1240.318
-767.9001
-1153.364
-1652.115
-2029.758
-852.4979
-1058.357
-1276.12
-1580.161
-1231.104
-2043.244
-2190.708
-4592.565
-5951.258
-3159.586
-2344.968
-1604.074
-1405.235
-1104.468
-1432.732
-1191.623
-1718.203
-1445.488
-1457.078
-1379.852
-1329.672
-1816.438
-1154.721
-1200.547
-3066.069
-1794.112
-726.8844
216.5139
-1353.913
-1679.255
-853.9589
-1331.442
-1729.192
-1642.406
-1717.028
-1706.194
-2254.663
-1386.417
-1648.388
-1059.248
-1608.613
-1374.627
32815.33
6448.689
-120.1904
-1249.308
-1821.185
-1135.578
-1555.861
-1340.885
-1146.828
-1648.04
-1219.259
-2324.619
-3307.359
-1660.702
-1765.355
-1694.647
-1812.403
-1560.677
-1902.195
-1376.628
-1982.44
-2727.029
-1998.114
-1723.965
-2701.155
-1952
-1794.773
-2362.324
-1807.846
-1419.912
-1810.528
-1913.086
-3763.489
-2185.481
-1707.099
-1402.545
-688.6764
-2373.775
-2061.603
-1857.059
-1746.22
-1879.203
-1562.714
-1685.337
-1882.21
-2103.736
-2005.682
-2063.946
-1623.65
-2073.255
-2201.933
-2158.712
-2701.514
-1491.917
-2172.698
-1960.681
-2325.841
-2242.778
-2298.039
-2216.478
-2085.302
-4994.222
-2802.019
-3307.186
-2682.273
-2681.556
-3138.959
-2369.9
-3200.574
575.022
-1666.608
-2071.232
-2632.539
-2232.688
-2168.419
-1470.053
-2379.222
-1104.955
-1618.528
-2232.715
-1988.54
-2449.741
-2513.689
-2383.989
-2754.978
-2719.601
-2697.488
-2071.315
-1922.05
-2674.02
-2573.315
-2541.603
-2176.327
-2548.965
-2588.017
-2136.267
-3135.42
-2431.38
-2483.389
-2047.282
-5489.164
-3374.246
-2748.447
-2889.299
-2488.369
-2467.86
-2337.929
-2578.497
-2481.658
-2345.113
-4412.034
2115.284
-2469.489
-3366.795
-2932.064
-2602.359
-3181.889
-2878.873
-2964.606
-2715.725
-2470.841
-2818.702
-2328.153
-2658.444
-2795.678
-80502.42
-21221.65
-7272.465
-3862.831
-2987.545
-1498.787
-2490.031
-1379.909
-2262.657
-2530.086
-2996.546
-2778.777
-1814.825
-2667.138
-2860.937
-2290.186
-2555.506
-2765.035
-3387.963
4388.322
-607.4194
-2343.322
-2590.045
-2773.091
-2023.822
-2725.673
-2769.926
-2528.42
-2274.793
-2540.486
-684.9328
-1872.098
-2243.404
-2899.517
-2839.562
-2320.975
-763.9509
853.3714
-773.5676
-2398.629
-2722.03
-2155.897
-290.2118
-2235.854
-2736.169
-2408.481
-2722.395
-2772.561
-2751.381
-2991.276
-3133.449
-2431.331
-3063.277
-2890.562
-2707.433
59832.3
12067.13
1295.403
-3391.793
-2793.053
-1145.367
-1930.537
-2186.856
-2475.746
-3471.683
-3760.253
-2929.337
-4711.334
-4963.973
-3433.645
-2717.427
-2536.264
-2319.005
11858.06
-498.3978
-2280.219
-2691.638
-2659.333
-2791.986
-2767.23
-1915.589
-2759.555
-2461.744
-2668.763
-26232.26
-9075.409
-3995.416
-2448.936
-2498.826
-2605.787
-2780.628
-2675.203
-2802.419
-2658.347
-2410.378
-2389.355
-2597.136
-2714.885
-32.99741
-2033.488
-2441.618
-2713.505
-2541.316
3288.895
-2420.249
-2692.883
-2672.236
-2656.345
-2721.838
-2423.648
-2946.823
-2593.85
-2771.101
-2657.285
-2978.343
-2889.744
-2668.48
-2584.053
-3807.943
-1819.019
-2659.605
-3423.696
-1953.65
-2400.438
-7367.102
-2679.244
-2404.212
1533.485
-1385.418
-2131.943
-2286.269
-2381.713
-2817.951
-2706.29
-2670.722
-1434.375
-2082.337
-2513.906
-1904.916
-2237.581
-1892.816
-2226.711
-1778.74
-1809.357
-2690.911
-2347.825
-2464.878
-3522.13
-2794.998
-2375.295
-2497.628
-2496.139
-2517.275
-2346.324
-2250.385
-2323.684
-2386.524
-2268.733
-2091.785
-1966.635
-2148.466
-2185.496
-2530.963
-1713.557
-1822.063
-1927.973
-2227.259
-1896.659
12218.04
881.1703
-907.5735
-1545.719
-4130.916
-3795.432
-2174.332
-2165.143
-2162.995
-2034.47
-2255.608
16732.33
2394.614
-243.1822
-2505.116
-3191.321
-2673.72
-2512.124
-1985.925
-1959.562
-3082.888
-2910.245
-881.0994
-1808.261
-1884.727
-1715.737
-1420.237
-2014.64
-1771.147
-2050.274
-1609.433
-2322.612
-2187.127
-1730.601
-1910.129
-1869.886
-1160.593
-1749.671
-1643.36
-1322.711
-3576.597
-2090.54
-2380.178
-1758.106
-1613.4
-2304.216
-2555.882
-1909.46
-1892.511
-1573.05
-2655.914
-1873.379
-1499.06
-1582.544
-1778.009
-2460.446
-2054.561
-2540.976
-1525.129
3788.526
-537.7105
-1099.841
-15886.85
-7156.023
-3309.902
-2187.234
-2043.829
-1023.681
-1697.096
-1467.997
-1293.318
-2424.946
-1834.607
-1989.095
-1835.678
-1328.162
-1635.403
-1842.809
-2837.505
-2530.114
-2202.766
276.0334
-1163.906
-1760.833
-1391.324
-1741.309
-1826.909
-1313.216
-3698.851
-1882.383
-1880.319
-3465.733
-2431.28
-1514.458
-1687.369
-2515.8
-3808.298
-1998.643
-1988.789
-1813.688
-1651.497
-4249.7
-2068.884
-1697.529
-1347.446
-1555.351
-1601.319
-1647.289
-1555.613
-1564.78
-1577.37
-1427.177
-1413.806
-2863.35
-641.7982
-1233.68
-1386.997
-1485.74
-1559.184
-1602.912
-1404.022
-2061.921
-1713.31
-4192.376
-2225.33
-1789.699
-1607.959
-1518.531
-1698.339
-1731.675
6293.311
-106.7559
-1408.119
-1496.745
-1303.212
-1641.144
-1033.862
-1909.684
-1099.878
-1519.409
-453.4994
-1535.359
-1658.57
-2411.862
-1842.116
-1685.515
-1397.322
-1982.215
-1150.852
-1270.836
-1890.683
-1706.595
-1115.573
-1478.884
-1770.259
-938.3176
-1674.801
-1849.442
-1614.658
-1861.874
-1738.955
-1576.029
-1610.856
-2048.821
-1813.808
-1337.953
-1369.388
-1522.671
-8349.346
-3248.198
-2013.417
-1204.386
-1722.964
-2009.537
-1973.141
-2010.628
-1899.419
-1506.31
-2359.872
-2029.112
-1019.585
-1579.072
-1639.278
-2466.765
-1473.289
-1922.759
-1770.835
-1683.597
-3786.411
-41686.62
-11598.58
-4170.679
2820.893
-744.752
-15878.51
-3650.465
-2269.094
849.2681
-1832.988
-1466.329
-1834.404
-1998.052
5747.063
-191.6707
-1594.702
-2980.181
-1792.116
-1794.346
-1846.106
-1191.228
-1721.513
-2641.713
-2180.731
-2355.501
-2423.851
-1821.456
-3515.256
-2424.561
-2912.258
-1287.585
-1621.529
-1216.177
-2928.458
-2401.853
752.8645
-1071.424
-1880.636
-1992.74
-1812.478
-2340.468
-2089.382
-1248.128
-1996.332
-2189.134
-2403.104
-1723.625
-1469.728
-2300.541
2149.561
-1175.967
-2103.875
-1967.312
-3639.963
-2607.688
-2333.086
-2557.96
-2281.61
-2457.846
-395.0801
-2642.828
-2335.274
-3500.021
-2623.806
-3304.434
-2247.733
-1847.779
-2496.771
3044.194
-1147.551
-2197.042
-2405.335
-2552.505
-3536.509
-2533.677
-2750.844
-2761.971
-2766.586
52.77999
-1656.412
-2529.945
-2499.469
-2947.127
-2701.238
-2633.437
-2499.534
-2559.182
-2647.737
-3400.389
-2865.865
-2859.205
-2356.594
-3165.42
-2840.147
-1805.106
-3453.277
-8366.362
-2013.517
-2837.11
-2958.198
-2736.786
-3419.027
-2608.06
-2745.321
-3015.415
-2700.286
-2773.125
-955.7498
-2237.587
-2686.143
-2484.45
-2959.908
-2484.005
-3151.572
-3060.799
-2957.298
-2989.577
-3020.555
-2915.955
-2899.375
-2849.172
719.754
-1917.868
-3676.244
-3154.831
-3085.894
-3065.496
-2746.449
2868.731
-1822.259
-4333.136
-3296.295
-2066.43
-2870.947
-3048.223
-3131.592
-2971.319
-2889.185
-2311.874
-3160.793
-3045.225
-2920.848
-3137.493
2313.672
-2026.485
-1305.209
-2821.243
-3139.558
-2592.049
-2416.697
-3013.175
-3079.172
-2233.504
-3363.119
-3839.964
-3059.646
-3145.412
-3917.057
-3611.906
-3550.04
-3461.29
-1990.211
-2987.863
-3305.448
-2455.582
-3538.174
-3376.607
-3474.358
-5111.231
-3209.35
-2919.757
-3106.351
-3253.533
-3000.164
-6303.525
-5259.344
-3951.317
-3180.977
-3185.51
-3061.324
-3914.837
-1216.896
-3213.174
-3255.378
-2333.276
-2571.021
-4324.516
-3343.914
-2658.368
-1812.359
-4357.715
-3030.881
-3320.949
-2740.705
-3368.824
-3258.883
-3499.38
-3062.997
-3305.775
-3202.714
-3376.444
-3541.936
-3607.371
-3401.807
-3212.732
-7595.424
-4792.882
-6580.621
-4114.235
-3494.475
-3437.504
-3028.472
-3190.973
-3229.716
-1740.198
-2613.347
-3143.756
-3458.716
-3368.451
-3462.92
-3167.537
-3782.513
-3964.892
-3618.77
-3601.506
-3329.899
-3321.849
1320.293
-2200.733
-3254.829
-3403.257
-3570.389
-3389.419
-3523.278
-13381.87
-6297.858
-3945.192
-3611.032
-2540.279
-3290.059
-3122.891
-3406.565
-3355.203
-3009.292
-2830.789
-3293.235
-3063.079
-4079.44
-3120.729
-2508.252
-3018.135
-3877.326
-3098.093
-3058.937
-3720.191
-3551.96
-3424.319
-2643.124
-2829.652
-3198.272
-2826.159
-3055.172
-2279.324
394.9338
-1850.994
-2186.499
-2921.563
-3211.236
-3181.478
-3182.341
-3280.783
-2992.868
-3088.401
-3424.822
-3130.536
-3117.308
-2861.947
3500.452
-2394.311
-627.2699
-291.5615
-2168.861
-2381.363
-2994.124
-3070.557
-3236.602
-2428.404
-3869.081
-3137.166
-3032.049
-3045.689
-3025.459
-3503.172
-3256.173
-3439.383
-3130.398
-3141.909
-3078.013
-2866.746
-3238.354
-3220.348
-2837.436
-3077.524
-5867.168
-3729.724
-4284.113
-3301.243
-3511.216
-3651.749
-3243.96
-3096.642
-3256.823
-2509.214
-2292.681
-5877.698
-3646.164
-3902.093
-3368.365
-2599.796
-2813.771
-3248.226
-2479.764
-2573.016
-2562.743
-2696.937
-3134.935
-2830.846
-2857.694
-3172.538
-2383.234
-2873.331
-2823.972
-2442.504
1381.997
-587.3831
-2013.966
-2262.814
-2539.689
-2593.146
-2734.989
-2546.987
-2424.666
-2574.238
-2779.564
-2652.294
-2244.589
-2488.53
-2598.017
-3888.7
-2617.243
-2442.85
-281.1012
-2128.63
11364.19
2048.919
-1227.48
-2347.528
-2602.213
-2949.249
-2827.702
-1875.734
-1916.986
-2280.472
-2450.354
-2369.866
-2383.578
-2353.862
-2655.078
-2495.958
-2183.248
-2437.386
-2021.458
-2290.647
-2190.188
-2968.817
-2464.1
-2162.899
-2150.93
-2466.535
-2735.918
-2683.741
-2972.684
-2506.001
-2560.158
-2523.865
63.46487
-1966.042
-2140.649
10761.04
1047.448
-2515.776
-2521.862
-2298.245
-2041.585
-24819.73
-7504.839
-3650.303
-2396.796
-2334.199
-3111.126
585.912
-1494.338
-2157.295
-2272.749
-3334.64
-951.0509
-1698.393
-2176.466
-1923.059
-1949.832
-2176.887
-2939.767
-2563.882
-2302.743
-2014.794
-2898.651
-1979.591
-2229.237
-2237.655
-4171.076
-2717.853
-1840.697
-2161.567
-2011.328
-1520.591
-1539.307
-3042.665
-2660.368
-2294.953
-2038.52
-5388.063
-3039.309
-2458.229
-2884.022
-2404.388
-2245.265
-757.8307
-1903.447
-1977.849
-1681.09
-1966.656
-2009.501
-2083.606
-1702.863
-2699.513
-2539.839
-2131.369
-3274.606
-1917.07
-1089.728
-1920.842
-3552.911
-2317.137
-1055.243
-1978.795
-604.8211
-2173.427
-2349.397
-2186.444
-2184.09
-1812.692
-2679.238
-1143.144
-1384.743
-2060.191
-2097.287
-2044.526
-2047.427
-2040.542
-2022.598
-1999.607
-2117.873
-2065.02
-1804.555
172.5597
-1232.426
-2084.747
-2744.375
-2055.562
516.3411
-755.9454
-1746.662
-1920.419
-2172.515
-1986.28
-2284.627
-2339.971
-2129.529
-2190.3
-2129.228
-1468.9
-2263.418
-724.0492
-2305.712
-2499.033
-2489.383
-2464.691
-2472.451
-2348.465
-1885.632
-1442.866
-2114.253
-2510.866
1467.642
26925.65
3905.391
-431.6788
-2229.283
-2093.086
-2043.321
-2314.879
-2657.856
-1593.534
-1617.831
-2355.845
-2931.925
-2534.436
1975.382
4910.915
-298.7997
-1845.785
3513.076
-5578.178
-3191.628
-2827.918
-3361.288
-2490.304
-2319.936
-2348.294
-1970.938
-2573.663
-2659.781
-2418.45
-2735.578
-2537.065
-4080.952
-1296.438
-2094.802
-2075.294
-2271.659
-2429.426
-2189.565
-2748.568
-3080.479
-2747.908
-3032.102
-2711.984
-1867.029
-2255.739
-2618.562
-3573.279
-2840.677
-2723.716
-2601.931
-2709.224
-3041.294
-3036.39
-2551.501
-713.0171
-1155.93
-2249.545
-1815.106
-2507.184
6042.717
-369.9626
-2279.649
-2610.388
-6350.047
-3288.032
-3638.989
-2623.756
-3249.08
-4929.09
-3443.705
-2992.458
-1437.003
-3242.233
-3094.666
-3416.632
-3144.382
-3105.394
4973.77
-1301.765
-2637.405
-2979.2
-3025.073
-3254.872
-3340.226
5119.93
-615.1611
-2698.542
-3282.395
-3168.201
-2616.875
-2928.653
-3697.527
-117959.7
-30677.03
-9656.71
-4302.654
-3607.93
-5675.545
-3928.846
-3495.251
-3838.594
-3597.116
-3093.878
-4463.339
-1931.531
-2917.072
-3323.592
-3174.312
-3351.23
-3374.064
-3411.564
-3398.307
-3928.052
-3160.17
-3341.198
-1005.984
14701.92
564.564
-1017.221
-2900.487
-3047.527
-3202.301
-5148.128
-4200.757
-2627.762
-3185.928
-3116.593
-3799.277
8423.98
-607.2646
-3005.714
-3442.965
-2722.821
-3477.969
-3350.568
-3683.361
-3940.455
-4006.534
-3917.469
-5471.552
-1247.986
-2736.651
-3575.824
-4057.29
-3313.871
-3637.975
-3948.5
-3659.734
-3607.817
-3743.665
-4300.755
-3548.21
-2726.971
-3030.576
-3797.098
-3234.238
-3853.644
-4198.05
-4029.572
-3700.692
-3715.147
-3722.046
-4395.918
-3817.875
-3928.568
-3671.228
-5159.916
-5179.219
-4398.359
-3981.606
-3692.091
1268.571
-2445.709
-3541.173
-3098.376
-4249.592
-3769.893
-3288.83
-3588.801
-3128.255
-3306.36
-3581.182
-3889.333
-4049.779
-3640.24
-4265.571
-4386.347
-3801.647
-3813.446
-3928.204
-3646.509
-4094.945
-3988.393
-3761.727
-3879.661
-3929.217
-3237.011
-3798.668
-3645.731
-632.8282
-3226.744
-3843.593
-4029.265
-4033.903
-3844.044
-3509.332
-4133.294
-4145.062
-4027.12
-3793.623
-3737.611
-3651.132
-3774.544
-3911.122
-3618.902
-3851.437
-3804.766
-3939.899
-3696.251
-3800.179
-4233.223
-3850.545
-4305.326
-4952.049
-4139.775
-3675.583
-3577.738
-4409.963
2190.995
-2483.641
-3518.535
-3876.362
-3955.933
-4099.665
-3351.585
-3497.855
-3684.348
-3809.752
-4765.074
-4574.85
-4035.464
-4210.194
-3955.34
-4110.052
-2834.534
-2634.633
-3561.788
-3526.912
-3711.466
-4545.003
-3895.56
-3529.912
-3461.897
-3701.384
-3837.213
-3861.313
-3697.719
-4024.641
-3583.774
-3797.252
-3861.869
-4036.054
-3908.289
-5302.018
-4246.544
-4287.316
-3641.476
-2921.414
-3697.542
-3840.905
-3821.134
-3707.309
-3344.326
-3766.342
-3767.88
-3631.786
-4026.086
-3914.286
-4282.899
-4065.839
-3017.117
-3371.012
-7481.454
-4172.328
-4050.204
-5137.4
-4077.193
-4263.512
-4262.091
-3330.466
-1483.473
-3110.449
-3737.747
-3757.715
-3391.21
-3549.349
-3642.082
-3551.496
-4219.164
-3893.71
-3442.673
-3997.969
-3287.252
-3180.281
-3051.101
-3658.428
-3501.902
-3579.296
-3513.341
-3639.745
-3505.045
-8377.056
-3539.123
-3357.026
-3486.02
-3378.602
-3638.778
-3666.147
-3551.981
-2960.834
-3495.32
-3517.034
