3062.776
2334.097
1478.921
-9504.842
-6982.263
-6045.508
-6125.569
-7567.003
-14588.5
-10548.97
-9913.257
-7685.454
-5133.256
-4047.061
-5171.797
-3590.156
-2780.219
-2279.126
-2494.419
-2052.225
-1973.788
-1708.662
-1308.925
-738.0973
-1667.136
1007.41
754.6644
392.3799
-638.2623
-912.0613
-623.7982
-4690.761
-3198.521
-2554.128
-2656.684
-1741.073
-936.1321
-1051.292
-345.9059
-348.0337
-12440.17
-12280.75
-13729.84
-7004.716
-6069.396
-4737.685
-3814.397
-3611.76
-2690.392
-2386.452
-1608.238
-1192.489
259.1794
-323.6357
-1381.256
-1095.705
11128.46
8886.07
26977.81
21146.66
16078.01
13222.96
10688.91
6942.403
5330.407
4173.014
3619.35
3173.288
3388.533
576.3799
-83.2289
490.4549
852.7495
523.5536
384.8838
86.5157
14.89989
-357.8909
5497.354
4601.085
3631.394
2859.199
2274.511
1323.302
1254.54
1024.005
3062.164
3489.276
2619.542
2257.631
1451.04
1306.236
1532.488
1859.51
-5284.729
-4669.375
-3882.595
-3385.885
-2526.292
-2826.465
-2473.852
-1553.26
-1224.318
-1946.655
-1397.543
-1365.263
-1284.551
-4217.022
-5516.884
-4588.106
-648.7536
-1789.922
-1281.587
-1102.39
-276.9568
7138.12
4973.264
3662.443
2746.81
2235.765
1504.546
787.3343
348.3808
405.9099
507.8744
573.1362
787.3741
388.7932
1000.629
809.5746
706.9922
83.83213
452.0127
-40.08767
-197.7302
107.9676
258.9836
-480.7971
-1535.562
-3059.3
-2523.67
-1582.071
-4791.08
-4007.688
-3256.953
-2115.95
-216.7409
-726.3091
-20363.35
-9889.946
-7953.122
-6308.54
-5019.67
-3218.941
-2964.321
-2233.411
-2009.441
-5912.931
-5004.33
-4063.205
-2862.207
-1520.118
-923.3391
-11802.81
-8758.983
-7056.146
-5870.536
-4357.873
-3274.863
-2735.331
-1505.536
-711.7301
-424.599
-417.5458
-375.369
-388.6936
7639.962
5822.446
4464.108
3468.705
2984.486
2714.823
-1266.623
-3541.641
-2975.32
-1149.718
-283.0634
-412.145
-460.1707
2279.041
-13721
-11136.55
-8633.546
-6541.11
-5064.481
-4355.002
-3420.843
-2545.224
-2016.422
495.3279
-3534.984
-2712.244
-2072.935
-1492.363
-1718.958
-1543.429
-31.51591
-102.6691
-332.3978
-1024.571
-1423.011
-897.3896
-1161.804
9297.772
7064.859
5227.893
3888.288
3044.268
2201.508
1196.876
3839.628
3545.192
2457.189
1007.553
594.2648
-355.7859
-725.8183
22599.01
17260.29
13014.75
10377.49
7357.813
4951.137
3985.614
3534.203
3813.344
2536.246
2270.235
2262.87
1074.736
662.8425
-326.1642
-60.48292
-179.9301
-625.6854
-800.6572
1598.468
1159.717
89.28466
-109.7897
-291.0581
-492.8343
-339.3033
17.61269
-81.82674
-228.7393
481.4115
-334.8325
-628.3217
-227.8601
-223.5051
-2515.977
-2019.333
-1468.56
-1640.813
-1284.045
-4465.997
-3003.901
-2000.616
-1481.178
-782.2146
-7921.375
-6637.433
-5598.936
-4625.948
-4520.432
-3955.093
-3328.356
-2654.829
-2610.015
-3260.815
-2614.193
-2271.403
-4403.673
-3451.984
-2779.407
-3411.851
-2654.102
-1678.96
-1835.013
-1983.379
-923.0073
649.1805
671.6028
10366.81
8267.724
6271.844
4532.113
2591.293
-1125.7
-783.7173
-709.4616
-4947.322
-2917.654
-6818.07
-6954.963
-5730.155
-5000.69
-4406.033
-3439.588
-3435.378
-2705.723
-2486.597
-1970.784
-2508.345
-2185.932
-3468.831
-2908.517
-3572.001
-5280.327
-4258.113
-3736.305
-3344.099
-2144.858
-1799.847
-1774.045
-1415.114
-1046.209
-51.94682
91.72554
-404.8318
569.0313
-118.3372
-453.8127
-526.0213
-2323.751
-2300.724
-1789.376
-1643.675
-1382.84
-1056.312
-1154.144
-1210.562
-973.5125
-844.3339
1081.92
246.2604
-411.6651
-258.5358
-912.3575
-1553.214
-800.1989
-1084.179
-1138.019
-1157.744
-1300.668
-800.2053
-924.2407
731.5879
383.3613
139.0513
-288.9722
-498.171
-70.67283
2402.573
-656.0158
-1711.941
-1623.662
-2075.26
-1954.542
-4215.37
-4135.742
-3477.656
-2938.02
-2484.373
-1716.376
-1801.909
-684.041
-1054.25
-1272.596
-1448.911
-993.3952
146.6171
338.5931
-105.6406
-363.6021
-4334.1
-4306.841
-3905.551
-3190.308
-3028.926
-2390.072
-3172.105
-1143.345
-1352.43
-1447.331
-1910.593
-1684.106
-1198.647
-1479.063
60212.65
47692.71
37534.83
29670.36
23189.21
18984.08
15164.56
11548.84
9526.337
7178.514
5463.289
3903.904
2890.711
1754.541
871.3092
17.35411
-180.3846
-90.86007
-234.8581
-443.7096
1278.487
-189.9335
175.7537
-10.44496
-421.8393
-737.7672
-1533.199
-1562.427
-1037.714
-1935.762
-1974.817
-1720.329
-1410.022
-1919.881
-2333.047
-2400.931
-2981.241
-17.33944
-570.5949
-1122.493
-2626.967
-2082.006
-1968.8
-1785.553
-7773.59
-7105.3
-6272.45
-5104.707
-4269.944
-4018.625
-3467.704
-2907.832
-2416.513
-2265.26
-1793.414
-1820.207
-449.3432
-1779.08
-1427.583
-686.3241
-784.9368
-995.3459
-1449.971
-1684.86
-2130.687
-2064.333
-1980.844
-2098.026
-2638.271
-2553.763
-2606.48
-1019.038
-1197.325
-1058.129
-895.7124
-1902.658
-1806.466
3908.994
-586.3815
-820.5099
-1409.651
-2423.899
-2232.699
-91.34774
-1183.293
-1150.349
-1284.085
-1213.799
-2910.388
-2844.405
-2636.658
-1706.181
-1410.001
-116.5425
-602.2815
-662.2197
-1164.154
-1639.29
-1584.459
-1788.504
-1577.379
-1609.096
-1398.941
-2050.722
-1984.227
-1181.926
-1326.698
-1658.321
-2533.279
-2721.416
-2578.875
-7872.233
-5769.084
41737.86
32851.73
25613.77
20331.17
15187.47
10976.8
8801.586
7309.561
5283.108
3320.98
2941.478
9639.059
7307.33
3212.97
1908.905
1729.089
2488.874
570.6643
-521.1656
-1149.445
-2084.064
-2117.101
-2082.432
-1876.633
-3351.534
-2759.643
-1563.928
-2018.171
5980.04
4065.453
-34908.47
-27422.66
-21760.72
-17537.41
-14788.71
-12154.21
-9228.689
-7745.406
-6023.38
-4872.166
-5062.241
-4268.304
-3295.586
-2672.803
-2622.242
-2884.98
-2934.255
-3064.333
-2999.445
-2401.578
-2109.17
-2199.008
-1933.533
-1696.245
-1539.367
-1529.103
-1520.766
-1911.071
-1869.338
-1892.216
-1189.194
712.6244
355.6765
-274.9145
-519.9019
-765.8362
-223.0434
-2563.118
-2304.898
-1931.666
-2377.127
-2101.727
-2542.482
-2224.343
-3659.186
-3275.047
-2775.705
-958.5413
18.07307
-391.2634
-587.0858
-360.735
-750.3021
-418.4319
-844.6729
1432.005
858.9401
148.7974
1509.412
1753.97
917.5405
857.0864
251.3896
-347.2477
6025.373
7397.659
5535.549
4130.653
3396.854
2352.493
1661.207
1892.741
1709.441
4485.099
1944.613
1262.977
-1923.114
-1981.543
-1844.81
-1832.836
-2953.455
-2906.276
-2608.277
-1672.448
-2153.588
-1708.406
23428.97
20403.93
16043.74
15829.27
14054.56
10994.95
8460.565
6303.612
4988.522
3595.184
2627.161
2248.103
1265.793
735.5037
459.1458
1052.803
-305.5334
95975.26
75376.63
57970.49
45397.47
35406.29
26815.85
15608.68
12014.96
9243.697
6810.049
5186.158
3680.107
3085.991
1823.221
1158.051
-7.025707
26.33672
-328.0596
-651.6213
273.946
-1281.339
-1346.514
-1823.816
5344.811
4457.569
3966.507
2869.757
1994.48
1305.818
1044.244
530.4221
332.2286
-1844.957
-2559.915
-2162.042
-1803.706
-2460.088
-2373.683
-2508.576
-1886.443
-1814.294
-1108.552
-1043.17
-3023.342
-3354.025
-3584.917
-3105.576
-2900.205
-2819.914
-2940.27
-2264.671
-1943.945
-1446.537
-853.4595
-1049.275
-1155.846
-995.8241
-12105.23
-8945.63
-7195.609
-6352.375
-5077.306
-4005.86
-3406.377
-2961.904
-1937.123
-2097.06
-1651.193
-2454.813
-1629.53
-2126.032
-504.1025
73.90226
-158.4375
-1542.872
-1601.555
-1716.049
-1623.69
-1188.583
-1469.64
-2237.344
-520.1609
-242.89
-1157.593
-1554.95
-1770.908
-1753.778
-2077.534
-2386.924
-2299.981
-1976.579
-1670.67
-1989.172
-2270.189
-2777.498
-1237.585
-1391.235
-1363.922
-1759.714
-22401.96
-18020.91
-14435.93
-11652.36
-9948.224
-8059.655
-6460.994
-5274.385
-4630.682
-4429.245
-3984.683
-3765.818
-4312.794
-4311.472
-3711.026
-3591.215
-1848.493
-35103.14
-28497.55
-23312.99
-19528.88
-15774.09
-12927.18
-10440.74
-8617.146
-7253.871
-6111.11
-5481.621
-2111.937
19143.02
15040.8
11237.37
9418.926
9257.156
7726.928
5551.975
3866.545
2344.528
1448.052
130.9352
-494.3451
-376.7683
-4034.415
-3455.93
-3157.153
-15818.89
-13080.95
-10514.94
-8860.35
-7510.393
-5817.952
6882.38
5134.907
4109.173
3290.96
2443.306
1227.551
215.2793
-186.9279
-136.2402
-5290.67
-4826.394
-5421.298
-4611.256
-4095.457
-3862.848
-4376.07
-3789.27
-3677.007
-3487.184
-2451.022
-2139.586
-3034.033
-3033.588
-3199.17
-3129.823
-3150.318
-4085.885
-3661.534
-3289.679
-3154.022
-1994.077
-2849.294
-3536.263
-11414.9
-9489.531
-9595.631
-14095.91
-11930.03
-9925.546
-8895.963
-7375.273
-6253.586
-5720.772
-4124.217
-4441.402
-3660.418
-3834.989
-7040.342
-6068.166
-4760.941
-4489.165
-3796.106
-5403.707
-4899.658
-5325.585
-4649.658
-5109.766
-4689.079
-1998.001
-2206.765
-2563.152
-2704.377
-2584.921
-2703.471
-3524.704
-3088.513
-2944.97
-7444.212
-3297.635
-3188.131
-2887.182
-2986.467
-2918.83
-2326.162
-3105.264
-2829.94
-3023.28
-4519.147
-5424.529
-4142.825
-4861.398
-4973.021
-4332.855
-3075.058
-3060.901
-2316.017
-2692.222
-2718.976
-3520.569
-3446.65
-3519.007
15036.83
10934.07
7555.729
3739.705
1200.64
538.543
26.91936
-604.5466
-820.8873
-1256.752
-2153.004
-2346.518
-4322.609
-3157.629
-2002.649
1518.862
4008.908
2814.754
1146.799
490.8109
-331.2386
-898.9547
-1466.489
-3081.042
-3192.08
-3108.069
-3728.203
-3460.104
-3931.35
-3408.535
-4938.322
-5384.966
-3963.821
-3410.738
-3430.896
-3914.051
-3829.303
-3547.806
-3982.256
-3936.635
-3403.361
-1898.828
-1994.96
-2348.666
-1387.546
-3030.434
-2966.023
-1963.657
-2070.265
-2197.944
-1591.611
-2235.311
2495.629
330.3536
-735.9849
-804.8949
-1341.869
-1252.757
-6568.719
-5526.066
-5455.463
-5224.755
-4861.99
-4919.022
-4592.741
-4177.041
-3446.34
-3424.788
-3365.713
-3340.853
-3160.825
-4356.663
-4070.895
-3808.98
-4313.419
-3731.116
-3484.391
-3352.586
-2942.217
-2779.572
-3310.004
-2515.539
-3616.583
-3741.753
-2965.991
-2561.494
-2156.501
-1349.368
-1637.672
-2122.477
-270.4198
-951.3742
-1462.577
-1372.82
-3409.747
-3378.48
-3463.138
-3504.943
-5378.752
-3996.185
-3266.311
-1314.892
-1855.575
3146.514
1721.268
425.3544
64.12315
-273.0163
-707.3495
-1231.267
-2045.842
-2808.496
-2889.592
-2891.492
-3010.11
-3516.477
-4488.974
-3774.187
-3596.99
-3638.409
-3529.643
-3948.159
-3284.298
-2544.968
-3215.22
-9817.119
-22411.62
-18468.14
-15207.47
-12698.18
-10754.69
-9324.978
-7833.626
-4659.986
-5040.351
-4616.609
-4149.529
-3850.796
-4035.092
-4039.308
-3304.15
-3393.442
-3292.905
-2939.459
-3434.84
-3034.059
-3114.318
-2516.735
-2643.962
-3418.91
8916.81
6462.812
4263.118
2803.737
1742.804
-1844.318
-5592.224
-5268.311
2238.475
1544.784
1131.842
524.8301
335.4846
-19.29439
-739.7773
461.937
-281.9014
-183.7042
-842.3399
-1118.726
-1771.345
-1422.073
-1828.07
-1763.447
7061.118
5691.06
3460.194
1805.921
2691.528
1167.988
-456.8385
724.1235
-977.6929
-925.2858
-1449.119
-2173.334
-1178.753
-1500.767
-1656.541
-1543.979
-1747.547
-1883.492
-2538.838
-3434.215
-3687.361
-3361.516
30167.59
22181.23
18486.77
14311.73
10014.76
7668.886
5120.294
2054.809
922.9872
95.45834
-457.038
-1432.564
-1771.229
-2236.864
-2115.468
-1639.031
-2245.144
-3702.013
51599.59
39552.77
30489.56
23405.32
18001.26
12042.93
15772.73
12813.46
9949.219
6711.248
4059.713
3227.31
-1199.471
-1391.138
-2228.35
-2550.213
-2590.559
17695
12470.24
9290.48
6687.624
4705.111
3227.297
2063.711
1180.377
242.6533
418.7058
-888.3195
-1202.257
-2360.716
-2606.5
49.03698
15.73093
435.4456
-995.5775
-1213.743
-1505.619
-2545.531
-2355.562
-2363.996
-2393.358
-2662.171
-2824.671
-3128.29
-2851.996
-2744.875
-2516.688
-2583.922
-8385.86
-7259.821
-10447.02
-8182.681
-7188.994
-2940.649
-2704.038
-3844.531
-3202.661
-3380.065
-3528.305
-3980.999
-7787.23
-6818.022
-6645.738
-6243.909
-5078.678
-4771.07
-3732.096
-3498.316
27680.67
20801.57
15931.89
12185.44
7866.913
6225
4017.465
2397.024
1593.387
-4688.503
-4454.442
-4517.674
-5888.025
-4910.881
-4641.306
-3978.466
-4382.544
-4229.902
-4302.389
-3935.291
-3839.231
-3460.389
-1908.988
-2226.847
-2099.588
-1713.61
-2995.664
-3025.57
-3354.195
-2700.929
-2756.587
-2496.783
-2876.573
-3264.366
-2751.941
-2457.788
-2431.684
-2578.337
-2824.311
-1700.569
-1692.482
-2910.261
21070.38
16047.27
13503.78
9700.51
7148.89
5038.319
3139.756
4054.547
1731.502
871.7262
-905.0845
-1168.862
-1652.309
-1781.576
-1822.239
-2298.083
-2494.376
-2671.958
-2907.104
-2866.418
-3234.361
-3110.622
-2990.931
-2568.674
-2559.564
-1886.12
-2340.503
-3091.029
-2836.388
-1885.812
-1895.849
-2793.402
-2524.856
-1210.65
-1801.812
-1637.607
-615.8347
-1369.815
-1894.075
-2176.338
-2324.097
-4132.432
-7254.319
-6639.944
-6242.376
1549.271
737.0917
-29.76549
-726.2775
3731.79
2027.356
633.4677
-785.4526
-1866.784
-2425.211
-2015.886
-845.3742
-2047.76
-1544.184
-2001.213
-1326.128
-1786.628
-3064.461
-3156.036
-8989.278
-7285.904
-5150.066
-4933.849
-4463.256
-4181.727
-3769.256
-4103.338
-4621.291
-4678.113
-4103.535
-6402.341
-6077.859
-5747.849
-5213.001
-4793.574
-3195.431
-3712.652
-4115.858
-4583.944
-4547.094
-63337.44
-50756.36
-43307.4
-34648.54
-28385.61
-22267.66
-18713.46
-15532.35
-11918.6
-10385.51
-8852.643
-7846.694
-7008.206
-6799.252
-6108.591
-5677.82
-4957.79
-4962.103
-4622.957
-4377.508
-4153.523
-3771.953
-3814.375
-3884.93
-3486.632
-3138.516
-4503.529
-4426.945
-5398.32
-5084.927
-4734.992
-5067.448
-4981.209
-314.4968
-2620.94
-41781.26
-33929.6
-27971.63
-23117.72
-19443.39
-16185.05
-13246.6
-10871.9
-9417.302
-10833.89
-3601.496
-4072.942
-8824.746
-8069.247
-7646.475
-6155.01
-5845.124
-5282.444
-4936.173
-4464.108
-4704.043
-10319.66
-8989.448
-13099.24
-10730.96
-9002.683
-7688.419
-6896.101
-6566.558
-7409.509
-5424.907
-4826.296
-3970.74
-4366.357
4863.642
3075.496
1702.955
705.0359
-115.317
-585.4437
-1370.96
-2203.396
-2175.03
-2092.617
-2704.634
-2684.388
-2353.87
-2668.319
-2931.849
-2830.832
-3192.333
-3387.463
-3122.87
-3412.232
-3869.747
-3542.767
-4959.135
11266.07
6924.873
4399.169
5657.922
3557.694
1869.104
-12921.89
-10964.3
-8683.451
-7958.518
-7333.627
-7138.93
-36580.2
-29952.74
-24389.34
-20398.8
-17544.98
-15213.18
-13095.39
-12782.92
-11040.64
-10437.88
-9376.606
-9933.835
-8394.159
-7218.731
-5506.872
-5274.296
-10769.51
-9639.098
-8484.516
-7320.274
-6640.092
-5995.471
-5931.478
-5688.964
-5349.38
-5126.665
-4971.881
-5057.523
-5804.438
-6216.139
4037.474
2075.246
-4166.898
-4543.333
-4435.97
-4600.219
-4608.909
-5417.373
-5826.63
-6559.724
-6228.999
-5524.673
-5293.096
-4970.134
-5767.44
-5140.795
-4558.156
-6673.306
-6060.607
-5685.52
-4603.781
-5741.72
-5113.428
-3923.878
-5053.207
-1440.921
1086.683
-162.2099
-9651.36
-6207.737
-5839.359
-6096.458
-6989.85
-4455.344
-4437.938
-6606.184
-3341.897
-3374.527
-4321.688
-4287.522
-4402.78
-4315.127
-4709.86
-4900.208
-6015.477
-4328.517
-1109.729
-1927.478
-2661.311
-819.467
-1481.327
424.4262
-25.93923
-648.5152
-168.7597
-1000.249
-1902.296
-17733.79
-14750.71
-12520.13
-11415.38
-13463.82
-11653.97
-8584.228
-8674.592
-7850.812
-7564.893
-6055.135
-5756.234
-6163.564
-6318.351
-5949.164
-6704.369
-6032.188
-4915.031
-4937.199
-4872.443
-6975.367
-6519.659
-6747.776
-65989.42
-52986.22
-41676.74
-33547.33
-27501.19
-22867.59
-18080.74
-15221.45
-13081.18
3633.022
1388.597
444.185
-536.3112
-667.4224
-838.2099
-1825.324
-2301.006
-2830.989
-3116.91
-4017.165
-4051.355
-3740.298
-4323.671
-4416.543
-4505.138
-4020.093
-3617.138
-4887.371
-8523.015
-6902.193
-6444.478
-5734.157
-4950.336
-24141.1
-19979.17
-13989.94
-11588.67
-5411.11
-5522.576
131930.4
101214.4
79617.77
61945.56
48245.71
37197.51
29455.28
22116.89
16370.16
11522.82
8006.314
6847.452
4317.464
-18194.42
-16867.62
-15013.3
-13026.37
-11381.07
-10059.85
-18644.08
-15993.66
-14059.92
-13021.89
-11157.75
-10016.68
-8996.586
-8693.731
-8144.172
-7880.98
-7512.308
-3746.318
-3512.821
-3687.888
-3693.44
-4116.796
-4374.298
-3631.54
-3671.876
-4083.8
-4378.87
-5105.785
-3662.09
-3926.308
-4157.843
-4345.091
-1981.338
-2175.923
-2554.743
-3148.504
-3926.575
-4022.773
-3818.749
-3375.856
-4456.553
-4410.684
-4494.365
-4571.999
-4238.189
-3879.579
-3596.041
-3976.082
-4724.537
-4925.738
-4231.83
-4643.055
-4715.194
-4502.249
-4164.192
-4396.749
-5062.512
-3941.252
-4391.464
-4655.17
-5014.42
-4833.997
-4597.105
-3581.18
-3679.45
-3788.172
-6015.484
-4443.777
-4025.699
-5366.3
-5244.519
-4940.574
-4326.833
-4240.933
-4352.927
-4543.625
-4019.53
-4144.623
1386.646
178.7008
-1792.01
-1801.509
-1400.719
-1959.741
-2808.752
-3335.881
-3497.987
-4011.264
-4356.847
-4379.405
-4373.503
-4146.662
-4216.642
-4707.462
-4872.573
-4887.15
-4269.824
-6281.157
-6901.684
-8800.475
-8063.59
-7528.621
-6470.41
-6211.459
-6108.826
13861.78
9446.653
6132.958
3658.177
-33845.62
-26963.12
-22447.62
-18860.65
-15762.91
-13546.45
-11395.61
-9601.993
-8410.049
-7864.665
-7267.748
-6374.465
-5470.216
-5199.444
-4324.757
-4442.268
-3946.383
-4369.418
-4226.662
-4231.484
-3632.137
-4845.056
-4771.901
-4868.902
-4358.929
-5420.411
-5014.46
-5082.635
-4668.847
-4978.539
-5219.498
-4166.374
-4923.956
-2856.5
-2562.036
-2801.344
-3339.658
-3116.879
-6755.856
-6105.291
-5235.322
-3356.38
-3610.57
-4801.489
-6609.31
-6248.512
-5736.569
68.70017
1720.352
-1278.472
-1863.362
-2781.211
-3250.947
-3736.989
-3619.062
-3987.292
-4125.411
-4078.208
-4548.525
-4453.816
-3903.579
-4310.342
-4053.959
-2620.805
-3251.983
-1604.148
-2183.012
-2180.481
-2547.731
-2784.725
-3919.595
-4042.705
-3617.125
-4282.083
-5167.081
24909.54
19132.95
13710.86
10179.93
6277.861
3031.117
411.6257
-280.7737
-1587.198
-1934.719
-2019.615
-2516.711
-2920.206
-3846.334
-5004.369
-5049.9
-5820.218
-5610.296
-5215.454
-4625.665
-3805.386
-3954.695
-4209.66
-4409.098
-4701.654
-4702.094
-5720.296
-5605.931
-5614.397
-4923.743
-5056.093
-5157.875
52085.17
40108.87
30391.55
22936.69
16977.81
12443.53
9154.084
6874.703
5721.58
3141.154
901.5527
275.5078
-908.2687
-3436.301
-3861.72
-4170.812
-4955.387
-4742.347
-4631.005
-4898.177
-4744.999
-4812.935
-4611.43
-3903.549
-1665.524
-165.7654
-1796.292
-2951.386
-3936.263
-4605.63
-5181.398
-5402.354
-5965.773
-6068.848
-5975.923
-4084.28
-3910.546
-4297.703
-4172.754
-491.4041
-10317.79
-9593.477
-8657.518
-7711.382
-6898.126
-6720.625
-5885.603
-5180.691
-5853.427
-5532.097
-5567.352
-6202.504
-7186.749
-6730.379
-6753.853
-8410.052
-7347.43
-6924.36
-6534.019
-6629.781
-5719.343
-5600.951
-5294.51
-5725.749
-5654.048
-15179.4
-13300.1
-10744.63
-9405.954
-8564.283
-7676.453
-7686.776
-7056.254
-6909.427
-6678.587
-8040.095
-10262.1
-7122.122
-6867.94
-5457.862
-5855.689
-5899.384
-7298.08
-6721.067
-5285.075
-4487.008
-4293.315
-5356.192
-5405.453
-5200.187
-5505.092
-5605.657
-5230.466
-5271.121
-4504.263
-6416.024
-6238.073
-14150.42
-12962.88
-10882.97
-10243.44
-9292.737
-8839.355
659.7391
-3275.577
-3464.475
-3424.572
-10325.01
-9266.574
-8537.237
-7655.613
-7204.253
-6646.765
-6416.235
-6689.728
-4951.504
-5276.598
-5561.724
-4872.269
-5163.665
-5309.6
-5645.897
-5527.099
-5667.464
-6075.902
-6681.458
-6512.868
-6444.552
-6407.334
-10295.55
-9585.448
-8471.16
-5529.912
-5702.842
-5834.275
-8178.657
-6916.822
-19122.89
-17091.69
-15303.39
-13417.48
-11891.78
-10679.42
-9041.2
-10513.95
-9798.302
-9069.803
-3501.643
-3469.359
-3992.787
-9336.636
-8873.254
-8018.87
-8067.308
-8211.235
-8271.307
-8026.246
-7443.923
-6180.561
-6762.349
-7052.749
-6816.534
-6850.885
-6579.39
-6624.168
-12399.31
-15911.81
-13597.05
-11913.44
-9761.522
-8968.824
-8439.573
-7525.22
-6938.674
-6693.072
-8740.525
-8182.713
-7894.198
-8037.784
-7339.239
-7229.746
-7102.71
-6950.881
-5539.188
-5618.918
-5189.446
-5215.782
-6727.137
-6373.067
-6835.725
-6588.097
-7085.188
-6715.003
-6269.86
-6078.714
-5784.086
-5789.292
-5734.601
-6177.644
-6296.28
-6656.002
-6658.254
-2920.67
-3368.163
-3182.353
-4191.218
-4477.714
-4059.042
-4478.254
-4998.046
-5269.987
-5568.563
-6299.517
-6153.046
-5786.595
-6188.416
-6118.657
-4891.894
-4758.451
-5238.183
-5191.656
-5678.499
-5735.217
-6083.069
20205.54
14566.35
10301.68
7044.864
4116.359
2408.153
2355.568
2197.343
219.012
-1120.928
-2781.474
-2699.197
-3671.59
-6494.298
-6398.27
-5810.834
-6030.163
-6212.943
-5421.696
-5679.551
-4774.374
-6123.907
-19376.42
-11686.79
-11107.16
-9859.455
-9610.056
-9284.208
-8686.737
-8264.559
-8522.073
-7462.955
-13504.05
-12065.83
-11400.67
-10276.3
-8359.71
-8063.461
-7665.109
-7392.346
-6810.139
-11550.54
-8799.898
-8257.66
-7970.603
-7723.257
-7626.955
-7368.819
-7295.206
-7025.018
-4992.593
-5882.153
-6051.569
-5862.685
-1564.397
-2189.276
-45817.01
-37883.99
-31382.77
-26261.33
-22252.5
-19926.39
-17289.96
-16169.89
-10052.44
-9778.422
-8923.554
-8353.809
-8513.242
-7728.394
-7574.288
-7430.516
-7455.137
-7897.395
-8155.179
-7827.388
-7587.777
-7738.098
-7565.863
-7316.001
-8063.58
-8472.53
-7874.19
4147.824
951.9126
7179.311
4391.052
1457.427
11794.27
8024.332
4693.781
2244.775
446.9618
-1207.694
-1632.242
-2835.669
-3516.997
-3756.77
-4167.87
-4623.212
-4335.335
-4519.211
-5747.856
-5447.055
-4568.473
-1575.522
-1482.445
12589.45
8582.092
4898.031
2516.393
545.5293
-604.5114
-1661.09
-2711.935
-3533.929
3918.696
1668.987
306.9445
-821.8466
-1993.627
-2697.402
-3202.573
23960.47
18301.26
12073.99
8475.498
5353.364
476.0926
-2106.893
-3011.038
-4376.673
-4694.092
-5242.389
-5514.989
-5553.877
-6059.627
-6254.568
-5065.082
-5717.576
-5763.803
-7117.007
-7265.094
-7180.417
-21482.34
-18434.89
-15970.31
-20040.21
-16671.2
-15002.11
-13070.17
-11661.6
-10669.44
-10130.01
-6904.248
-7284.202
-6862.384
-6721.685
-7790.278
-8493.628
-6173.347
-6203.509
-6589.081
-7071.591
-7103.361
-7071.908
-6629.344
-6222.835
-5558.965
-5765.606
-5194.088
-6476.432
-7290.43
-7227.23
-7101.941
-7516.566
-7023.456
-7072.682
-6123.377
-6475.504
-6262.812
-6043.423
-5123.076
-7147.889
-12715.84
-11692.42
-14151.52
-7918.6
-9187.493
-7949.021
-7711.78
-7665.435
-7110.836
-4567.764
-4304.471
-4879.529
-5058.454
-5154.073
-4885.809
-5360.915
-18212.58
-16054.92
-14113.65
-12624.96
-11223.89
-10052.84
-9073.742
-9395.767
-8968.05
-9940.708
-10211.59
-8742.113
-8247.556
-7620.744
-7304.589
-7370.085
-3845.299
-3823.834
-2106.813
-3386.023
-3338.262
-4067.96
-4391.905
-4075.46
-4203.066
-4918.638
-5478.726
-5545.23
-10341.4
-9887.098
-9087.751
-9327.432
-9063.468
-8689.234
-8224.444
-7320.245
-10908.19
-9905.312
-11998.58
-10740.17
-14060.49
-12737.41
-12232.77
-10928.98
-9411.163
-9083.263
-8418.232
-6311.054
-6281.862
-5852.782
-5705.304
-5438.266
-5452.793
-5716.153
-6008.369
-2703.374
-3145.674
-4263.21
-4764.878
-4367.612
-4899.469
-5012.95
-5436.436
-5538.927
-5618.791
-6042.605
-5659.272
-6429.063
-6710.16
-6316.857
-6167.038
-6043.725
-6014.277
-968.3544
-1763.221
-2600.362
-3511.578
-4779.981
-5261.949
-5444.179
-5891.307
-5967.209
-6204.355
-5890.761
-6125.61
-5939.928
-6550.089
-6451.153
-6610.367
-1138.038
-2608.92
-3407.917
-3894.161
-4540.742
-5106.107
-5839.041
-5669.845
-5590.747
-6644.698
-6510.281
-6192.043
-6078.003
-4900.938
-5738.96
-5629.52
-6778.826
-6995.153
-6461.731
-6714.708
-6345.565
-6322.289
-6287.646
-8204.775
-7256.052
-7049.041
-6832.005
-6335.111
-6313.246
-6385.699
-13830.01
-11666.78
-10878.13
-9071.178
84073.1
66045.3
50607.15
38809.24
28583.36
21231.49
15175.96
10721.95
6968.06
50.22571
-1785.958
-2979.47
-3302.777
-1596.737
-3080.37
-4141.005
-4753.986
-5292.266
-5228.093
-5402.206
-5770.407
-6178.483
-6413.609
-3386.938
-3135.881
-3327.019
-4286.42
-4229.932
-4824.359
-4975.017
-8122.202
-7715.295
-8421.862
-9164.91
-8837.207
-9106.837
-8579.866
-8383.407
-8253.784
-8114.24
-7862.961
-8765.255
-7677.659
-5562.699
-7833.646
-7745.275
-7765.542
-5469.087
-5833.089
-6016.522
-5940.669
-5971.289
-6205.416
-5454.944
-6150.902
-6356.812
-10303.66
-9776.157
-8969.103
-8496.297
-8060.109
-7772.342
-7538.737
-7649.42
-7323.011
-7395.868
-7091.125
-8333.808
-7466.573
-12832.24
-11266.1
-10313.98
-11704.17
-10161.22
-6739.573
-6334.11
-6664.297
-7246.304
-13437.17
-12803.78
-11621.19
-8935.133
-8438.457
-8022.424
-8329.514
-8203.094
-7965.515
-10373.59
-9739.496
-9431.57
-11344.97
-10279.26
-11102.13
-10302.02
-9250.035
-9134.886
-8371.666
-8000.913
-10375.31
-9891.022
-9795.922
-9410.049
-8930.798
-6413.575
-6649.766
-6641.55
-7181.695
-7153.4
-7025.797
-6958.602
-5384.218
-6769.003
-7407.858
-6624.487
-6495.111
-4977.693
-6765.074
-8327.079
-7926.117
-9504.282
-9035.309
-9465.959
-9260.713
-7709.243
-9823.633
-8155.986
-7939.624
-7920.779
-7944.823
-7838.417
-8045.868
-9679.604
-9412.253
-6855.929
-7294.62
-7651.029
-7827.534
-8413.037
-8176.562
-6419.24
-6555.611
-6628.587
-7052.278
-6463.981
-6943.282
-6953.906
-6931.135
-6588.674
-6813.47
-4236.286
-2741.273
-4693.131
-8556.223
-8379.924
-8492.407
-8636.315
-13426.2
-12238.88
-11773.43
-10976.85
-9997.23
-9609.819
-9157.492
-10649.1
-9954.794
-9217.748
-8484.284
-8175.809
-7930.183
-7895.28
-8424.344
-8393.345
-8183.558
-8174.157
-8109.031
-8065.056
-8037.029
-7773.392
-7947.287
-7915.82
-8131.129
-8009.229
-6004.777
-6464.793
-7053.082
-4943.644
-6030.8
-6318.17
-6575.618
-6824.804
-7117.05
-7195.15
-7223.153
-8025.216
-9643.032
-9162.241
-8248.553
-3427.536
-3930.203
-3874.146
-4134.499
-7658.704
-8707.275
-8010.683
-7857.418
-8081.264
-8793.555
-8619.697
-7683.544
895.6077
-925.629
-2272.513
-4376.802
-4497.193
-5218.149
-5761.119
-6054.022
-6589.495
-7573.555
-7714.184
-7554.399
-6120.636
-6907.554
-7071.814
-7280.365
-6709.608
-7252.85
-7264.043
-6361.523
-6579.704
-1899.469
-2855.124
-3338.8
-4531.46
-4754.366
-5439.876
-6551.768
-7052.472
-9593.699
-9311.162
-8964.743
-8729.315
-8063.81
-7161.788
-7395.171
-9026.627
-10063.25
-11432.77
-10743.02
-10244.17
-9640.674
-8962.421
-10375.25
-8873.038
-8833.68
-9645.937
1508.215
-468.7791
-1874.902
-4479.929
-5298.714
-5596.029
-8760.711
-8704.829
-7824.699
-7102.102
-6826.771
-6951.285
-7103.518
-14242.09
-12231.6
-11526.3
-10866.09
-10771.16
-10110.82
-9416.692
-11815.12
-10579.41
-12013.19
-10943.17
-10266.75
-7781.12
-7814.738
-7599.52
-7657.126
-8130.224
-7017.503
-7983.211
-6991.035
-7219.022
-4643.104
-9437.376
-13012.78
-13383.14
-12835.84
-11778.2
-11204.65
-10396.27
-9901.581
-9548.462
-9373.117
-10094.66
-10536.61
-10816.89
-9068.1
-8889.854
-8949.57
-8761.546
-8708.187
-8594.938
-6429.277
-7043.657
-5846.168
-6478.831
-6138.822
-6400.537
-6697.608
-4026.218
-4651.373
-5353.702
-5382.577
-5601.14
-6921.862
-6938.026
-7344.246
-7405.053
-7485.592
-7803.407
-8335.994
-8376.781
-8541.84
-8836.935
-7817.353
-8740.302
-8182.631
-4859.439
-4968.277
-5302.103
-5369.997
-6071.997
-9261.405
-8660.307
-18463.45
-17075.03
-14880.03
-14037.59
-12554.77
-9991.265
-9728.615
-9160.325
-9188.51
-9025.839
-8650.851
-8782.688
-8338.397
-8242.59
-4573.507
-3927.607
-4680.889
-5219.524
-5223.56
-5661.142
-6132.483
-7362.521
-7195.998
-5959.263
-4508.093
-5209.269
-5940.692
-7590.153
-7290.433
-16267.25
-14703.06
-13560.52
-12394.62
-11660.93
-10247.58
-9847.555
-9717.074
-11998.41
-9384.242
-9184.019
-9230.932
-9224.506
-9375.229
-9267.522
-9898.955
-9218.705
-8857.904
-8583.046
-8504.871
-8408.068
-8162.552
-7779.624
-7859.823
-6894.254
-6688.292
-8646.304
-13905.64
-8064.447
-8116.336
-8483.705
-9019.858
-8171.453
-7745
-11399.5
-10194.88
-6824.755
-6569.458
-6734.709
-7224.929
-7264.684
-7251.039
-8759.04
-8380.572
-8405.489
-8453.508
-8451.881
-6406.065
-6768.974
-6450.991
-6388.68
-6394.284
-6791.152
-7110.5
-7458.147
-7258.048
-7182.804
-6495.971
-6685.292
-7394.619
-7498.79
-7839.678
-7829.965
-8155.969
-5790.25
-6255.942
-6440.758
1987.036
-1732.681
-3247.923
-4189.152
-5586.924
-6102.875
-6566.347
-6449.493
-6781.266
-6011.75
-5683.827
-8301.296
-9372.828
-9023.273
-9217.682
-9048.176
-8950.855
-8435.309
-8101.247
-105199.2
-85091.4
-65204.51
-53375.7
-44862.53
-37675.85
-31910.33
-26909.58
-23053.92
-19861.53
-17299.62
-15053.96
-14328.54
-12694.96
-11943.91
-10901.41
-10298.53
-10129.55
-11741.58
-10945.34
-10404.43
-9973.321
-9147.128
-9919.135
-9209.776
-8974.307
-8172.387
-8086.52
-9492.389
-9098.785
-8677.817
-7796.74
-7517.064
-15495.27
-11806.48
-10437.89
-8764.793
-8767.114
-8590.115
-8499.179
-135.6266
-2386.417
-4831.581
-5631.927
-5828.874
-6437.943
-6429.776
-6644.544
-6942.045
-4706.885
-5360.171
-7484.209
-7718.175
-7785.704
-7995.489
-7885.633
-8776.721
-10376.77
-10078.79
-6913.156
-7157.973
-7470.792
-7856.892
-10042.6
-9507.854
-9645.769
-10144.98
-11292.3
-10150.01
-9416.144
-9067.704
-8971.163
-8884.056
-8631.727
-8261.292
-8183.662
-7893.134
-4263.357
-4570.237
-5151.448
-4914.371
-5726.553
-6559.947
-6926.22
-3889.767
-4812.415
-5443.173
-6535.124
-6446.995
-5838.09
-6280.086
-5818.389
-6358.821
-6264.035
-7296.367
-7426.925
-7686.042
-7954.257
-8150.868
-8266.208
-9223.716
-33572.47
-27270.58
-22180.86
-19087.94
-16194.6
-15386.09
-14713.54
-13219.66
-12303.16
-11748.19
-11490.42
-11178.23
-10251.67
-16938.27
-15006.99
-13839.27
-12938.08
-11301.93
-11117.34
-10156.53
-8897.688
-8975.005
-9249.089
-8430.904
-8759.826
-8641.232
-6678.859
-10593.97
-10069.27
-10038.8
-9698.283
-9503.766
-9175.592
-8601.714
-8674.079
-8373.168
-10661.67
-10248.51
-10112.64
-9775.147
-9349.261
-9364.283
-8614.131
-8483.03
-8594.325
-9091.268
-10665.65
-11484.67
-10256.24
-9861.674
-9654.851
-9742.444
-9958.2
-9736.393
-9606.267
-9162.26
-9926.506
-8769.55
-8791.1
-8265.288
-8299.615
-8263.413
-8372.696
-8405.826
-8749.061
-9160.711
-10724.47
-10334.88
-9921.497
-9877.198
-9439.71
-8732.065
-6596.443
-6996.304
-10293.17
-9576.994
-9538.904
-9487.491
-9297.462
-8130.072
-8277.037
-9042.475
-8974.601
-9414.774
-9359.408
-28273.19
-24275.21
-20729.15
-17908.18
-16347.6
-15155.6
-13732.65
-14444.39
-13085.22
-11947.61
-11500.56
-11490.02
-10996.42
-10324.63
564.0483
-1381.433
-3146.143
-5069.921
-5542.986
-7685.97
-8411.004
-8049.124
-7006.85
-5157.828
-5857.909
-7636.879
-8771.229
-8941.995
-8561.169
-8129.66
-6281.154
-6584.236
