291.8119
-52.25801
-250.8107
-176.9806
-262.3845
-530.0615
-270.2157
-608.2943
-59.40697
272.919
181.3561
-210.6224
-1701.593
3128.775
1893.34
1918.891
-6142.707
-3725.478
-2221.358
-1444.33
-394.1431
-319.1239
-476.2747
-487.3685
-769.7574
-86.60636
347.5653
-790.9354
-778.8418
-482.6874
-533.266
-508.3927
-273.748
1428.964
785.5567
-199.3953
-187.482
-6659.241
-4205.498
-2780.869
-1918.377
24.79036
-164.5824
1496.515
551.7502
-12467.23
-7906.848
-4418.826
-3549.345
-2321.716
-1444.536
-474.6149
-439.2091
-542.2477
-456.4334
-212.9212
411.4074
136.5975
125.5746
35.9328
59.12014
-103.1444
693.1188
-40.5235
104.905
1226.233
-625.8964
-835.3672
-705.7138
-671.7013
-71.71006
-293.8363
-164.985
-6148.371
-3765.956
-3544.826
-1367.848
-1454.919
-1903.423
-762.5665
-869.0969
-673.9616
-923.1274
1877.147
904.6899
958.3347
-818.4203
57.96893
867.1749
601.1235
-209.6779
86.94276
83.47754
653.2069
771.5683
423.9116
225.4232
-14.72283
-68.5939
-111.9125
-211.6101
181.7396
195.7772
137.8468
1371.947
687.772
86.53328
15.08678
7.117708
1894.781
1737.538
1847.051
1086.2
415.434
137.1547
694.8257
575.9713
336.0458
347.1048
174.5344
-737.5344
724.8561
541.1162
441.8231
-3331.593
-1947.662
-1250.216
-1089.883
-334.7947
-86.11192
-205.3417
874.2461
1491.158
1106.595
588.8127
349.6042
170.9729
343.0461
329.745
368.249
542.5404
405.3687
905.2018
947.7876
1821.037
1509.017
6446.763
4088.868
3512.516
2041.814
1642.195
1117.766
6524.599
3658.338
2702.708
1324.511
931.3834
675.2701
655.4479
518.1264
524.9725
-1114.457
-659.7041
221.9291
439.5398
536.9877
233.7563
-134.5846
-159.4091
153.3831
-21.82067
1388.46
733.9358
458.859
136.9121
1396.309
754.2054
486.6757
365.6332
-534.566
-557.1967
-332.8214
399.973
116.1907
268.4552
1167.99
422.0826
95.01286
207.358
426.3862
-388.2592
-1643.645
-956.9547
-1051.546
-1201.163
160.0662
-257.0003
-469.5112
-24514.83
-14440.1
-11104.35
-6866.719
-3937.267
-2331.111
2312.249
1803.653
609.8221
135.7254
-12232.03
-9341.548
-6027.347
-3375.769
-2433.44
-3284.032
-1889.082
-733.9886
-1548.713
-1147.435
-1264.603
-922.5429
-500.8879
-509.7216
-290.5011
-553.457
-520.8642
-647.3963
-935.8636
-736.1165
-431.5865
-1122.028
-214.1061
-542.1439
-444.586
189.4714
-271.9971
215.2958
-267.5775
473.9712
193.7404
-89.98586
-3568.513
-1961.62
-1179.038
-793.2132
-683.5487
-397.6725
-469.184
-168.3919
-363.1263
167.8118
34.27475
86.20426
207.1416
-84.68345
-124.4548
-160.8164
-531.9288
-414.7031
-2138.193
-1637.711
-1244.286
-62379.15
-36776.22
-22068.18
-13372.89
-8113.983
-4855.816
-2584.832
-1711.758
-1327.683
-950.8034
-208.6198
418.752
170.4791
50.13997
-25.94891
6705.492
1065.74
995.3531
415.7201
378.0094
370.9915
-1355.751
-2112.691
-1615.65
-1090.85
-536.6977
311.667
2004.36
1610.787
222.6228
238.1795
505.1371
381.4497
233.028
195.1272
-167.4036
-491.5527
-275.1802
-439.5569
-122.9188
-206.8989
-2331.436
-1120.142
-862.6253
-2053.071
-1479.442
-983.9659
-434.8126
31.10986
-176.3312
-9868.511
-5979.498
-3606.557
-4606.537
-2652.197
572.6159
1161.802
843.543
581.372
403.7936
315.5465
-412.0448
405.4023
330.5953
687.1307
395.2845
303.064
57.36288
-635.506
-428.1706
980.3363
933.0091
626.1701
620.2145
841.0812
367.8052
112.846
-208.9857
-244.0573
114.2389
143.8896
-89.13453
379.3592
1242.453
55605.72
32208.9
18917.99
10885.44
7012.381
4116.587
2207.191
1208.145
-281.4446
-488.8412
-458.904
-4251.019
-3704.185
-22223.65
-13937.09
-8623.754
-5115.774
-3674.984
-1843.553
-1349.241
-6597.838
-5780.444
-2916.149
-1752.284
-1716.673
-1091.038
-696.8116
-607.855
-1304.17
-706.9234
8173.236
4425.679
3661.524
2185.581
2669.194
1342.354
221.8604
254.6399
67.05855
-279.8867
-513.6796
-472.308
-7.475747
-242.1779
-553.8881
-249.7542
22419.08
13219.55
7025.343
97.31791
355.2435
69.84921
-304.988
-466.7175
70.23379
-27.55838
430.3581
-93.30217
-374.5391
-368.6593
-470.1469
-1325.211
235.2868
-139.5706
-772.4411
-78.64843
-870.3902
-831.2723
-465.9652
-815.0494
-2143.4
-1679.57
-977.5896
-585.2381
-526.5844
354.1105
-389.8193
77.44566
545.4954
1627.857
944.2613
199.267
1336.595
66.97383
-374.6739
-824.2998
-1137.285
-472.0616
-46.54795
343.1914
672.9187
-24.75492
20.62109
-8000.303
-4554.099
-2642.658
-1512.082
-1350.022
-1902.644
-1327.198
-920.2579
-1152.597
-1036.782
-1081.117
-887.3519
-456.4631
162.5425
-342.631
-137.2534
-270.0852
-576.3896
-796.7307
-552.296
-452.3285
-391.1129
-1362.757
-3212.529
-2249.747
-1801.52
-712.3119
-602.8643
-457.7386
-211.7733
278.3786
-1006.957
-335.3216
-241.6286
-756.4836
-385.7369
-511.2676
-1574.016
-1476.617
-1082.543
-490.902
-85.59947
97.29815
-88.75652
728.2179
580.5088
2982.778
1965.192
1216.175
710.1776
130.487
17.70851
15.34927
-351.4267
-146.6421
-255.3765
102.9127
-458.5366
-84.11108
-300.9136
-287.322
455.9978
-344.4772
-492.7285
-487.5663
5326.642
3559.253
1961.579
1220.656
1780.141
1399.73
967.4509
-297.2122
183.35
-756.5385
-1218.374
-643.2685
-618.6892
-476.2651
-349.5096
69.18473
-249.5574
246.0042
-620.9661
-601.7563
-575.1724
-597.9315
-741.7146
-649.7957
-490.4066
-663.6066
-1054.609
-635.5785
-838.2148
-811.3232
-1698.598
-2245.586
-1421.969
-1085.938
-845.6414
-1210.14
-881.1266
-834.7393
-563.6523
-195.8725
-1696.531
-985.1979
-701.2014
-707.7829
-791.1012
-1058.659
-846.4946
-754.1104
-684.1835
-466.4251
11674.69
6598.504
3696.384
1413.441
486.9475
48.36843
-819.6086
-954.6289
-868.8662
-1096.405
-1276.836
170.3019
-163268.3
-97185.9
-58032.74
-34969.1
-15327.85
-9213.018
-5727.97
-3424.755
-2056.778
-1043.181
-935.5771
-655.1969
-411.8511
80.7716
-51.61823
-330.0088
-606.8681
-740.3042
-1800.679
3610.99
5995.337
5489.962
3024.879
1076.603
377.0892
41.37519
-218.2233
-348.3697
5868.094
3576.148
351.8795
-2047.38
-1811.743
-2141.813
-1717.216
-2056.492
-152.8273
-705.6249
-580.914
-419.3728
-487.3219
-672.9324
2217.085
2019.924
705.7358
175.7258
141.4516
273.0996
354.6618
-2.43741
1466.403
2306.782
1230.575
840.4858
-1425.614
-2040.526
-2292.866
-1929.997
-3137.994
-2898.373
-1899.405
-1090.91
-662.9463
-225.709
-475.7451
-675.2719
-271.4486
1409.006
905.7603
1288.756
1356.356
555.9814
235.2278
1531.226
1358.174
326.9711
819.759
849.1143
636.8647
-152.2906
814.8517
376.2288
265.8258
-403.1242
-2686.312
-862.2777
-364.7745
-750.4399
-540.9981
-749.0846
-1642.767
-1446.212
-1615.965
-1800.736
-1004.538
-652.3792
-457.3255
-922.0048
-457.3659
-260.7813
-1615.027
-950.0834
-534.3968
-808.5586
-829.1755
-629.4681
-524.8144
-2653.221
-1809.526
-1028.118
-831.1864
-706.0841
-700.4621
-373.701
-642.9517
-368.2484
4167.57
2433.731
1175.303
5090.172
2725.234
7017.572
4041.627
2330.062
1246.069
629.8548
59.63104
-92.51727
-362.0099
-402.026
-331.7543
-293.7627
-635.4365
-957.755
-884.7008
-699.2287
-383.9192
-68.38364
-190.892
-353.3679
-302.8959
-1301.962
-1109.516
-1014.835
-691.3149
-747.6173
-763.1834
-494.0482
-661.6888
-1325.284
-1057.732
-884.0136
-1014.016
-845.9743
-2099.565
-2785.558
-2042.198
-1608.933
-1170.094
-1104.896
-958.8017
-929.8859
-658.3201
-651.6572
-465.4182
185.4442
-603.8419
-776.9287
-1992.945
-1622.816
-1252.466
-959.9219
-735.9671
-757.7392
-932.387
743.0854
64.58447
-273.825
-473.2537
-460.3726
-381.0161
-354.5405
-4026.741
-2622.558
-5686.485
-3981.783
-2733.571
593.3764
68.41625
280.1678
-584.3706
-601.6982
-683.2338
-800.3444
-945.6539
617.6527
509.0896
-312.4305
-418.1622
-137.1722
-283.6096
-359.7228
-532.3064
80.21754
765.244
454.7334
-245.4655
-541.617
-799.7951
-688.1458
-371.7053
-10586.87
-6866.51
-3881.11
-2482.729
918.0959
414.8878
179.4187
-37.82414
-422.9892
-429.4158
-533.405
-610.3502
-326.5996
-374.8793
-347.1269
-1048.023
474.6632
229.5673
-4831.454
-2962.194
-2059.748
-1099.269
-543.5423
-50.0006
-458.6814
-441.3625
-308.6985
-570.298
255.8867
146.2072
-228.3469
-1681.752
-936.8744
-447.1686
-185.7003
-158.9246
-397.9234
-996.3714
-682.562
-856.7983
-477.4748
5759.163
2117.427
1372.372
762.6304
532.7224
537.5208
739.6395
547.2454
-288.582
14.3484
49.91444
-220.2232
-692.3685
-820.851
-454.3176
-568.999
-599.1015
-578.2705
-993.9596
-710.5947
-496.0594
-1026.315
-1132.427
-97.47032
-1415.229
-1483.766
-824.0401
-539.2419
-219.8595
-123.3478
-290.3581
-213.2729
-219.7984
328.0252
130.4995
150.5289
-84.37111
-114.771
314.8909
-45217.52
-27012.73
-16254.17
-9896.645
-6104.365
-5005.395
-3071.973
-2232.714
-570.1754
-1644.264
-1534.941
-2421.177
-1542.897
-967.7236
-1518.339
-1227.496
-635.8417
-751.9163
-1734.553
-1370.261
-1083.666
-659.1617
-393.1738
1771.684
1125.097
700.3111
34.86511
-318.4124
-532.2635
-836.2014
-764.8105
-444.5056
-411.141
-327.0234
-805.8776
-418.801
-470.6095
-881.6169
-3448.247
-2314.313
-1577.636
-1469.404
-1345.338
-372.7391
-599.9673
-543.6422
-1596.77
-1413.624
-1557.095
-1336.568
-1450.504
-121.7558
-481.4234
-12374.67
-7821.846
-5073.53
-3859.383
-2377.241
-1607.259
-1448.296
-1652.307
-1564.549
-1312.491
-3313.327
-2233.476
-750.7114
-657.7578
-830.6324
-933.1643
-2116.853
-1545.924
-1571.424
-1327.294
-1041.345
-483.1927
-232.4336
1094.449
145.7764
182.7419
-33.12814
-287.8566
-258.2231
-4512.965
-5543.42
-3735.062
-2322.757
-1640.698
-1203.122
-1314.757
-968.3623
-647.5836
-607.3183
-1169.39
-991.7833
-1855.191
-1318.941
-846.079
-926.4036
-724.4985
6078.976
3218.766
1744.354
4491.226
2926.032
1460.832
6773.325
4243.498
2419.691
1471.072
537.3791
111.5727
1217.584
1088.316
361.6419
-84.5414
786.7094
-236.1201
-100.9635
-644.6448
-662.603
511.1
-1340.375
-1028.335
-803.5562
-540.454
-408.996
-566.8334
-487.2837
-210.0987
269.3463
269.7018
-157.9511
-12805.9
-7426.886
-4467.276
-3008.382
-1552.844
-1371.292
-1059.057
-702.3545
-1141.98
-709.3309
-231.7498
27.90887
-616.509
-507.2266
-499.2119
-1163.861
-1071.173
-1034.007
-948.1544
-568.9398
1628.765
583.2848
35.67697
-2722.46
663.8996
180.1152
144.1623
-857.9957
-739.4061
-391.1235
-118.3108
-181.1631
-175.4984
199.2436
50.38611
-238.8519
-2963.368
-1104.934
-387.4541
-619.1958
-99.02854
-566.1547
-246.0762
-2430.265
-2032.383
-836.9612
-586.5538
-595.9221
-559.8094
-734.614
-3595.909
-659.2414
-457.1967
-827.9335
-647.2083
-858.1132
-252.0482
41.61645
-785.2467
-881.5065
-1023.153
-826.7998
-1643.892
-1556.722
-1717.126
-781.8988
-641.7081
-4377.515
-512.4631
-977.2048
-2242.321
-1924.693
-1447.404
-1171.67
-825.2606
692.2819
-224.2856
-2049.599
-12680.74
-6761.772
-4466.14
-2514.269
-1932.119
-625.4963
-693.5197
-1418.211
-1450.073
-1276.458
-1242.342
-1565.412
-1991.267
-54778.74
-33149.6
-20039.77
-12382.16
-7939.252
-4664.032
-3058.571
-2728.651
-2506.473
-1919.67
685.4752
258.0691
9943.741
5920.982
3202.627
1290.188
1513.746
-2845.018
-1345.255
118.3806
-767.4326
-752.2872
-835.9348
-1093.292
-1281.007
-1066.317
-921.0302
-1953.873
-2787.62
3294.909
1454.057
509.1235
1319.489
503.7456
606.3655
2239.135
112.7922
-530.2296
-579.4373
-226.2419
-1026.414
-916.7543
-920.8897
3244.578
1657.037
510.7911
690.3465
-115.8194
-503.2003
-391.289
621.0338
362.5647
64.04741
-115.516
-331.5906
-206.6084
-219.4637
168.2493
3023.832
1188.4
1075.421
458.5362
87.77003
14.19952
-105.5274
103.7109
1967.683
1428.585
1083.181
988.871
660.8447
-197.388
-1087.838
-488.1821
-245.1658
-770.9898
-482.6088
-878.113
-652.9
-804.4647
-900.9085
-641.6539
-1751.355
-1203.354
-932.5962
-814.5641
-2207.747
-1400.517
-1138.672
-1040.592
317.0479
138.7709
1236.751
645.7125
1055.572
436.2925
-29.45259
199.262
1819.605
794.8942
660.1341
28.58125
-1141.997
-3390.238
-1075.526
-192.5444
1158.052
387.5934
-137.7405
113.875
-413.8016
-285.8677
-396.1496
326.9066
-52.99089
-240.744
-632.607
-539.65
-652.7623
-1489.655
-1164.109
-933.0359
-1017.862
-809.6125
-694.9946
-822.6879
-602.0406
-294.8673
-448.9048
-1044.855
-1140.84
-883.9795
-1036.573
-1345.059
-1381.611
-1057.789
-1184.156
-1096.963
-1299.671
-2591.124
363.6297
11.75349
1096.304
-11381.54
-7235.21
-5678.579
-3687.271
-2454.355
-2655.146
-1737.791
-1608.587
-1361.023
-2081.176
-1152.255
-1546.64
-1460.678
32705.86
18977.46
10843.35
6152.403
3527.237
903.8298
126.9786
-552.2363
-2154.933
-1286.141
-27663.04
-17202.73
-10654.38
-7057.928
-4623.327
-4776.358
-2989.569
-2576.446
-2148.943
-1749.394
-1557.305
-5702.768
-4420.248
-3006.423
-1637.47
-1337.623
-1259.994
-1388.366
-1201.456
-2832.032
-2918.637
-2322.12
-2034.132
-1847.877
-1159.7
-1803.076
2664.963
1118.801
292.3859
-461.6131
1931.19
573.5796
-3079.816
-2020.717
-1778.826
-888.1608
-1040.855
-955.5871
-827.0345
-1092.833
-856.8076
-1100.726
-1161.564
-1644.664
8951.306
4850.41
4283.462
2288.126
1054.361
-14.2628
-125.2699
-85.13398
-44.38666
-184.7845
-9849.119
-6476.219
-4325.974
2419.593
697.8993
163.2101
-731.4185
-760.5575
-523.6237
-232.6244
-228.3531
-186.8102
-133.0737
-529.2906
-106.1848
-588.1587
-724.2219
-577.0772
89.33497
-84.24071
4010.182
2177.136
6031.298
-49576.8
-29884.41
-17163.83
-10416.25
-6417.163
-3838.865
-2603.993
-1249.926
-668.3336
-865.2894
-983.9615
-2661.397
-1782.064
-1208.16
-1031.318
-641.5151
-582.7922
1358.992
627.7255
-102.4916
72.91746
-174.928
-436.993
-866.3549
-980.6453
-1009.885
-764.309
-327.0478
-501.292
1291.709
564.2967
225.2944
84.27759
-195.1802
-601.8925
-871.2499
-297.8512
-407.9078
-520.8119
-455.7967
-2540.431
-1545.384
-1067.858
-1135.489
-228.8212
-458.8204
-56.59975
-567.0419
-2083.54
-1289.778
-1414.28
-2218.547
-1408.926
-8764.153
-5408.457
-3372.635
-2309.571
-1307.225
-28.2165
88.51386
-59.80242
-558.6014
5232.38
2462.972
830.301
67363.67
39358.33
20830.13
11844.73
6718.508
3721.414
1908.553
668.2937
435.3504
-36.68595
-575.0104
-808.8089
-1007.309
789.9514
68.46768
-593.1865
3256.874
846.8044
250.6651
-530.5827
-533.5394
-1259.207
-1511.663
-1213.454
-1366.912
-1324.992
-1881.007
-1444.742
-8319.28
-5603.75
-4366.085
-3069.809
-2299.769
-1830.72
-541.4357
-1272.029
-1310.695
-3696.434
-2918.49
-2208.108
-1212.321
-1529.228
-506.4842
-857.9754
-1158.287
-992.8863
-740.5353
-1800.6
-1216.315
-1201.44
-290.2376
-850.7946
-438.1654
-1077.505
-1142.035
-925.1773
-713.2544
-688.9177
-1530.54
-1641.173
-1337.386
-2068.252
-1324.787
-8413.413
-7262.093
-4761.94
-3295.031
-2760.86
-1975.99
-1597.356
-1357.314
-1465.644
-1431.967
-1741.306
-1419.138
-1292.399
-167.4853
-453.1959
-518.3278
-1075.821
-1647.106
-1174.832
-1176.664
-1044.699
-1274.43
2186.328
-1115.063
-1105.689
-761.0198
-300.1761
136.0958
-1673.262
-1485.677
-920.211
-232.5317
-172.8706
-992.1016
-909.7694
-2690.386
-1949.318
-1387.386
-1141.767
-1983.383
-1862.413
-1456.389
-810.7289
-610.4587
-754.7297
-2327.96
-1186.618
-1066.781
-1166.98
-1014.157
-646.2596
1864.278
1438.608
622.039
747.6259
316.2557
4499.777
2588.122
1571.882
658.2396
899.4549
1902.82
891.7035
300.953
-1750.011
-1321.837
-935.8753
-959.7544
-557.5268
-385.498
-9444.969
-7567.21
-4386.202
-2780.602
-2174.652
-1380.703
-1692.334
-1268.489
130.3053
-495.9484
-431.531
-422.6422
-621.9076
-867.5812
-1884.235
-2531.41
-1407.676
-765.4238
-508.7758
-913.4048
-1132.538
-910.5472
-497.5103
-417.4735
-647.7873
6734.946
4202.227
2762.741
1703.555
645.0994
94.78885
-332.2264
522.3047
1302.15
385.4758
-305.6616
-426.4529
-3961.113
-2648.764
-182.5326
-1019.633
-556.8202
-709.9585
1292.856
-363.9941
-265.3902
-710.1885
-565.9671
-1184.953
-1265.3
-1423.475
-977.3502
321.8387
-670.9042
-304.8255
-453.4173
-556.7572
-623.1837
-876.5783
-1143.311
-1099.343
-1408.55
-13881.86
-9032.302
-6240.78
-4305.914
-3047.381
-3402.471
21543.68
12368.65
6895.574
3685.527
1709.244
678.8076
370.2923
-3635.813
-2380.808
-1698.002
-1262.991
-1493.149
-1570.693
-4973.593
-3650.251
-2827.916
-2540.619
-1866.746
-1693.115
-2114.674
-5205.434
-3474.326
-2886.788
-2424.817
-1845.287
-1167.089
-1577.321
-1478.993
-1907.407
-1163.28
-987.0734
-1001.852
-1210.064
-768.2067
-714.6383
-9926.532
-6445.096
-4463.385
-3006.181
-2328.855
-1660.546
-1611.346
1663.041
1280.514
1261.706
-79.01354
-955.8429
-1475.637
-1801.895
-1268.35
-1180.867
-1050.862
-922.3091
-1371.578
-780.0758
-259.3098
-649.1413
-791.1335
-994.8619
-584.7716
-981.0097
-1257.047
-1961.603
-1700.023
-1302.153
3474.429
1668.624
-171.0136
-697.0075
-424.3448
-710.3512
-916.7017
-912.6212
-699.3626
-948.1263
-1153.577
-590.3512
-457.0497
-914.0596
-737.447
-723.8392
-216.0544
-491.8093
-733.8942
-361.1844
13222.75
7921.648
4463.091
3568.321
1245.169
501.9544
-6499.852
-4128.014
-2811.38
-1867.773
-1042.588
-1289.267
-2549.302
-811.7942
-452.5026
-300.2369
-441.6081
-1126.307
3427.57
1722.625
529.5896
98.20956
455.7974
-68.59764
-411.5657
-506.371
1840.188
894.7147
447.3623
24.79166
-577.2408
-971.8835
-719.4915
-863.3144
-1341.284
-154.3481
69.44616
-82.49898
-82.6576
-89.59191
338.3023
223.5107
523.8831
53.18145
16.79097
-1889.043
-1100.503
-1071.529
-832.7729
-954.1141
-749.5034
498.0839
-44.44561
-1056.384
-651.0406
-864.1872
-1198.134
-1310.72
-1182.953
-1207.304
-1462.663
-202.7785
-1322.099
-1672.863
-1460.172
-1993.533
-1634.896
-1778.739
-1631.825
-1246.287
-1302.849
-878.2722
-1198.048
-1472.226
-1391.659
-1472.997
-1475.143
-1906.318
-2554.189
-1925.968
-1087.634
-1347.743
-1719.213
-5588.774
-2745.975
-2136.338
-1993.012
-1507.525
-1546.629
-8117.909
-5347.515
-4269.5
-3053.763
-7073.278
-4850.007
-3525.596
-3089.463
-3194.36
-2149.123
-2327.616
-2065.962
-3173.669
-2493.534
-2750.009
-2940.637
-2629.301
-2074.428
-1591.574
-1562.349
-1480.812
-1678.491
-2584.817
-113.8371
-566.709
-1121.425
-1638.061
-1494.995
-1563.041
-1196.662
-2106.872
-1167.649
-984.0993
-1199.716
-4415.79
-3337.284
-2675.556
-1832.856
-2056.871
-2227.11
-2074.353
-1762.051
-1516.845
-2041.668
-2036.042
-1608.157
-1501.062
27.65014
-1667.935
-920.4566
-664.4767
-802.5006
-1338.064
-1616.266
-1024.729
-1067.492
11538.42
5954.701
3151.132
3092.26
1790.577
859.1811
182.7955
-169.508
-18.43874
-403.151
-662.8752
-562.6978
-8695.64
-4987.892
-3509.488
-2394.047
-2889.63
-2614.982
-2100.731
-1940.137
-1298.497
-1603.065
-1512.865
-8170.51
-5168.202
-3514.51
-3580.053
-2448.786
-2038.78
-1612.167
-3905.426
-2720.998
-2626.236
-856.4805
-970.908
-845.9924
-1033.886
-841.184
-716.9497
-1106.16
-1082.325
-735.928
-605.1622
-976.5269
-970.9833
-734.1339
-1038.274
25.50588
150.638
-980.6979
-378.3457
-1174.524
-792.6251
-863.6772
-1005.045
-1016.811
-989.0029
-777.2003
-1762.765
-1299.224
-1256.462
-580.2973
-867.6679
183.5635
472.9772
221.4573
-184.4173
-2629.146
8267.695
2596.904
2593.292
1255.342
7671.408
4059.017
4314.474
3887.619
1939.271
922.4259
1305.991
343.7744
-155.6123
-538.1458
-558.89
2160.448
762.6962
-194.2129
-705.4302
-785.5791
-908.3065
-1213.011
-694.8946
-761.7481
-354.5539
-687.6075
-1221.164
-1309.374
-1301.554
-1631.924
-106.0293
-780.9064
-1010.751
-911.1301
-114509.7
-68407.89
-37796.26
-22875.33
-4588.438
-3549.557
-2627.243
-666.2565
-6052.124
-4188.435
-3340.074
-975.2087
-870.4772
-832.6137
-1728.563
-1225.269
-95.76892
-413.9523
-1327.412
-1240.107
-3170.916
-2404.921
-2074.957
-1717.549
-2096.67
-1997.312
-1861.59
-2835.153
-2343.378
-814.1498
-1346.379
-1143.701
-1321.485
-1249.435
-1530.752
-814.8655
-1033.924
-1227.046
-1280.304
-1510.329
-1744.035
-1335.538
-1339.981
-1605.122
-1743.151
-1635.847
-1577.119
-4027.003
-2899.103
-2458.675
-1981.03
-1449.437
-2648.716
-1976.73
-1864.191
-1669.053
-570.6694
-806.598
-1011.385
-1252.459
-1148.029
-1026.765
-1234.241
-945.0344
-1084.291
-1473.308
-1923.276
-3166.299
-2793.259
4016.332
1992.569
578.0599
140.4171
-77.63538
-2426.384
-2354.107
-2026.066
-1982.096
-1785.554
-1534.752
-1376.595
-1365.571
-97.8396
-593.8135
-639.0496
-610.218
-847.6265
-821.2722
-1123.13
1371.917
398.5143
-244.4097
18.45465
401.1809
-127.7982
1297.784
-282.0506
-358.8468
-533.6646
-709.7039
-2789.513
6904.564
3455.78
1704.981
1245.253
454.4966
-232.298
-869.2256
-836.5335
-840.7739
-207.7705
-10.95783
-133.1536
-251.9715
-668.4205
-489.718
-831.2205
-452.7597
-1448.309
-1315.795
-2476.346
-1945.203
-1875.333
-1759.197
-1453.083
-1259.595
-1134.66
-616.7757
-402.7115
-57166.99
-34259.98
-20180.54
-12960.19
-8224.794
-5426.032
-3672.719
-2664.321
-1766.165
-1825.994
-1799.03
-1364.074
-1090.108
-1422.271
-948.3756
-6219.609
-366.6127
-1993.286
-1703.798
-1199.811
-1123.192
-946.0245
-1060.504
-1117.13
-1440.077
-1483.879
-1389.61
-1319.447
-678.2292
-855.7457
233.9441
-624.2043
-619.4035
-1563.226
-3292.884
-2665.967
-2714.98
-732.3081
-1383.091
-1311.649
-696.7364
-1548.182
-1224.447
-2516.143
-22483.65
-14208.27
-18231.44
-11744.57
-7526.317
-5581.966
-3766.322
-2447.919
-2262.501
-2205.172
-1602.144
-686.8475
-1648.585
-1648.828
-1932.401
-1973.406
-1919.076
-653.8316
-1152.041
-1595.634
-1480.722
-1127.823
287.5283
-680.6963
-914.6039
-1901.667
-3171.446
-1425.148
-1802.721
1329.647
-521.7435
-1000.78
-1409.72
-4306.668
-2757.286
-2606.338
-2373.313
-2428.573
-2185.088
-2092.493
-1035.556
-1372.105
-1288.874
1432.775
83.63812
-115.8531
-812.9932
1037.672
628.3498
-581.7047
-775.023
24627.99
14400.22
7620.06
6823.621
4639.179
2026.891
750.3252
-279.8604
-463.9367
-893.9408
-1136.05
-1006.496
-1391.677
-812.0633
6174.262
3052.63
890.7189
204.9064
-426.0294
-652.8591
-1072.625
-1151.931
-789.543
-587.5169
-996.8354
-533.1975
-756.2645
-1045.125
-1493.717
-1074.999
-1024.2
-601.0272
-869.71
-2036.974
-1507.866
-1580.296
-1497.435
-1659.919
-1246.459
-1223.101
-4091.153
-2947.863
-2264.485
-1719.359
-1206.921
-6972.108
-4567.039
-2045.325
-2900.345
-1679.016
-1418.937
-1094.049
-970.8737
-171.7944
15.61233
-542.3102
-596.821
-3536.056
-2429.31
-1846.858
-1341.64
-682.9798
-770.5314
-3718.11
-2025.628
-1924.256
307.0725
-292.1179
-588.1741
-907.16
-967.8278
-1088.066
-1000.949
-739.4254
64117.95
37679.96
21622.69
12693.34
6823.985
3481.104
994.7407
393.1141
-389.0195
-398.1782
-1036.245
-979.7334
-848.1176
-997.9581
-1301.526
-1047.088
-276.829
-394.8036
-605.6049
-541.519
-1234.287
-1143.471
-1341.552
-1322.968
-1184.47
-1307.536
-1227.955
672.6333
-215.1124
-52.11741
-533.7454
-798.6142
-939.7755
-1184.756
-1337.937
-896.0344
9011.153
5205.39
2880.164
870.8265
7.880103
-2263.433
1901.466
687.2714
-199.3056
-1078.859
-1417.107
-1120.452
-438.9816
-293.1043
-915.3922
-618.2407
-893.5278
-1653.256
-1571.632
-4277.844
-3326.879
-2627.485
-2140.389
-2171.462
-2282.815
-2216.339
-2154.498
-1779.689
-2137.756
-1356.453
-841.476
-91.24739
-247.8424
-447.5573
-1179.144
-1393.678
-15260.73
-10263.38
-6197.448
-4340.229
-3207.4
-3181.692
-2762.386
-2267.775
-2008.221
-2115.028
-2316.611
-1683.357
-1549.799
-1537.249
5463.498
1633.641
57.88378
-3231.595
-2646.219
-2475.911
-2200.3
-1637.529
-1742.931
-1808.939
-1971.298
-1902.446
-2462.239
-1924.718
-2444.919
-2080.114
-1863.119
-757.8076
3146.342
547.4435
-1063.221
-959.3964
-1191.681
-1299.92
-1300.414
-3258.94
-2030.289
-1312.26
-1528.591
-1958.777
-1811.314
-1929.511
-1583.183
-1530.098
-1483.193
-1126.477
-827.1795
-758.7601
-1351.677
-1151.752
-2263.041
-1745.818
-1530.109
-2247.309
-1869.6
-1594.601
-2071.754
-2146.064
-1670.589
-1421.795
-359.3944
-597.9677
-1261.782
-1228.617
-952.3191
-3734.6
-2792.178
-2206.616
-2478.523
-2137.438
-1932.39
-1846.967
-2745.235
-2519.308
-1867.644
-1523.146
-955.7765
-1136.258
-901.0614
-704.1022
-777.664
-2492.481
-5284.671
-3674.166
-4069.063
-2869.014
-2263.157
-2005.929
-1448.126
-1133.813
276.1453
-403.9026
-574.8295
-960.6756
-1368.267
-1172.265
-958.9893
-1104.992
-972.5818
-916.6157
-182.7669
6548.173
1970.296
772.9748
599.2151
205.3893
-2757.969
-1117.652
-1370.003
-814.606
-917.2651
-871.5799
-1264.707
-1337.225
1028.553
1189.657
379.891
313.7351
-959.4576
-2698.538
-1994.906
-1709.225
-1202.202
-1216.198
-1404.784
-342.0105
-811.1366
-1325.393
-1621.382
-1309.184
-1435.253
-1639.31
2465.179
1075.53
-32.29759
3166.698
1116.283
-580.0089
-1009.416
-2632.705
-1763.672
-839.5905
-1212.3
-2032.607
-2110.441
-1792.873
-1736.401
-2968.168
-5458.274
-3848.771
-2870.153
-2430.469
-750.523
-793.9421
1442.907
14.05607
-607.622
-1232.938
-1149.368
-1169.364
-1424.707
-1603.474
-2386.946
-2079.145
-1964.082
-1588.247
-1865.93
-1836.18
-2873.974
1490.161
-274.8453
-918.6243
-278.4991
-1149.347
-1655.392
-2329.385
-1974.62
-1950.132
-1129.857
-1799.702
-1822.855
-1241.048
-1286.855
-1481.817
-1702.725
-1959.984
-1959.217
-859.0738
-425.5188
-666.3896
-934.9573
-1123.305
-923.9548
-1273.81
-1521.456
-1635.877
-2549.011
-2668.978
-2323.962
-2517.977
-2096.823
-1617.228
-1785.251
-1576.944
-2172.966
-2028.153
-1405.543
-1444.939
-380.3147
-1483.574
-1579.408
-1599.979
-1727.457
-1846.037
-1527.364
-1351.719
-1429.471
-1777.56
-1452.141
-1635.106
-1692.381
-1840.101
-1835.201
-1842.874
-1570.359
-1500.541
-1632.147
-1621.936
-1879.456
-1892.962
-1612.738
-1257.003
-1407.036
-1000.096
-473.2531
-667.2566
-1186.901
-1253.474
-1271.262
-467.196
-823.0327
-763.1463
-1153.937
-1033.781
-1257.801
-271.46
-507.4249
-1308.619
-1269.529
-1205.914
-1649.078
-1137.82
-1488.408
-2765.272
-2262.182
-739.2232
-812.7673
-2545.062
-2070.922
-1268.596
-425.6191
-149.0151
-627.0998
-1111.066
-1229.4
-2166.136
4495.25
2012.118
-1526.368
-1367.627
-305.8046
-712.9638
-1073.746
-1419.649
-1093.178
-1589.103
-1301.923
-1519.312
-1403.537
-1574.283
-283.1275
-738.8538
-455.9717
-724.3547
-994.3254
-1298.579
-1394.418
-1265.371
-1526.422
-1333.726
-1115.23
-1451.75
-1319.728
-356.1611
-852.4609
-564.3968
-895.8686
-1321.913
-1411.21
-2156.753
-2050.988
-1674.804
-1583.84
-1441.709
-1373.433
-1477.159
-1646.603
-1382386
-822274.8
-484455.8
-288612.6
-173156
-102490.9
-61268.34
-37220.15
-23058.72
-13569.42
335.5716
-466.0093
-1721.562
220.9746
-750.2337
-1340.45
-1729.132
-1895.016
-1405.468
-1388.815
-1280.561
-2197.578
-1947.386
-2040.109
-2066.274
-1603.931
-1382.235
-1645.687
-2503.382
-3510.82
-2489.403
1739.338
1342.082
-5.904193
-653.4532
-1491.59
-1845.632
-1114.111
-1668.12
-1804.868
-2367.135
-2725.049
-2046.437
-2182.394
-1864.993
-3000.951
-2883.476
-2567.78
-2312.08
-2307.091
-1938.578
-2654.539
1582.793
-312.483
-878.345
-1132.52
-1759.634
-1806.658
-1796.326
-1939.101
-2136.265
-2101.119
-1752.344
-1545.221
-1325.824
-1730.814
-1700.735
-4962.855
-3620.651
-4224.769
-3119.875
-2546.286
-993.2864
-1604.567
-1727.558
-1867.765
-1609.703
-1982.945
-1920.621
-1991.104
-12682.14
-8301.098
-5689.702
-4140.423
-3133.766
-2590.849
-2237.813
-493.6475
-665.9167
-1164.955
-457960.4
-273455
-164160.6
-98063.34
-58827.05
-35733.43
-21901.28
-13711.28
-7078.953
-5124.109
-3755.244
-3569.219
-2810.121
-2098.07
235.7714
-424.134
-968.4624
-1375.637
-1303.375
-1465.083
-19.59974
-562.6899
-426.4531
-674.2377
-853.4261
-1060.837
-1294.735
-1192.054
-1100.712
-2361.096
-768.149
-1093.898
-36475.05
-22172.77
-13304.12
-8596.794
-4302.831
-3070.3
2261.054
711.1362
5777.592
3123.682
1426.408
-1380.369
-2862.091
-2278.227
-1740.919
-1539.726
-1571.8
-1730.296
-472.3232
-744.7643
-5734.158
-6614.965
-4501.205
-2998.209
-2144.379
-1826.109
-1899.053
-2782.165
-1692.729
-1532.121
-935.0154
-1134.434
-1283.267
-1334.576
2503.69
1158.412
-13.90969
-734.6763
44748
25192.23
14321.09
7341.505
4186.918
2166.101
597.8812
-987.6277
-1138.262
-6242.927
-4154.117
-2962.036
-2267.105
-2401.802
-1857.411
-386.9103
-1233.716
-986.2357
-1239.327
-2346.585
-2557.502
-2756.832
-3192.357
-2954.828
-1971.468
-2276.408
-5661.742
-4238.72
20366.23
11331.8
5013.939
2105.212
195.1648
-780.634
-1163.068
676.4904
-434.9676
-974.3444
-2044.842
-1980.969
-2126.289
-1874.871
-2257.657
-5917.25
-4290.28
-3278.741
-2536.231
-2549.493
-2242.64
-2451.361
-2436.895
-2803.594
-2646.386
-2269.16
-2253.156
-2229.38
-1610.847
-1823.661
-4143.171
-3364.874
-3719.411
-3090.203
-1842.082
-2028.927
-2084.159
-2358.043
-2715.742
-2275.087
-3038.295
-3451.541
-2848.956
-2336.263
-2145.268
-1840.976
-1881.333
-1851.806
-2356.735
-2216.063
-2292.512
-2073.845
-2289.998
-1931.176
-2426.717
-2373.398
4152.615
1509.954
607.7126
-431.2226
-378.0638
-1032.954
-1332.924
-1449.378
-3160.571
-2550.779
-1836.699
-2318.117
-2334.972
-2334.18
-1865.579
1313.447
1.495603
-924.2005
-1219.922
-1077.989
-1067.235
-1011.94
-879.5736
-815.3112
-1225.692
-165.6117
-1608.481
-1268.626
-5382.196
-4011.876
-4150.38
-3126.709
-2333.995
-2246.471
-2012.654
-1809.916
-1652.897
-1495.493
-1521.125
-2139.44
-1825.277
-1669.316
-1546.723
-1814.982
-1549.273
-1342.323
-1397.24
-3542.528
-2626.925
-3339.55
-2457.003
-7400.758
-5061.705
-2964.633
-2348.663
-1873.912
-1816.181
684.7884
-357.5852
-1077.902
-1651.861
-1143.04
-1277.925
-1574.438
-1628.238
-1127.347
-918.7032
-833.1172
-1476.383
-2409.014
-2017.323
-1684.08
-1896.985
-5689.842
-3769.491
-2791.697
-2640.168
-2272.387
-1705.137
-1710.262
-5575.311
-3985.123
-1822.161
-1418.304
-720.4135
-248.6597
4298.567
2182.456
851.0021
-329.3834
-612.215
27792.43
15879.44
608.9952
-785.4767
-949.6131
-1138.831
-1708.236
-1723.43
-2655.676
-2441.318
-1483.312
-1975.933
-2928.5
-2474.189
-2291.622
-6052.975
-4242.715
-3459.115
-3030.699
-2793.903
-1850.185
-2146.508
-2266.322
-2179.432
-2000.116
-1603.32
-1544.337
-1219.805
-1466.316
-1428.736
-5149.67
-3369.709
-2825.102
-2520.925
-2486.027
-1720.698
145.0645
-1580.19
-2767.314
-2669.193
-2858.833
-3016.72
-2377.114
-2981.86
-2823.268
-2685.088
-2413.052
-2707.853
-2167.208
-2270.771
-2365.348
-2063.201
-435.1206
-745.5116
-1089.556
-1576.434
-1963.327
-1703.909
-2020.699
-2821.544
-2454.041
-2914.49
-2689.431
-2964.793
