-16.56081
85.56809
72.14268
-62.79463
-138.6173
-41.06415
-64.8751
-29.15599
23.36848
38.41221
55.90939
-70.83323
-574.4525
-339.9884
-204.9998
884.1237
670.0295
413.9486
348.7066
620.2626
-115.3434
-66.90463
-12.25484
41.55493
157.2381
132.2581
122.2711
269.4377
292.5122
274.3292
243.151
199.1593
278.5519
214.1008
212.7794
267.5302
365.1907
341.0503
258.4231
271.4798
256.2403
530.333
460.9019
318.2183
435.3703
450.7067
289.6094
254.7195
244.37
353.0065
386.1482
328.2358
336.5367
225.5717
625.4359
542.7376
494.7042
357.0082
307.6969
318.6557
455.9128
362.747
356.4859
381.5966
431.9209
420.7167
360.0094
382.6353
373.4068
404.0348
362.4867
402.3908
396.0665
504.3143
510.2225
542.425
395.2087
249.6201
300.3086
312.1218
266.2857
280.8624
288.3536
236.091
294.5331
313.3859
321.9082
-322.2072
-112.0964
-11.22738
139.3699
186.3316
223.7995
268.727
353.9942
345.8363
352.4998
355.6905
363.2079
377.1544
374.6119
332.1665
34.47371
95.81384
214.1177
-99.14121
83.92502
165.2817
249.7487
265.7353
308.3736
334.4399
310.0471
328.268
335.6388
667.5399
594.6666
285.8234
303.2389
318.8103
-568.1163
-450.157
-225.9587
-18.98376
133.8186
286.1213
639.3459
456.2155
398.6411
372.6448
364.4363
370.9504
394.0204
390.1149
438.572
352.776
341.2546
373.3248
437.6169
407.7683
386.2508
391.9614
593.347
614.5661
639.3861
527.339
512.7369
433.3913
171.4164
237.1053
286.5062
298.392
296.5547
268.4114
259.458
319.7991
216.8387
225.3261
196.5092
67.2401
119.6731
122.945
290.3817
212.3945
231.3726
218.1537
246.6361
239.7861
254.1241
296.6393
293.6575
126.1202
169.4381
183.0306
219.2835
150.6653
92.07069
142.6817
104.4347
96.1122
144.2702
131.2444
227.638
217.7742
227.1863
255.3128
225.0088
137.7312
-497.3649
-308.3255
-174.9907
-146.2142
-62.3427
66.66591
73.67944
52.29604
324.929
429.8458
243.5004
157.3254
131.7086
-112.1263
-29.46323
1.136742
2464.476
1662.874
1239.753
772.6384
606.6672
373.1683
380.1734
243.7952
178.8057
145.772
171.3832
88.08681
198.6845
160.066
139.4264
150.6641
375.6848
236.9055
218.5972
211.4852
350.164
236.2542
216.6339
197.0096
202.7099
165.5064
65.09399
17.70543
43.98293
79.52568
94.62738
21.73974
297.5214
255.3252
230.4262
162.2401
127.9839
136.4854
-603.9036
-410.493
-234.5591
-153.9742
-230.2942
-106.2065
-25.07541
-460.9969
-283.4487
-151.9227
-70.41931
-1.575233
-48.33776
-9.405408
26.00891
1414.836
976.9792
755.5163
627.1743
479.3194
268.0688
281.469
217.667
252.8201
243.2854
225.7591
191.4971
886.6364
873.8011
668.5928
521.126
269.0254
266.0729
254.9005
222.3228
7.825776
77.80551
58.3916
287.7746
291.2547
473.6028
338.1029
373.5037
339.5463
284.4339
348.2023
331.1476
321.3443
307.9832
247.4968
343.6324
333.0337
341.704
351.0758
450.8696
463.6759
421.8339
-2117.167
-1331.348
-867.2717
-508.5022
-280.3347
-390.9734
-179.0801
16.03874
137.1434
194.6701
351.978
390.4013
441.4723
506.6318
633.4964
463.4753
472.5721
164.6348
293.5085
419.5794
483.4339
420.285
383.4439
409.5834
425.3161
416.4681
427.5476
470.3941
512.0606
517.4881
545.1475
549.5771
329.8778
362.5436
435.4854
495.624
523.5149
513.2032
4719.521
3675.906
2764.898
-10499.05
-7369.001
-5135.253
-3562.285
-2389.156
-1475.557
-777.0209
-420.5695
-110.2488
110.6009
-83.72752
139.1649
389.8471
514.5668
617.2255
658.2569
706.741
731.711
753.012
799.6798
1084.53
967.6175
915.2098
867.1056
798.0285
797.0601
832.6689
801.02
728.9846
656.1403
943.7465
902.2003
857.612
823.566
943.8766
993.4903
944.8262
869.0909
848.6324
912.0402
906.0158
868.26
306.3965
448.0018
571.1949
662.4964
621.3154
722.0777
778.1197
871.0294
880.0826
915.2737
686.0631
762.9161
785.0776
798.2038
837.9075
864.1172
857.8832
891.9175
854.7366
804.7298
837.6936
858.5026
876.1586
883.0027
891.1177
707.0964
761.3042
885.3023
862.7255
870.2943
901.7974
911.9846
839.4166
929.2442
913.6807
959.2892
1195.182
1125.412
1052.723
1018.32
1047.03
964.3547
960.7653
966.8232
-2473.419
-1463.793
-780.6437
-320.6281
13.24088
260.2001
70.76587
-1250.434
-661.9505
-230.1581
142.0389
372.9235
419.0213
586.0719
603.0469
661.8469
643.3446
677.7882
968.6639
866.2175
855.1028
832.929
810.5026
856.1585
825.2029
830.9586
991.4193
988.1191
929.8105
875.5025
920.7847
899.6545
876.8284
843.8501
817.6674
843.184
876.7502
878.7279
866.8284
871.1094
845.4118
896.3682
865.3775
815.5872
924.1962
927.1578
923.14
918.8184
880.4089
887.3088
928.8145
896.7719
839.62
844.4187
846.1338
736.5097
733.8823
725.6184
730.2047
291.1472
395.15
503.2299
430.0858
508.0568
589.3983
520.4613
581.5079
640.2905
661.7792
677.4434
678.0596
667.4955
522.274
523.3936
579.8896
636.61
703.2878
471.6314
432.9344
413.6002
479.1526
556.7436
596.477
526.6281
560.4507
546.2192
589.934
653.5151
653.8794
268.4564
325.8794
347.1518
437.8937
446.7164
570.7098
653.7504
-1216.947
-719.7597
-402.2545
-83.31235
65.60064
284.7981
511.2379
562.1683
625.8599
545.1784
611.6992
628.2563
661.1288
450.097
395.039
461.7784
451.4182
616.2395
620.8394
493.7981
618.265
631.7671
596.5219
635.1046
-3591.227
-2408.794
-1482.979
-927.2644
-428.985
-154.6625
35.72716
236.2723
188.7602
306.8638
431.0031
352.3531
375.2497
462.5404
510.0802
522.4218
623.9873
1051.197
1019.366
1046.112
957.1345
872.9393
817.7723
863.4972
757.0166
747.8517
812.0325
789.2116
-2979.611
-1953.678
-1236.903
-721.7186
-412.328
-134.7299
36.61699
252.6549
413.0755
513.8442
587.9693
570.2854
243.7987
418.2261
526.787
556.8157
591.7322
647.8367
714.5182
785.9481
767.4134
802.3315
820.1372
768.6656
776.253
674.5873
689.263
718.7188
700.2237
699.7308
728.9181
730.1832
529.8387
657.7378
683.718
920.5723
924.1052
916.1887
917.8965
924.0647
928.3186
1729.32
1496.684
1128.041
1091.935
1063.676
984.3445
904.0224
869.7865
875.922
769.2426
787.9782
823.6828
2351.989
1964.185
1678.187
1487.377
1375.302
1233.837
1115.926
1276.984
1224.984
1145.552
1123.036
1137.503
1119.583
1045.671
1071.223
968.9074
1104.098
1096.781
1055.092
1080.712
1044.175
1180.702
1134.89
1159.642
1162.946
1160.319
1142.653
1149.326
1122.426
150.0441
225.0957
496.6062
677.5226
817.939
965.0238
1082.241
1116.97
1321.799
1268.738
1119.561
1141.508
1196.68
1244.305
1259.337
1236.669
1283.212
1275.987
1193.94
1235.335
1275.495
1276.406
1239.494
1230.536
1241.258
1178.911
1208.617
1165.378
1190.418
1232.291
1263.537
1270.67
1267.888
1308.398
1299.04
1144.593
974.8338
1042.393
1871.156
1739.945
1628.334
1600.462
1606.267
1455.024
1437.088
1407.902
1248.919
2623.32
2182.82
1951.075
1833.003
1753.148
1669.477
1622.811
-2765.204
-1622.273
-842.8867
-208.9294
253.2262
593.2867
755.6806
884
1030.379
1140.348
1257.398
1143.941
1212.406
1257.555
1329.866
1360.86
1385.03
1390.88
1619.118
1511.92
1765.605
1706.076
1548.836
1520.05
1510.145
1479.275
1491.388
1569.47
1522.678
1315.417
1372.131
1434.994
1471.356
1405.171
1296.198
1259.665
1279.953
1405.628
1413.685
1461.41
1491.426
1460.54
1503.914
1462.913
1474.255
1474.026
1423.447
1418.758
1383.053
1391.852
1377.778
1418.564
1414.121
1408.011
1529.088
1513.287
1488.22
2820.554
2427.629
2133.461
1716.381
1634.384
1576.656
1501.541
1448.439
1542.322
1531.888
951.7264
1056.878
1214.619
1266.153
1327.669
1494.779
1491.39
1501.207
1489.064
1425.218
1219.745
1445.996
1415.523
1412.525
1450.862
1431.943
1471.292
1469.735
1394.402
1630.829
1541.228
1461.296
1406.179
1378.878
1386.517
1161.564
1215.99
1252.555
1066.864
1104.707
1153.188
1228.17
1184.784
1166.822
1244.549
1244.604
1285.563
1473.133
1346.425
1227.967
1298.933
1321.195
1523.656
1519.669
1399.551
1365.098
1381.796
1335.593
1248.88
1246.326
1242.636
1209.306
44328.48
32411.44
23683.08
17532.9
12983.31
9731.408
7314.311
5789.11
4473.591
3831.251
3113.414
2512.958
2077.383
1810.083
1617.447
1358.166
1311.074
1276.139
1319.867
1282.171
812.4776
799.614
916.8937
1018.667
-101713.1
-73225.77
-52582.38
-37736.94
-26995.7
-19169.32
-13555.64
-9546.991
-6578.26
-5417.914
-3442.644
-2106.496
-1219.89
-512.7283
2.224127
334.775
557.8837
719.7719
826.6655
949.2821
1102.103
593.9071
831.4484
889.233
841.6049
925.3616
1037.855
1053.273
1035.302
1039.675
355.3756
586.3971
749.3198
872.511
960.2266
1066.42
1176.444
1200.778
1624.652
1452.632
1413.451
1392.209
1301.543
1232.253
1268.85
1251.232
1236.665
1069.397
1092.545
1152.506
1174.982
1528.408
1433.865
1387.777
1376.257
1352.851
1334.399
1346.971
1252.818
1291.309
1323.349
1356.891
1338.962
1278.66
1263.44
1307.889
1304.912
1378.683
1372.925
1374.598
1558.773
1503.462
1468.142
1423.11
1472.189
1384.816
1990.442
1778.898
1930.338
1751.557
1594.622
1547.224
1484.283
906.3736
3738.525
3071.56
2598.055
2258.975
2062.908
1873.753
1768.451
1793.564
1709.465
1618.458
1553.69
1558.291
1544.302
1509.8
1479.975
1468.553
1526.112
1433.241
1438.504
1447.138
1527.979
1505.228
1444.833
1483.36
47006.34
34407.76
25319.23
18756.22
14010.79
10922.48
8438.696
6555.064
4986.153
3931.47
3274.8
3037.208
3679.893
3103.948
2718.221
2289.654
2192.411
2065.816
1958.489
1964.112
1869.976
1718.833
1734.206
1732.301
1712.886
1722.269
1894.581
1829.692
1652.297
1699.259
1808.424
1791.776
1791.898
1798.446
1786.507
1686.018
1631.51
1690.35
2756.722
3054.478
2651.117
2405.072
2314.613
2339.565
2211.661
2100.018
2027.375
2012.087
1981.325
1941.027
1903.291
1852.91
1837.42
1843.619
1834.917
1852.159
1840.299
1830.465
1780.798
1789.01
1792.639
1652.593
1724.467
1935.16
2008.751
2058.753
1990.119
2007.892
2010.147
1986.457
1988.055
2003.647
1978.786
1880.506
1947.625
1919.144
1890.314
1912.229
1962.88
1967.341
3343.643
2939.927
2693.868
2509.532
2353.606
2224.705
2252.249
2240.924
1707.354
1763.389
1815.9
1753.478
1797.65
1875.221
1732.677
1716.667
1903.708
1940.851
1964.771
1887.853
1895.836
1942.566
1931.062
1912.291
2041.13
1957.324
2026.358
2032.074
1970.942
1974.718
1943.908
1799.529
1827.799
1916.226
1928.548
1776.104
1845.646
1876.074
1909.174
1949.783
1935.881
2015.098
1825.155
1811.237
1848.334
2095.423
2052.196
2068.765
2041.043
2087.885
2050.869
1830.348
2055.372
1960.084
1929.931
2132.452
2094.945
2071.029
2066.321
2047.684
1999.733
1934.121
1957.145
1940.834
2001.691
1969.736
1956.467
1905.682
1858.37
1858.451
1840.968
1817.426
1856.143
1924.236
1980.927
1983.841
1930.097
1894.416
1962.088
2189.962
2084.874
1979.566
1892.594
1742.945
1776.486
1852.554
1822.194
1921.337
1914.756
1887.908
1863.604
2376.459
2178.132
2025.553
2008.015
2049.312
1998.051
1960.769
1892.596
1900.068
1898.66
1843.921
1678.432
1635.915
1681.411
1698.856
1627.84
1741.019
1760.524
1787.521
1779.537
1796.617
1724.4
1918.081
1906.198
1853.427
1789.634
1860.433
1820.038
1700.206
1757.182
1932.637
1619.781
1687.515
1710.033
1737.678
1721.932
1706.464
1767.774
1409.03
1511.369
1518.084
1397.065
1467.914
677.2446
997.652
1150.346
1344.7
1460.627
1536.178
1583.641
1678.649
1734.307
1538.913
1734.608
1697.525
1516.065
1584.673
1603.615
1677.43
1689.81
1695.088
1711.882
1713.283
1702.182
1730.539
1757.958
1771.613
1750.053
1923.73
1794.836
1728.146
1697.422
1711.53
1707.931
1872.466
1515.548
1573.373
3066.554
2848.18
2714.977
2419.622
2244.415
2123.945
1913.039
1868.392
1804.796
2399.46
2244.83
2105.795
2014.135
2156.79
1874.041
1841.378
1810.16
1774.227
1760.434
1741.177
1496.853
1658.404
1758.659
1820.732
1759.123
1743.503
1774.779
1786.05
1786.356
1699.355
1753.226
1770.779
1757.354
1726.009
1758.711
1823.207
1972.684
1922.424
1866.644
1871.935
1868.131
1864.153
1875.066
1869.355
1916.97
1933.225
1891.003
1845.976
1840.964
1853.963
1747.217
1728.01
2075.149
2044.489
2100.385
2017.597
2031.127
1988.076
1968.404
2495.883
2379.848
2276.94
1984.578
1949.127
2206.91
2105.071
2035.134
2022.728
2054.984
2056.741
2093.874
1982.408
1885.059
1950.875
1940.188
1985.195
2152.654
2210.617
2664.413
2883.1
2640.261
2489.573
2375.241
2295.908
2225.198
2195.032
2172.582
2217.656
2107.65
2143.874
2174.944
2176.05
2707.784
2595.956
2455.278
2363.809
2275.617
2207.928
2343.423
2235.597
2237.255
2464.487
2474.304
2592.768
2505.136
2357.853
2330.071
2427.471
2342.257
2337.305
2338.052
2142.535
2159.637
2231.139
2246.261
2297.176
2282.701
2392.048
2407.02
2414.393
2370.278
2559.408
2454.58
2472.994
2461.276
2455.945
2389.128
2441.045
2389.213
2491.913
2477.006
2528.265
2476.072
2375.177
2446.383
1508.028
1789.002
1985.289
2038.989
2172.846
2258.224
2299.63
2325.676
2363.932
2175.703
2483.229
2422.076
2429.902
2407.508
3871.941
3291.369
3097.607
2890.707
2809.176
2798.561
2707.749
2649.334
2624.821
2576.204
2516.19
2486.519
2538.116
2564.933
2556.426
2656.686
2604.998
2482.108
2522.801
2920.021
2782.47
2715.923
2623.473
2783.369
2814.77
2744.891
2668.827
2581.72
2613.258
2687.554
2674.469
2646.618
2613.871
2530.184
2579.641
2498.508
2344.14
2408.361
2312.833
2312.312
2169.453
2239.949
2256.591
2335.773
2336.782
2692.096
2704.038
2656.694
2594.203
2546.959
2512.955
2492.983
2502.231
2454.392
2302.8
2422.478
2425.773
2554.011
2534.771
2351.868
2338.369
2367.484
2374.609
2395.895
2451.429
2464.511
2473.727
2483.273
2421.06
2412.149
2467.841
2454.814
2462.869
2474.536
2480.713
2477.011
2473.524
2457.135
2467.609
2419.472
2413.61
2401.913
2452.353
2415.078
2294.22
2352.734
2450.752
2397.516
2652.553
2459.722
2446.09
2422.833
2519.713
2217.848
2308.608
2340.773
2275.556
2269.075
2278.15
2088.55
2369.368
2282.613
2339.374
2379.513
2348.586
2345.585
2329.483
2312.936
2305.716
2274.595
2245.708
2246.151
1392.768
1633.943
1791.012
2244.25
2150.944
2104.82
2235.059
2501.444
2494.777
2490.168
2584.862
2452.436
2376.465
2339.174
2336.562
2309.31
2268.257
2267.417
2248.753
2318.905
2309.464
2257.574
2262.814
2284.633
2271.132
2265.265
2274.374
2325.841
2415.609
2322.806
2271.961
2288.977
2211.965
-6057.794
-3734.163
-890.7234
-24.6917
590.2148
1020.884
1362.818
1568.961
1791.036
1930.023
1977.53
2090.151
2110.824
2223.308
1947.638
2026.647
2091.424
2122.117
2123.685
2079.147
5112.113
4274.042
3721.135
3379.183
3063.64
2710.702
2449.097
2369.545
2337.826
2307.261
2267.891
2389.308
2310.742
2286.08
2302.385
2339.685
2354.947
2332.093
2226.062
2266.859
2291.279
2320.771
2326.102
2191.068
2166.995
2201.149
2216.927
2238.167
2263.212
2257.565
2262.054
2320.733
2227.203
2244.086
2303.702
2344.684
2454.843
2439.783
-2979.824
-1545.826
-552.6364
272.0556
891.7415
1287.009
1584.049
1846.559
1983.224
2097.452
2116.361
2281.999
2398.138
2834.161
2555.718
2526.891
2464.54
2428.376
2468.221
2517.709
2502.166
2490.775
2411.908
2365.875
2334.359
2388.22
2448.869
2458.739
2501.545
2401.727
2314.767
2372.857
2343.779
2394.086
2431.748
2293.755
2423.891
2046.774
1879.685
2065.282
2251.484
2331.598
2359.895
2360.506
2395.222
2440.623
2459.284
2561.929
2575.894
2491.734
2517.28
2509.569
2375.754
2443.082
2522.188
2533.331
2594.488
2182.26
1019.103
1444.259
1767.306
2037.285
2230.574
2309.762
2419.36
2495.884
2411.501
2488.415
2553.28
2606.755
2646.077
2710.204
2728.836
3283.853
3140.515
2995.572
2927.213
2888.497
2842.8
2769.747
2775.222
2755.083
3462.08
3353.385
3154.078
3382.848
2823.746
2873.938
2979.517
2924.169
2942.282
2912.006
2914.078
2952.185
2923.151
2924.412
2848.346
2865.935
2868.938
2889.697
2896.404
2881.973
2958.626
2938.093
2898.891
2989.87
2953.112
3181.977
3130.848
3154
3120.987
3103.318
3059.934
2941.311
3032.684
3006.505
2964.204
2959.863
2805.611
2761.181
2812.396
2891.51
2873.951
2895.932
2925.848
2286.454
2521.2
2658.389
2723.98
2633.664
2770.264
2647.759
2739.754
2789.315
2879.309
2867.399
2873.663
2913.545
2901.749
9934.447
8022.419
6671.278
5424.732
4754.265
4260.813
3958.774
3671.4
3524.878
3383.601
3219.005
3089.947
3078.988
3073.661
3057.242
3049.526
3023.691
3072.932
3055.348
3052.536
3083.966
3015.584
3056.909
2983.892
2978.834
2768.53
2907.084
2922.493
2968.828
2986.68
2938
2904.363
2917.892
2942.545
2928.214
2919.127
2876.823
2911.107
2490.177
2604.114
2777.299
3082.88
3102.422
3256.506
3204.947
2929.443
2903.187
2927.958
2952.18
3016.941
2539.827
2664.597
2741.37
2617.617
2748.879
2840.417
2837.372
3021.202
2966.859
2998.078
2983.825
3812.511
3599.9
3455.876
3263.835
3451.511
3322.122
3400.743
3427.574
3290.379
3052.326
3012.738
2982.577
2964.67
2914.985
2919.771
2890.465
2850.252
2839.313
3033.337
3025.838
2975.68
2745.563
2783.097
2964.224
3009.651
2376.506
2506.361
2611.629
2658.156
2701.046
2734.274
2789.81
2859.509
2780.871
2788.002
2807.748
4084.468
3820.315
3627.884
3375.001
3244.357
3112.52
2925.378
2899.232
2885.11
2843.325
2821.553
2911.004
2990.486
2907.673
2895.364
2867.028
3899.055
3615.444
3417.897
3242.32
3151.156
3037.007
3001.779
2930.624
2876.575
2898.772
2849.142
2795.441
2646.922
2484.916
2585.694
2251.34
2407.53
2480.154
2533.612
2593.145
2667.396
2701.198
2691.212
3020.556
2911.021
2977.678
2901.366
2843.041
2820.19
2608.136
2639.753
2594.934
2698.929
2695.752
2599.044
2674.04
2739.596
2787.544
2820.627
2803.518
2722.89
2718.113
2726.243
2743.127
2765.63
2779.185
2759.881
2916.868
2830.519
2799.647
2864.867
2794.823
2813.578
2810.905
2786.982
2801.046
2828.827
2824.728
2711.711
2907.92
2843.591
2832.322
2822.447
2812.362
2847.393
2870.058
2888.65
2873.635
2853.692
2772.74
2803.703
3362.83
3130.474
3096.778
3009.384
2949.866
2957.933
3099.01
3024.424
2949.629
2945.684
2948.53
2930.115
2978.965
2943.15
2919.586
2946.555
2824.022
2782.279
2819.735
1394.536
1812.142
2141.403
2306.117
2508.679
2458
2623.27
2724.115
2792.981
2872.323
2923.151
2917.835
2957.015
3019.767
3089.728
3113.961
3060.719
3059.515
3038.365
2953.013
3008.985
3020.215
3014.543
3217.098
3162.989
3101.338
2604.089
2723.937
2787.998
2876.822
2939.294
2977.731
3003.224
3107.891
3058.116
2737.324
2861.441
3105.23
3124.969
3131.508
3143.832
3118.288
3087.545
3117.421
3127.42
3207.058
3080.635
4197.978
3923.327
3696.572
3599.216
3434.647
3405.106
2940.939
3003.52
3105.766
3138.083
3174.8
3213.544
3132.833
3185.516
3177.122
3317.718
3422.784
3138.435
3468.231
3409.723
3390.489
3345.037
3433.113
3294.57
3246.334
3282.57
3326.96
3364.854
3587.222
3490.442
3472.74
3536.264
3501.479
3656.542
3674.453
3577.203
3543.37
3497.827
3469.132
3462.649
3463.813
3465.973
3433.211
3746.359
3656.923
3619.051
3562.001
3542.326
3638.275
3446.054
3399.968
3281.031
3349.979
3385.531
3264.674
3369.125
3392.124
3454.617
3486.775
3268.742
3346.639
3406.146
3446.931
3564.82
3542.894
3359.401
3403.103
3425.13
3462.887
3527.224
3526.233
3507.287
3496.186
3490.744
3543.986
3375.14
3434.167
2602.153
2837.314
2996.963
3278.632
-124.6616
866.6738
1631.057
2259.401
2537.19
2848.625
3077.284
3083.643
3259.609
3332.402
3417.628
3444.249
3372.958
3384.376
3391.918
4150.02
3990.316
3893.416
3830.495
3780.604
3629.604
3669.004
3658.975
3717.726
3513.242
-3554.775
-1533.078
-296.8429
844.9375
1571.355
2132.803
2492.331
2772.149
2959.335
3067.176
3083.296
3195.428
3370.544
3365.587
3436.914
3468.647
3449.425
3453.489
3413.061
3489.21
3532.996
3519.145
4371.639
4128.946
3980.003
3831.042
3638.94
3653.814
3690.251
3651.65
4166.013
4006.759
3802.725
3728.72
3646.196
2982.523
3131.082
3231.605
3282.038
3312.027
3364.61
3370.981
3382.306
3351.303
3396.033
3661.352
3597.914
3498.574
3384.934
3350.28
3331.675
3495.31
3442.423
3399.71
3416.848
3395.243
3392.986
4893.887
4469.355
4226.875
3543.219
3520.282
3496.47
3534.583
3486.451
3513.072
3487.721
3393.477
3394.197
3318.654
3328.219
3295.639
3298.025
3295.091
3303.855
1053.41
1683.822
2180.231
2495.839
2742.772
2356.663
2634.188
2955.369
3123.734
3149.154
3178.252
3289.622
3321.55
3401.074
3364.756
3338.847
3334.627
3374.413
3440.663
3383.63
3621.27
3507.421
3445.442
3546.364
3611.56
3517.387
3437.584
3387.716
3371.645
3353.217
3358.31
3165.643
3892.853
3750.15
3711.814
3724.852
3614.802
3539.797
3510.354
3406.686
3351.375
3355.653
2837.126
2978.719
3193.557
3199.722
3190.283
3196.585
3156.77
3203.226
3145.068
3013.191
3090.219
3187.014
3155.476
3204.494
3224.247
3289.799
3312.819
3325.212
4554.512
4167.965
3900.783
3630.704
3559.7
3513.441
3483.967
3590.329
3654.466
3603.241
3525.936
3477.056
4421.46
4177.445
3836.883
3890.959
3889.756
3798.736
3649.346
3571.427
3490.952
3463.61
3535.542
3279.291
3249.268
3302.213
3311.988
3334.151
3348.493
3369.138
3276.744
3562.919
3540.026
3507.34
3403.707
3577.59
3530.888
3422.913
3431.924
3517.694
3513.349
3494.878
3505.491
3541.325
3515.216
3495.498
3271.873
3337.954
3327.705
3390.717
3410.953
3683.647
3395.61
3623.256
3810.269
3844.596
3701.241
3569.896
3573.504
3614.218
3581.749
3678.681
3645.567
3648.737
3591.974
3366.438
3454.869
3240.455
3337.575
3386.031
3534.081
3539.803
3539.384
3600.845
3565.54
3604.657
3449.535
3518.471
3551.784
3377.855
3483.202
3611.82
3584.07
3655.128
3702.772
3786.636
3802.303
3823.658
3803.134
4237.3
4064.54
4000.341
3935.041
3102.318
3322.448
3313.533
3480.564
3575.814
3592.973
3952.292
3948.654
3941.117
3927.578
3921.726
3811.881
3677.469
3640.23
3770.78
8827.646
7250.801
6317.911
5631.479
5137.817
4773.01
4517.639
4386.978
4313.018
3618.203
3673.486
3752.885
3825.183
3828.396
3564.35
3650.567
1426.774
2096.204
2603.424
3078.726
3387.382
3559.353
3200.849
3451.064
3607.634
3741.667
3888.389
3946.484
3953.495
3955.81
4001.143
3633.761
3679.679
3815.752
3848.392
3910.52
4072.853
4009.051
4376.195
4295.307
4210.361
4170.697
3847.862
3678.568
3868.781
3772.237
3843.577
3902.368
3932.116
3970.064
3843.605
3876.725
3995.73
4142.117
4147.324
4177.75
4194.948
4043.653
4082.078
4067.244
4093.698
4078.441
4026.301
4005.8
4163.36
4174.051
3930.026
3988.126
3990.661
4058.429
4066.879
4100.972
4136.751
4011.206
4093.259
4103.3
4345.779
4604.148
4463.574
4343.512
4310.493
4062.393
4062.378
4071.197
4076.702
4178.049
4147.338
4128.392
4391.982
4448.279
4324.475
4388.507
4322.765
4225.838
4176.345
4138.391
4104.762
4218.141
4089.614
4067.37
4058.426
4026.041
4084.056
3932.636
4019.21
4136.536
4129.723
4247.789
4069.837
4041.482
4014.19
3999.223
3952.922
4180.488
4128.868
4090.149
4075.75
4022.757
4043.233
4062.926
4074.753
4046.757
4072.438
3982.657
3949.137
3927.508
3880.375
3839.868
3837.586
3910.939
3935.107
3943.728
3993.022
3977.16
3891.445
3645.225
3607.235
3714.988
3838.419
3848.991
3930.213
3938.84
3913.336
3849.421
3844.684
3886.204
3881.241
3915.49
3883.544
4154.111
4050.959
4024.878
3981.57
4018.581
4004.668
3895.87
6003.576
5415.041
5019.566
4698.009
4458.738
4311.201
4223.879
4138.299
4054.331
3985.277
3888.775
3860.745
3951.163
4151.063
4102.625
4029.452
3985.474
3923.443
3899.909
3915.247
3911.24
3975.22
3844.714
3834.094
3812.856
3819.903
3798.458
3751.293
3815.884
3776.971
3793.834
3805.224
3773.811
3854.292
3828.567
3744.559
3800.146
3788.044
3761.938
3865.004
3829.494
3756.462
3811.489
3879.975
3882.521
3782.825
3758.56
3718.531
3754.287
3331.096
3247.646
3388.764
3455.921
3577.36
3633.879
3698.79
3730.209
3743.799
3781.128
3853.473
3873.592
3956.909
3929.421
3954.871
3195.563
3356.884
3446.448
3566.526
3657.188
3698.345
3790.315
3800.784
3860.46
3857.994
3866.809
3879.426
3958.529
3893.875
3896.692
3894.233
3733.287
3740.506
3776.321
3839.514
3915.634
3990.957
4026.716
4156.813
4119.512
4060.87
4115.262
4145.787
4097.923
4073.917
3976.645
4000.072
4026.723
4031.179
3809.714
3883.012
3910.91
4104.251
4133.811
4099.943
3934.605
4282.57
4308.983
4268.545
4359.547
4338.8
4306.014
4340.666
4270.461
4080.695
4131.724
3773.252
3848.74
3913.818
3955.169
3987.756
4063.615
3536.749
3745.114
3853.016
3883.41
3937.173
4150.057
4229.35
4183.885
4150.066
4092.501
4093.449
4142.595
4213.28
4142.799
4184.643
3827.778
3972.96
3848.713
3965.061
4025.091
4088.542
3966.358
4093.618
4015.981
4108.917
4157.097
4171.147
4177.212
4278.781
4287.302
4309.866
4299.871
4325.16
4356.782
4362.132
4372.327
4359.149
4311.965
4303.587
4347.993
4343.429
4337.898
4399.225
4396.251
4417.447
4423.14
3556.231
3872.447
4093.157
4193.442
4239.416
4370.558
4438.242
4423.124
4220.149
4317.742
4401.385
4625.314
4583.172
4549.75
4547.805
4209.219
4440.183
4450.494
4463.346
4488.201
4469.193
4821.317
4825.781
4742.933
4658.506
4625.706
4707.127
4634.581
4600.881
4598.933
4627.399
4571.994
4630.474
4602.393
4575.961
4528.009
4570.089
4583.479
4621.45
4869.848
4854.932
5040.052
4938.424
4824.631
4765.004
4623.51
4618.404
5212.543
5076.693
4966.873
4878.854
4763.152
4688.815
4621.08
4550.845
4542.714
4502.458
4513.305
4589.595
4622.815
4600.867
4617.409
4584.813
4603.656
4597.2
4599.343
4581.24
4574.487
4579.319
4591.423
4686.649
4523.274
4585.088
4595.752
4549.251
4563.646
4541.852
4512.692
4534.999
4515.119
4537.433
4624.618
4357.674
4431.745
4436.476
4050.214
4363.891
4362.098
4436.485
4509.406
4532.471
4568.089
4574.952
4597.715
4603.361
4598.146
4924.268
4837.105
4793.329
4743.005
4642.3
4740.716
4707.425
4641.744
4625.55
4669.313
4636.692
4450.642
4517.533
4495.914
4467.965
4478.416
4506.518
4562.646
4551.229
4553.984
4590.055
4565.883
4503.476
4493.261
4499.854
4730.679
4647.251
4722.982
4717.649
4751.503
4670.816
4624.369
4566.18
4506.452
4510.51
4350.302
4446.185
4476.257
4482.268
4532.133
4500.607
4502.247
4620.198
4583.804
4557.94
4489.563
4456.704
4481.338
4332.103
4288.942
4340.877
4286.234
4363.018
4333.77
4337.156
4357.067
4360.207
4349.156
4452.264
4395.254
4386.833
4351.314
4358.568
4360.655
4388.414
4395.987
4388.122
4395.317
4174.268
4216.638
4254.085
4257.905
4238.732
4263.537
4278.592
4288.13
4303.413
4293.876
4461.675
4452.242
4407.473
7118.842
6122.968
5637.843
5278.013
4991.352
4806.215
4734.469
4657.599
4569.748
4935.509
4743.638
4589.034
4565.586
4516.924
4618.765
4533.681
4481.257
4482.646
4438.382
4408.769
4336.547
4324.14
4423.185
4442.709
4425.757
4385.116
4382.348
4343.579
4639.596
4522.735
4489.713
4472.575
4426.333
4423.666
4378.672
4716.621
4622.882
4679.757
4593.264
4575.858
4512.75
4687.253
4374.656
4364.302
4324.085
4368.385
4308.144
4265.832
4260.684
4294.365
4271.636
4263.731
4319.044
4316.848
4409.02
4450
4772.507
4638.2
4518.721
4473.474
4520.524
4434.813
4407.235
4410.6
4509.499
4514.542
4499.184
4529.305
4336.475
4369.26
4392.19
4405.827
4381.541
4433.498
4485.502
4503.162
4498.348
4508.251
4496.152
4512.492
4513.935
4409.674
4423.674
4346.281
4416.746
4427.37
4466.973
4556.917
4565.873
4604.828
4623.146
4534.416
4473.654
4528.695
4553.848
4884.737
4799.555
4761.653
4668.77
4675.754
4568.694
4342.951
4465.465
4517.225
4491.778
4330.38
4442.151
4433.521
4552.407
4583.952
4642.667
4736.919
4758.414
4700.374
4805.702
4792.877
4833.094
4799.237
4774.788
4793.148
4642.574
4671.406
4722.198
4621.855
4597.722
4659.502
4735.742
4791.024
4915.065
4901.732
4853.514
4839.983
4842.783
3138.954
3495.815
3883.503
4118.744
4304.077
4880.102
4937.509
4914.489
4908.809
4850.373
4930.95
4760.736
4884.367
4784.685
4520.78
4672.478
4734.201
4533.757
4650.235
4700.097
4765.665
4813.326
4845.845
4853.859
4821.523
4787.953
4764.447
4914.957
4704.2
4795.257
4844.95
4812.304
4724.764
4790.855
4865.636
4927.909
4952.54
4971.222
4963.838
4995.581
5018.136
4922.587
4930.377
4950.751
4979.504
4949.244
4993.892
5094.812
5094.069
5112.64
5101.039
5182.618
5152.049
5165.029
5647.415
5494.784
5407.109
5319.943
5279.125
5198.676
5187.825
5188.826
5324.265
5279.761
5298.357
5265.487
5209.842
5120.335
