26.70612
-222.4173
59.57169
16.69361
-16.68485
-562.6096
213.8667
94.04361
-805.5621
-160.305
-39.52388
-445.307
-90.57572
-51639.55
-15896.01
-5067.213
-1634.479
-385.8589
190.0499
122.7887
50.56748
770.7319
758.2712
-136.0516
-85.08726
93.45793
-4.123024
81262.45
26620.18
8654.974
2839.913
948.1295
546.387
157.6278
-289.3303
34.97594
299.0089
-1735.217
-493.9804
-43.81947
244.2556
79.41642
205.241
-69.76078
-2109.291
-733.6304
-300.6826
-124.8388
264.0854
-18.59197
90.84659
179.7606
-829.7054
-440.7542
-413.9746
-210.6749
-409.7397
3714.252
1374.617
-286.7065
311.8679
52.16089
133.1895
404.0359
134.0734
93.79395
-32.26813
-2.237803
-151.2387
-137.3478
-296.2655
-293.9133
-123.034
-261.8386
-817.0076
-349.6938
-184.0052
-248.4793
-398.7464
-125.5448
-511.3907
-222.5451
-43816.18
-14268.15
-4610.655
-1599.628
910.7717
415.5032
218.2163
-0.2419951
-2860.34
-536.533
-317.806
-36.13654
-104.1919
12.23764
26.7888
-12.57584
109.6778
-45.38593
-82.54417
-46.44427
1.320123
15.15529
126.8923
16.66725
-144.4722
80.4909
-217.9427
-113.365
413.889
-174.7402
-255.8395
-156.029
-209.9724
-75.15908
-160.1844
439.8591
193.2414
-8.802226
-396.344
10.15051
193.8653
-72.66873
-155.3469
10.01683
-253.3637
59.7487
-76.86316
-1412.126
-394.8366
-251.4868
-97.79162
396.558
152.4457
46.83303
-168.0063
199.5031
-48.30651
-304.8237
-419.1478
483.2436
-85.69262
-266.9467
-265.326
149.1656
-717.4092
-234.4191
212.0351
472.073
52.22121
29.65996
-2.165302
229.2127
170.9977
-717.1889
-617.5911
-988.168
-478.8511
-162.348
352.2189
-40.01028
-118.5757
-128.0568
-143.835
9.78442
-26.4235
-34.88527
-89.69266
-398.2049
-180.9333
1097.772
565.2977
-284.1785
-324.2818
-531.592
-314.0626
-35.35259
-561.9912
-174.3608
-132.1916
-1290.644
-4998.859
-1715.248
-761.1282
-261.7859
-368.7904
316.9903
105.9612
-2581.505
-876.2872
-431.0762
-310.3592
-340.4845
-143.1097
-296.8746
-132.2427
-207.0407
-58.70917
-206.6703
-325.3016
260.574
139.4904
38.65069
-151.1685
-202.8706
-290.5928
-194.0804
-242.9837
-404.5747
-304.0877
-16.81821
-221.4265
2552.834
474.9805
-171.4125
-216.1789
-339.3161
-21.10044
-107.0303
-195.2478
-232.9319
-330.0822
-316.5889
-279.2698
-324.3401
-1061.349
-434.0199
-69.82501
-142.4955
-274.2854
13.78371
-401.482
-332.2468
-283.8365
-300.9351
-583.9731
-331.0876
-281.8759
-661.0603
-481.1861
81.67825
-232.3796
-320.4891
-320.9539
-302.3661
-348.2049
-487.3166
-670.7256
-503.7937
-399.3139
-348.7067
-81.77827
-805.634
-563.8048
-472.0295
-370.3429
-260.5457
-182.3197
-183.1917
-302.725
-557.6288
-927.1636
-831.5445
155731.1
50473.23
16088.04
4604.649
1315.356
1626.955
492.8723
1622.221
395.1332
-75.38262
-393.9229
-695.1271
-992.5019
-697.13
-563.992
-435.1612
-369.5717
421.0298
-1.428987
-326.6376
110.7808
255.7867
431.918
-81.93474
-523.3037
2621.387
494.7618
-236.6583
-459.5029
-511.0892
-397.083
-662.0645
-927.0778
-619.4628
-510.5594
-471.3611
-497.6672
-181.4696
-928.881
2221.333
2158.188
659.2735
-132.051
-933.8094
-789.3849
-974.7791
-721.777
1391.2
119.0743
-536.3086
-517.4519
6.699668
-364.837
-583.3622
-570.0845
-393.3398
-487.5924
1163.485
-120.6504
-57.10378
-469.7892
-593.2894
-229.2627
-525.8234
-464.4984
-593.1045
-597.1346
-758.7011
-596.3774
-684.1847
-635.864
-747.3889
-524.0352
-709.4919
-154.0374
-443.645
-568.0959
42682.63
9624.278
2964.765
645.7249
-238.7155
-427.9919
-4843.331
-1017.769
-818.7418
-646.2032
-435.5139
-595.1488
-998.6775
-702.0181
-995.6104
-733.4808
-550.3656
-424.6343
-651.381
-659.609
-854.8436
-738.1656
-915.6937
-581.2973
-531.1149
-561.8165
-699.8324
-691.9966
-752.8231
-678.302
-423.8981
-63.3842
-276.1677
-584.9316
-869.3197
-1356.979
-1044.553
-982.6137
-786.8691
-1121.883
-892.8547
-846.6207
923.8032
-8.999875
-508.4231
-622.3876
-728.9385
-789.4418
-720.7108
-841.8802
-556.7155
-849.2007
-609.6287
-2112.71
-1244.041
-3453.2
-1923.716
-1042.949
-1339.071
-988.2095
-759.0202
-750.4009
-1015.65
-809.7001
-940.0692
-857.4499
-1002.053
-1815.459
-1264.316
-1149.524
-809.665
-669.6539
-743.8039
-421.6764
-758.0129
-321.6732
-289.7891
-220.6362
-476.5727
-604.5843
-650.874
-934.7464
-809.6602
-709.1653
-61.16776
-351.0278
-773.5053
-1159.636
-983.5053
601.8963
-477.0591
-806.0664
-785.9961
-813.9158
-982.0952
-1104.074
-1444.607
-601.0867
2520.64
53.23289
-507.7469
-539.4289
-729.5484
-905.759
-822.6277
-707.6586
-1021.998
-1010.476
-487.0133
-827.831
-808.9847
-2485.412
-1460.277
-1086.82
-1113.931
-1416.159
-1135.458
-673.8399
-1143.214
-850.3079
-1015.746
-1022.408
-969.4961
-845.8724
-916.8858
-658.759
-806.1917
-939.9414
694.6011
-1849.302
-1365.741
-1063.651
-1337.356
-1415.628
-1019.801
-1084.271
-1171.811
-1219.605
-5878.063
-2595.527
-1606.734
-1471.359
-418.3761
-777.352
-965.1334
-932.8193
-1251.518
-1394.427
-2067.51
-1471.296
-1124.662
-1515.339
-1143.357
-798.2369
-950.0134
-1071.669
-1033.484
-1047.194
-466.2416
-842.2011
-1416.657
-1153.771
-1042.347
-1031.941
-1120.257
-1134.55
-986.977
-1030.201
-961.1082
-1082.65
-994.4967
-592.7322
-835.3247
-1398.123
-1595.516
-573.2576
-953.8521
-1008.153
-22.49435
-875.4302
-866.7626
-1075.776
-1027.647
-985.2195
-1295.786
-1821.899
-1434.198
-1259.983
-1132.063
-856.7242
-1029.063
-1022.68
-2552.131
-2401
-1452.237
-1182.988
-911.2994
-1056.565
-1669.826
-1231.564
-1081.355
72.50429
-613.4243
-942.517
-908.0295
-1225.308
-1282.642
-840.0047
-1003.146
-496.554
-973.5311
-1107.689
-1320.267
-1584.949
-1292.715
-508.5147
-1352.35
-1152.203
-1060.758
-1640.344
-1633.04
-1359.992
-1419.125
-1284.091
-1261.18
-1130.43
-608.1202
-1585.1
-1327.05
-1404.853
-1313.394
-1319.268
-2015.226
-1377.527
-1330.142
-508.425
-912.8029
1736.081
329.6302
-1879.263
-1461.862
-465.9865
-1063.512
-1259.637
-1338.595
-1141.89
-1173.894
-1259.13
-1317.042
-1333.441
-1192.434
-1496.746
-1246.115
-3188.413
-523.5295
-1204.226
-1368.558
-1948.343
-1615.103
-1424.036
-1184.355
-1200.222
-1234.663
-2084.232
-1907.81
-2381.011
-1586.079
-1404.608
-1644.935
-1468.644
-1236.946
-1356.476
-1482.057
-1173.236
-1108.71
-1233.522
-1385.131
-1509.267
-1418.139
-1226.948
-1389.358
-873.0053
-1462.858
-1378.127
-1602.128
-1408.397
-1084.537
-1423.104
-1511.159
-1145.37
-1245.082
-1443.14
-1224.186
-1314.839
-1250.729
-1348.537
-1379.292
-886.013
-1178.412
-980.1235
-1187.558
-1347.352
-1264.542
-1754.764
355.9178
-933.1578
-2094.002
-1559.393
-1506.706
-1438.416
-1293.873
-1316.866
-1242.693
-1357.635
-1220.772
7325.476
1329.951
-271.3816
-925.8913
-1178.605
-1271.018
-1385.402
-1944.155
-1270.479
-1027.183
-1181.364
-1296.585
-1239.565
-2193.976
-1547.238
-1170.09
-1494.955
-1335.826
-1587.294
-1350.705
-2246.171
-1601.271
-1456.438
-1406.121
-1309.195
-1214.659
-1166.26
-1328.761
-1327.928
-1461.013
-1111.752
-1762.74
-1334.29
-1390.117
-1134.078
-1352.712
-1345.083
-1268.206
-1249.532
-502.4557
-1491.19
-1409.727
-1428.347
-1732.643
-1485.016
-1112.911
-1179.338
-976.727
-1242.595
-1205.803
-1280.865
-2945.624
-1917.37
-1631.203
-1546.281
-745.4487
-1281.057
-1221.045
-1299.38
-1437.847
-1336.989
-1273.634
-1405.779
-1478.515
-1473.985
-1339.084
-1115.943
-1287.502
-1633.353
-1393.387
-1507.714
-1340.999
-865.8188
-1250.477
-1390.567
-1445.931
-1306.505
-2620.563
-2094.515
-1794.243
-1382.294
-1480.984
-1264.928
11146.57
2605.539
-76.38713
-1325.636
-1268.547
-1386.718
-1427.177
-1438.929
-1517.292
-1059.461
-1092.893
-1590.764
-1532.407
-1515.014
-1293.5
-1457.069
-1468.23
-1375.498
-1414.938
-1454.017
-873.0941
-1253.849
-1318.659
-1473.001
-1305.63
-1308.736
-1187.379
-1550.877
-1463.216
-1410.398
-1368.311
-1349.164
-1553.431
-1533
-1576.34
-1430.283
-1453.696
-1843.008
-1567.117
-1562.001
-1344.343
-2126.359
-1522.354
-861.8137
-817.174
-731.1353
-1296.842
-1060.67
-1601.603
-11294.66
-4631.364
-2502
-2034.303
-1958.411
-1599.481
-1284.134
-1380.521
-1388.697
-1333.434
-2058.4
-1653.124
-1786.748
-1320.601
-1471.409
-1966.247
-4570.369
-4680.232
-2509.165
-1473.183
-1427.047
-1793.863
-1558.912
-1739.662
-1222.32
-1762.697
-1469.589
-1337.278
-1205.452
-1361.277
-1325.003
-1631.375
-1353.468
-1594.151
-1175.449
-1335.375
-1361.426
-1470.542
-1785.766
-1492.371
-1491.924
-1455.653
-1556.69
-1610.155
-1512.354
-1942.247
-902.093
-1229.707
-1354.073
-1433.312
-1568.874
-2104.856
-1754.71
-1823.204
-1914.334
-1762.223
-2367.989
-1806.671
-1648.01
-1562.942
-1695.98
-1372.643
-1333.187
-1793.884
-1994.136
-1570.093
-1344.268
-1233.173
-1430.664
-1721.011
-1568.835
-1531.187
-1171.222
-976.7149
-736.1851
-1273.435
-1332.548
-1435.98
-2042.055
5926.288
998.4005
-513.1578
-1023.388
-1366.98
-1420.315
-1527.469
-1694.808
-1634.063
904.5367
-1573.722
-1397.025
950.2946
-692.483
-1246.453
-276.3204
-963.3967
-1411.201
-1412.649
-1576.07
-1731.843
-1292.465
-1381.221
-1225.543
-1908.633
-1528.233
-1498.748
-1526.832
-1397.181
1094.574
-654.7247
-1242.011
-1394.609
-1275.612
-1855.361
-1592.955
-1444.306
-1982.114
-1707.288
-1725.529
-1570.149
-1434.075
-1539.806
-1608.262
-1569.629
-2847.463
-1884.877
-18078.23
-6942.898
-3315.724
-2151.267
-1887.273
-1493.46
-1565.585
-1485.698
-1651.293
-1577.955
-1928.968
-2219.86
-1797.227
-1812.805
-1638.297
-1826.905
-1339.018
-1680.86
-1577.924
-1563.994
-1960.235
-1763.718
-1679.673
-1641.938
-1597.552
-1610.151
-1611.994
-1575.112
-1646.58
-1709.743
-968.0391
-2524.088
-2066.597
-1815.871
-2468.889
-1957.151
-1686.058
-1762.348
-1561.812
-1443.744
-1560.802
-1652.717
-1728.657
-1714.206
-1700.655
-1591.022
-1537.967
-1024.525
-1554.76
-1804.375
-2171.813
-1981.358
-810.4238
-1145.119
-1120.791
-1266.915
-1510.452
-1716.606
-1734.415
-1582.545
-1465.739
-1637.278
-1676.248
-1686.558
-1552.699
-1624.824
-1320.183
-1819.054
-1770.695
-1761.158
-1755.467
-1701.64
-1618.956
-1721.138
-1649.805
-1766.712
-1947.24
-1426.236
-1437.301
-1514.22
-1285.77
-1454.012
-2057.317
-2078.521
-1782.534
-1670.328
-1778.853
-1723.564
-1388.865
-1656.422
-1601.041
-4883.689
-3110.968
-1996.312
-1775.799
-1688.596
-1743.298
-1632.555
-1728.029
-1922.664
-1587.198
-1443.429
-1690.011
-1752.439
-1714.64
-1914.63
-868.6869
-1378.359
-6255.714
-3265.964
-1871.298
-1764.989
-1839.032
8084.286
1479.937
-894.8909
-1561.636
-1783.389
-1837.412
-3461.209
-2297.16
-1453.082
-3931.433
-2579.138
-2218.994
-1840.925
-1681.437
-2610.815
687.8968
-921.9938
-1563.065
-1791.715
-1880.519
-1808.677
-1747.341
-1900.094
-1800.158
-2213.465
-2047.805
-1822.265
-1853.211
-1956.395
-1850.756
-1980.968
-1754.684
-1849.768
-1880.997
-1826.836
-1699.577
-1907.371
42.32521
-1119.672
-1512.705
-1758.264
-1166.455
-1751.671
-2045.277
-1913.95
-1580.444
-1831.66
-2023.001
1573.792
-1052.403
-1499.124
-1786.097
-1655.511
-1840.241
-1212.614
-1741.91
-855.265
-1606.714
-1788.496
-2020.606
-1896.714
-1956.081
-1835.598
-1897.003
-2205.4
-2210.585
-3723.606
-2505.808
-1666.107
-1841.72
-1935.503
-1928.667
-2406.123
-2002.41
-1993.779
-2085.363
-1968.598
-1939.342
-1746.522
-1771.857
-1933.635
-2136.114
-2033.002
-2124.402
-2039.91
-2036.987
-1837.669
-1912.006
-2004.75
-1963.156
-1995.563
-1766.153
-1861.658
-1984.308
-1997.522
-1956.011
-2071.985
-1815.857
-2054.274
-2040.199
-1802.084
-2028.557
-2064.135
-2385.589
-2015.607
-2023.744
22880.4
6087.058
-67.61668
-1403.249
-2188.345
-1636.607
-2191.387
-1990.103
-2013.902
-2012.538
-2233.266
-2606.644
-1932.735
-1820.837
-1623.049
-1907.215
-3074.644
-660.4394
-1980.645
-2040.207
-4791.32
-2934.224
-2350.346
-2234.176
-2124.448
-1931.966
-2197.536
-2180.948
-2820.826
-2559.045
-2143.293
-2023.803
-2259.615
-2223.41
-2014.027
-2185.009
-1575.859
-1534.336
-1997.912
-2141.076
-3057.606
-657.8204
-2035.066
-2167.47
-746.0949
-1715.559
-1633.61
-1906.608
-2052.362
-2503.456
-2426.398
-2129.998
-2214.452
-1614.622
-2191.851
-2147.331
-2162.993
110933.8
34827.14
9852.931
2779.055
-698.7901
-1794.727
-2070.816
-2121.735
-2199.365
-2235.619
-2146.116
-2102.417
-2565.548
-2223.593
-2335.272
-2172.982
-2170.893
-2318.492
-2385.205
-2214.236
-2205.85
-2221.931
-2197.456
-2391.013
-2393.567
-2222.975
-1828.036
-1450.696
-1827.881
-2106.467
-2258.615
-1869.067
-2368.4
-2400.489
-2512.608
-2196.791
-2081.509
-2398.429
-2281.236
-2349.534
6834.312
688.8248
-2245.945
-2226.161
-2235.17
-2097.681
202.2264
-1412.477
-2300.768
-2649.963
-2748.397
-2593.817
-2223.364
-1303.889
-2226.192
-1990.309
-2225.387
-2662.729
-2401.493
-2395.149
-3042.249
-3390.316
-2732.408
-2540.455
-2439.464
-2469.557
-3301.871
-2684.463
-1875.951
-2258.072
-2180.842
-2299.656
-2490.629
-2318.891
-2329.869
-2382.488
-2656.913
-2802.945
-1310.486
-2088.281
-5751.594
-3375.438
-2440.953
-3025.153
-2631.222
-2330.089
-2306.781
-2453.891
-2424.402
-2575.313
-2589.943
-2525.045
-2570.26
-2189.404
-2719.891
-2540.652
-2139.498
-2276.94
-2556.808
-2495.288
-2777.668
-2442.873
-2281.202
-2499.992
-1982.564
-1884.438
-2312.297
-2599.7
-2562.689
-5203.534
-3424.102
-2428.305
-2327.408
-2439.385
-2509.799
-8910.288
-4765.97
-2184.614
-2338.622
-2340.808
-2862.011
-2919.592
-2691.94
-2976.485
-2492.51
-2493.555
-2474.595
-2237.846
-2529.368
-2447.076
-5664.292
-3544.516
-2742.621
-2641.088
-2611.309
-2704.338
-2669.327
-2847.121
-2451.354
-3124.765
-3088.85
-2996.088
-2881.582
-2660.365
-2646.894
-2563.788
-2578.486
-2692.937
-2599.07
-2140.501
-2610.622
-2545.429
-2691.48
-2632.05
-8295.671
-4455.066
-2894.467
-2339.973
-2559.95
-2470.132
-2652.7
-2697.593
-2684.114
-3081.926
-2906.022
-2623.268
-3534.95
-3039.521
-2417.62
-2749.752
-2585.359
-2551.19
-3051.542
-2807.015
-1396.461
-2016.144
-2455.013
1224027
397388.2
127517.9
39854.3
11482.9
1855.133
-969.4068
-2093.187
-3014.678
-2937.213
-2643.166
-2610.584
-4550.569
-3225.189
-2540.804
-2643.209
-2788.28
-3233.882
-2461.954
-2643.725
-2693.222
-2418.086
-2611.157
-2792.394
-2767.732
-2280.63
-2642.154
-2635.42
-3874.3
-3134.234
-3674.722
-29035.33
-11279.89
-5853.063
-3812.57
-3795.899
-3168.192
-2802.83
-3450.904
-3018.288
-2896.862
-2540.06
-1425.125
-2401.035
-1459.122
-2291.225
-2863.311
-2925.813
-2787.839
8846.942
1013.808
-1529.026
-2381.691
-2560.926
-3017.381
-2850.979
-2817.783
-3194.657
-3117.905
-2773.062
-2468.595
-2679.614
-2819.815
-1736.924
-2534.625
-2623.818
-1397.308
-2544.098
-2281.57
-2437.502
-2546.069
-2558.872
-3332.737
-3031.384
-2919.939
-2984.286
-2778.143
-3506.03
-3364.94
-3035.721
-2782.929
-2709.989
-2742.988
-2906.259
-2250.411
-2552.499
-3106.606
-3149.692
-3004.526
-2671.199
-2814.673
-2787.807
-2772.954
-2822.583
-2932.932
-2850.059
-5271.748
-3744.39
-3033.913
-6430.285
-4218.99
-3259.839
-3175.17
-2861.932
-2819.826
-3146.58
-2493.937
-2547.661
-2705.826
-2731.915
-2549.499
-3273.256
-2009.46
-2466.812
-2713.707
-2523.485
-2812.405
-2900.253
-2844.383
-2826.992
-2989.632
-2907.008
-2867.3
-2845.36
-2890.47
-2819.204
-2827.967
-2906.707
-1730.275
-2504.639
-2750.524
-2523.739
-2879.938
-2351.559
-1933.889
-2561.187
-2483.199
-2059.796
-3037.743
-2845.963
-2884.792
-2999.924
-2445.428
-2792.712
-2900.384
-2912.064
-2524.939
-2645.647
-2732.194
-2866.712
-2675.628
-2841.529
-2961.968
-3017.921
-3079.643
-2978.926
-2986.684
-2902.344
-2244.981
-2937.659
-2718.582
-2918.158
-2721.076
-3584.441
-3162.09
-2697.973
-2901.341
-2971.623
-2529.348
-2764.791
-2833.119
-2481.813
-3489.171
-3634.766
-3171.33
-2939.956
-2752.366
-2561.569
-2994.886
-2921.168
-3544.429
-2975.227
-3208.41
-3038.635
-2665.316
-7004.71
-4090.293
-3425.181
-2717.374
-3053.289
-2968.83
-2905.795
-2816.436
-3323.596
-2351.222
-2658.049
-3045.074
-2948.507
-2966.18
-3194.994
-3038.278
-2793.479
-2863.249
-2073.47
-2747.335
-2643.191
-2809.428
42101.36
11146.58
2112.448
-1284.232
-3021.436
-2857.406
-2790.722
-910.7895
-2153.519
-2969.963
-2865.504
-3135.394
-2840.037
-3012.553
-2607.905
-2626.135
319205.1
103434.1
31706.77
18019.9
3603.315
-885.5247
-2470.133
-2724.164
-2820.72
-3242.844
-3127.011
-3074.722
-2992.775
-2840.145
-2729.98
-2779.532
-2961.572
-2862.138
-2995.848
-1906.619
-2646.426
-2808.11
-2700.56
-3019.39
645.9263
-1656.44
-2688.885
-2703.294
-2722.298
-2847.903
-2846.821
-2660.462
-2943.192
-3758.066
-3050.613
-2992.223
-2893.848
-2982.242
-2824.642
-3075.199
-3470.625
-3140.249
-3198.973
-2915.201
-2738.401
-3010.803
-3055.629
-2223.751
-2848.619
-1875.204
-2637.062
-2922.445
-3054.084
-3036.382
-2826.257
-3396.897
-2817.609
-2874.627
-2939.638
-2829.049
-2909.846
-2945.278
-2505.578
-2998.444
-2698.87
-2752.57
-3359.662
-3378.028
-3227.42
-3076.097
-2407.741
-2747.396
-3006.244
-3096.328
-3028.838
-3008.009
-3295.206
-3220.969
-2501.263
-2804.144
-2884.597
-2912.556
-3922.666
-3152.072
-2588.772
-2761.421
-3301.314
-2851.312
-2990.263
-2998.405
-3309.701
-3150.238
-1918.406
-2662.755
-2834.251
-3585.869
-3260.408
-3322.865
-3157.398
-3036.745
-2770.977
-3752.211
-3242.467
-3056.106
-2927.32
-3093.196
-3226.44
-2932.92
-3116.333
-3063.98
-3835.022
-3388.409
-3025.967
-3017.052
-3112.434
-3069.945
-3039.762
-2778.769
-3077.892
-3118.111
-3011.945
-2712.417
-2871.668
-3631.975
-980.9501
-2406.086
-2794.648
-3742.18
-3488.861
-3146.183
-3041.467
-3539.51
-544.6436
-2337.539
-2124.91
6720.018
307.9218
-1533.895
-2722.08
-3044.27
-3100.321
-2941.472
-2963.105
-3179.368
-3030.07
-3043.218
-2196.448
1272.327
-1516.295
-2515.561
-2962.807
-2828.626
-2949.383
-2969.362
-3038.239
-3062.021
-2976.295
-2971.872
-4332.122
-3742.928
-3144.391
-3128.118
-3218.965
-1989.524
-2802.689
-3469.381
-3124.835
-3177.404
-3602.794
-3237.89
-3072.517
-3076.025
-3123.497
-3111.13
-3085.751
-3044.922
-3135.41
-2825.333
-2937.005
-3006.413
-3089.209
-2962.366
-3027.282
-3137.151
-3773.273
-3429.867
-3820.982
-3436.12
-3343.458
-3552.007
-2156.655
-3343.861
-3176.045
-2993.874
-3177.253
-3091.584
-3180.2
-2988.477
-3113.302
-3014.617
-3344.134
-3507.192
-3208.984
-3171.36
-2605.038
-3025.334
-3213.599
-3022.486
-3076.774
-3150.932
-3110.053
-3211.327
-3494.93
-3549.898
-3416.807
-3273.157
-2875.552
-2641.877
-2782.616
-3122.401
-3195.983
-3285.701
-3350.094
-3749.107
-4035.484
-3510.939
-3255.901
-2240.95
-2911.791
-2181.676
-2897.863
-2982.599
-3131.67
-2974.398
-3333.85
-3375.835
-3423.898
-3279
-3108.099
-3140.406
-3139.218
-3266.008
-3946.416
-3481.835
-3347.769
-3470.874
-3383.452
-3298.835
-3236.014
-3123.043
-3448.524
-3355.972
-3632.353
-3253.472
-3253.521
-3116.69
-3287.044
-3383.006
-3363.875
-3296.97
-3343.881
-3467.617
-3218.09
-3353.073
-3426.578
-3682.962
-3368.888
-3539.078
-3205.34
-3356.421
-3418.923
-3132.8
-3245.395
-3392.812
-3465.09
-3692.637
-3935.722
-2948.064
-3271.063
-3379.458
-3455.081
-3974.336
-3531.477
-3406.771
-3343.429
-3400.567
-3182.264
-3315.937
-3629.913
-3831.467
-3520.854
-3984.182
-3301.146
-20404.03
-8976.245
-4998.636
-3888.516
-3353.379
-3504.573
-3487.721
-3746.305
-3530.647
-4210.608
-3841.481
-3365.279
-4108.337
-3589.886
-3641.376
-3337.423
-3469.128
-5099.054
-4202.013
-3008.071
-3277.216
-3412.856
-3475.231
-3394.06
-3324.146
-3417.23
-2926.516
-3224.545
-4081.064
-3739.305
-4058.308
-3646.905
-3354.2
-3274.457
-3395.323
-3520.705
-3545.103
-3602.805
-2664.94
-2449.859
-3087.4
-3387.286
-3842.458
-3517.761
-3498.243
-3698.615
-3792.742
-5070.997
-4080.306
-3731.611
-3322.564
-3354.181
-3654.508
-3318.139
-3987.942
-3687.421
-1970.715
-3154.293
-3324.827
-3444.594
-3392.397
-3093.127
-3545.066
-3098.485
-3455.309
-3773.154
-4056.81
-3962.34
-3748.028
-3608.394
-3560.597
-3570.406
-3559.832
-3591.194
132.0688
-2443.922
-3275.034
-3278.715
-3495.761
-3570.571
-3716.32
-3542.818
-2690.604
-3290.514
-3913.11
-3634.713
-3263.437
-3998.507
-3946.603
-10338.42
-5918.871
-4343.466
-3873.402
-3702.662
-2139.943
-3384.081
-3621.372
-3753.459
-4002.18
-8316.164
-5443.417
-4138.862
-4345.835
-4005.605
-3675.731
-4004.775
-3899.01
-3672.319
-3688.682
-3771.782
-3986.411
-3725.46
-3806.014
-3699.487
-3609.389
-3663.829
-3633.173
-3638.332
-3678.295
-3765.622
-5449.255
-3756.292
-4195.479
-4296.976
-3892.899
11717.29
1206.912
-1969.43
-3198.406
-3084.722
-3569.293
-3824.461
-4109.881
-3987.868
-3817.859
-3061.112
-3655.878
-3906.388
-4113.394
-4438.414
-3618.834
-3745.836
-3732.821
-4017.795
-4141.836
-3680.655
-3661.382
-3658.54
-3810.5
-3799.865
-3833.939
-3760.843
-3745.134
-4253.87
-4002.168
-3840.913
-4088.299
-3849.557
-17126.33
-6543.752
-4431.288
-3954.882
-3876.462
-3327.814
-3608.369
-5009.88
-4174.916
-4173.456
-3940.64
-3837.982
-3930.65
-4543.52
-3336.81
-3596.844
-3566.106
-3829.702
-4873.764
-11585.61
-6878.211
-5009.632
-4390.963
-4097.242
-3847.308
-3873.568
-3592.355
-3784.839
-4187.333
-10039.45
-6558.88
-6453.355
-4922.969
-3378.362
-3805.054
-3810.204
-3897.185
-3799.139
-3819.432
-3926.715
-4390.84
-3958.147
-4077.09
-3820.842
-3922.697
-3189.71
-3720.762
-3950.356
-3842.992
-1317.134
-3214.811
-3753.12
-4111.509
-4246.036
-5358.644
-4509.121
-5086.416
-4555.998
-4205.196
-4065.048
-4089.684
-3760.988
-3762.48
-3991.808
-4719.017
-4306.198
-4059.454
-4055.602
-4016.284
-3681.762
-3860.953
-4027.752
-3987.601
-3951.02
-4043.038
-4102.629
-4012.13
-4661.456
-4061.871
-4098.977
-4119.943
-4057.991
-3936.434
-4734.858
-4315.327
-4263.493
-4636.864
-4365.745
-4054.399
-4169.076
-4189.933
-4517.835
-4291.431
-4215.879
-3906.473
-3980.043
-4641.243
-3826.514
-3829.861
-3915.798
-3101.136
-4035.268
-2046.599
-3295.33
-3704.257
-4029.16
-4001.179
-4373.176
-4731.89
-4200.85
-4212.091
-4314.82
-4152.949
-4525.011
-4760.365
-4168.564
-4068.794
-4247.496
-4764.363
-4077.638
-4135.273
-4059.211
-3982.897
-4285.312
354.5229
-3259.137
-3897.845
-4043.601
-4220.006
-4158.639
-4156.951
-4149.627
1289.656
-2320.085
-3621.097
-4036.355
-3006.449
-4166.101
-4274.676
-1082.321
-3032.328
-3867.231
-4206.405
-4161.256
-4227.757
-3924.416
-4221.844
-3836.183
-3981.069
-4186.016
-4113.496
-4262.634
-4188.144
-4146.919
-3712.863
-3457.945
-4259.365
-4132.223
-4128.369
-4144.056
-4294.557
-4118.325
-2939.353
-3879.612
-4052.206
-4248.923
-4204.604
-3822.504
-3915.017
-4105.202
-2959.045
-3793.813
-4081.952
-4012.651
-3943.627
-4180.866
-3068.813
-3665.378
-3856.01
-4056.885
-4084.095
-4380.344
-4146.718
-4363.063
-2139.914
-3866.631
-4063.831
-4186.473
-4130.301
-4393.875
-4214.92
-4182.482
-4259.931
-5302.767
-4706.445
-4236.403
-4479.691
-4430.298
-4214.827
-4256.697
-4104.328
-4680.856
-3733.244
-4112.627
-4240.015
-4023.633
-4337.702
-4326.81
-4304.851
-4513.592
-4996.458
-4639.18
-3914.675
-4374.798
-4517.249
-4427.678
-4499.735
-4699.323
-4710.754
-4983.122
-4466.343
-4065.634
-3616.884
-3968.486
-4206.471
-4213.999
-4144.695
-4220.083
-4077.563
-4211.439
-4504.622
-4888.369
-4574.719
-4381.041
-4627.851
-8646.705
-5725.254
-4861.407
-4560.17
-4012.742
-4267.313
-10939.86
-6252.912
-4831.244
-4403.134
-4120.472
-3691.593
-4012.629
-4275.897
-4393.748
-4367.321
-4494.372
-5344.525
-4921.152
-6158.502
-4771.416
-4439.019
-4348.551
-4154.732
-3862.154
-4052.037
-4181.453
-4290.555
-4232.043
-4641.653
-4586.551
-4375.168
-4250.091
20555.11
3891.582
-1762.859
-3162.682
-4649.696
-4594.689
-4284.407
-4170.092
-3801.577
-3836.259
-4157.053
-2957.922
-4204.858
-4267.106
-4245.96
-4398.405
-4318.466
-4196.668
-4252.89
-4314.999
-4346.124
-4184.934
-4086.187
-4224.7
-4174.122
-4686.942
-3936.228
-4144.945
-4249.594
-4374.357
-4102.49
-4782.001
-4826.843
-4562.392
-4478.797
-4248.205
-4473.739
-4417.664
-4459.539
-4422.986
-4267.907
-4145.069
-4292.767
-4330.917
-4742.162
-4751.04
-4397.819
-4558.833
-4466.174
-3904.914
-4784.658
-4382.36
-4241.054
-3037.357
-4021.812
-4239.442
-4491.427
-4338.579
983.9774
-2609.321
-3460.647
-277.0594
-3005.664
-4056.032
-4459.628
-4415.951
-4670.817
-4619.058
-4502.35
-4445.253
-4724.526
-4412.991
-2033.215
-4584.681
-4453.114
-4377.527
-4323.186
-4310.684
-4914.703
-4953.241
-3799.063
-4241.583
-4313.108
-4958.875
-4320.576
-4333.575
-3896.511
-3951.584
-4281.964
-4471.591
-4362.918
-5408.153
-4539.859
-4483.587
-4372.479
-4438.856
-4059.814
-4259.466
-5517.432
-5371.976
-4911.784
-4586.693
-4422.607
-4355.909
-3951.235
-4082.228
-4246.351
-4367.157
-4628.392
-4522.869
-4427.337
-3661.085
-3954.462
-4093.687
-4405.397
-4460.729
-4606.278
-4521.559
-4412.214
-4329.218
-3915.381
-4112.299
-4030.168
-4443.953
-5200.905
-4504.551
-7184.93
-5178.714
-4510.616
-4497.055
-4533.115
-4644.055
-5202.007
-4535.073
-4434.72
-4534.315
-4534.477
-3884.492
-4378.717
-4916.628
-5612.51
-4921.273
-4544.87
-4603.933
-4400.477
-4184.65
-4283.354
-4383.917
-4621.712
-4551.707
-4475.391
-4555.009
-4438.927
-4384.693
-4403.423
-4964.953
-4568.263
-4365.601
-4523.491
-4311.135
-4412.581
-4890.456
-4690.331
-4482.632
-4533.868
-4472.004
-4023.231
-4379.427
-4327.6
-4349.13
-4412.926
-4458.688
-4959.038
-4604.989
-4551.872
-3985.478
-4270.707
-4146.564
-4431.425
-4378.34
-4358.754
-5178.259
-4867.238
-4523.723
-4814.928
-3973.116
-4340.96
-4506.745
-4480.411
-4508.235
-4557.707
-3890.706
-4285.811
-4152.895
-4016.493
-4300.553
-4431.579
-4455.016
-4568.02
-4515.367
-4926.23
-4684.548
-4522.001
-4440.271
-4508.319
-4789.333
-4748.353
-4565.797
-4439.174
-4648.351
-3467.756
-2569.845
-3814.543
-4342.476
-1508.11
-3522.358
-4144.928
-3987.226
-4281.721
-3998.047
-4591.491
-4827.779
-4528.802
-10015.98
-4226.724
-4138.098
-4412.924
-3950.788
-4471.257
-4459.701
-4531.808
-4531.077
-168.8554
-2744.134
-3883.285
-4404.435
-4251.872
-4428.069
-4455.472
-4592.676
-4544.662
-4529.823
-4625.742
-4427.491
-4347.337
-4419.199
-4513.156
-4368.25
-4504.877
-4332.692
-4517.552
-4792.253
-4799.59
-4464.841
-4295.909
-4508.292
-4503.434
-4984.564
-4894.679
-4873.105
-4719.641
-4218.524
-4517.103
-4578.226
-4772.815
-5143.008
-5059.77
-4678.095
-4289.535
-4441.506
-4532.808
-4589.678
-4499.903
-4180.227
-4646.176
-1822.826
-4061.288
-4312.356
-4553.402
-4586.467
-4357.936
-4753.31
-4287.348
-4609.256
-4574.787
-4692.127
-4489.04
-4100.076
-4448.702
-4513.355
-4829.261
-4512.195
-4368.484
-5470.474
-5040.556
-5227.739
-5190.938
-4628.925
-4654.06
-4782.383
-4734.995
-4672.028
-4680.494
-4742.306
-4595.161
-4757.711
-4652.642
-4700.011
-4685.96
-4591.383
-4422.34
407.8269
-3284.478
-4277.74
-4333.505
-4421.823
-4842.92
-4766.531
-5192.751
-4715.24
-5759.004
-4951.656
-4780.563
-4863.486
-4854.793
-4721.369
-4757.453
-4356.211
-4481.065
-4519.599
-4688.615
-4483.031
-4715.11
-5127.167
-4773.123
-5004.744
-5221.065
-4976.198
-4805.953
-4997.37
-4952.482
-4723.44
-4834.431
-4634.99
-4503.395
-4723.819
-4810.343
-4455.025
-4956.572
-4811.903
-4801.598
-4817.107
2492.778
-2512.544
-4050.807
-4539.993
-5628.015
-5058.092
-4807.141
-4826.951
-4617.814
-9300.015
-6336.913
-5286.24
13414.22
-7603.131
-6039.457
-5255.522
-5102.802
-5022.965
-4938.195
-2756.125
-4241.551
-4601.698
-4396.993
-4732.48
-4923.38
-4936.84
-4944.61
-5277.132
-5055.358
-4811.248
-4941.039
-4905.67
-5106.353
-4945.305
-4871.609
-4855.566
-4359.228
-4658.491
-4275.602
-4879.112
-4057.499
-4857.502
-4904.493
-5405.727
-5182.622
-5102.154
-4995.286
-5855.484
-4852.438
-4897.515
-4997.936
-4656.061
-4832.347
-4938.745
-5027.862
-4896.261
-6377.607
-4948.462
-5018.122
-5337.952
-5268.143
-5073.592
-5111.416
-5065.398
-4829.173
-4789.323
-4799.731
-5223.343
-4567.31
-4863.096
-4978.976
-5005.172
-5098.542
-5085.799
-5043.18
-4962.752
-4769.908
-4490.579
-4839.02
-4925.45
-5035.928
-5084.543
-8342.564
-5315.57
-5466.533
-3937.179
-4661.869
-4888.253
-5021.791
-5073.818
-5004.702
-5094.393
-5149.694
-5224.184
-5470.935
-5117.066
-5111.856
-5102.611
-5623.466
2252.7
-2803.897
-4556.54
-4910.503
-5043.362
-5087.38
-5066.055
-5224.761
-5136.403
5300.704
-2054.776
-4114.459
-4489.741
-4911.855
-4404.259
-5017.896
-4877.713
-2606.676
-4339.37
-4956.232
-5291.647
-4973.954
-5155.018
-5188.776
-5518.262
-5455.549
-4382.622
-4679.951
-5072.942
-5050.517
-4657.565
-4888.432
-5014.531
-15549.49
-8845.905
-6534.659
-5728.489
-5161.626
-5158.889
-5414.478
-5472.549
-5128.049
-5174.732
-5059.429
-5141.085
-4971.399
-5269.66
-4419.707
-4945.645
-5100.721
-5213.118
-4898.74
-5132.024
-5458.458
-5471.243
-5269.792
-5205.385
-6864.635
-5820.319
-5192.629
-6559.249
-5730.689
-5418.622
-5337.5
-5404.117
-4891.093
-5047.014
-3291.779
-4639.349
-4321.973
-5158.246
-5493.551
-5467.94
-6298.54
-5588.265
-5249.312
-5302.757
-5279.692
-5498.485
-5585.687
-5507.629
-5600.21
-5598.483
-5355.975
-5323.556
-5243.042
-5307.559
-5784.469
-5446.084
-5547.294
-2166.93
-4014.158
-4862.612
-5262.82
-5165.299
-5313.028
-5138.969
-7552.955
-6258.303
-5928.669
-5772.392
-5684.785
-5558.311
-5476.962
-22803.24
-10827.19
-7181.673
33235.52
6820.582
-1402.578
-4173.632
-5158.373
-6789.715
-5892.501
-5619.149
-5472.999
-5645.316
-5388.774
-5338.353
-5358.207
-5160.554
-5226.175
-4409.827
-5235.568
-5326.169
-5191.01
-5302.988
-5096.497
-4969.382
-5331.467
-5384
-5578.815
-5527.366
-5539.518
-5395.125
-5259.798
-5374.249
-6308.759
-5704.134
-5577.721
-5511.753
-5623.669
-5654.221
-5976.154
-5662.808
-5550.319
-6159.005
-5686.07
-5334.683
-5426.331
-5461.467
-5552.015
-4917.258
-5207.249
-5334.923
-5456.569
-5626.027
-5640.81
-5417.5
-5326.727
-5473.593
-5549.099
-5581.898
-5708.501
-5880.412
-5670.229
-5326.154
-5090.89
-4979.998
-5290.269
-5630.276
-5562.093
-5229.224
-5458.049
-4668.576
-5391.18
-5483.939
-5604.682
-5388.636
-5417.42
-5362.365
-5505.628
-5239.814
-5471.931
-6714.409
-5920.542
-5628.534
-5593.227
-5198.416
-5303.036
-7216.355
-14091.56
-8838.373
-6701.578
-5840.958
-5915.261
-5675.147
-5875.111
-5621.494
-5384.91
-4641.872
-5153.43
-5425.841
-5737.769
-13299.88
-8109.754
-6430.439
-6287.982
-5898.958
-5783.54
-7962.507
-6305.75
-5489.902
-5644.988
-5637.443
-5481.026
-5637.552
-5582.953
-5512.272
-5707.22
-5902.402
-5943.311
-5622.424
-5455.173
-8736.859
-6383.655
-5819.288
-5641.676
-5593.571
-5618.172
-6170.431
-5897.186
-5780.438
-5932.645
-5730.719
-5763.517
-6012.759
-5793.036
-5149.238
-5385.137
