1576.918
1118.876
590.5737
497.2322
-19693.14
-13551.86
-6596.272
-13301.81
-9456.695
-6318.186
-7118.829
34807.29
22290
14367.89
9287.421
11458.43
7462.803
5446.314
2244.521
-456.383
-1394.188
12525.49
7761.244
-2247.535
-1920.123
-1091.128
-1133.332
-1035.65
10855.91
7395.079
4559.053
2616.798
1543.825
1161.542
1233.099
699.4162
450.0246
123.8004
-400.9207
-571.8677
-1108.445
-770.2979
-901.2517
7179.842
4583.047
4084.516
2678.311
1723.075
2886.856
1589.228
736.1471
857.5835
781.0843
641.9374
1505.103
892.917
-237.3751
38.51323
38.88155
208.7324
573.0276
360.4895
601.8431
-491.3
-708.6073
-261.6242
22.09426
-77.90228
431.5039
168.6682
23.86702
-7401.74
-4773.966
-3941.717
-2174.565
-1506.518
-903.9533
-709.2451
-385.3622
-584.8951
-273.6144
438.7997
1006.985
-12852.21
-7804.72
-5743.018
-2874.975
-1656.455
-914.5374
-1349.789
53.03762
466.6606
459.0121
553.6396
293.3863
84.92116
-2394.361
-2213.954
-1561.539
-12.51503
-323.0436
-405.7921
-1176.586
-879.6014
-1311.735
-2170.104
-1876.679
-1329.615
851.6604
772.6895
808.7834
833.7958
483.0874
-104.7365
-727.8683
-457.4708
-640.27
-561.0363
-455.9797
-771.1801
-920.5419
-1200.346
734.2882
-137.1492
-534.8002
-196.587
32718.99
18711.53
12152.61
7870.77
4034.245
2054.202
3371.173
-386.0458
-4261.643
-2827.756
-192.8977
-191.121
407.7486
1238.033
2089.985
3753.963
3377.483
989.7577
12944.94
8662.057
5291.849
3799.292
3226.71
1916.27
1197.284
356.2979
-120.8675
72.68099
357.9093
-19.61374
7891.653
5095.081
12251.69
7648.625
4978.115
3826.721
2456.422
1792.828
1199.796
738.933
1032.751
519.2939
1020.323
747.2893
415.0524
44.0519
164.9485
158.8529
63.35683
78.79184
-1669.591
-12168.15
-7886.983
-5852.164
-3159.972
-2365.44
-1350.408
775.5251
1287.691
-317.9115
-301.4135
32.35342
-91.61277
619.8755
565.4041
-746.7371
-3488.305
-1663.964
-823.696
1002.822
188.6343
10.13036
-1213.895
366.4435
306.6352
-166.4703
-215.0879
81.40111
275.7441
189.5177
2625.306
1843.814
6545.133
3996.486
1880.181
1139.627
838.27
-797.4329
-415.8649
-133.2879
-286.3674
-196.8646
-540.5121
1055.475
1203.168
936.4077
714.5433
-1244.572
-2293.154
-2373.363
-2255.192
25.7821
-180.7897
-22165.35
-14715.99
-10195.01
-6427.879
-4443.486
-3198.669
-8344.979
-5613.772
-4575.582
-3677.823
2389.734
36.97512
99.41453
-69.58254
-3937.982
-7740.238
215.0241
-595.8993
-738.6296
-723.3408
-2567.476
-854.6886
-898.8057
1984.513
1715.863
-1615.665
-2033.288
-737.8545
-326.8386
-578.9002
-1363.09
-71.06862
-65.85304
-489.6929
-836.2822
188.5345
88.68753
-130.6756
-2195.055
-2131.546
-1957.31
-1747.639
-1123.632
-4839.12
-3254.193
-1551.085
-2142.174
-1487.629
-896.5959
-828.6458
73233.09
44385.19
28877.65
19019.95
12539.15
8211.845
4010.409
3752.106
878.7093
-579.5801
-6194.431
-5568.52
-4558.408
-2638.986
-2302.572
3378.901
3053.077
1926.676
1815.14
1718.275
856.974
105.803
895.4141
499.3149
-1325.614
-5355.81
-3840.003
-2101.434
-2267.149
-960.7368
-3270.77
-1723.29
-1074.405
-688.1442
-729.4806
263.465
642.5712
54.84652
736.073
1913.031
1362.193
927.6979
911.395
2345.339
1235.432
734.9116
310.8982
340.0173
247.0059
-108.5727
64.69327
-1420.832
-1509.542
-1201.672
-1368.805
-1224.224
-1070.307
-565.5353
-165.4724
-646.7006
-1757.187
-1161.515
-1331.741
-1483.282
-887.9302
-407.8393
4476.891
3026.752
1779.217
864.6501
576.3968
486.018
-87.1783
-356.9817
-505.5114
2691.349
1483.021
464.4042
137.2124
569.4613
429.4063
514.1262
297.627
444.7359
369.1568
317.3933
295.7643
-621.6873
-1024.662
-487.5906
-385.4657
404.3609
1592.656
1551.06
1045.434
252.1265
274.4145
-486.9883
-695.3825
-724.1956
-617.7942
-1203.557
234.3045
-2057.029
-1019.3
-231.1034
-144.4985
-266.2472
418.6015
136.9065
-426.1675
-451.4343
-2946.511
-2665.523
-1529.113
-1151.884
304.9921
475.3679
229.4147
271.3556
-3178.723
-2323.13
-2113.747
-1269.763
-804.8647
-141.1607
1174.427
-62.79805
-99.24335
286.0269
342.9185
-1669.424
-814.9839
-579.052
-797.0127
741.0775
497.5141
330.9707
-860.4933
-348.9965
-879.2696
-681.4711
-125.2229
230.5584
666.6623
52.97334
4354.678
3351.573
1910.043
1803.879
1167.965
439.0686
80.70005
2397.616
12928.39
8490.008
6474.51
5101.948
3576.679
2303.675
1405.592
3049.032
2812.754
1683.134
1046.488
-19.31949
-1394.141
-538.3196
-1072.52
-780.0504
-1278.034
-968.5807
43.18672
-147.9907
-113.0617
541.0371
-177.574
-247.382
-403.0929
-156.0232
1.973367
19.20944
-122.6822
401.2869
3231.304
762.3386
649.9652
-6146.521
-3973.587
-3569.343
-3256.751
-4408.791
-2652.395
-1918.613
-1886.095
-1132.967
905.611
84.70271
-958.7238
202.5512
-266.8369
-6.449113
374.5194
162.4389
-180.3668
-315.9063
-579.4519
104.7792
379.8412
385.1456
4.28129
-217.8323
-126.9266
427.4463
-404.3883
-3211.129
-1810.513
-922.2366
-1271.03
-155.0611
-2192.963
945.8969
-3132.849
-1957.857
-401.4835
-2576.325
-1228.31
1765.564
1227.93
1136.525
979.1518
1071.669
421.8859
389.0419
-796.9934
1524.876
639.9866
-294.3357
134.6698
766.9437
-87.86538
-80.77801
427.599
874.3487
1713.102
2097.76
24702.36
16115.99
7395.61
5009.914
3142.611
-1724.021
-1022.729
91.78388
2292.829
1582.252
1082.86
633.7031
2092.029
1762.05
486.5496
589.3646
590.6925
77.42535
330.4098
427.8617
204.0813
637.7158
424.0737
-12.44992
111.8093
-42.2358
399.2694
1066.761
1130.702
3.486191
-172.9218
7571.176
4962.32
3921.609
2439.663
400.8245
535.4436
1611.784
-1179.332
-721.2577
-1015.14
9081.056
5733.313
3711.545
1623.584
15133.33
10687.83
6532.849
3007.023
2449.609
2185.311
1236.986
2125.715
279.8912
-1770.501
-1472.167
-1081.66
-966.5065
-1614.129
-1514.609
-1293.126
-833.4286
-709.9731
-801.1304
-604.3616
655.5555
266.0382
52.55567
175.937
-64.05808
891.6378
63.795
270.9595
159.5552
-860.314
-506.6354
33.58133
-456.3512
-639.8246
-50.86955
396.4135
82.12359
293.7759
20.20668
-54.99139
-290.3196
-273.1032
-1344.876
-1491.077
-323.5449
-309.6709
-14.38487
2423.171
16409.7
13123.66
7834.156
5056.712
3361.576
2314.708
275.1036
182.4241
1434.816
1201.644
294.574
-385.6648
1163.971
1532.89
1324.359
831.1071
4543.164
3179.217
1851.886
734.1278
937.2505
364.4486
873.4757
1362.063
1032.226
831.2064
650.4059
1182.72
1159.924
8890.222
5653.082
3797.758
3389.459
2338.889
5317.255
3354.681
2495.345
1400.326
720.4069
918.0433
1350.836
1159.614
-695.4091
-404.7527
-70.63529
171.1728
417796.1
273498.8
177986.2
117365.5
76617.35
49948.79
32299.7
21231.59
15574.92
10594.35
6379.6
4058.672
2190.635
-451.1266
-55.61371
339.5943
481.8729
-1563.561
-1134.546
-746.997
-841.8806
-1002.177
2055.583
1643.563
720.5241
341.3711
-145.7222
-1790.556
-1560.692
-975.5213
-975.8621
-9168.268
-3899.655
-2599.052
-2082.985
-2088.944
-1966.613
-1828.91
-2200.305
15327.8
11231.23
4654.708
2986.851
1543.451
677.4025
-38.00441
-35.44364
-1700.303
-1480.821
-1495.271
-29760.5
-17545.85
-13077.38
-9890.14
-6471.747
-4582.471
-3179.758
-2245.112
3711.202
1690.318
1020.594
553.9495
1052.855
146.8329
65.5822
227.4266
403.6174
1510.989
2904.148
2163.132
866.6987
222.2996
-2522.503
-1635.934
-1074.233
-1514.552
-958.0844
-642.1849
-172.6394
470.4864
878.7994
-174.0149
-73.35346
-53.79459
679.014
497.9663
465.388
870.9576
2448.212
1481.239
-2464.282
-1336.007
-35.78624
-1982.229
-2855.662
-1949.51
-1266.003
-192.7051
-1573.413
-44.38863
410.1864
44.72241
-558.0343
468.2768
503.6847
-273.4391
-82.66707
395.1479
374.0218
-3489.055
-2570.624
-1863.094
-1380.939
-1595.135
-987.7162
-18837.55
-12679.54
-5479.708
-2261.547
-875.2783
-406.5988
-98.68833
-148.1375
1711.228
295.5387
317.6718
25.90772
1494.947
2737.132
1486.302
604.2182
832.4821
80.8364
-138732.3
-90987.17
-59290.68
-39114.78
-25681.53
-16937.71
-12190.45
-7872.023
-4988.428
-665.4727
1541.309
864.3449
-1088.522
-1249.606
-28437.05
-18483.31
-12459.66
-7896.316
-7445.005
-5473.13
-3934.662
-2799.566
-2328.21
-1960.474
-1386.746
-1498.469
-937.2375
5694.742
3752.414
3201.605
1323.494
560.8469
-1054.592
-625.6839
-1192.765
-523.1042
467.5505
80.48399
-474.9433
274.078
829.7929
478.4024
579.9377
628.3462
11.38563
554.5486
338.1124
518.9889
877.6137
403.9464
342.1526
-1266.821
-1317.919
39.02187
-237.3388
177.7436
951.774
657.5115
-140.7759
170.918
-597.5224
-1339.365
-532.8966
-443.6192
-765.0969
-1278.235
-392.8658
-58.87606
3723.637
3175.191
2268.837
1469.329
19174.95
16436.37
12200.4
5764.559
3923.393
2541.811
1983.578
1141.103
1375.368
831.7318
-6735.922
-5213.03
-2857.329
6777.226
3601.393
1837.332
1273.09
914.8245
855.2014
4808.978
3285.287
2185.997
1982.921
1264.011
-23.78829
256.0296
738.3281
506.3699
287.2858
187.5705
-1640.439
-855.6729
-460.5881
228.4745
-1772.919
-1624.383
-1116.851
-1409.046
-1046.646
-461.6894
2523.854
1403.661
451.7729
-282.8429
-245.3136
-322.9032
75.76515
280.2884
831.29
-241.0647
-3897.134
-2481.454
-1853.913
-1599.493
-10427.19
-6431.666
-3587.263
-3126.545
-1424.562
-716.1306
-168.9435
592.9277
44.27426
-1667.828
-954.4657
-536.1084
-670.8994
-835.6324
-812.988
-1476.042
-2241.45
267.9556
-187.053
-888.8242
-952.4415
-483.6585
-2797.08
-1901.27
-1867.517
-1105.89
-871.1888
-757.0834
-2166.421
-2768.306
3422.992
1750.627
1309.99
-2155.459
-1076.364
-601.2361
-783.4531
-279.8566
58.43497
1779.935
1108.456
531.8702
3160.486
4386.569
2881.768
1761.303
1308.538
1416.606
825.4013
-4120.837
-2973.836
-1269.531
-448.2955
-234.71
-1339.986
-1174.994
-1678.878
-1814.505
-1471.365
-1922.23
-6664.85
-4796.534
-3189.623
-1313.002
-1352.209
-856.4064
-1078.037
-832.4337
-1200.329
-250.2765
1592.892
2077.024
1175.491
1411.897
-19.45833
1134.833
6145.887
5633.93
3891.629
3759.302
1772.149
1201.838
678.9621
-8444.777
-2136.263
-2312.628
-796.0818
-809.6662
-813.7868
1349.236
696.9537
207.2911
-2480.92
-2083.202
-8208.633
-5262.663
-3640.055
-2412.905
-1265.694
-586.7489
-153.5631
-197.6027
-440.3991
-1268.121
75.82277
34.41791
-3037.193
-2506.019
-1609.444
-1449.308
-1003.868
1644.521
258.5613
228.2346
352.9143
-677.1625
-913.3506
-1769.381
-1659.586
-1004.198
-899.965
-506.7317
-873.9027
-1034.875
-1383.607
-822.87
1299.15
857.4539
-193.841
-523.7786
190.7962
356.3161
297.7562
1881.291
1398.783
712.7344
632.1425
285.5731
-3687.276
-1574.582
-460.1126
-91.25416
29.02935
-248.0847
-31511.63
-21227.34
-14800.48
-8871.01
-59022.45
-40926.99
-26375.33
-16273.02
-10858.12
-7333.044
-6341.2
-3388.36
-2553.24
92.74048
-609.5969
159.2771
-426.0181
-6678.501
-4459.673
-3761.449
-2549.507
-2047.732
-591.6353
-93.4542
-296.6028
795.4106
712.503
1047.906
567.7294
1244.082
838.0097
622.1602
357.9922
1264.946
1118.234
-282.353
280.6451
277.1058
-844.1727
-848.3441
-32.22765
-84.58891
1009.738
416.0172
2210.147
1343.691
-1457.144
-362.2712
-773.7375
664.4217
788.5059
5104.949
4615.626
3446.967
4575.115
3204.563
2876.747
-19866.1
-12907.19
-5855.279
-4836.655
-4215.845
1661.135
840.015
159.8933
-1398.444
-1463.878
-933.6848
-245.6884
-3612.145
-3336.206
-2450.282
-1875.373
-3115.963
-2114.972
-5004.241
-4535.676
-5625.785
-5985.41
-3956.537
-2181.529
-1998.596
-1557.17
-1128.186
-1003.966
-1879.139
-1672.783
-2386.09
-3914.242
-5018.24
-4516.677
-13242
-7971.591
-5104.829
-4098.982
-3197.486
-4576.014
-8412.141
-5307.097
-3703.387
23070.99
15029.95
21971.81
15349.91
10286.33
6612.181
2031.316
1056.648
1896.979
1370.73
1447.609
67.98776
-383.2994
-5191.655
-2773.074
-28825.21
-18726.46
-12613.44
-8061.819
-5447.064
-64011.08
-42808.76
-27601.52
-15862.95
-11843.11
-8996.856
-3908.178
-2139.735
-1672.982
-1041.002
-848.0717
-596.1227
-673.7612
-376.6724
-805.435
-9285.773
-6358.258
-3950.329
-1835.475
-585.4031
-508.5132
65.47539
-189.5625
2026.311
1125.427
182.0536
-2112.835
-510.6233
-47.6937
-15.11936
-827.6664
-1681.005
-10358.36
-6675.784
-4167.275
-2615.188
-1116.434
-14.53274
168.6191
307.88
1756.153
460.0937
-407.5613
-310.0561
-243.6491
-335.5016
-8605.821
-9309.188
-5217.389
-367.3083
253.493
1531.782
4754.47
4828.824
5703.397
3194.124
1927.844
1080.321
773.7828
175.3708
926.2647
638.4508
-20034.24
-13084.74
-8531.919
-5513.638
-3797.104
-2059.004
-1861.325
-686.0851
-530.7902
-983.3238
-1627.693
-2640.121
-1877.474
-1453.821
-1541.207
-499.6294
-4612.571
-3139.225
-5091.185
-1917.284
-1436.303
-2471.849
-1719.706
-2406.862
-1090.618
-1320.528
-171.9858
-138.7227
-309.118
-514.0621
300.4005
-40.79375
512.2352
-215.612
1138.058
1408.35
-234.2639
1246.659
1285.431
843.3108
133.7691
-1633.113
1.138897
-356.8613
-179.3643
-389.6808
-195.4442
-702.6438
-504.4092
-163.7839
-1135.795
-1083.2
-606.3307
-451.9591
659.1755
52719.4
34141.73
8403.228
7508.967
4893.473
3584.605
21.18372
1462.483
-2781.049
-2184.812
-1461.597
46060.2
28719.13
17507.91
12857.51
8389.551
4575.45
3225.116
2097.454
591.4147
-144.7477
16894.34
11197.05
7247.509
4990.802
7295.72
5082.559
2530.693
892.6007
1110.304
1005.979
3280.304
1120.987
985.9301
667.5167
1043.756
742.4734
-150.4035
2320.181
1490.217
847.3694
-2073.848
-1035.601
-245.8412
-504.4487
-552.3061
141.7159
373.9816
-2971.993
-3499.162
-3991.85
-3812.666
-2359.271
-1636.771
-1256.162
-1228.32
-948.7813
-958.1776
-1081.043
-1785.312
-2591.097
-2813.784
154.5491
-132.1558
-1235.261
4215.069
2585.787
1372.138
-373.3531
-575.0502
7731.129
5455.662
-8510.742
-5367.029
-1752.341
-1536.011
3051.342
2300.778
1857.551
560.4557
2430.096
-1353.309
-810.4333
-3269.684
-1385.555
-3178.319
-3164.347
-2586.079
-1687.497
2358.934
1072.973
1241.107
1710.285
1227.236
-195.1585
-101.8384
-30.75999
-88.64719
1705.075
1249.322
3241.928
1308.216
689.7445
1117.013
-860.931
2039.711
1280.339
789.4774
593.7922
544.0795
642.4705
395.1216
397.5983
-18.21371
1430.936
984.8558
756.6869
1173.97
-326.2063
-304.6333
-452.9632
-123.6667
1744.096
861.3087
823.733
234.3963
4253.202
7288.282
5613.831
3491.31
2325.693
1451.496
1639.184
5620.942
3818.445
2445.144
1556.18
762.4085
109.9386
-1498.728
-2851.179
-1957.699
-704.3471
417.3984
144.5345
-317.3226
-869.4198
-3170.5
-2038.375
-1420.552
7331.113
5393.477
7242.039
4741.342
2460.401
1483.081
4380.882
3453.598
5244.284
3132.045
3009.403
1985.337
4611.412
-1181.629
-1054.509
-868.6218
-752.8443
10057
6328.5
1127
3136.827
1845.618
939.8628
1131.472
516.4686
1044.196
127.2382
-978.7235
-1583.519
-1383.647
-531.8469
-1030.172
-689.2135
47.6786
1715.699
577.5596
391.4316
748.5025
-85.80137
-815.9569
-853.1879
-1269.644
357.2359
-2750.302
-1540.344
-1351.483
-709.8548
-385.4851
910.1798
-54.26159
-205.2516
-562.8058
-526.5754
-879.2367
-2626.614
-5694.871
-5725.935
-3920.854
-2586.25
-2001.619
-1073.25
-942.6743
-441.2844
-153.7907
-1906.88
-1516.176
1665.7
83.64003
2865.356
1917.363
410.7422
265.7697
217.2604
16.29568
206.7797
-162.3433
529.4143
893.2735
640.0821
44.72799
-39.957
381.4497
-2810.547
-343.5033
-3309.153
-3653.961
-2428.765
-699.2974
1266.208
8405.224
5243.452
3943.476
5357.352
2724.021
2561.864
1840.838
1030.306
-1535.12
-2814.781
-2945.155
-1101.209
-619.872
-35.55981
-182.8461
3166.933
2527.119
1505.008
1116.208
522.6462
2141.569
2685.494
1599.634
2330.598
1651.912
784.3322
793.2561
425.892
220.8715
221.5858
488.381
-741.9675
-637.0376
-102.3385
2121.403
902.571
629.115
303.3734
369.4971
-756.3193
-543.3902
-382.1106
-440.1746
1.089824
292.6233
568.2333
-7171.256
-5389.21
-3140.445
-2464.957
-827.3848
-611.8585
-234.9332
157.6974
-295.3416
327.5114
-1773.195
-1939.587
399124.9
261819.9
169692.3
110521.4
72603
47339.18
31178.43
19701.34
12246.91
8678.282
3129.346
1941.929
926.9374
319.2925
-860.1963
-1717.958
-1204.538
-1505.314
-2207.768
-2368.564
-1888.042
-3377.282
-5114.361
-1499.41
-1243.844
-1592.346
-249.3592
-301.6317
-535.1618
-64.02854
-298.8572
-774.9965
-600.5264
-849.7114
-1723.46
-1633.004
-2231.528
-1514.49
-1106.913
-1149.155
333.0716
492.3043
794.708
-706.4683
-605.3148
436.0764
104.68
-355.0421
376.5485
-170.3394
79.76847
271.2182
563.4232
543.804
529.0857
422.6001
798.075
-745.6774
-5159.992
47662.91
31413.4
20747.17
14148.27
9243.604
6562.124
4521.981
3519.627
1246.591
1141.29
420.0674
205.0055
-69.09568
2641.661
1499.844
4700.14
2685.356
1531.235
816.6306
1291.78
-9533.894
-7115.881
-4599.078
-2925.142
-2186.466
-1237.522
-1294.476
-967.6725
-779.1286
-2041.347
-1496.788
-2583.074
2498.41
-831.8273
-595.5177
-982.5137
-106.4465
-612.9999
123.3745
-2277.293
-1716.066
-2142.943
-1262.691
-1460.99
-1665.581
-540.2635
-1635.488
-1684.081
-1135.16
180.1511
-136.182
-905.3925
6369.679
2826.274
1786.426
1521.784
-435.4848
-1061.302
-2477.638
-1575.807
-1547.77
-1258.016
-744.3921
-533.7043
-670.3449
-1730.429
-1050.089
-3075.707
-653.7212
-797.8227
348.636
5019.843
3612.609
2058.539
1274.507
750.174
470.0783
611.1074
594.0707
-421.9596
246.2869
3180.674
-42.69585
-516.9922
-212.3346
-122.0275
-20600.23
-16009.55
-10558.22
-8545.422
-6001.604
-4213.598
-4648.771
-3220.066
1068.19
746.3193
960.1229
1752.155
-1699.051
-743.0138
-260.6022
-1000.838
-14417.55
-9937.207
-6514.45
-5147.799
-3867.604
-2167.885
-1767.971
8133.184
4402.603
2836.581
2364.265
1898.355
1491.35
226.0848
-141.1343
374.9697
-2323.16
-1123.79
3160.528
2261.966
2373.8
1842.556
3361.002
2137.927
1651.783
1080.338
1163.385
972.5594
2975.932
2111.5
1534.587
2598.544
2833.319
3955.496
625.2574
2801.541
6392.458
4025.464
2747.912
1923.544
4193.478
3005.555
-323.3854
-178.3828
-122.9993
3446.024
2190.056
2310.812
1467.507
782.3944
624.9504
690.0186
-175.5347
-791.9711
-1958.712
877.9867
1720.56
-561.5457
13447.97
8250.341
7677.779
3977.315
119.938
-375.0479
-334.4097
-735.5194
-1167.882
-2544.598
-1930.316
-1601.224
-2246.292
-2153.957
-1873.334
-1295.625
47046.29
24164.16
15043.95
11299.54
6751.31
2833.876
1306.499
2090.136
1466.419
-612.5887
-549.2691
-363.63
1300.745
708.5141
495.8362
-1012.402
-1244.963
-2510.051
-1898.978
-1704.426
-1201.729
-3467.907
-7293.657
-4161.085
-2855.415
-3078.016
-783.1407
-1020.5
-1363.623
-1403.4
-8161.874
-5327.729
-73974.64
-48344.42
-31588.59
-21029.87
-15348.41
-21182.22
-13926.7
-8925.984
-5014.091
-10753.74
-6950.885
-4661.769
-2798.881
-2062.277
-1659.204
-2065.185
-1182.353
-818.9462
-1290.205
-712.948
-539.8685
368.5613
-53.55182
2192.047
1097.763
-1631.302
-860.9415
1333.974
1922.487
-1994.642
158.617
240.601
1132.094
887.3166
730.6931
788.8939
554.142
159.3859
-13715.69
-8629.518
-5722.34
-3776.204
-2372.435
-4110.255
-2554.51
-1923.982
-1337.9
-1878.701
-535.9731
-1144.208
-532.9753
-627.593
-507.9988
-600.3346
-380.7721
-4492.457
-2735.009
-2179.308
-1481.822
-884.4689
-573.2995
-625.7879
-707.9958
-2946.404
-734.5401
-934.484
-3156.182
-2796.962
-2081.563
9721.674
6290.767
3781.139
2821.965
-49695.08
-33104.8
-22356.19
-13466.24
-9395.231
-6688.976
-4216.914
-5904.526
-4614.749
-2669.175
-2170.193
-1730.85
-306.9679
-381.8092
-641.3919
-11635.9
-8566.213
-6002.428
-3978.086
-2712.299
-1996.105
-1029.302
-1024.33
-1700.702
-5181.103
-3386.695
-2615.733
-1949.251
-1813.41
-3070.43
-9190.288
-5354.957
-3145.466
-2264.53
-1289.733
-1950.925
-873.0189
-772.5621
-689.8743
-505.3002
-262.3981
-1821.058
-7300.582
-3134.865
-2259.184
-1751.089
-1129.206
-918.8535
-1216.052
-338.4413
-1472.6
-873.677
-844.4434
-15685.75
-9518.015
-6628.469
-3310.803
-2105.881
-11630
-7331.566
21379.39
14254.92
9427.26
6007.485
3888.842
2919.177
3353.718
2583.935
1481.117
-4898.374
-3617.807
-198.0351
497.4995
-908.4973
-977.5003
1096.264
539.7178
772.179
491.4545
-3325.549
-2783.668
-1449.466
-909.6819
-746.6387
-354.8244
64.59713
35984.71
23534.72
14067.94
10259.45
6270.063
4022.388
3544.417
1897.173
-190.5899
-491.6314
-1645.424
-1371.812
-1300.501
-1039.684
21482.23
-56203.02
-37473.63
-24569.64
-15651.66
-10844.96
-858.296
-524.7227
-687.0672
-724.5343
-387.7538
-399.6642
-801.8471
-1325.18
-433.9308
1355.632
-3199.026
-2161.39
-1704.678
-255.8496
86.29698
-239.7963
-607.1785
-380.8958
-31725.34
-21268.59
-14123.53
-9655.173
-7257.323
-2346.913
-2349.482
-1932.663
-1956.733
-293.8227
-576.126
-1356.617
-1035.644
-1472.378
-771.708
-553.2159
963.6524
861.0073
325.6228
-88.35239
-1729.018
-1051.472
-931.3709
-1119.429
-612.5691
-691.7344
-640.3546
-675.6964
-583.9868
4779.883
4131.389
3179.739
1501.445
1306.527
737.2943
205.6437
-1940.954
-806.4095
-267.2885
-147.4485
-803.3627
1389.254
861.3708
453.5811
-337.1783
4462.935
2199.902
1702.343
1320.228
1573.368
1829.501
6068.592
3845.42
1964.065
1645.351
-1552.68
-1144.675
2934.934
2285.706
1245.139
-1093.382
-3363.061
-2143.175
5403.947
3342.919
2406.185
1590.247
1867.2
1290.892
768.3372
2126.554
1098.84
-609.3913
-302.5963
-16620.53
-10054.24
-9542.388
-5497.131
-3556.588
-2800.929
-1921.736
-849.0354
752.937
382.6897
379.488
-944.6479
-805.4021
-1842.953
-1079.663
-590.0341
-391.3073
187.2309
-209.0896
-880.516
-8704.761
-5618.78
-3230.146
-5085.114
-3929.38
-3381.606
-2554.031
-2310.593
-2353.293
-1041.193
3238.18
1646.103
1941.51
1554.541
604.1944
2407.328
1361.652
-4426.963
-2834.703
-1554.367
-2610.046
-1705.354
-1127.713
-1269.286
-1152.678
-1506.436
-1527.032
-2161.603
-1888.022
-555.7814
-460.3692
-601.2043
-780.0139
-110.4008
-772.2465
-1256.868
-1397.053
2295.595
1536.815
654.0286
347.0334
-43.57922
-182.6046
-224.8511
-445.2448
-4093.765
-3679.091
-1024.325
-1122.244
27.22175
369.3679
-675.6233
-538.9257
85.15479
1112.392
-1823.051
-3298.867
-2047.671
-1616.261
-929.697
-262.3372
85.59281
-621.5383
-682.6978
-223.5011
30.44376
-355.9327
10318.26
6376.344
3488.117
3683.56
-404.9292
-534.1147
168.5224
288.1794
-82.42132
302.2248
1395.265
638.4015
1046.225
846.8013
992.5752
1126.72
2613.433
4056.525
-5386.872
-2498.094
-1631.692
-3060.32
-1208.017
-168.2503
-364.8761
-440.3017
-455.7996
-1190.78
-1164.276
-1155.915
-241.1893
-320.1609
-1575.034
-1221.922
-653.5574
1254.825
1253.517
945.5355
182.7398
-2043.757
-1362.225
-819.6917
-3189.104
-2755.498
-2038.011
1789.573
144.0823
23.5036
496.0169
-43.02423
-346.7178
12591.54
7726.145
5941.089
2874.489
1849.384
456.7281
74.73795
436.89
-69.59003
-140.8574
-362.7535
-1160.212
-2128.361
-1440.929
-874.6711
-1913.836
-1210.538
-361.6826
-915.4662
-433.6618
-517.4767
-1057.809
-1359.48
-1030.337
-1312.75
-1084.678
-783.0591
-766.6069
-749.3176
-571.8851
-720.7545
-808.1887
-612.9934
348.37
224.7948
296.5388
1743.167
-174859.7
-114569.7
-74519.07
-48655.56
-31679.73
-21400.79
-14776.99
-9463.306
-6535.413
-4336.028
-2428.634
-535.8782
-2752.959
-3285.63
-3608.794
-1948.007
-2556.9
-1936.218
-846.3941
-408.9264
405.4506
-1183.532
-1247.704
-980.359
-1094.637
-1109.075
-368.6405
-670.1883
-643.8715
-508.1079
-5434.94
-3188.877
-1944.226
-421.1073
-164.1462
-16809.11
-11089.1
-7250.755
-4877.78
-3044.578
-5329.339
-493.9942
-1021.539
-859.8333
13.69152
200.5714
3062.766
2265.165
1603.804
497.2504
-418.0234
-449.6916
-289.8058
6905.809
4567.939
3117.311
2013.169
1175.821
593.8764
-8527.439
-5380.095
-3742.826
-2374.733
-1356.684
-896.6416
-1016.405
-2072.799
-3422.307
-5445.981
-5990.017
-5037.818
-3638.707
-11187.58
-7889.586
-4961.745
-3378.247
-2562.764
-1968.217
-372.4149
-885.8756
-1247.911
-1218.626
-1356.237
-1335.964
-800.3357
-908.1864
-1449.464
-1248.062
-1202.443
-1553.023
245.1919
-52.17454
-11.40489
4529.29
2776.34
1296.122
688.6947
335.4791
59.19673
-227.3715
-1614.006
-1378.887
-464.7375
-650.9194
-1353.277
-1575.929
-1219.374
-1053.54
-29.87929
-316.6249
-788.4143
-665.2951
-607.6987
-1110.178
-665.7812
-1164.244
-1558.306
-1057.001
-974.5304
-1469.064
-920.1417
-603.859
-201.2395
179.9326
6676.798
3757.47
1497.058
1605.593
594.6209
332.5784
-96.29156
11.40367
-591.4825
752.6891
-175.1189
-600.6051
-4481.086
-2616.546
-3119.624
34309.95
25742.27
16743.9
10091.9
5922.755
3960.938
2465.978
1486.006
864.1957
449.0222
-291.0503
-776.3151
714.8503
129.7386
310.5783
-20.87531
-799.7841
8345.331
3522.827
-1160.766
-640.0261
-422.9887
-1858.235
-1052.553
180.4477
-76.3967
674.9889
978.9437
1472.372
-3762.736
-2637.559
-1646.964
1354.483
935.5896
815.7998
361.6907
-2464.573
-918.3315
-782.622
-168.4751
-343.8841
-525.5079
-722.9226
-521.2355
2292.132
1675.601
582.8365
594.7804
921.405
-2727.986
2156.597
1675.859
1396.745
718.5462
217.7165
-2514.436
-1633.863
-1744.166
-1607.473
-907.1685
-547.3121
-1310.677
657.7704
-1283.47
-382.0813
-3039.921
-1647.352
-1751.087
-1235.943
-308.5911
-495.1086
-681.6873
-68.67452
-82.60533
521.5287
11.15519
-663.7438
-1411.463
-882.0823
-648.2022
-98.93737
-908.9386
-1611.863
-1833.789
6543.254
858380.7
560580.9
366027.2
239277.2
155869.9
101121.4
63275.71
42811.63
9293.69
5641.402
5473.684
7395.289
8642.005
9338.764
4404.199
1931.775
1601.087
981.8411
-392.0311
-386.4785
-503.4617
-1150.42
-994.7191
454.5748
-473.3617
-6262.258
-4125.371
-3533.521
1272.754
787.2652
565.3319
345.151
-951.7034
-1077.883
-1377.694
-765.4165
768.9456
-1253.648
-1001.354
-787.8232
-448.4122
697.8767
722.3349
562.0768
19.19769
258.0547
510.7063
2975.818
-824.3671
13.46432
676.1746
261.6487
265.0466
-601.7026
2078.044
983.1497
426.685
-962.6762
-785.2295
-791.6105
696.1219
-341.7479
4025.91
2959.221
-498.754
-892.2802
-563.3822
-626.8756
68.84396
221.7631
621.5808
16733.12
7920.281
4973.944
2478.202
1761.608
1366.054
-2000.558
-1440.842
-738.8267
-557.4268
3759.937
1691.611
856.5626
-2034.301
-1934.226
-1734.029
-1493.51
-1456.004
-1627.716
-1242.154
-1600.869
-1178.263
-1296.752
-704.1702
-891.0798
35.20422
-299.5762
-1542.763
-1028.697
-1070.008
-1249.483
-2020.462
-2017.763
-2024.319
-1362.274
-609.9634
-1959.781
-1270.978
-954.5215
-1452.885
-964.9909
-1013.17
-237164
-152806.1
-100202.9
-65185.58
-42567.67
-28217
-17620.91
-11623.51
-8219.741
-6832.652
-6126.234
-4006.56
-2288.415
-1210.394
-142.529
-2110.745
-1642.205
-716.9283
-350.4696
-4890.577
-3401.965
-2396.038
-1880.744
-1094.795
-1199.559
-1174.495
208.463
337.8036
65.12234
-64328.62
-42168.28
-28111.13
-18204.3
-10941.33
-12539.48
-8870.615
-7634.714
-36139.16
-23617.57
-14498.91
-10959.72
-7410.753
-4749.618
-3468.026
-1821.738
-876.2211
-1172.047
315212
205863.2
134710.8
87548.54
57855.92
37494.53
24281.13
14918.95
8253.278
5950.089
4022.401
3457.385
83.34943
-787.3317
-742.8903
-875.5886
152.973
-7143.873
-4081.076
-2832.582
-3939.669
-3734.521
-2596.382
-2113.591
-1652.5
-1176.738
-1777.803
-1058.31
2583.999
1648.48
782.4132
-409.2585
-38.52168
-105.4173
-553.3764
858.9215
330.6567
154.2283
-389.8948
-458.637
-1454.085
-906.1213
-1067.4
-745.8243
-2076.097
9608.566
5733.387
-1903.436
2733.884
-3053.92
142.866
144.7282
-841.1497
-378.1122
3604.927
395.5473
-308.8922
-720.009
-505.8585
-395.5007
-23.18029
-698.9827
-1468.678
-996.1249
1480.765
641.6559
161.5444
283.6149
9.369614
716.5641
1080.627
1196.914
949.9927
-196.5558
720.8476
292.4762
-128.1927
955.7222
24.92107
-195.2039
-256.437
-499.7987
-701.7283
-1414.508
-874.0853
5338.508
3894.392
1688.328
739.341
745.2875
3646.623
2454.087
1947.81
-3366.583
-1616.658
-326.313
1508.585
752.5285
824.4538
206.5821
-77.65343
-773.1713
-1159.891
-141.2528
-0.5799845
322.6818
-313.7597
18537.34
12031.21
7343.178
6844.319
4255.393
15372.45
10081.29
6251.432
3835.337
56005.61
36606.51
25055.36
16368.31
10692.06
5793.174
5310.785
3868.447
2365.38
1481.289
3830.155
2175.966
1461.629
992.5261
946.6365
1494.341
-272.8263
-369.3912
-305.0903
-652.009
626.4613
606.5998
362.6524
414.1756
-1269.387
-725.653
-1622.154
-1612.534
-1202.333
-2247.641
-1787.355
-329.6783
-440.4981
-219.7929
1014.022
1069.608
44.0595
-254.3064
-384.4115
182.6801
162.3042
-963.4516
-160.3787
-712.0573
-733.8097
-332.4078
1008.912
241.2449
48.22618
-72.04942
1460.231
1223.292
749.3918
-6697.794
-4647.104
6889.738
5171.417
4686.144
2546.144
1975.386
1873.684
892.7763
35.43173
-251.7677
-22.82847
99.88098
-58.21512
-722.9954
-599.5884
-272.1243
-476.1618
1019.317
869.7543
448.8224
-110.0583
538.7293
275.9495
903.4408
21.29989
-1279.199
-869.4289
-554.2542
-394.1295
-217.3298
-1956.804
-742.8459
-1910.937
-1601.796
-1168.669
-1061.602
-1507.155
-526.5011
-284.1037
1808.512
4293.706
2578.708
1515.206
610.4717
-986.6602
-669.6772
-910.8271
2077.676
1096.15
1563.216
898.0049
-2942.501
-1946.716
-990.9095
-1261.444
-802.426
-758.4674
-921.7675
-1309.378
1472.279
832.7775
1536.862
5387.211
2822.15
2569.753
6645.575
6031.134
4894.405
2731.704
1792.184
1027.999
2690.606
2740.979
203.2055
-3650.771
-7223.041
-4023.971
-2134.997
-1132.854
-310.8212
-790.4521
-711.2219
106.3777
-264.5526
116.6366
-3503.954
-2441.272
-375.2296
122.8612
-518.0482
-522.1122
-36.37114
-88.995
-670.0353
1867.754
1334.457
493.2199
324.7044
-572.6557
-1485.056
-1157.237
-1177.004
-938.6301
-1171.399
1828.593
727.8048
329.6623
-7526.81
-5428.22
-4046.669
-3012.544
-2753.526
-1950.48
1392.741
473.5506
-361.6566
-3661.058
-3124.086
-3107.033
33569.82
24964.55
16146.31
11164
7054.712
3851.648
2304.784
395.8919
1016.241
270.1911
-1900.245
-1219.325
-636.826
