6.965811
-187.0881
-122.7136
-82.74756
-55.0725
-32.1495
25.56582
24.18246
47.22756
45.89375
33.80041
49.08425
22.38117
22.56744
24.53326
23.08059
36.54751
36.62174
133.2489
110.6426
84.81069
66.39433
58.67714
45.44103
46.24932
43.36354
55.83109
50.34252
44.18192
44.51263
46.78586
48.53211
46.50811
44.65796
47.94606
67.62319
88.69625
81.8586
74.00262
70.38539
65.83118
63.71468
65.06518
1310.423
909.9265
654.1706
470.3133
344.3079
262.1565
210.3311
175.3441
144.5573
134.3117
117.2305
94.39247
91.93731
91.53435
92.32811
90.74775
111.5776
96.63037
91.71273
90.34564
111.681
120.8333
113.0994
114.6102
80.87164
86.12791
94.38421
218.5246
189.7563
166.8578
147.5983
61.83087
79.00063
90.26385
99.81896
110.4739
114.3921
114.6395
118.7725
118.1388
125.8858
136.8687
138.9472
139.3583
137.2609
157.4236
142.7124
142.591
140.1618
89.01764
104.3732
114.482
125.7299
131.5228
147.2887
151.3062
162.3916
162.1454
164.5615
157.7713
158.8266
159.2441
159.8975
153.6285
151.2364
155.1314
166.5762
167.3057
126.1333
139.4555
148.3434
144.774
151.6152
160.2079
164.8204
165.5163
184.5947
176.2109
172.4841
176.2574
177.1745
180.9483
183.4283
180.9589
179.2645
250.0205
230.3068
218.9633
210.4218
201.4845
198.6201
202.0297
198.8003
200.1997
199.6467
195.486
226.221
223.6641
223.0598
209.1329
203.3683
213.6703
215.4751
211.8077
213.6311
214.4221
199.2791
201.1495
205.0275
215.9616
229.0774
225.327
226.9243
239.0566
236.8751
239.1788
240.3894
242.3178
240.9625
240.8187
249.3046
252.3893
259.6782
258.8325
262.784
263.6804
228.6199
237.1326
248.1651
252.8312
250.1311
254.4341
254.8039
254.7129
261.4846
174.4167
198.2428
216.4565
239.9586
240.0975
247.3429
245.0119
254.7308
260.2604
265.5393
263.7206
269.2509
274.4293
275.8906
272.675
229.2105
245.6643
261.1693
267.9405
275.2916
279.5042
280.7655
278.5773
289.8415
292.2092
356.245
337.9788
319.9908
310.3392
306.6075
304.7059
305.4315
307.2825
308.0148
307.3105
305.6802
306.2591
307.2053
310.1439
314.2693
315.2276
296.0208
288.5765
304.272
332.531
320.4357
317.3396
329.5505
328.5113
330.8266
388.175
369.9404
356.7591
348.491
339.8211
357.489
349.818
344.5807
346.5269
345.3847
364.3605
337.0446
288.8833
309.5258
319.291
326.9524
329.4353
328.1131
331.4791
387.3765
376.6344
369.8231
350.1468
354.0289
356.7179
363.3248
362.2245
365.8257
364.8893
365.6053
365.8719
367.1268
383.3063
376.1081
369.4841
366.7752
373.4754
383.4221
391.2862
389.4732
388.9716
383.8076
411.0465
406.2841
399.4282
398.4174
397.5521
399.7345
398.7911
397.7323
300.4198
336.8464
356.0613
356.5607
294.2149
333.491
359.6473
389.6955
402.747
404.5628
408.2222
407.0365
407.4861
407.9556
412.88
411.3602
413.28
414.0712
418.3244
419.493
431.7515
421.845
422.1261
435.0355
432.1664
525.4836
533.0186
503.4819
477.4209
596.7755
547.4126
511.1683
488.2101
478.7739
470.2
463.4112
465.2012
459.3676
451.2866
454.3022
457.3266
446.3318
447.5199
455.4911
455.7097
451.4691
456.807
449.9531
452.7769
455.6002
457.682
400.9241
429.6973
443.567
453.7216
466.514
470.1666
697.3957
648.0068
595.9003
558.7312
534.0562
509.4114
501.5604
488.3041
487.1088
485.4163
486.1179
487.2553
486.4541
484.2472
496.2133
496.4495
510.098
509.0623
499.9196
497.1813
510.264
525.2793
515.681
512.1308
509.9238
496.9265
505.4993
513.2224
517.3069
518.0062
515.0861
517.4416
509.2703
523.5342
526.2397
522.2887
523.34
532.4372
532.4692
533.1206
532.4524
538.389
556.9108
552.7101
546.5732
546.1907
545.4659
545.3983
543.3605
539.6703
545.6044
544.6118
539.5739
541.3686
550.5349
533.4551
538.8879
543.8104
566.6348
564.83
547.4707
551.7119
553.523
569.3726
568.64
567.2731
553.4791
557.4255
565.1151
558.3492
542.3282
556.2278
568.1488
571.6754
621.7016
595.636
589.0294
421.3004
264.9482
371.9591
438.8075
485.8451
524.6826
543.9522
557.5936
567.4549
572.0394
579.3963
585.0297
587.2878
593.7741
596.7829
598.9155
593.8492
602.9884
602.2555
602.565
610.9516
614.1934
601.8819
635.5845
632.4086
637.0555
628.0912
677.8524
662.2745
649.1417
631.1578
627.7575
628.21
623.7714
628.3459
633.2829
629.8906
556.6506
577.4019
593.9787
609.1995
614.8769
650.6342
652.0262
652.5968
651.5834
648.5406
654.7803
652.3346
650.8622
633.3449
635.3485
640.4621
645.8967
649.8018
656.7028
656.9036
527.3311
553.0712
588.9407
612.0713
628.4963
630.8801
643.2403
653.0105
654.2484
661.7606
658.5751
664.5658
668.9546
676.0638
677.3444
684.927
688.604
704.3798
698.3774
681.1544
685.5746
692.5018
693.9747
702.3045
704.8239
702.4338
698.7091
698.5636
701.3651
700.1168
696.542
799.2887
770.7715
626.4818
653.2075
672.6741
684.4679
689.8198
698.7258
707.3955
691.591
722.1354
727.6913
723.4231
719.6021
725.0333
723.8648
724.7235
726.3055
733.9646
731.9491
735.3174
734.5479
734.9348
734.759
717.4417
732.7966
727.8114
781.7502
765.0113
758.1985
756.5986
756.0309
901.4523
857.6732
823.4799
798.766
789.7308
783.5627
775.5291
773.6825
782.5878
792.0057
790.1475
787.0382
768.7329
769.9237
771.6141
759.3733
764.3003
763.0875
762.198
773.4725
779.3273
780.0006
779.0239
786.1564
788.1569
788.7963
791.678
793.3788
791.5264
795.7298
796.2911
794.93
795.871
797.1684
799.6444
796.3692
802.6113
801.1658
804.047
810.2404
687.1513
729.14
758.8007
733.9495
761.8608
778.641
790.4949
798.4629
803.433
809.5187
813.471
814.5558
822.7925
825.9216
844.9605
842.6745
847.0192
851.105
860.4565
857.028
844.6581
840.6368
834.9711
833.9142
839.7438
845.0165
846.9589
852.2468
861.1938
821.8582
832.3698
839.6394
845.7909
851.5392
853.9945
865.6613
883.9159
896.0533
952.2533
926.7293
906.112
890.5107
877.3243
877.8459
872.4777
873.502
874.6609
866.1873
847.835
856.8122
854.0484
865.1562
872.4852
878.2574
882.57
884.7928
898.6979
898.5899
889.4593
889.0004
891.5597
908.2759
907.4172
900.8372
904.1932
908.0521
1235.264
1131.356
1059.066
1041.03
981.724
953.8684
951.4401
946.0311
939.4613
936.6363
928.0351
936.8927
924.5342
925.9765
925.5904
925.7321
927.2475
938.6651
928.0183
928.1787
930.9104
932.1297
934.0099
924.8266
886.7453
911.5823
921.1033
929.5923
934.078
941.1835
942.5582
947.7827
950.8971
949.9013
963.2913
959.5804
800.2132
853.9568
889.4846
901.7549
927.7515
946.8556
953.4545
960.7842
970.0901
977.538
970.7599
972.0658
962.6258
963.5559
964.5401
972.6141
975.98
977.6548
979.6286
981.5577
980.8047
982.0532
983.8698
982.0949
985.214
988.7427
1000.363
1000.639
993.8702
1000.225
1002.635
1010.733
991.8641
1004.376
1001.552
1004.101
1006.184
1010.348
1021.003
1017.736
1020.147
1020.821
1022.195
1040.838
1037.785
1050.831
1043.365
1051.971
1048.636
1054.588
1045.467
1041.492
1038.83
1038.681
1048.546
1061.648
1096.149
1078.335
1072.945
1065.356
1041.992
1037.515
1042.557
1049.64
1049.947
1053.597
1055.197
884.4245
937.9509
984.9458
1007.594
1025.429
1040.241
1043.942
1051.963
1055.071
1056.678
1061.411
1064.727
1067.153
1072.308
1090.796
1090.301
1089.415
1110.694
1103.651
1095.08
1086.664
1087.454
1088.895
1099.315
1094.853
1093.842
1096.168
1213.931
1163.971
1149.133
1133.254
1100.828
1102.838
1101.253
1102.04
1099.844
1088.483
1095.955
1103.651
1105.249
1085.068
1089.452
1140.236
1137.18
1094.947
1100.492
1103.007
1117.636
1138.232
1131.008
1137.03
1142.523
1137.086
1132.19
1134.671
1134.921
1131.478
1134.077
1135.417
1165.638
1151.278
1146.343
1153.584
1126.756
1129.77
1132.587
1141.33
1147.364
1152.727
1153.608
1157.788
1144.534
1152.854
1163.715
1158.578
1162.554
1779.583
1585.485
1450.634
1361.157
1300.794
1256.007
1233.081
1215.424
1180.818
1177.637
1206.599
1196.136
1187.519
1186.598
1208.475
1202.335
1198.878
1193.895
1188.286
1190.774
1184.54
1185.582
1198.081
1200.197
1241.439
1223.591
1216.61
1184.051
1235.443
1226.487
1221.573
1222.08
1215.871
1220.222
1226.5
1219.186
1223.768
1225.523
1222.643
1221.077
1221.249
1219.577
1207.713
1214.138
1217.225
1226.501
1219.942
1216.335
1220.297
1226.859
1241.543
1243.82
1503.473
1426.112
1366.934
1328.36
1301.549
1282.628
1270.236
1270.071
1268.13
1273.715
1267.186
1267.182
1182.449
1197.289
1216.983
1229.149
1218.146
1231.63
1241.05
1246.677
1249.304
1251.574
1256.175
1260.634
1261.676
1265.369
1267.942
1268.684
1271.295
1272.379
1282.008
1284.755
1283.949
1287.413
1286.682
1286.88
1288.136
1278.74
1389.058
1357.162
1336.913
1301.785
1299.327
1301.778
1303.141
1311.664
1306.963
1303.632
1299.5
1297.122
1297.943
1305.263
1313.827
1296.79
1311.026
1313.54
1312.078
1315.324
1315.577
1315.543
1313.524
1319.359
1315.943
1323.733
1323.374
1323.341
1325.185
1326.794
1325.615
1324.6
1328.64
1328.248
1313.708
1315.689
1308.063
1315.66
1328.276
1334.167
1328.412
1334.707
1338.627
1342.11
1344.924
1345.493
1358.613
1354.943
1350.26
1351.053
1352.739
1354.251
1358.064
1291.126
1316.978
1331.092
1355.13
1356.689
1368.71
1369.221
1370.304
1373.164
1374.33
1375.108
1377.567
1382.371
1377.677
1382.784
1375.974
1373.09
1376.866
1377.393
1380.692
1385.437
1384.329
1388.064
1402.591
1400.496
1432.132
1416.681
1404.438
1404.418
1402.703
1404.538
1400.903
1394.635
1394.326
1399.974
1406.126
1449.795
1441.27
1437.807
1426.585
1425.978
1423.85
1420.934
1418.392
1410.515
1434.713
1431.91
1429.971
1426.176
1415.92
1446.864
1443.137
1439.772
1435.886
1432.369
1436.501
1435.73
1410.769
1423.997
1430.398
-44.78108
423.269
737.532
959.4516
1114.822
1220.944
1290.632
1329.02
1367.752
1379.418
1789.868
1684.398
1612.682
1567.792
1534.071
1505.506
1492.738
1476.371
1355.909
1331.606
1357.784
1392.527
1417.237
1428.275
1444.749
1450.664
1462.586
1468.21
1492.067
1486.793
1518.623
1505.622
1497.481
1489.303
1504.483
1503.139
1498.194
1511.021
1491.615
1487.931
1471.721
1480.382
1486.612
1480.016
1472.219
1518.307
1514.468
1512.087
1916.393
1799.215
1704.901
1634.97
1601.546
1580.122
1558.534
1541.64
1541.719
1534.304
1531.384
1530.782
1524.523
1515.445
1517.742
1556.756
1422.461
1450.695
1496.05
1508.831
1519.585
1526.785
1530.816
1533.482
1536.491
1547.105
1544.084
1545.9
1558.067
1553.92
1533.907
1537.834
1546.39
1547.991
1551.196
1563.367
1560.271
1557.354
1537.303
1545.024
1551.663
1560.417
1569.991
1572.608
1565.172
1564.559
1579.457
1579.601
1586.251
1577.954
1579.586
1578.457
1573.271
1574.44
1579.308
1578.188
1583.391
1588.064
1600.9
1597.508
1626.509
1621.394
1598.392
1599.91
1588.786
1596.279
1598.531
1606.242
1619.16
1613.132
1613.155
1615.828
1585.47
1570.546
1591.331
1596.417
1605.727
1605.208
1639.19
1633.839
1627.308
1625.042
1620.179
1623.078
1628.343
1628.585
1629.217
1631.528
1634.362
1636.192
1642.786
1592.254
1604.849
1615.272
1626.4
1651.379
1650.527
1643.682
1642.385
1645.611
1648.362
1651.01
1647.492
1646.796
1651.22
1653.733
1654.724
1661.084
1657.962
1662.585
1660.129
1657.53
1669.804
1769.717
1740.439
1718.603
1697.13
1694.473
1687.169
1681.52
1686.59
1677.42
1679.765
1680.072
1680.64
1678.754
1689.793
1673.575
1683.567
1684.088
1699.302
1698.785
1688.141
1693.422
1697.301
1703.272
1707.417
1710.332
1683.477
1689.447
1701.399
1704.694
1730.733
1723.507
1723.721
1720.389
1717.248
1717.509
1696.82
1704.668
1709.878
1714.719
1721.115
1717.276
1722.99
1730.028
1729.142
1740.347
1753.515
1747.137
1758.518
1754.274
1754.5
1751.819
1749.107
1747.642
1744.91
1741.654
1743.726
1746.461
1749.161
1747.346
1745.735
1748.588
1766.616
1760.859
1784.633
1774.973
1774.085
1765.653
1766.437
1767.361
1764.545
1767.24
1766.7
1753.2
1759.1
1771.039
1776.611
1777.316
1777.735
1776.929
1773.923
1789.706
1784.097
1789.542
1791.542
1791.891
1792.001
1782.069
1785.854
1789.379
1823.899
1826.279
1816.879
1814.97
1869.419
1847.365
1836.346
1806.785
1801.452
1801.644
1810.379
1813.339
1803.489
1806.14
1809.654
1813.246
1816.896
1818.877
1825.232
1826.014
1821.394
1839.69
1838.033
1833
1816.237
1822.104
1889.426
1873.057
1862.253
1877.209
1887.98
1883.961
1872.77
1865.096
1860.948
1866.833
1861.583
1860.766
1890.113
1881.771
1877.041
1897.589
1885.96
1873.688
1875.781
1866.936
1867.824
1865.514
1166.889
1381.919
1538.897
1646
1720.387
1767.425
1816.905
1831.498
1855.539
1863.998
1874.381
1880.296
1884.283
1881.378
1873.191
1875.275
1881.986
1886.019
1895.955
1906.956
1902.284
1901.122
1898.042
1895.395
1897.351
1899.883
1904.327
1904.464
1908.612
1931.596
1917.382
1917.203
1924.706
1925.431
1924.939
1922.346
1924.102
1923.224
1923.044
1936.881
1937.231
1934.186
1680.409
1757.932
1810.786
1846.31
1874.585
1896.152
1391.586
1568.385
1690.243
1780.411
1830.89
1867.912
1895.792
1913.511
1928.16
1942.282
1963.34
1966.524
1962.914
1954.42
1957.595
1963.648
1974.179
1973.727
1967.647
1970.253
1964.433
1966.671
1968.943
1968.116
1974.56
1970.763
1971.903
1974.745
1976.473
1988.9
1969.609
1981.88
1981.673
1986.991
1988.116
1991.12
1986.668
2016.663
1918.786
1955.582
1967.694
1973.785
1983.959
1994.432
2002.602
1999.957
1996.622
1996.541
1998.948
2004.319
2002.644
2006.276
2009.108
2017.581
1961.701
1980.742
1991.072
2003.81
2009.564
2000.484
2010.105
2009.041
2004.037
2010.77
2018.155
1999.417
2002.779
2010.309
2016.56
2025.219
2032.14
2035.177
2039.378
2038.944
2023.054
2034.199
2040.032
2039.526
2039.742
2044.083
2045.12
2051.356
2050.458
2057.444
2058.611
2053.973
2056.789
2054.403
2059.048
2059.679
2069.879
2106.692
2102.372
2091.406
2090.059
2082.871
2086.876
2088.037
2085.699
2084.525
2084.2
2087.937
2094.176
2078.665
2079.906
2087.675
2083.655
2092.264
2092.722
2094.382
2094.402
2084.708
2084.532
2092.438
2086.104
2096.998
2101.897
2118.05
2140.895
2128.808
2090.292
2096.828
2063.845
2063.681
2081.69
2102.369
2105.971
2111.842
2112.593
2118.394
2122.719
2135.342
2138.225
2131.713
2111.745
2277.128
2235.87
2190.265
2191.864
2252.87
2203.993
2181.971
2169.716
2160.971
2159.257
2152.249
2151.674
2148.603
2146.438
2149.805
2152.723
2163.061
2142.544
2154.911
2156.719
2139.371
2149.84
2151.977
2151.938
2146.647
2156.309
2216.204
2221.336
2241.91
2242.476
2217.815
2213.036
2221.313
2205.944
2192.414
2186.559
2184.71
2183.02
2182.999
2136.064
2155.267
2167.525
2178.042
2186.355
2204.185
2206.668
2203.359
2198.644
2202.606
2212.019
2203.929
2202.498
2203.378
2192.663
2191.057
2201.279
2204.72
2207.036
2209.948
2219.512
2218.164
2218.507
2215.863
2299.081
2279.83
2252.935
2235.605
2230.089
2230.96
2232.133
2231.45
2228.846
2224.331
2230.629
2310.861
2287.346
2273.523
2262.259
2248.225
2233.221
2238.637
2244.034
2243.447
2245.63
2263.681
2256.991
2257.001
2194.631
2209.023
2228.058
2237.039
2245.726
2247.855
2314.837
2294.567
2290.915
2291.095
2286.785
2283.935
2284.513
2285.235
2282.32
2274.867
2276.686
2266.032
2292.501
2289.182
2285.929
2286.05
2286.147
2284.651
2284.791
2262.706
2265.52
2248.598
2264.724
2256.049
2287.479
2285.805
2292.294
2288.585
2295.712
2285.809
2290.315
2300.901
2308.62
2310.08
2305.842
2312.782
2308.057
2304.551
2307.632
2309.231
2321.582
2315.428
2316.646
2316.626
2318.946
2295.066
2303.447
1808.748
1969.902
2080.2
2161.343
2225.626
2254.286
2278.563
2273.368
2291.543
2301.521
2312.843
2319.303
2327.623
2325.434
2317.529
2325.514
2319.704
2325.672
2325.69
2326.89
2334.772
2339.735
2342.67
2352.069
2354.585
2344.23
2349.785
2353.887
2341.034
2352.571
2351.914
2364.359
2366.619
2368.538
2368.272
2377.502
2374.56
2373.004
2375.918
2383.426
2376.975
2388.843
2389.065
2391.044
2396.033
2398.39
2391.72
2391.16
2389.068
2396.23
2393.2
2395.813
2396.582
2397.585
2404.478
2413.487
2410.549
2404.283
2401.956
2388.284
2394.085
2399.363
2400.188
2405.665
2408.676
2409.561
2409.173
2412.704
2422.024
2421.891
2419.312
2416.772
2432.638
2403.554
2403.865
2413.207
2420.323
2421.149
2425.506
2427.581
2436.703
2420.575
2427.533
2440.045
2442.481
2444.189
2475.098
2465.35
2455.507
2450.264
2446.833
2445.258
2443.609
2425.187
2438.315
2448.367
2452.906
2522.511
2504.521
2493.103
2481.778
2507.318
2490.59
2489.688
2480.387
2467.867
2469.562
2473.893
2466.221
2470.291
2465.672
2463.78
2466.52
2468.549
2372.656
2410.364
2432.04
2445.928
2457.554
2466.315
2472.291
2498.449
2495.275
2489.426
2502.845
2499.524
2497.172
2485.394
2491.614
2493.648
2497.474
2496.245
2498.413
2499.166
2501.75
2505.626
2519.305
2516.088
2586.453
2584.726
2561.759
2550.351
2535.39
2531.275
2522.443
2526.769
2525.953
2528.03
2516.389
2539.963
2535.142
2592.013
2573.315
2562.705
2553.972
2544.712
2550.597
2570.667
2562.89
2539.421
2542.871
2544.642
2545.313
2562.388
2560.929
2556.424
2553.638
2560.562
2577.244
2569.686
2561.483
2448.707
2484.412
2509.756
2737.198
2690.797
2736.609
2684.008
2650.467
2621.718
2610.197
2597.044
2588.827
2587.603
2586.754
2588.727
2542.275
2551.776
2559.525
2567.445
2575.027
2581.573
2587.063
2585.538
2568.35
2577.909
2580.611
2595.05
2605.067
2596.953
2590.765
2595.867
2594.558
2594.129
2597.553
2600.482
2601.643
2600.568
2608.627
2612.626
2617.577
2616.334
2617.048
2616.622
2620.13
2628.664
2618.73
2622.081
2625.9
2626.884
2627.369
2668.13
2658.159
2657.303
2665.688
2658.603
2654.788
2651.924
2640.359
2626.719
2637.28
2637.919
2634.277
2626.394
2588.738
2612.434
2625.844
2631.99
2639.525
2641.497
2648.173
2630.044
2646.974
2656.59
2640.111
2741.712
2710.039
2702.009
2703.62
2694.254
2687.338
2681.993
2685.831
2680.085
2683.676
2661.974
2664.638
2670.509
2675.668
2682.53
2698.535
2714.898
2707.957
2700.348
2695.62
2697.877
2698.104
2704.981
2705.95
2715.289
2705.136
2669.344
2678.285
2682.862
2690.032
2700.258
2705.864
2711.148
2712.316
2717.704
2720.451
2723.322
2722.397
2729.039
2727.901
2870.631
2848.115
2818.332
2789.813
2770.384
2758.181
2749.529
2758.528
2737.281
2747.222
2727.981
2744.116
2754.648
2757.936
2756.683
2762.383
2759.285
2751.349
2758.244
2759.167
2757.409
2751.467
2756.207
2752.392
2561.845
2627.026
2667.582
2701.07
2723.844
2748.324
2750.124
2755.922
2762.197
2755.495
2760.933
2766.539
2767.604
2770.643
2774.481
2779.448
2780.058
2772.116
2777.499
2788.413
2784.978
2764.04
2735.004
2752.957
2758.186
2773.289
2784.133
2790.954
2787.852
2800.506
2802.629
2799.472
2804.62
2814.561
2813.737
2815.903
2814.906
2817.06
2815.222
2813.379
2811.134
2815.348
2821.064
2812.198
2817.699
2810.522
2807.209
2811.821
2818.039
2820.144
2832.577
2828.594
2830.394
2832.195
2846.037
2841.147
2841.236
2840.347
2843.665
2843.703
2845.66
2851.359
2880.608
2873.31
2870.069
2867.316
2864.04
2862.158
2875.023
2868.844
2862.839
2753.402
2793.05
2817.805
2834.058
2848.242
2858.43
2870.836
2865.307
2850.274
2856.405
2862.934
2869.338
2868.985
2871.084
2875.403
2877.814
2876.283
2911.672
2906.952
2896.721
2894.382
2894.29
2892.818
2892.876
2896.764
2904.871
2905.158
2902.836
2900.487
2908.769
2910.39
2912.27
2910.562
2902.023
2909.358
2909.447
2919.885
2927.721
2927.658
2916.705
2929.364
2928.506
2928.175
2927.796
2917.742
2921.978
2924.508
2927.362
2928.721
2929.283
2933.336
2934.413
2934.768
2915.735
2928.762
2932.71
2937.421
2943
2940.652
2943.944
2946.029
2950.731
2943.438
2966.142
2961.118
2961.8
2960.878
2964.83
2969.598
2955.73
2959.11
2952.163
2952.649
2956.729
2978.193
2978.473
2966.055
2956.52
2965.612
2967.477
2974.637
2982.555
2989.977
3011.503
2991.725
2994.279
2893.856
2928.643
2952.959
2966.85
2965.911
2975.147
2983.972
2985.166
2983.735
2988.341
2984.59
2986.066
2993.092
2994.516
2990.17
2990.945
3007.089
2997.2
2998.836
3012.376
3015.361
3016.788
2990.443
2992.955
3001.522
2996.773
3014.057
3017.753
3026.259
3049.264
3037.149
3033.778
3033.082
3038.248
3045.886
3039.216
3027.56
3041.782
3038.789
3041.939
3037.99
3039.596
3041.381
3040.172
3046.693
3082.671
3040.676
3070.269
3067.426
3058.955
3060.895
3057.778
3071.086
3085.039
3111.65
3097.547
3086.213
3079.728
3072.37
3073.853
3070.922
3067.045
3068.379
3070.727
3075.594
3073.55
3078.378
3081.166
3084.438
3095.301
3086.704
3093.155
3091.606
3111.083
3105.427
3093.855
3089.924
3099.694
3098.046
3072.398
3085.498
3089.859
3095.404
3093.2
3098.903
3113.752
3118.965
3122.491
3091.254
3096.056
3100.322
3111.981
3113.299
3116.46
3119.758
3120.439
3117.34
3112.385
3118.231
3123.953
3120.099
3123.999
3126.924
3136.552
3136.142
3139.172
3129.491
3126.327
3131.09
3133.042
3133.57
3137.278
3140.161
3138.814
3140.995
3162.396
3215.998
3221.046
3187.378
3177.652
3172.875
3161.948
3161.64
3168.041
3165.262
3153.347
3156.032
3159.065
3159.917
3141.707
3149.675
3154.019
3162.467
3182.934
3180.288
3178.393
3171.929
3174.272
3150.425
3160.326
3165.2
3162.61
3167.809
3172.632
3180.208
3182.555
3184.798
3170.193
3177.409
3181.612
3186.436
3198.367
3201.998
3206.22
3206.275
3204.021
3200.417
3212.531
3209.888
3207.997
3213.445
3212.431
3210.766
3209.18
5907.402
5061.877
4481.575
4089.072
3822.61
3634.56
3506.413
3505.813
3412.71
3352.957
3313.852
3288.456
3273.635
3265.582
3258.101
3247.781
3244.587
3240.493
3239.529
3243.245
3218.419
3246.163
3243.69
3244.828
3256.96
3251.671
3251.887
3248.795
3254.592
3252.685
3253.032
3259.401
3243.331
3250.682
3253.576
3256.779
3262.321
3259.092
3268.371
3282.808
3262.881
3263.83
3263.314
3268.286
3284.479
3284.127
3291.222
3297.788
3296.478
3290.457
3288.733
3295.513
3268.972
3274.009
3245.772
3258.267
3268.479
3266.955
3179.582
3215.044
3241.5
3252.122
3267.722
3279.459
3282.681
3272.453
3282.866
3304.959
3305.032
3308.345
3307.412
3310.709
3308.624
3317.958
3327.326
3329.387
3329.51
3325.798
3324.238
3297.052
3301.597
3311.972
3317.8
3376.375
3359.334
3352.456
3347.416
3340.591
3338.545
3340.111
3349.167
3352.973
3352.535
3347.438
3357.187
3341.725
3344.816
3338.169
3348.862
3351.493
3352.396
3354.193
3360.358
3358.323
3349.615
3348.714
3371.303
3365.838
3310.93
3337.834
3348.844
3352.396
3362.823
3359.174
3419.272
3404.815
3376.937
3368.558
3369.762
3371.845
3371.903
3368.971
3418.5
3404.017
3396.94
3393.134
3390.173
3388.761
3383.272
3387.288
3377.783
3383.953
3456.473
3437.707
3429.099
3412.832
3416.746
3404.98
3404.655
3405.996
3402.884
3412.125
3416.682
3357.334
3375.201
3384.395
3458.795
3450.137
3437.542
3437.36
3426.242
3415.563
3418.541
3490.829
3450.828
3423.253
3432.169
3429.706
3431.542
3435.693
3598.25
3534.074
3505.808
3489.602
3471.924
3473.246
3461.89
3463.851
3457.744
3462.909
3460.26
3489.418
3479.822
3534.769
3524.597
3501.306
3490.259
3482.761
3479.818
3474.515
3470.97
3466.408
3463.278
3457.398
3462.954
3471.763
3367.238
3396.605
3423.979
3443.048
3449.363
3463.214
3473.93
3474.29
3475.636
3478.577
3485.086
3486.447
3484.681
3490.161
3492.905
3477.786
3483.64
3482.876
3487.286
3489.584
3496.008
3499.762
3499.102
3497.156
3498.682
3498.091
3504.648
3506.371
2871.633
3073.609
3211.394
3304.222
3379.558
3431.027
3453.924
3474.795
3486.858
3498.295
3502.714
3511.958
3587.033
3607.558
3602.426
3580.515
3568.451
3561.375
3556.886
3550.184
3548.108
3548.415
3475.788
3497.567
3533.032
3533.783
3537.989
3544.785
3552.474
3553.631
3554.746
3593.831
3583.212
3579.886
3575.767
3565.427
3567.682
3564.078
3557.05
3560.89
3562.457
3584.281
3577.35
3576.337
3563.838
3565.002
3568.482
3566.066
3572.561
3545.408
3496.583
3529.035
3546.277
3556.796
3565.506
3570.717
3583.569
3592.519
3599.312
3598.472
3594.878
3818.327
3744.096
3674.742
3647.657
3633.947
3639.455
3629.765
3625.204
3622.445
3599.452
3609.83
3620.174
3618.305
3577.333
3592.832
3602.884
3609.017
3643.998
3636.51
3630.908
3624.912
3630.864
3629.908
3437.549
3490.639
3543.748
-17924.02
-11168.02
-6476.886
-3297.691
-1120.537
372.7521
1399.486
2106.201
2592.806
2928.507
3165.954
3402.481
3481.338
3539.385
3573.031
3603.822
3627.017
3633.626
3638.542
3639.242
3650.017
3658.413
3660.646
3442.814
3519.761
3567.87
3602.602
3630.431
3646.015
3654.886
3664.591
3667.309
3652.543
3666.214
3671.697
3677.291
3671.305
3674.973
3715.373
3711.962
3725.222
3726.801
3748.897
3736.341
3726.748
3729.48
3719.322
3715.805
3717.304
3724.115
3723.019
3720.039
3715.537
3712.585
3722.008
3720.212
3720.076
3727.711
3726.049
3715.638
3733.469
3714.668
3700.543
3708.353
3663.848
3684.715
3698.697
3710.914
3721.955
3604.374
3644.13
3671.698
3694.941
3717.323
3723.282
3733.057
3736.515
3738.364
3741.294
3742.322
3747.185
3754.856
3788.106
3781.163
3781.733
3777.118
3780.971
3777.946
3777.184
3774.927
3778.563
3779.425
3786.02
3773.379
3768.726
3769.206
3781.117
3779.905
3800.204
3795.871
3794.359
3792.249
3795.562
3800.056
3792.541
3790.612
3794.285
3803.504
3797.629
3800.705
3796.986
3803.028
3799.092
3792.106
3804.83
3809.571
3813.313
3810.41
3815.445
3816.164
3819.679
3821.124
3820.105
3818.107
3817.598
3819.283
3815.309
3815.818
3823.654
3828.88
3777.969
3795.476
3805.125
3816.037
3816.449
3824.377
3822.688
3830.143
3833.808
3836.401
3840.922
3884.119
3866.656
3867.363
3860.363
3868.746
3857.336
3855.587
3852.843
3882.68
3872.093
3868.35
3868.879
3867.772
3870.151
3871.187
3873.573
3880.363
3877.886
3875.272
3875.795
3875.421
3811.312
3828.967
3843.714
3859.907
3868.133
3874.638
3879.953
3866.136
3872.917
3884.842
3891.101
3891.619
3880.124
3884.955
3888.505
3892.292
3901.782
3917.83
3388.954
3544.246
3664.561
3747.235
3800.088
3831.006
3855.81
3867.286
3888.79
3900.55
3913.188
3915.091
3907.029
3908.056
3906.043
3907.222
3911.157
3913.959
3922.04
3927.441
3929.707
3927.703
3930.308
3930.919
3935.867
3936.362
3936.523
3936.016
3939.745
3938.658
3939.726
4020.688
3996.799
3971.775
3959.611
3957.529
3956.791
3950.606
3932.345
3926.676
3938.837
3942.145
3942.441
3939.716
3954.825
3958.801
3959.954
3959.932
3959.208
3961.488
3958.036
3967.715
3994.045
3985.292
3987.566
3979.162
3981.931
3984.472
3976.34
3976.687
3975.755
3976.607
3980.958
3984.24
3986.119
3980.959
3982.752
3987.88
3985.95
3993.689
3996.231
3997.073
4027.935
4019.904
4019.052
3993.654
4011.967
4010.482
4009.031
4005.887
4005.487
4006.779
4020.4
4023.982
4009.827
4016.542
3997.967
4005.476
4010.747
3992.737
4005.338
4017.163
4019.977
4032.618
4032.899
4027.165
4035.71
4031.326
4029.286
4030.483
4038.045
4039.106
4046.757
4042.472
4043.317
4049.3
4049.503
4049.009
4049.994
4045.093
4042.872
4046.049
4049.582
4049.745
4052.394
4055.852
4061.995
4071.304
4065.234
4063.432
4074.797
4072.684
4072.992
4055.474
4061.183
4064.16
4066.108
4068.297
4071.174
4119.565
4125.022
4169.873
4134.96
3735.438
3845.892
3921.967
3970.073
4011.654
4034.143
4065.222
4080.374
4175.455
4148.962
4127.312
4131.474
4129.272
4117.19
4111.637
4110.707
4104.971
4107.976
4107.253
4104.142
4105.067
4110.969
3768.975
3878.043
3961.599
4013.339
4052.711
4075.001
4118.576
4176.616
4109.127
4111.844
4120.54
4121.772
4137.858
4120.194
4120.258
4124.568
4127.448
4130.178
4113.298
4122.363
4125.201
4131.893
4141.791
4148.098
4151.264
4147.063
4148.916
4136.78
4159.217
4125.959
4145.604
4152.988
4152.546
4160.287
4159.121
4158.171
4166.615
4165.829
4169.88
4166.792
4148.215
4132.826
4148.136
4155.798
4120.758
4130.367
4147.348
4158.996
4163.594
4169.037
4134.265
4150.67
4157.733
4165.584
4173.014
4177.989
4188.21
4193.605
4190.551
4191.88
4183.058
4199.416
4179.121
4202.272
4199.238
4199.067
4199.201
4205.185
4237.393
4225.825
4220.952
4216.374
4216.529
4226.325
4252.02
4241.206
4234.422
4232.723
4219.997
4220.071
4220.345
4217.921
4219.708
4246.77
4237.301
4235.968
4224.613
4224.158
4226.223
4231.896
4230.462
4219.325
4224.765
