211.4906
251.4265
634.0483
346.8321
251.4797
276.74
270.0865
252.5759
263.7333
272.0155
238.3921
247.1657
261.5966
266.1359
281.8135
293.6051
222.7835
318.1283
298.8855
279.181
347.3657
372.5814
285.1439
285.903
357.4022
347.5496
269.2747
380.087
362.8781
333.8602
341.1558
357.3024
361.2324
400.9403
373.7375
411.7305
450.8386
539.4226
138.978
126.1186
259.4522
381.7427
420.5664
463.3331
450.5262
422.8469
462.7183
409.9088
451.3592
403.7349
356.3001
359.5073
-178.7661
187.8982
414.5313
446.2835
508.7336
482.6
405.8712
361.7471
448.9703
438.4455
511.6162
508.0634
474.9014
522.1754
446.1548
2936.123
1341.975
798.0834
628.5359
597.1039
569.0432
732.8806
-688.926
155.0402
1117.909
738.9377
661.4377
605.0712
563.3502
470.3372
531.3878
525.1544
535.9066
527.7806
536.796
509.4311
610.7701
624.8971
594.9869
631.1839
682.3568
619.9297
605.6082
662.0538
609.9703
627.5065
554.484
365.5379
537.9813
586.4968
662.1975
651.0887
654.8892
662.06
658.638
645.8103
622.5131
-161.6425
348.9554
470.9645
594.019
653.5484
765.8357
692.8891
703.2213
-30.83743
459.2282
603.8768
647.3585
673.9428
806.5873
347.0055
580.0319
678.9837
693.6909
696.0908
641.3447
717.6543
706.6896
718.9122
399.5472
645.6758
694.4744
708.0472
720.258
725.9826
584.4909
601.4482
652.1903
727.22
825.3703
804.7889
710.9139
720.7942
654.4877
740.1021
726.4533
714.4875
799.4078
812.7591
773.7737
742.8487
750.3119
750.9228
774.4768
736.8703
712.9819
695.0317
749.5264
824.8832
790.3782
638.1528
715.2737
749.4486
751.025
701.301
725.2965
781.6682
1068.763
849.0387
832.5089
799.0627
807.7775
971.512
899.3118
787.6022
772.6054
751.1575
795.9459
790.0941
717.7856
749.7224
766.9452
941.6525
719.8163
771.1041
752.1268
725.0719
723.5644
-857.351
280.9892
626.7203
748.7657
820.0855
744.7531
770.2089
759.9428
1267.038
971.2316
982.3265
851.6967
803.8272
853.897
712.8587
-304.1358
416.2946
736.4561
770.4871
883.1452
800.1787
819.0995
549.2256
766.6587
763.9106
799.5658
886.425
801.1428
767.5535
800.0722
818.9045
731.7994
750.5115
777.6478
804.3621
794.6921
-38.04018
471.2841
687.5346
720.0396
765.8382
786.6953
686.5753
758.7682
767.1333
775.851
796.5558
719.5884
783.974
1015.814
847.8743
797.2349
717.2091
755.7256
737.1189
763.9816
850.1839
900.7218
790.8141
799.69
701.9839
804.224
742.2976
883.365
808.1106
780.9981
853.5636
763.7626
749.1641
761.1222
749.4526
801.8657
751.7776
760.8277
760.5707
790.4835
732.4698
855.9653
801.4889
761.4433
695.4154
754.6143
611.5203
701.4575
745.6383
781.7683
707.0099
689.3539
500.3276
674.6655
663.3194
695.8375
706.2607
-17149.22
-4984.565
-1015.736
219.163
584.6079
642.4226
1554.748
992.0323
1102.717
836.3966
691.6868
991.0012
781.8354
680.7348
661.1228
620.5909
693.992
590.8223
692.9956
646.1206
661.2301
652.8265
697.31
679.4198
727.1378
705.5094
687.8919
693.4844
696.5882
701.434
672.9082
661.226
643.9969
677.397
722.7423
708.4627
668.5022
-1300.28
11.24415
458.2126
619.874
648.8693
661.0967
683.1476
703.6202
675.6088
665.4363
572.5919
660.1594
678.6004
598.1592
622.007
653.2768
744.4085
672.467
681.0042
764.753
718.3372
655.0759
636.5215
625.8313
578.1926
581.403
689.9083
595.6349
621.7082
527.1427
621.5239
652.2026
621.7803
606.7401
43.05871
393.8305
516.1945
658.6603
599.2153
710.9922
652.789
521.4591
653.9706
592.4415
572.0053
597.766
540.0646
574.457
546.604
576.7081
533.8605
524.0894
539.1345
583.6253
593.7286
609.7526
447.9991
493.5881
537.0254
-71.79024
360.0809
372.9747
529.0501
514.5715
551.9337
543.7331
539.234
565.72
525.0878
517.6845
563.2786
554.7994
199.8826
423.6862
782.1183
977.2698
649.6664
544.5058
520.1671
573.0234
382.417
478.1714
450.8462
470.4252
450.3967
475.3466
-770.9879
136.2837
421.799
478.9121
454.5725
473.9713
517.7675
465.4098
476.1085
-157.3807
227.5192
385.9138
491.272
256.8752
374.5084
453.2633
440.8684
451.1361
456.3247
445.667
434.6959
415.4951
474.4004
480.2087
561.8091
482.2511
480.2838
471.7424
434.2042
430.7716
436.3766
458.8656
430.9641
463.9192
466.1242
461.8
700.3086
533.452
504.9537
457.2432
563.6042
489.7326
930.7215
464.8572
442.3213
414.5925
438.6057
408.9333
438.6142
448.2003
441.2424
443.6369
61.8311
630.1901
522.8973
444.2464
511.4385
475.6279
378.3254
449.7353
422.1806
430.4792
469.4625
423.0131
433.1853
1106.491
84.15053
24.98449
465.6147
425.7216
456.1329
236.98
319.6686
397.7597
430.6808
376.8573
373.9518
389.5893
365.6208
354.744
349.8858
352.003
441.8723
409.0154
405.3278
434.2563
411.1808
356.2617
784.1569
526.1757
472.1873
354.931
409.8664
394.0065
393.2277
350.8199
359.1369
341.7114
344.2586
205.3237
311.0399
299.8832
359.2879
447.6492
245.537
295.869
192.6339
91.50027
299.2679
398.8958
382.3851
363.6543
-1622.706
-235.1473
198.6363
342.5732
149.0366
233.6177
355.9741
444.8328
391.1559
399.5761
366.8589
141.0717
303.679
381.1362
380.7312
367.8674
190.6428
263.8645
303.8261
83.0324
415.8211
372.9558
371.0669
365.6626
336.3853
377.9406
388.7164
251.2907
314.3028
434.3063
357.8976
421.3473
383.3429
417.5462
372.9454
326.9232
346.2652
405.7031
527.9344
386.177
438.4718
447.4462
369.1483
374.4367
225.7017
305.9999
218.9489
420.2005
463.919
421.6581
415.3864
409.8617
412.2596
-192.9571
212.5295
342.2925
394.0917
55.71208
308.4484
372.6216
397.408
419.0832
418.8983
422.4684
426.6591
372.8973
409.9261
279.2219
325.8631
368.4434
421.0759
382.7169
406.6436
433.4922
587.6666
480.7962
414.0665
445.5818
181.6758
387.5091
422.8918
446.2035
472.1016
493.457
564.9763
400.0668
468.5612
450.7604
486.0555
490.6849
538.1418
478.1263
531.8889
883.1857
642.6051
555.995
496.2836
526.5091
674.2793
569.1989
541.0381
513.4103
520.3118
500.0193
502.8609
516.1776
525.142
524.9703
436.6718
6726.829
2476.224
1358.899
793.9685
576.0718
297.9009
458.8428
439.6928
497.018
1815.907
948.7489
653.5058
562.4398
548.3976
618.8943
589.4558
573.996
572.3095
555.7128
519.04
551.8271
686.3461
640.6599
608.2427
591.4798
627.2759
613.0923
593.0901
640.6474
643.1642
637.0117
629.8911
585.5276
-185.8967
395.8544
485.2401
621.6967
642.8559
664.4904
736.6343
697.2668
698.9413
-1931.099
-130.0997
470.511
604.5357
-541.4497
297.1521
355.9196
599.805
660.0053
719.3402
792.3656
747.9934
742.1558
788.0874
768.8756
595.5002
669.4528
712.0986
733.7172
751.9545
750.1441
749.5498
769.6709
777.5968
769.4158
768.4083
669.1655
685.7125
843.8397
829.5804
917.2882
731.8954
833.8801
845.9826
759.2759
823.4948
844.0388
822.6451
786.6667
815.2466
862.3009
848.2665
775.3762
792.1091
798.0579
1700.271
1107.913
945.4022
911.083
896.8434
877.0769
889.2457
844.6673
917.685
886.9444
879.6019
924.1661
936.7848
575.3627
793.9974
848.2446
926.5233
982.0444
932.8669
954.6748
957.1989
922.4631
982.2418
948.3772
952.1218
972.501
1021.912
776.8756
920.3786
972.6763
1044.784
1045.041
1006.754
1064.685
944.9872
1018.635
1000.181
995.1739
1003.472
1056.451
1053.936
1249.602
1106.023
1188.326
1951.102
1360.427
1137.896
1111.816
1134.382
1240.651
1115.78
1094.665
1099.928
1023.996
1099.268
1134.307
1144.775
1003.942
1084.017
2337.004
1516.484
1247.934
1182.958
1166.18
1174.942
1185.456
1070.368
1128.233
1044.918
1148.48
1874.842
1349.614
1277.136
1231.169
1235.134
1257.489
1270.192
1251.055
1193.758
1275.463
1243.763
1975.742
1482.813
1326.979
1299.972
1293.205
1335.058
1350.642
1500.471
1391.43
1343.059
2047.021
1568.36
1369.158
1340.012
1329.505
1370.074
1383.67
1353.715
1287.674
27095.59
9572.168
3971.798
1450.458
1360.199
1360.002
1401.545
1424.501
1412.041
1407.198
986.2059
1254.794
1297.8
1433.279
1415.854
1430.396
1445.224
1390.72
1417.487
1442.725
1455.022
1459.7
2518.142
1659.183
1517.575
1444.25
1233.282
1357.696
1150.685
1425.54
1484.461
1518.975
2547.239
1826.87
1647.98
1578.724
1549.657
1550.756
1565.135
1491.783
1526.763
1623.392
1514.124
1524.707
1571.647
1576.43
1595.955
1468.506
1522.593
1604.433
1613.376
1648.169
1620.666
1626.583
1645.53
1662.716
1683.421
1678.335
1662.878
1687.564
1685.198
1652.018
1682.693
1693.667
1682.093
1619.298
1643.772
1670.273
1688.126
1710.391
1725.222
1777.339
1778.186
1740.363
1686.232
1697.244
1452.583
1632.513
1737.211
1778.525
1751.69
1756.266
1788.226
1678.236
1757.941
1765.381
1769.19
1784.733
635.237
1440.339
1705.411
1739.097
1816.511
1541.041
1723.91
1789.943
1742.565
1790.594
1693.248
1798.697
1733.849
1818.44
1841.919
1823.081
1878.389
1866.283
1863.122
1872.597
1194.518
1448.293
1699.726
1737.195
1802.57
1840.568
1879.573
1902.561
1950.261
1896.696
1890.604
1884.797
1978.849
2363.977
2065.875
2294.716
2157.448
1933.9
1935.764
1907.047
2009.955
1990.349
2018.661
1952.74
1976.017
1948.3
1926.953
1895.778
2283.466
2074.305
1997.722
1953.745
2069.689
1955.406
1971.439
1957.581
2180.958
2089.163
2058.272
2058.666
2003.413
2004.632
1403.781
1583.733
1986.861
2009.533
2012.413
2016.781
1808.854
1996.831
1999.942
2021.65
2054.029
2034.737
2039.805
2030.679
2081.525
2051.901
2032.284
2055.135
2026.431
2004.034
1983.473
2001.322
2045.195
2050.05
2043.146
1624.359
1941.439
2017.024
1922.024
2006.15
2073.366
2020.088
2070.627
2121.966
2067.596
2074.189
2050.003
2058.407
2074.549
2110.888
2088.669
2104.072
2081.274
2042.552
1763.351
1985.292
2063.096
2063.916
2106.358
2118.335
1182.545
1792.25
1861.066
1988.403
2328.575
2262.697
2159.342
2139.355
2094.881
2086.809
2051.738
2094.29
2112.82
2180.967
2075.076
2184.046
2178.152
1851.738
2039.179
2008.304
2029.135
1963.147
2129.071
2144.758
1906.742
2025.064
2111.879
1097.771
1914.939
2063.479
2079.047
2121.856
2194.554
2176.96
2098.332
2100.922
2176.632
2184.724
2164.127
2116.402
2132.184
2193.306
2184.354
2133.593
2118.097
2149.537
2198.551
1805.427
2044.349
2098.776
2139.337
2127.832
2110.32
2133.822
2089.459
2169.123
2139.551
2143.14
2172.523
2168.082
2106.208
2119.3
2111.239
2134.63
2130.104
2116.719
2194.054
2165.103
2068.555
2119.527
2133.774
2127.807
2166.092
1527.26
1968.054
2102.842
2143.034
2151.284
2125.063
2175.951
2146.703
2128.501
2071.039
2108.194
2111.92
2134.115
2123.756
2119.947
2137.113
2079.054
2119.609
2131.461
2148.925
2074.117
2155.686
2136.69
2150.863
2181.129
2088.352
2520.757
2263.045
2179.088
2304.658
1622.995
1977.135
2060.409
2125.664
2174.897
2124.394
2113.307
2085.634
2102.108
2118.251
2414.753
2219.096
2135.554
2128.018
1562.269
1924.476
2056.715
2084.989
2095.181
2082.804
2093.154
2115.881
2105.01
2333.396
2178.13
1870.887
2012.563
2114.26
2182.901
2123.856
2044.726
2053.842
2067.909
2056.896
2146.41
2091.542
1987.244
2096.576
2055.82
2007.357
2081.992
2070.957
2053.449
2097.154
1971.068
1963.927
2000.942
2156.385
2055.199
2014.028
2013.264
1889.61
2062.854
2081.394
2083.833
2078.281
1962.204
2002.173
2042.683
2069.026
2021.504
2085.865
2032.27
2018.838
1958.801
2003.265
1951.051
1975.03
2126.669
2031.807
1972.732
2076.759
2027.183
2043.222
2066.824
2051.875
2028.515
1976.832
1964.965
1964.072
1906.093
1937.14
1984.399
1973.932
1901.446
2040.347
2046.285
2041.563
1996.13
1978.026
1981.438
1958.076
1975.116
1943.941
2285.17
2075.186
1982.356
1952.686
1842.222
1918.349
1932.984
1937.633
1934.742
1950.155
1866.472
1886.579
1935.79
1892.374
1903.71
1950.489
1951.371
1919.147
1971.453
1934.748
1735.099
1950.659
1936.32
1645.422
1825.945
1950.728
1974.169
1908.054
1889.808
1871.349
1637.019
1947.705
1921.9
1909.638
1898.575
1930.225
1901.735
1899.31
1896.139
1892.366
1878.07
2090.326
1949.738
1883.893
1889.758
1925.686
1876.785
1938.691
1850.02
1726.745
1811.389
1866.534
1849.311
1845.331
1484.142
1732.605
1804.096
1827.127
1857.339
587.6522
1818.325
1810.649
1814.567
1918.117
1833.888
1834.649
1841.271
1881.099
1889.992
1851.564
1874.197
1814.387
2100.5
1923.401
1843.411
1823.553
1821.861
1823.291
1814.719
1775.688
1754.869
1833.632
1812.253
1809.709
1803.941
1795.781
1837.318
2387.036
2001.003
1820.227
1826.824
1780.311
1785.518
1763.826
1805.498
1890.167
1764.35
1811.744
1786.167
1774.926
1765.301
1780.262
1755.428
1815.758
2247.104
1989.758
2075.393
1868.201
1769.726
1764.414
1780.007
1856.143
1758.5
1779.446
1790.163
1805.288
1769.681
1772.758
1759.213
1751.333
1733.597
1698.932
1645.019
1700.553
723.858
1424.824
1866.533
1948.197
1714.727
1925.029
1795.366
1758.547
1757.051
1704.68
1798.231
1791.459
1771.347
1552.16
1653.247
1684.708
1694.349
1722.999
1726.19
1676.543
1886.957
1755.095
1659.941
1667.139
1673.051
1679.759
1429.907
1632.348
1668.581
1649.104
1690.611
1647.223
1721.517
1721.347
1739.408
1698.06
1842.308
2409.483
1933.225
1788.044
1775.791
1906.542
1788.381
1762.629
1725.822
1849.066
1768.72
1789.113
1773.57
1734.129
1684.53
1711.853
1781.454
1750.889
1722.987
1606.418
1672.377
1681.866
1766.037
1667.258
1554.48
1678.594
1619.586
1694.633
1703.661
1769.606
1678.777
1661.637
1724.778
1738.067
1751.838
1759.628
1945.117
1728.852
1726.514
1882.991
1799.616
1787.409
1749.673
1736.686
1769.089
1753.481
1759.432
1765.699
1789.84
1735.04
1697.095
1779.094
1405.618
1817.826
1743.054
1696.303
1716.804
1736.593
1731.267
1748.753
1756.181
1719.963
1832.06
2010.937
1816.684
1778.824
1782.729
1691.917
1527.333
1688.404
1759.555
1871.325
1806.352
1779.912
1632.808
1722.17
1736.543
1623.978
1738.891
1758.623
1782.942
1718.141
1804.186
1898.952
1841.966
1836.923
1820.181
1857.278
1856.306
1824.22
1848.32
1826.482
1866.598
1798.822
1825.583
1809.17
1845.261
1833.765
1888.45
1835.333
1850.366
1855.323
1872.037
1824.463
1807.145
1832.525
1864.188
1848.956
1699.164
1832.357
1906.465
1884.367
1932.929
1912.072
1850.58
1826.08
1896.055
1847.743
1866.792
1961.034
1906.889
1943.4
1914.082
1931.141
1915.231
1943.94
1915.636
1902.471
1903.79
1903.998
1939.283
2007.421
1970.826
1950.624
1942.97
2036.399
2013.408
1990.709
1959.034
2009.252
1976.649
1985.918
1944.679
1741.63
1475.242
1800.947
1945.907
1919.652
1943.546
2073.153
2027.132
1981.656
1993.081
2074.621
2011.87
1971.459
1968.715
2010.115
2021.801
2025.707
2016.117
2014.542
2037.515
2043.849
2065.927
2065.234
2066.282
2071.01
2153.932
2099.857
2124.594
2099.291
2060.733
3454.396
2574.233
2260.394
2128.407
2126.655
2185.607
2123.987
2107.25
2127.486
2136.651
2122.501
2126.914
2156.534
2145.531
2226.964
2014.924
2165.095
2255.107
2203.51
2225.106
2221.294
2486.453
2297.922
2133.921
2169.444
2172.976
2213.439
2143.927
-2489.999
747.3313
1775.558
2067.552
2135.154
2156.349
2230.083
2240.958
2252.62
2210.088
2407.732
2311.752
2273.953
2438.812
2051.845
2205.097
2214.709
2194.933
2276.837
2252.037
2321.48
2199.444
1054.147
1908.159
2192.422
2303.622
2261.94
2279.028
4485.562
2793.751
2535.036
2429.746
2396.768
2380.855
2396.398
2420.699
2389.328
2258.978
2349.154
2398.474
2414.679
2416.739
2362.601
2405.577
2302.541
2406.005
2177.389
2328.005
2406.652
2512.133
2463.93
2132.919
2362.069
2505.984
2478.535
2513.269
2579.062
2542.761
3125.309
2688.383
2553.476
2574.916
2554.924
2529.826
2536.138
2574.59
2553.267
2541.387
2511.229
2543.943
2570.645
2581.899
2610.496
1453.332
2186.15
2464.126
2572.43
2583.422
2613.27
2596.816
2610.088
2602.307
2610.438
2597.949
2637.222
2599.938
2632.649
2603.787
2512.521
2602.119
2660.638
2536.558
2651.054
2692.924
2660.162
2639.005
2680.694
2738.961
2723.044
2759.038
2738.144
2851.783
2796.218
2731.889
2744.524
2758.376
2713.78
2592.78
2718.618
2774.644
2773.627
2767.416
2705.598
2765.792
2841.872
2823.312
2848.341
2821.583
2851.538
2833.56
2767.593
2823.01
2840.369
2839.033
2847.067
2863.982
2868.911
2928.989
2861.637
2455.122
2757.42
2716.201
2878.789
2884.458
2875.911
2887.793
2854.32
2880.299
2907.024
2896.107
2862.847
2830.88
2896.195
2703.523
2945.87
2979.497
2968.262
2975.345
2934.762
2956.957
2723.432
2895.616
2866.67
2952.242
2895.209
2968.958
2995.438
3003.84
3012.235
2924.6
3009.342
3019.933
3020.005
3078.129
3081.804
3032.279
3059.863
3058.821
3094.269
3079.811
3077.173
3127.234
2927.237
2986.634
3035.508
3178.474
3151.616
3211.475
3124.878
3259.7
3198.724
3166.833
3158.868
2867.209
3035.62
3063.507
3200.841
3175.165
3146.541
3166.937
3162.981
3153.332
3143.388
3143.288
3190.341
3211.227
3265.661
3198.879
3224.453
3199.743
3183.602
3189.189
3071.387
3104.464
3139.822
3192.566
3189.8
3124.438
3189.155
3200.52
3222.993
3213.207
3240.481
3313.727
3256.441
3325.013
3266.952
3274.04
3250.486
3254.981
3257.284
3233.466
3276.223
3239.145
3336.472
3345.076
3322.209
3766.673
3476.049
3360.236
3300.475
3310.654
3304.808
3312.554
3320.28
3252.704
3210.55
3295.33
3301.532
3330.064
3346.874
3331.843
3297.996
3336.159
3324.277
3322.136
3330.748
3379.665
3358.356
2916.663
3234.503
3436.189
3442.317
3387.305
3934.813
4272.781
3676.588
1207.597
2423.912
2966.244
3278.086
3379.002
3571.946
9367.102
5369.889
4111.423
3613.809
3380.794
3425.727
3390.346
3427.051
3406.251
3411.948
3446.023
3779.244
3581.71
3464.768
3424.215
3359.673
3436.698
3441.284
3429.615
3399.759
3404.708
3449.732
3569.014
3479.631
5722.83
4163.818
3739.813
3536.508
3488.874
3422.751
3583.626
3487.254
3474.534
3484.583
3465.528
3442.496
3571.248
3574.317
3491.452
3554.152
3495.1
3502.567
3512.908
3530.31
3481.048
3459.975
3465.407
3471.444
3507.873
3487.409
3402.154
3493.524
3506.33
3465.652
3472.997
3537.848
3533.775
3523.34
3516.892
3495.401
3484.37
3463.334
3427.462
3497.087
3478.732
3455.142
3388.933
3455.045
3484.85
3350.218
3253.754
3370.717
3509.121
3466.611
3511.023
3704.177
3640.371
3547.976
3605.752
3549.2
3594.063
3549.569
3666.576
3561.611
3514.718
3481.35
3444.402
3466.184
3636.532
3287.875
3436.066
3551.115
3833.519
3604.485
3544.74
3510.05
3242.503
3403.937
3094.286
3382.797
3479.25
3467.501
3485.38
3502.285
3523.313
3506.294
3497.528
3651.32
3471.316
4116.497
3693.632
3578.106
3543.953
3524.723
3536.919
3495.959
3484.865
3465.547
3485.687
3515.014
3516.147
3489.547
3553.538
3505.362
3487.573
3559.493
5944.212
2755.548
3220.372
3308.861
3465.714
3464.429
3472.255
3497.768
3448.889
3521.376
3525.337
3484.952
3420.84
3875.173
3064.914
3335.051
3429.348
3517.388
3484.334
3520.066
3404.968
3450.671
3457.022
3471.426
3470.352
3436.95
3452.375
3442.427
3448.981
3526.367
3475.352
2993.111
3323.04
3439.213
3449.58
3440.213
3441.92
3414.07
3433.138
3479.926
3433.656
3464.919
3515.493
3428.966
3502.6
3469.89
3455.142
3485.695
3463.849
3453.166
3610.392
3929.353
3547.968
3495.115
3454.74
3445.292
3434.233
3400.63
3431.983
3406.98
3397.665
3312.953
3455.149
3461.441
3319.778
3545.566
3447.557
3272.513
3281.518
3356.61
3387.245
3387.96
3329.632
3417.698
3360.069
3319.119
3380.821
3373.438
3381.036
3388.363
3404.718
3368.345
3355.145
3377.313
3485.282
3379.926
3397.425
3326.383
3389.561
3338.606
3363.707
3323.767
2447.508
3077.985
3231.211
3304.716
3316.577
3308.836
3304.702
3346.068
3363.909
4009.047
3551.25
3412.807
3504.417
3279.752
3275.031
3342.873
3405.765
3417.159
3307.443
3316.018
3000.519
3202.975
3299.006
3280.366
3276.117
3249.703
3299.309
3347.378
3182.392
3268.448
3270.147
3296.376
3246.25
3270.108
3483.374
2636.438
3068.872
3284.384
3257.161
3285.669
3442.695
3032.144
3362.319
3301.721
3265.198
3254.115
3236.557
3268.35
3272.913
3340.356
3263.154
3249.96
3268.851
3246.651
3232.58
3231.145
3225.815
3222.629
3309.642
3232.035
2835.985
2504.543
2993.384
3152.588
3234.306
3213.115
3182.698
3179.014
3361.754
3518.793
3273.941
3442.328
1994.172
2866.741
3046.305
3169.347
2965.34
3023.844
2933.39
3409.505
3255.972
3131.718
3216.653
3137.582
3132.285
3173.629
4206.381
3506.107
3269.959
3048.157
3143.579
3217.097
3189.52
3169.183
3199.786
3139.798
3129.596
3164.741
3164.245
3187.134
3145.045
3278.803
3181.991
3207.641
3176.657
3128.174
3121.465
3106.078
3091.892
3130.842
2739.338
2057.787
2870.813
3050.693
3114.002
3045.952
3166.66
3121.967
3084.254
3110.499
3091.559
3090.303
3109.495
3072.753
3133.36
3122.068
3121.058
3251.748
3167.448
3128.908
3136.828
3112.038
3098.432
3148.067
3109.149
3135.871
3124.082
3104.734
3111.66
3117.81
3077.965
3212.391
3159.78
3169.307
3123.803
2984.682
3102.628
3086.11
3005.036
3064.901
3099.534
3103.122
2912.493
3106.836
3055.013
3059.177
2929.752
3062.061
3045.604
3102.045
3098.446
3075.342
3078.167
3244.108
3172.099
3121.129
3057.151
3154.201
2633.969
2975.127
4425.649
3549.615
3222.271
3114.083
3094.872
3057.075
3084.983
3067.828
3084.917
3085.522
2464.381
2887.695
3011.849
3350.976
3137.65
3105.247
3098.638
3080.351
3108.039
3071.925
3123.071
3014.54
3093.607
3019.189
3081.139
3058.558
2994.145
3094.055
3156.192
3129.331
3102.022
3079.345
3132.791
3135.309
3135.046
3117.947
3278.628
3380.412
3184.202
2964.887
2950.899
3053.815
3109.444
3045.925
3070.78
3103.864
3100.626
3084.634
3156.38
2511.761
2942.226
3167.93
3035.919
3136.624
3120.887
-671.0448
1900.128
2559.325
2951.624
3003.427
2856.873
3034.908
3080.198
3083.278
3102.42
3057.819
3106.7
3138.125
3161.897
4704.33
3674.418
3286.685
3141.88
3178.462
3184.258
3235.225
3127.131
3136.174
3137.968
2877.441
3185.819
3167.233
3178.086
3183.936
3200.7
3153.556
3136.177
3159.572
3228.224
3130.158
3157.554
3172.747
3126.677
3162.103
2718.676
3044.086
3123.858
3166.086
3165.584
3198.019
3006.932
3114.733
3136.849
3230.981
3244.8
3227.261
3225.998
3140.97
3158.898
3206.041
3140.797
3185.228
4456.338
3609.638
3320.132
3207.589
3220.973
3213.917
3148.672
-2340.437
1419.279
2647.784
3050.457
3436.741
3295.152
3256.787
3185.868
3150.115
3148.323
3227.833
3307.949
3271.177
2035.025
2904.665
3120.298
3462.187
3207.391
3296.807
3181.153
3368.528
3329.75
3341.319
3355.607
3345.721
3356.448
3399.373
3324.522
3403.082
3434.025
3485.039
3400.255
3253.117
3347.069
3512.309
3449.801
3403.015
3189.273
3280.345
3372.029
3051.301
3249.448
3332.471
3392.526
3380.563
3388.215
3386.965
3230.421
3346.777
3400.311
3043.961
3309.701
3372.15
3376.445
3451.782
2774.366
2853.983
3207.524
3377.009
3430.985
3458.547
3458.502
3593.891
3696.809
3586.952
355972
115218.8
38882.96
14728.47
7063.792
4793.008
3914.362
3631.604
3513.077
3575.414
3550.976
3525.015
3533.531
3726.871
3637.167
3478.804
3495.522
3530.62
3651.782
3598.777
3558.117
3461.669
3639.619
3605.124
3589.015
3593.158
3582.025
3636.122
3597.197
3614.188
3633.845
3536.202
3570.739
3634.19
3651.162
3507.015
3646.302
4131.376
3841.818
3829.677
3729.784
3703.555
3713.219
3949.286
3746.533
3723.029
3698.598
3893.618
3757.302
3733.03
3770.164
3200.873
3538.277
3606.647
3633.332
3588.124
3590.865
3729.141
3773.7
3746.061
3746.756
3729.035
3773.108
3787.543
3806.62
3804.059
3774.464
3806.892
3773.127
3941.462
3835.374
3789.686
3810.261
3836.493
3843.119
3848.85
3837.819
4415.832
4046.716
3943.254
3915.6
3868.809
3872.276
3957.806
3913.818
3879.218
3525.76
3790.748
3885.097
3715.863
3802.147
3825.743
3883.407
4154.321
4002.416
3915.395
4001.942
3979.242
3978.411
4009.83
3975.916
3966.757
3970.618
3983.581
3998.277
3994.104
4065.251
4038.097
3987.042
3996.939
4013.337
4025.459
3984.149
4146.178
4063.496
4044.816
4064.727
4039.956
4123.884
4127.207
4126.815
4081.025
3985.37
4891.451
4285.636
4278.282
4176.035
4120.113
4218.934
4128.584
4032.683
3988.703
4080.178
3993.596
3625.746
4026.32
4141.753
4247.766
4184.2
4166.483
4387.741
4375.457
5659.278
4700.466
4354.164
4285.367
4262.844
3996.991
4148.415
4184.618
4201.836
4236.347
4233.658
4252.326
4241.855
4204.995
4169.91
4263.863
4575.451
4398.004
4346.471
4242.281
4203.704
4149.137
4201.01
4181.357
4206.164
4289.228
4182.026
4253.036
4312.637
4319.991
4308.849
4325.475
4307.274
4265.401
4345.279
4384.066
4350.217
4334.369
4333.748
4917.679
4551.961
4462.576
4391.713
4417.428
2544.795
3850.165
4161.173
4311.936
4398.842
4409.469
4399.035
4497.265
4313.471
4495.35
4441.532
4449.382
4465.985
4456.099
3489.775
4046.262
4463.265
4458.46
4469.199
4463.999
4459.139
4474.187
4450.136
4472.24
4500.3
3908.539
4269.108
4393.643
4462.782
4531.261
4459.273
4497.295
4522.025
4551.168
5063.899
4739.048
4638.824
4617.1
4534.472
4548.534
4550.81
4628.66
3774.624
4337.129
4506.735
4547.588
4560.044
4594.996
4589.313
4596.179
4596.539
4707.262
4628.523
4619.194
4555.25
4797.034
4688.781
4587.425
4566.581
4585.198
4680.331
4661.807
4615.7
4645.428
4631.763
4640.205
4634.408
4608.814
4640.841
4594.624
4579.053
4616.993
4642.579
4620.694
4641.815
4636.095
4678.656
4676.266
4682.136
4671.411
4697.591
5487.656
4987.44
4762.079
4720.587
4675.904
4686.945
4713.687
4711.52
4702.288
4720.109
4725.271
4724.452
4720.471
4745.971
4772.513
4734.722
4745.15
4703.623
4869.116
4904.207
4776.589
4753.571
4748.327
4741.148
4706.13
4758.066
4773.38
4781.332
4781.993
4799.886
4770.516
4791.186
5121.26
5056.59
4970.38
4797.885
4796.263
4761.045
4787.997
4732.767
4772.091
4753.418
4775.899
4755.987
5504.584
5036.667
4852.057
4500.749
4638.828
4745.355
4780.485
4789.45
4879.524
4862.539
4750.583
4834.161
4840.017
4847.956
4941.494
4900.663
4885.987
4864.083
4830.236
4831.649
4882.259
4845.015
4878.131
4843.641
4616.92
4772.018
4813.453
7275.544
5630.622
5080.855
4931.086
4847.044
4846.081
4817.129
4785.407
4836.527
4961.542
5040.158
4887.805
4908.892
4881.121
4883.215
4689.138
4419.565
4678.783
4803.336
4757.962
4885.608
4872.772
4666.764
4786.146
4824.887
4881.008
4866.361
4867.464
4859.237
4929.522
4892.204
4868.417
4888.743
4869.4
4859.773
4850.368
4915.935
4884.47
5155.21
4823.275
4808.447
4908.018
5025.493
4913.282
4846.769
5152.918
4902.777
4866.733
4853.735
4846.734
4867.116
4839.675
4912.355
4858.033
4851.103
4806.948
4745.416
4808.872
4829.39
4924.177
4808.015
4856.205
4859.124
4950.087
4884.713
4820.807
4714.451
4819.881
4764.157
4828.667
4886.913
4857.787
4735.606
4810.625
4791.037
4953.488
4732.16
4840.174
4843.867
4817.221
4690.045
4806.307
4800.308
4877.532
4852.878
4544.76
4754.086
4824.048
5981.322
5156.289
4917.545
4861.133
4817.522
4805.127
4820.748
4766.005
4780.876
4803.134
4805.365
4826.467
4858.174
4814.053
4823.445
4862.117
4798.455
4659.919
4789.602
4844.936
4676.142
4725.742
4776.615
4787.977
4747.386
4689.819
4760.248
4811.199
4657.802
4743.64
6003.468
5137.503
4930.823
4803.215
4700.501
4862.142
4805.103
4789.117
4727.42
4803.564
4765.395
4820.55
4770.435
4747.685
4775.65
5353.154
4908.912
3795.855
4459.068
4657.397
4767.793
4784.751
4730.966
4770.896
4758.763
4746.092
4697.882
5040.89
4877.97
4783.275
4590.965
6361.096
5256.785
4888.617
3827.897
4447.648
4722.96
4748.414
4715.107
4773.018
4723.47
4752.856
4716.745
4701.67
4670.74
4698.03
4775.153
3978.166
4415.853
4594.722
4672.59
4681.656
4687.873
4638.929
4685.167
4655.821
4663.944
4765.377
4739.423
4692.082
4688.998
4951.51
4790.422
4765.025
4809.83
4697.003
4651.393
4664.291
4818.799
4698.38
4693.984
4704.235
4698.361
4687.97
4665.63
4631.363
4642.169
4704.132
4635.383
4672.784
4646.087
4658.359
4656.382
4819.095
4718.568
4765.067
4641.899
4605.163
4595.852
4244.737
4425.121
4575.914
4531.741
4570.497
4593.962
4601.971
4564.932
4576.954
4496.581
4601.386
4624.054
4617.012
4577.927
-2019.342
2482.904
3939.597
4391.285
4611.17
4588.379
4502.537
4515.463
4631.764
6767.447
5263.767
4689.353
4591.818
4573.98
4542.204
4510.606
4569.152
4545.713
4540.349
4534.336
4536.014
4563.109
4586.185
4602.213
4625.064
4319.075
4535.869
4511.558
4727.648
4401.536
4502.726
4540.882
4510.206
