-407.5906
-253.3887
63.35822
3323.672
2586.68
1534.82
844.1991
1179.359
827.4889
122.7099
294.4067
283.6302
345.4906
-407.9102
-156.378
-22.26607
134.2405
189.826
114.0453
-181.5839
-848.8741
-437.0519
-66.51616
610.2042
312.2399
2020.767
1248.401
646.2332
397.5948
489.0278
469.6406
545.2923
377.772
67.5303
101.8657
104.9314
90.06864
-5.689974
196.5183
151.2825
172.5693
8.53109
-265.3887
324.7788
308.6009
-256.5077
149.3732
208.8815
235.8995
88.68018
-69.51578
-43.46956
1.125096
217.8315
230.2262
351.8204
-899.0069
-216.1817
-116.6019
-1938.861
-828.0479
-277.3144
-3068.927
-1513.21
-764.471
-246.3666
409.4361
-543.9356
-166.055
-64.61076
164.9662
186.5066
239.0137
276.8719
152.2543
-38.66946
37.10584
170.4099
167.568
232.9972
30.37711
115.9306
125.6983
88.80521
326.1999
-3915.095
-2027.066
-1048.457
-431.5886
-188.566
-13591.16
-7620.208
-3679.419
-2086.89
-1058.72
-557.234
-1733.828
-885.8096
-340.5077
279.1868
314.785
-739.7547
-743.2235
-1.393051
10766.29
6132.361
2372.567
1454.967
909.0464
-64947.3
-37451.21
-21581.63
-12331.03
-7261.556
-4122.43
-2077.233
-1079.081
-733.7922
-675.7749
2029.672
1096.301
575.9229
379.4062
262.2929
-70.91867
340.8346
569.6747
257.5404
4.978825
630.6135
444.2715
235.2947
537.2913
477.5537
294.1935
153.6372
-238.356
-218.2044
58.32691
-64.58582
18.02984
53.57368
1034.033
-173.1927
25.47944
115.8821
-49.23888
31.02386
124.5773
216.9084
2126.806
1991.217
1379.448
1067.171
668.6434
518.5198
685.511
485.8592
391.7352
419.2674
248.9722
-1045.913
-671.631
-1872.938
-1124.986
-625.2328
-298.2678
-207.2677
-212.2799
14.44133
-39.53197
31.53353
65.05898
541.0015
500.2264
205.7016
109.442
453.9651
238.9033
244.2083
243.4987
256.0094
146.5889
158.4047
174.4516
189.1143
-39.78586
131.3262
161.4953
-187.4897
-122.8197
-196.732
-131.4636
302.3948
322.7657
305.5876
180.3334
427.6986
419.2205
351.2505
139.7123
258.0868
-16.30184
116.5878
732.5216
-21.3039
-256.5357
-137.0319
113.2474
190.5841
344.7407
159.7042
464.1945
3336.637
1366.919
1718.298
968.1219
506.6639
413.2296
160.1689
107.0738
44.59098
14.12552
-12.00141
-20.41753
-62.58486
-242.3177
-42.56672
40.61253
593.2739
395.8589
6672.306
3991.789
2235.474
1217.484
509.0621
328.9956
-1524.317
-885.4255
-333.0258
-423.5224
-266.7001
-321.1642
-213.0435
77.57805
-22.78726
-52.86525
853.0683
798.4759
669.3241
639.3883
539.6464
-762.813
-447.5309
-214.2562
-15669.78
-8365.374
-4846.877
-3164.535
-6708.932
-4002.88
-2357.622
-1283.491
-636.7365
-552.8109
2110.115
1329.1
791.5191
530.047
375.9516
59.72213
-97.86504
-85.56491
-166.8969
334.3135
122.6673
1499.023
1971.244
1054.204
272.0867
418.9759
272.4336
16.69282
215.7354
-160.1216
-161.0048
-54.45131
259.9924
16.19067
-183.3254
-590.4627
-1352.815
-1648.877
-1110.946
-939.3111
-614.3888
-505.7798
-82.27233
-262.3391
-147.1476
-562.5434
-6225.398
-4216.152
-1746.391
-1033.455
-639.2199
-230.2296
-427.6211
-215.1449
-227.5267
-336.0121
353.599
-761.3003
-397.3725
-257.0403
-385.8371
-142.6292
-340.0583
-414.3015
-270.8613
-421.9304
-399.9271
-474.8107
225.2302
-204.3489
-240.4234
-214.0462
-226.6017
-222.7618
-345.109
359.7107
-55.91523
-239.2385
-637.6832
-541.5214
-599.1329
-598.484
-527.7347
-453.6956
-546.76
-475.797
-651.4745
-834.6536
68.7101
156.3617
-1326.561
-859.0958
-412.6252
-407.6205
95.19561
-89.40392
348.1187
-12.64344
-495.359
3143.847
1706.399
699.2292
67.76936
13.53024
-200.4874
1517.589
444.8675
197.3933
-4.209123
361.9449
-1679.9
-937.7222
903.9554
381.9823
-4.898016
-193.718
-220.3874
-191.9433
-2789.083
-1891.324
-1316.816
-741.466
-848.6138
-1955.851
-999.8058
-36841.49
-21399.11
-12526.85
-7409.22
-4478.928
-2740.537
-1945.509
-1658.068
-589.2298
-444.742
-568.4087
-542.1404
-461.5131
-592.6509
-470.254
-561.4066
-626.0485
-583.6161
-1189.112
-1035.092
-921.0971
-487.2402
-380.8869
-433.247
-574.7336
-702.4622
-129.669
-395.0102
-380.6229
1164.227
389.4827
-175.2175
-466.4181
-574.7819
-660.304
-694.0336
-1410.077
-1274.144
-1296.02
-1208.32
-748.1722
-575.7119
-424.8584
-363.2141
-1337.699
-1156.503
-1188.208
-947.7229
-863.7573
-1175.191
-759.3655
-822.6273
871.9421
-724.1499
-869.1596
-1028.453
-1066.461
-1766.695
-1669.939
-1233.328
-1273.96
-1098.986
-768.7739
-1077.191
-875.2081
-1921.982
-1551.626
-1240.098
-978.8597
-638.0376
-415.8098
-271.5593
-509.763
-485.3505
-571.1747
-511.2004
-677.4598
-860.2863
-641.4872
-1343.575
-726.9308
-1201.951
-1123.232
-270.4547
-469.7096
-819.4948
-970.6319
-1413.048
-1138.443
-1027.65
-948.2704
-970.3784
-998.3758
-740.5066
-142.7306
112862
64194.57
36468.29
20641.75
16032.54
8827.739
4771.59
2330.577
710.645
-0.0843506
-430.1209
-486.4394
1191.259
-33.9953
-428.0714
-622.2679
-316.4817
-757.8298
-1199.861
-1056.26
-1246.894
-1197.303
-1183.135
-1176.073
-179.8681
-386.8314
-553.2772
-754.0452
-729.9134
1836.472
624.7631
-117.0126
-503.3379
-867.0225
-1157.976
-1021.97
-950.1521
-954.6138
-962.6493
-986.8689
-1091.934
-1056.072
-1062.564
-1234.722
-1112.637
-1004.07
-662.9348
-1157.417
-1763.526
-1512.924
-1573.027
-1044.959
-1170.186
-894.6633
-973.8566
-1201.165
145.864
1883.467
462.8946
-118.2088
-351.1078
-637.6001
-479.0277
-815.025
-655.5042
-760.0462
-786.731
-530.5631
-961.5438
-1066.808
-845.5255
-641.7289
113.8111
-351.4947
-843.6068
-733.3311
-800.0644
-868.7542
-1126.172
-1397.801
-1352.923
-1038.458
-940.4103
-1043.497
-1194.764
-1035.404
-1168.572
-2642.634
-1938.121
-28356.57
-16731.04
-9496.705
-5973.095
-4002.991
-2792.815
-2035.068
-1367.657
-1380.557
-1259.195
-1445.805
-1347.695
-1302.532
-1315.512
-1600.761
-1340.355
-1200.839
-1130.537
-1203.067
1048.343
40.42842
-349.5275
-139.8499
231.7119
-321.3973
-526.6453
-1551.255
-1295.245
-1940.382
-1704.814
-1515.646
1528.63
478.2854
493.4742
-159.3368
-559.546
-691.6295
-910.0035
-742.477
-1211.71
-1202.056
-856.545
-799.0659
-1860.674
-1428.74
-1223.302
1112.002
-2305.642
-1487.37
-1085.868
-1618.017
-1556.728
-1067.722
47.17675
-463.9601
-613.5467
-719.0045
-850.9198
-923.8937
-996.6459
-1068.269
63.31242
-701.3699
-854.5476
-938.8386
-1070.391
-1063.096
-1079.901
-1173.613
-968.1684
-929.7616
-614.1502
-899.113
-724.9033
-921.7529
-973.8129
-959.3733
-1612.08
-689.0512
-549.7997
-772.4813
114.2712
-360.7621
-662.852
-675.9554
-1070.98
-1159.401
-1303.609
-1235.35
-945.9026
44.65969
-366.7879
-585.5471
-753.5957
-846.4444
-912.2096
-905.179
-1014.429
-1221.807
-1117.709
-936.4113
-1272.156
-675.3164
-796.3223
144.9113
-504.0979
-535.0604
-542.7633
-754.0221
-819.7757
-1057.712
-926.5295
-586.3583
-837.2504
-869.2825
-1351.443
-1533.259
-1496.67
-1138.616
-856.8286
-576.5247
-1273.676
-1167.811
-766.626
-918.3371
-1081.31
-964.0005
-957.5263
-909.4002
-1062.283
-955.8873
-957.4534
-953.2651
-1237.905
-1123.507
-1096.87
-943.3114
-834.1064
-860.7813
-1357.354
-1103.103
-885.1634
-1068.707
-930.897
-370.1915
-665.8456
-679.3023
-1877.971
-1195.141
-1225.238
-2032.388
-1586.368
-1371.74
-1019.104
-915.9887
-659.8769
-808.3442
-963.036
-739.4408
-623.1019
-1259.692
-1247.263
-1037.258
-1654.62
-2412.778
-1824.95
-1226.485
-1167.436
-1256.654
-965.8531
-569.469
935.1517
228.7084
-522.5502
-665.1712
-2861.261
1669.358
517.8882
-32.14114
-423.4802
-572.7625
-650.5056
-856.2015
-794.1578
-811.8143
-549.8266
-658.7069
-874.1166
-1003.509
-884.0895
-862.7999
-1204.811
-986.3663
-946.1226
-907.5813
-941.8595
-991.2465
-959.25
-932.5436
-472.7334
-1239.105
-1754.077
-1321.479
-999.6726
-816.2914
-690.7436
-965.9161
-1076.293
-852.894
-678.7584
-719.1674
-605.3489
-500.234
-636.2168
-722.4897
-771.5992
-1228.74
-949.6185
-840.26
-818.1734
-479.8429
-288.4005
-4008.436
-2414.619
-1702.21
-1507.118
-689.0427
-794.072
-813.4023
-2062.513
-1286.873
-1139.558
65.3308
-87.47804
-515.6181
-385.2607
-367.877
-519.9919
-715.9222
-749.3344
-1021.839
-265.338
-143.1331
-379.4057
-489.6254
-542.4179
-345.9426
-157.1168
-479.0775
-644.6622
-753.4505
-290.6275
-387.4417
-432.7818
-248.0037
-229.4344
-571.9384
1338.004
2357.671
1047.293
-63.8842
-754.5669
-729.662
-684.9924
-3459.069
1417.248
582.5559
36.0111
-217.8456
839.9584
-447.1273
-2110.075
-1183.286
-1011.177
-1039.672
-928.917
-802.4894
-430.7085
-628.4846
-740.9862
-587.1653
-584.7816
-801.9786
-631.2181
-617.8186
-1078.509
-891.3553
-1165.843
-936.9108
-1027.244
-906.6936
-771.3499
-835.6455
-951.4628
-865.1009
-784.2587
-751.8942
-303.9101
-393.1456
-1088.945
2835.165
1503.836
148.7316
-712.0373
-868.4677
-351.2426
-570.0946
-314.1632
-650.575
-344.3889
-483.8036
-850.9686
-390.2255
-677.1083
-687.2582
-899.2093
-765.5063
-304.6972
-572.4076
-961.5183
-1417.758
-1198.584
-6157.418
-4012.076
-2639.46
-1888.91
-1394.187
-695.329
-913.3491
-924.1358
-894.7089
-896.1115
-777.3254
-963.9624
-1100.177
-2989.161
-619.4229
-790.472
-821.53
-1218.548
-1638.826
-1210.112
-1038.529
-1098.024
-1526.638
-1349.235
-1401.026
-920.8945
-997.158
-1264.788
-703.0737
-492.5959
-909.0573
-1014.337
-665.709
-708.2672
-776.1832
3.809005
-329.6496
-624.9466
-799.8831
-879.9845
-991.5064
-816.2785
-954.2631
-959.0965
-557.387
-1231.62
-1170.981
-1104.256
-953.6638
-722.6334
-818.5121
-1026.897
-1058.977
-1318.266
-1278.748
-1209.01
-714.642
-3250.404
193.3282
-285.2595
-308.2054
-533.7927
892.0357
239.0451
-116.8281
-563.935
-671.5813
-723.2402
-843.2438
-1392.689
-1359.408
-1006.432
-838.5398
-1309.818
-1248.574
-753.4653
-851.5851
-404.4157
-859.5615
-898.9865
-1040.082
-845.763
-695.9378
-858.5348
-893.8036
-1134.816
-927.6506
-949.0694
-967.5243
-953.9136
-1027.742
-1116.903
-1153.085
-1217.388
-1610.457
-1666.534
-1541.083
-1371.165
-946.9947
-1895.365
-1519.812
-1328.304
-1205.114
-1162.217
-1458.604
-1082.843
-1066.549
-1141.127
-739.8323
-954.9773
-998.8945
-974.943
-1705.781
-1464.403
-1462.301
-3198.836
-4095.67
-2715.962
-1649.139
-1462.395
-1357.952
-5601.233
-3795.99
-2636.616
-1982.873
-1517.135
-1369.795
-1471.729
-626.6036
-716.9671
-1075.84
-995.6311
-1393.318
-1318.854
-1435.704
-1491.617
-1399.757
-1052.608
-76.37525
-610.7001
7234.393
3701.515
1866.009
420.2945
-607.1398
-786.323
-925.4973
-943.3876
-742.0493
-813.5764
-1089.172
-1042.901
-1198.224
-1342.607
-1409.6
-3875.809
-2563.815
-2120.002
-1821.643
-1868.924
-1677.418
-1455.29
-1432.141
-1543.94
-1455.64
-1262.494
-1691.923
-1449.8
672.23
-307.1997
-816.1009
-1091.982
-771.9143
-1047.091
-1061.304
-1236.118
-183.4048
-654.5277
-1100.146
-1146.145
1754.913
132.8468
-513.5843
-720.2052
-547.7221
-1892.988
-4464.469
-3125.367
-2200.941
-1892.541
-1978.099
-1844.497
-786.9926
-644.562
-1261.57
-1394.517
-1310.157
-892.5782
-95.03701
1184.546
73.14478
-571.8828
-4189.281
-2949.971
-2234.062
-1874.644
-1937.971
-2039.082
-1796.341
-1685.557
-1612.382
-1510.822
-1309.143
-1442.817
-1437.212
-1417.644
-1479.553
-1665.407
-1756.791
-1588.593
-1697.504
-898.3285
-921.3162
-1524.785
-1552.635
-1557.643
-1423.79
-1546.805
-1604.16
-1759.081
-1596.211
-1346.183
-1481.803
625.0083
-254.6581
-884.4561
-1505.376
-2323.691
-2099.656
-1995.311
-1311.073
-1410.632
-1472.884
-1417.221
-1480.729
-1552.547
-3063.267
-3247.92
-2628.486
-2290.255
-2118.314
-1848.014
-1191.966
-709.9072
-5189.289
-3612.616
-2771.908
-2106.366
-1676.601
-1773.493
-1882.661
-1245.952
-1504.078
-1730.005
-1841.683
-1713.268
-1979.411
-1996.223
-1865.841
-1633.604
-1632.756
-1826.956
-1745.491
-1712.594
-2182.582
-2109.01
-1806.239
-2005.681
-1632.537
-1779.909
-1732.418
-2876.014
-2032.523
-1938.701
-2011.238
-1921.317
-1896.843
-1669.773
-1757.815
-1935.872
-1805.756
-2133.297
-1993.104
-2212.608
-2256.476
-2120.837
-2090.955
-1789.022
-1809.677
-2308.432
-2089.805
-1763.851
-1691.624
-1846.219
-1881.637
-2039.619
-1867.452
-1888.402
-1792.999
-1895.538
-2044.14
-1906.347
-1980.055
-1891.453
-2159.074
-4809.464
-4151.919
-2764.086
-2389.323
-2145.725
-2043.037
-1935.414
-3222.351
-1812.074
-1819.318
-1479.921
-1452.034
-1587.198
-1722.145
-1596.852
-1808.641
-1793.235
-1932.277
-1852.539
3895.599
1175.207
-669.0357
-825.0753
-2118.243
-2137.028
-2043.713
-2020.235
-1838.824
-1681.939
-1785.852
-1861.669
-1911.78
-2671.734
-2874.442
-2200.865
-2101.74
-2123.848
-2008.403
-1928.774
-2094.644
-1411.841
-1675.624
-1779.978
-1824.175
-1851.166
-1834.633
-1865.268
-2022.383
-1974.741
-2660.046
4141.477
830.7833
-3592.762
-2853.666
-2499.106
-2429.065
-1874.135
-1871.243
-2017.905
-1990.921
-2057.045
-1837.657
-1913.31
-1889.425
-2047.016
-1492.112
-6861.185
-4714.665
-3616.158
-2755.681
-2988.402
-2842.999
-1061.224
-1300.929
-1037.449
-2013.286
-2054.044
-2068.753
-1701.869
-1776.176
-1842.434
-1858.718
-1988.663
-2314.957
-1409.948
-1862.135
-151.9679
-786.8009
-1324.253
-1551.747
-1723.478
-1917.192
-1922.336
-1997.295
-2234.197
-2097.458
-1375.367
-1578.133
-2786.79
-2619.778
-2017.275
-2439.52
-1845.588
-2018.218
-1348.532
172.1593
-812.0795
-1367.376
-1819.553
-1813.225
-1880.639
-1881.611
-1693.183
-1702.611
-1701.799
-1499.158
-1416.009
-1611.144
-1922.852
-2607.761
-2341.959
-3625.797
-2992.347
-2466.151
-2280.573
-2114.389
-2024.131
-1563.512
-1674.623
-1806.186
-1840.376
-2023.207
-2009.377
-2755.185
-2093.462
-2157.547
-1792.292
-1767.268
-1267.091
-1470.072
-1741.076
-1580.767
-1759.457
-1700.851
-1830.702
-1405.85
-1414.705
-1724.954
-1857.973
-1711.574
-1381.93
-1457.074
-1903.467
-2165.498
-2142.556
-1473.062
-3045.1
-2564.835
-2213.557
-1952.209
-1820.003
-1582.86
-1604.314
-1908.178
-1981.73
-1848.499
-2121.474
-2269.817
-3429.622
-2631.103
-2400.958
-2236.516
-2058.657
-1967.058
-1957.59
-1216.565
-1243.484
-1562.749
-1843.088
-1968.644
-1875.215
-1755.198
-1869.873
-1917.18
-1943.079
-1832.025
-1627.935
-1687.708
-1825.455
-2016.256
-1796.751
-1725.65
-1650.289
-1688.825
-1706.791
-1860.662
-1844.633
-2021.246
-1429.734
482.6902
-605.1197
-1195.479
-1670.679
-1416.9
-1180.918
-2141.81
-1965.403
674.6483
-488.3569
-808.5865
-1164.84
-1405.6
-1585.595
-1638.136
-1938.247
-1516.083
-1883.27
-1708.743
-1766.118
-1729.307
-1873.184
-1760.103
-1829.428
-1905.812
-2045.053
-1908.518
-2088.431
-1772.067
-1869.492
-1783.879
-1889.522
-1819.031
-1696.294
-1869.062
-1796.796
-1822.578
-1919.363
-26494.62
-16287.16
-10158.57
-2168.267
-2059.606
-1944.167
-1881.293
-2171.836
-2049.328
-1028.815
-1420.78
-2032.182
-1914.429
-1245.979
-1285.3
-1534.495
-1578.112
-1720.014
-1719.26
-1848.655
-5719.778
-5511.749
-3671.834
-2683.762
-2658.64
-3203.127
-2969.978
-2165.891
-2004.322
-1954.455
-1906.398
-1904.4
211.0999
-271.8707
-639.4926
-1178.022
-553.323
-871.3442
-1498.174
-1641.264
-1602.343
-1529.608
329.3088
483.108
-714.8218
-1110.752
-1231.113
-1571.696
-1153.842
-1572.822
-1942.923
-2055.979
-2429.069
-2214.858
-2150.722
-1818.325
-1990.514
-1936.418
-1826.143
-1869.264
-1698.529
-1678.072
-1484.233
-1469.92
-1495.243
-1604.378
-2289.486
-2178.105
-1966.652
-13412.96
-8399.208
-5588.793
-9797.797
-6344.039
-4665.424
-3366.418
-3153.835
-2663.882
-2358.723
-2425.855
11413.6
6018.438
2437.062
753.0524
-264.5551
-802.6962
-519.0013
-742.2063
-1152.356
-3776.539
-2854.451
-2511.086
-2203.042
-1969.15
-1812.641
-395.6395
-1361.088
-1913.015
-1839.563
-1946.226
-1999.61
-429.6706
-1012.499
-1270.157
-1566.235
-1601.168
-1329.521
-1571.517
-1636.212
-1978.614
-2121.339
-2158.803
-1894.292
-1768.721
-1850.202
-1794.795
-1779.243
-1464.23
-1472.25
-1437.809
-1246.301
-2874.777
-2314.415
-7191.427
-4703.432
-3378.502
-2710.826
-2269.243
-2194.659
-1309.802
-1583.851
-1487.344
-1442.675
-1801.044
-1989.513
-1637.899
-1685.074
-1490.889
-1397.04
116.0763
-119.9316
-1315.679
-2837.067
-2157.149
-1899.061
-1667.725
-1405.201
-1728.684
-1077.349
-1273.991
-1088.292
-1090.045
-1321.124
-842.1361
-1386.416
-1559.475
-1524.128
-1592.861
-1908.752
-1712.414
-1619.14
-1599.226
-1662.826
-1333.367
-2278.005
-1896.439
-1572.506
-2205.267
-1978.33
-2611.756
-2009.668
-2311.915
-1761.92
-1436.095
-1252.515
-1766.99
-1787.299
-1802.551
-2110.362
-1499.94
-1660.481
-1860.785
-1804.902
-1746.949
-1864.175
-2054.247
-2006.051
-1894.593
-2290.141
-2120.587
-1858.57
-165.1028
-683.151
-1214.911
-1373.932
-1577.19
-1813.312
-1953.137
-1831.875
-1712.408
-1849.794
-1872.92
-1768.619
-1777.732
-1802.451
-1932.7
-347.2478
-900.1716
-1322.837
-1214.233
-1826.19
-1807.866
-1859.574
-1704.21
-1485.032
-2129.318
-2171.36
-2327.513
-2311.424
-1612.331
-1731.516
-1751.086
-1963.349
-1796.398
-1696.64
-1731.444
-1890.449
-1881.748
-2150.452
-880.3575
-1381.41
-1263.967
-1927.745
-1880.454
-2486.937
-2424.721
-2152.519
-2675.302
-2245.324
-2342.299
-2258.085
-2100.002
-2024.373
-1908.345
-1991.002
-1953.052
-1901.311
-1911.966
-1852.664
-1733.919
-1863.566
-1796.122
-2009.279
-1782.978
-138.1887
-1107.521
-1287.831
-1605.677
-1089.314
-1502.654
-1767.781
-1799.861
-1981.862
-2093.459
-2307.07
-1613.064
-1997.633
-2239.093
-2312.544
-2144.377
-2168.679
-1760.188
-1631.833
-1858.547
-2011.062
-1959.922
-2243.826
-1293.348
-1587.429
-1784.989
-1926.422
-2034.895
-2112.842
-2061.501
-2204.576
-2588.147
-2437.115
-2260.234
-2264.983
-2822.433
-2645.261
-2276.246
-2251.71
-2261.501
-2173.962
-2285.054
-2244.001
-2484.523
230.9448
-832.7502
-1312.176
-1781.954
-2150.919
-2346.285
-2315.41
-2376.932
-2359.982
-1744.124
-3487.688
-3020.596
-2698.867
-3847.33
4521.077
1605.008
-914.134
-1465.31
-10237.2
-6806.442
-4834.432
-3943.248
-3512.685
-2917.141
-2102.032
-2452.752
-2514.023
-2482.386
-2134.867
-2206.129
-2216.74
-1998.475
-2339.941
-2042.594
-1204.713
-1754.746
-1974.347
-2313.745
-5996.726
-4621.146
-12611.16
-8331.086
-5762.38
-4321.229
-3538.307
-3136.26
-2686.017
-2572.228
-2751.11
-2488.289
-2102.347
-1828.87
-2060.236
-2069.911
-2212.878
-2071.09
-2467.582
-2246.846
-2388.98
-2449.648
-2630.114
-2636.738
-2535.527
-2521.811
-2587.933
-2496.64
-2427.551
-2246.476
-2584.393
-2514.704
-2579.247
-2970.023
-2577.878
-2769.323
-2629.847
-2573.986
-2708.623
-2754.543
-2682.814
-2596.94
-2541.286
-2310.49
-2485.261
-2641.938
-2613.108
-2549.624
-2635.432
-2738.954
-2444.668
-2363.578
-1604.72
-1761.113
-1997.59
-1972.203
-1878.478
-2055.74
-2345.781
-2436.593
-3089.533
-2933.136
-2986.564
-2674.497
-2327.077
-2746.609
-1644.143
-2142.268
-2150.17
-2276.224
-4992.216
-4149.343
-3522.945
-3144.571
-2927.976
-2688.238
-2604.188
-2395.707
-2588.294
-2490
-2753.17
-2775.57
-2466.512
-2171.965
-2417.153
-2310.071
-2627.64
-2515.112
-2475.337
-2739.188
-1091.552
-1991.164
-2252.671
-2177.365
-2309.198
-2742.094
-15910.09
-10127.73
-7040.849
-5317.643
-4213.244
-4207.757
-3520.354
-3028.8
-3406.38
-3032.561
-2800.32
-2185.77
-2148.889
-2155.293
-2517.6
-2258.928
-2990.613
-3049.005
-3252.338
-3054.694
-2931.43
-2890.571
-2902.335
-3510.32
-3242.865
-3024.471
-2966.48
-2661.673
-2384.147
-2564.488
-2736.911
-2831.816
-2787.318
-2707.511
-2834.984
-2130.927
-2533.791
-2853.075
-2559.096
-2781.126
-2565.386
-2764.239
-3731.283
-3494.902
-3589.629
-3308.135
-3325.04
-3180.348
-2879.13
-2862.01
-3165.887
-3124.626
-3126.018
-2935.543
-2986.521
-2044.186
-2468.776
-2631.922
-2842.121
-2800.116
-2906.249
-3360.656
-3328.224
-3255.825
-3179.419
-2999.212
-2705.467
-2786.975
-3123.454
-2995.8
-2883.454
-2343.22
-2725.149
-2968.045
-3188.883
-3048.351
-4342.887
-3716.224
-3621.644
-3125.503
-2423.725
-2712.689
-2834.44
-2895.209
-3147.112
-2871.558
-2701.598
-2393.889
152.1972
-1214.132
-1933.403
-2522.911
-2738.088
-2972.975
-3209.445
-2888.628
-2820.544
-2799.441
-3028.183
-2786.006
-2775.544
-2666.359
-3935.024
-3632.626
-3005.284
-2377.23
-2664.767
-2828.825
-2928.44
-2716.857
-2869.269
-2910.109
-2858.138
-2742.316
-2607.07
-2714.019
-2754.486
-2694.173
-3087.854
-5084.16
-4340.626
-3695.131
-3590.063
-3402.215
-3121.765
-3371.48
-3062.274
-3023.046
-2809.162
-2950.213
-2942.098
-3068.635
-3007.955
-2845.891
-2396.383
-2592.952
-2852.068
-2823.468
-1743.024
-2761.509
-2600.343
-2715.482
-3095.804
-3140.604
-3160.865
-3697.57
-3018.893
-2969.884
-3013.557
-3017.777
-3033.746
-3035.303
-3097.725
-3030.472
-2669.947
-2762.79
-2720.439
326.6092
-574.6233
-1582.711
-2312.294
-2809.972
-2545.953
-2643.032
-67866.83
-40331.3
-24094.43
-15037.45
-14212.53
-9381.04
-6694.258
-6292.245
-4724.934
-3863.989
-2962.902
-4263.502
-3661.888
-3624.949
-2191.38
-3207.027
-3045.912
-2936.377
-2883.557
-1761.071
-2227.099
-2119.078
-2386.489
-2656.192
-3003.309
-2662.325
-2703.563
-2616.729
-2736.166
-2921.501
-2920.21
-2812.686
-3046.885
-2815.776
-2634.124
-2875.697
-3053.668
-3071.967
-2887.009
-4612.998
-3895.141
-3551.793
-3470.826
-3054.575
-3256.088
-3012.313
-2748.142
-2822.294
-2904.255
-2861.941
-2775.257
-2843.48
-2840.176
-2984.062
-2641.77
-3030.045
-2792.958
-2803.267
-2818.629
-2815.439
-2807.395
-2627.662
-2185.942
-2307.487
-2577.058
-2881.792
-3498.192
-3450.494
-3219.772
-3290.654
-2199.73
-1818.013
-2672.622
-2832.81
-2309.309
-2572.782
-2625.826
-2370.84
-2699.753
-1093.959
-1501.516
-2038.492
-1857.976
-2195.169
-2414.07
-2187.629
-2582.776
-4835.496
-3916.184
-3446.655
-2926.33
-3057.638
-2961.291
-3344.962
-3756.933
-3473.531
-3252.958
-3252.586
-3009.633
-6868.934
-5125.562
-4104.842
-3609.93
-3213.95
-2799.599
-1820.764
-2216.68
-2461.2
-2626.242
-2829.115
-2851.117
-2542.901
-2571.033
-2641.155
-2573.222
-2710.019
-25054.6
-15498.61
-11180.09
-7419.474
-5315.086
-4355.463
-3678.774
-3058.78
-2927.75
-2778.814
-2887.828
-2858.966
-3078.715
-3059.035
-2521.796
-2514.112
-2620.767
-2701.92
30576.16
13833.98
6796.397
2772.589
353.6197
-1497.338
-1980.226
-2182.576
-2831.955
-2506.214
-2352.081
-2545.732
-2537.862
-2480.946
-2651.524
-2591.631
-2655.743
-2425.587
-2624.818
-2758.032
-2549.989
-2608.96
-2776.891
-2655.863
-2510.774
-2552.883
-2859.739
-2768.026
-2722.642
-2620.88
-4478.279
-3799.17
-3073.674
-2910.844
-2964.054
-2729.047
-2751.838
-2564.452
-2542.926
-2466.61
-2503.794
-2646.732
-2968.483
-2760.588
-2698.175
-2588.243
-1273.587
-1617.426
-3910.892
-2770.789
-2814.92
-2691.461
-2766.354
-2396.584
-2444.101
-2233.554
-2467.352
-2505.645
-2598.972
-2543.384
-3448.465
-1878.441
-2018.496
-2310.793
-1727.388
-2078.094
-2421.022
-2510.083
-2627.668
-2729.699
-2653.109
-2599.528
-2474.574
-2462.716
-2427.253
-2490.014
-2630.754
-2430.007
-2390.286
-2506.785
-2653.663
-2762.033
-2425.479
-1590.681
-947.9496
-1255.709
-1813.657
-2126.722
-2487.529
-2174.916
-2299.379
-2227.271
-2434.501
-3008.498
-3270.56
-3841.802
-3312.877
-3249.993
-3139.238
-2616.788
-2748.588
-2740.57
-2579.58
-2547.277
-2349.886
-2381.825
-2057.593
-2283.366
-2557.522
-2595.29
-2535.496
-2614.631
-2551.588
-2979.131
-3441.295
-3350.65
-3339.109
-3110.349
-1959.099
-2295.141
-2662.539
-2503.398
-2533.025
-2309.966
-2386.659
-2494.712
-2282.406
-2347.318
-2253.279
-2568.099
-2783.9
31558.82
17208.57
9136.132
4037.777
1163.365
-388.7027
-1325.334
-1517.442
-1862.156
-1966.362
-2261.634
-3170.264
-3419.967
-3455.007
-3496.757
-3650.039
-3278.6
-2896.857
-2318.241
-2549.361
-2491.79
-3731.899
-5601.915
-4479.785
-4373.125
-3621.217
-3158.907
-3037.207
-3118.048
-3050.233
-2883.295
-2675.706
-2825.865
-2660.792
-3220.708
-3001.675
-1959.375
-2529.379
-2450.017
-2209.635
-2324.535
-2178.223
-2464.004
-2603.935
-2444.59
-2623.473
-2932.209
-2848.577
-2335.075
-2429.031
-2504.548
-2083.431
-2451.222
-2814.84
-2894.328
-3036.002
-3091.686
-2878.857
-2300.716
-2524.524
-2589.409
-2720.623
-2804.829
-2833.898
-3263.028
-2716.487
-1624.194
-1689.805
-2245.108
-3439.803
-3260.262
-3128.182
-2892.025
-2873.691
-3410.773
-3139.355
-2676.717
-2800.729
-2793.75
-3018.469
-2942.25
67567.44
37525.8
20520.43
10688.84
5053.343
1930.062
-126.3678
-1074.633
-1824.105
-2306.344
-2618.287
-2695.002
-2822.974
-2643.277
-2859.448
3316.165
873.698
-557.6637
-1523.319
-2181.791
-1536.155
-2197.917
-2495.879
-4205.076
-3765.878
-3266.452
-3070.08
-3227.851
-3546.895
-3241.141
-2127.087
-1141.261
-2130.173
-2315.405
-2651.554
-2715.664
-2813.459
-2834.45
-3431.906
-3251.817
-3177.48
-3639.832
-3824.068
-3490.959
-3268.695
-2756.573
-2859.013
-2924.903
-2993.381
-2844.465
-2819.351
-2988.278
-2849.141
-2496.956
-2316.401
-2650.827
-2835.247
-2702.863
-3655.251
-3549.172
-3303.137
-3059.476
-2717.364
-2891.859
-2744.745
-2947.56
-1283.047
-2118.287
-2418.693
-2953.096
-3098.578
-3332.663
-3335.495
-3426.043
-4418.251
-3366.836
-2219.84
-33446.23
-21006.56
-12845.98
-8759.724
-5870.555
-4695.572
-3851.199
-3402.688
-3243.004
-3194.203
-3241.662
-3308.723
-3006.21
-3054.213
-2914.293
-3260.891
-3097.658
-3145.813
-3160.14
-3287.608
-3208.498
-3301.384
-3094.261
-2972.259
-2598.246
-2605.095
-3189.583
-3113.255
-2996.495
-2976.722
-2999.66
-4953.811
-4464.846
-3949.932
-3307.344
-3458.367
-3301.713
-2903.487
-3084.396
-2716.609
-2981.726
-2730.805
-2998.138
-3071.617
-3355.817
-3327.915
-3145.827
-3329.593
-3234.544
-2531.992
-3835.579
-3069.061
-2848.675
447.9956
-1341.682
-2192.964
81.20473
-1582.806
-3562.284
-3413.581
-3462.267
-3533.3
-3382.591
-3301.584
-3849.73
-3961.929
-23376.95
-14775.81
-9997.811
-7417.87
-5784.12
-4744.151
-4172.247
-3425.542
-3661.177
-3495.629
-3445.218
-3551.038
-3532.049
-3462.412
-3713.788
-4431.077
-3995.377
-3638.146
-3643.653
-3568.17
-3692.854
-3767.023
-951.3333
-2061.6
-2703.199
-3083.414
-3338.884
-3388.958
-3451.925
-3498.93
-3582.406
-3621.044
-3608.897
-3665.775
-3619.966
-3700.097
-3707.132
-3863.014
-3843.796
-3715.493
-3444.972
-3621.571
-3586.908
-3516.724
-3475.155
-3662.961
-3458.75
-3280.822
-5626.394
-4527.895
-4074.421
-3548.089
-3717.138
-3687.529
-3782.168
-1554.157
-2373.059
-3000.314
-3031.945
-2969.208
-2767.785
-2967.324
-3381.572
-3613.336
-3598.214
-3639.41
-3957.893
357.4907
-1096.561
-2153.319
-2696.902
-3543.427
-3518.135
-3505.822
-3555.513
-3491.418
-3545.83
-3668.619
-3090.332
-3071.965
-2725.146
-3504.695
-3619.311
-3256.015
-3279.848
-3367.709
-3485.21
-3649.325
-3635.45
-3656.034
-3756.804
-3753.585
-3748.292
-4037.566
-3999.188
-4103.313
-3822.12
-3645.048
-3534.695
-3409.28
-3312.676
-3650.887
-3670.955
-3321.289
-3956.289
-3793.723
-3841.672
-3729.061
-4028.862
-3957.996
-3150.709
-3406.366
-3794.09
-4124.247
-3909.663
-3897.006
-3981.158
-4170.726
-4191.804
-3985.415
-3923.941
-3949.308
-3847.691
-3817.002
-3799.095
-3674.378
-3628.628
-3809.473
-3385.27
-3615.701
-3909.91
-3870.578
-3756.438
-3854.824
-3674.383
-3800.779
-4134.622
-4021.086
-4147.906
-4818.728
-4359.509
-4256.126
-3936.758
-3840.761
3130.857
245.8796
-1458.509
-2690.856
-2847.641
-2831.532
-3501.583
-2774.593
-3373.293
-3308.862
-3292.403
-4420.763
-4295.346
-4210.933
-4057.002
-3947.913
-3297.933
-3611.319
-3760.617
-3793.936
-3726.196
-3731.293
-3736.615
-3835.349
-5469.534
-4824.603
-4456.953
-4309.76
-3339.315
-3789.862
-3676.233
-3765.105
-3773.007
-3826.065
-4112.145
-4094.438
-3690.214
-3644.2
-3761.337
-3828.848
-3935.733
-3892.413
-3840.525
-4146.832
-3859.172
-6864.626
-5591.039
-4830.226
-3943.306
-3984.43
-5557.545
-4949.408
-5093.381
-4687.998
-4818.476
-4383.273
-4110.473
-4496.602
-3674.472
-3611.03
-3550.776
-5908.334
-5056.105
-4302.964
-4125.488
-4013.585
-4057.586
-3895.041
-3899.742
-3926.543
-3980.306
-3945.806
-3747.368
-3386.875
-3573.369
-3664.793
-4422.545
-4285.817
-4127.215
-3879.871
-3954.221
-4047.61
-4117.533
-3898.323
-3818.371
-3654.872
-2005.647
-2699.443
-3125.659
-3455.731
-3584.373
-3865.158
-3732.068
-4185.824
-3990.749
-4026.634
-3978.24
-3883.937
-3530.577
-3628.005
-4129.594
-3862.602
-3349.108
-3390.432
2498.434
9874.121
4096.687
752.4565
-1049.464
-2157.682
-2816.293
-3267.808
-3317.975
-3750.125
-4030.254
-4305.173
-4006.387
-3638.501
-3626.295
-3757.749
-3699.802
-3775.93
-6934.596
-35806.78
-22096.08
-14268.6
-9539.193
-7024.025
-6360.187
-5165.851
-4324.252
-2813.649
-933.2532
-2010.043
-2666.977
-3196.537
-3389.009
9.64819
-1535.075
-2464.001
-2626.268
-3392.147
-3465.594
-3567.171
-3704.984
-3841.925
-3598.151
-3569.901
-4223.938
-3927.35
-3946.319
-3853.617
-3970.843
-4702.307
-5083.501
-4333.857
-4107.991
-3910.486
-3388.712
-3829.322
-3747.753
-4168.642
-4260.842
-3716.443
-3172.14
-3190.771
-5009.045
-3170.376
-3297.302
-3593.783
-3625.408
-3626.395
-3757.353
-4229.061
-4093.99
-3917.69
-3434.449
-1752.786
-2519.458
-3140.238
-3210.764
-5743.247
-5018.984
-4544.484
-4373.728
-4178.317
-4005.083
-4026.16
-3239.612
-3416.651
-3534.338
-3817.231
-4836.452
-4258.967
-4162.279
-3978.412
-5440.983
-4596.286
-3941.242
-3994.462
-3865.764
-3748.171
-3770.623
-3680.963
-3548.344
-3696.396
-4037.871
-3894.906
-3842.106
-4041.885
-3476.964
-3646.06
-3816.162
-3746.81
-3801.981
-4002.155
-3845.883
-3109.137
-3353.311
-3468.068
-3473.198
-3738.577
-3601.416
-3686.115
-3762.415
-3747.848
-2446.953
-3004.878
-2867.877
-2498.749
-2785.056
-2670.028
-3063.152
-3326.412
-3359.191
-3474.938
-3657.796
-3871.609
-3733.183
-3795.626
-3757.355
-3614.222
-3579.459
-3522.081
-3517.502
-3321.972
3647.303
334.7957
-1316.864
-2518.785
-2630.526
-3119.444
-3395.602
-3495.421
-3645.361
-3609.976
-4001.492
-3644.414
-4122.441
-3867.6
-3015.292
-3369.239
-3191.815
-3347.113
-3450.55
-3413.7
-3315.989
-844.7885
-2302.49
-3001.711
-3163.818
-3736.573
-3583.43
-3444.906
-3428.724
-2513.897
-3618.092
-3553.145
-3608.372
-4187.974
-3677.073
-3787.115
-3654.815
-3776.572
-1354.927
-2689.37
-3073.823
-3280.817
-3455.337
-3184.384
-3318.56
-3473.29
-3944.347
-3702.038
-4941.743
-3873.242
-3619.71
-3352.352
-2792.98
-3118.301
-4051.197
-3589.057
-3718.345
-3274.255
-3175.876
-3814.416
-3600.747
-3413.954
-3714.472
-3667.148
-3455.657
-3328.244
-3033.761
-3391.625
-4744.874
-5463.89
-4604.772
-2240.969
-3592.126
-3597.345
-3577.734
-3807.034
-4484.466
-4341.026
-4053.517
-3840.243
-3998.458
-4745.75
-5131.546
-4237.09
-1204.577
-1740.481
-1816.896
