315.9644
334.6639
671.3525
511.4781
1235.358
1228.777
404.1124
1177.511
660.5899
-19298.9
-9650.294
-1014.027
-15630.7
-6582.766
-3726.606
-1947.861
-621.2176
510.1685
132.7784
363.3438
5012.944
1911.185
701.774
8925.612
6686.829
4450.231
1533.53
752.1024
1258.031
-688.1486
176.4339
1056.845
2272.373
1279.446
708.7136
53273.28
26366.59
15188.08
6544.319
10344.32
4989.056
2284.199
-1962.833
111.2695
503.4562
4062.517
-1586.111
-3396.428
-1294.749
-1858.532
-99.15763
-125.3018
1536.101
-572.9513
-12.24276
1326.247
73.5474
5517.418
2621.548
-318.8837
5353.567
2666.344
3255.787
2321.147
564.3637
-741.2251
-3527.227
-2472.383
-4654.952
-2673.328
-4226.149
715.9255
954.6352
-2727.22
-1306.562
-2239.936
-149.0864
3434.31
-2280.56
-3292.491
884.855
1434.463
537.9128
1408.742
1734.877
1028.941
-309.6505
-839.1294
-280.1552
316.7244
-487.591
349.0007
103.1158
367.2412
667.7227
-604.2384
-2807.877
-1581.709
4028.204
1696.17
-345.2348
-2075.201
4108.571
785.0897
816.8948
229.6919
-526.3029
-16.66731
-476.875
-465.9135
-965.8295
-1112.193
-1191.965
-2063.009
-1606.178
-901.0736
-324.9411
-484.9923
1297.753
-947.1226
9818.638
4005.959
1732.187
1552.05
-669.1044
-782.3529
-1162.192
-71.61134
4558.303
1459.486
488.4949
-807.3191
-234.0326
-683.09
-2044
-1511.668
-1726.009
-43.06955
2106.059
3879.544
1388.626
-25.97776
-397.843
405.3219
-899.5235
-12065.56
-4862.693
-2074.433
-406.2061
-2720.09
-3231.702
-21079.68
-10824.63
-3826.357
-1961.715
-1525.833
-1581.353
-472.1245
512.7724
229.4185
11170.52
5493.695
2990.718
1567.63
1829.693
1646.768
4464.171
40070.1
20059.02
10480.88
7714.79
2761.013
2574.713
1728.474
-3166.117
446.9395
2028.696
876.1472
3877.354
5928.218
3281.831
1617.182
1956.968
1479.5
1333.03
1962.556
882.0947
776.2364
157.8259
-241.416
487.3941
872.7187
-2580.845
-1617.789
-627.7788
4279.065
2452.345
701.6709
927.3509
895.5246
693.7692
308.6475
-245.8873
258.9993
509.7522
1485.956
1931.597
1436.506
4376.643
62.93599
542.2242
119.7187
323.7512
189.6469
400.9597
122.5957
-263.6266
-973.1345
-11.8606
-89.57238
-272.5912
2459.487
-2315.637
57934.95
27188.98
13673.45
6273.445
3171.46
2127.158
-2105.828
-1405.687
139.8226
-18.77986
-6101.161
-2332.741
-1736.235
-5462.927
-2954.932
-1136.456
209.9185
-17.32973
-272.5243
-106.9459
228.4039
-732.8377
-18923.61
-10001.27
-5138.338
-2831.704
-3502.151
-792.0748
-561.1919
-1774.157
-1207.236
-986.4905
-1066.201
-1356.357
-849.7901
-192.5895
-1060.621
-977.5925
-922.5393
528.0192
143.2375
-29095.03
-14306.97
-7702.614
-3997.093
-2393.618
-5798.627
-4822.179
-1260.555
-1388.698
753.6638
1588.685
2541.389
1234.099
606.1463
1060.174
739.5282
0.3345063
-238.2021
-8974.423
-4032.819
-2634.811
-1646.479
-807.5675
-2500.215
-10482.23
-8186.618
-4799.567
-2288.929
-1869.152
-1173.102
-988.0975
-2057.107
-966.034
-1322.978
-2201.776
-1564.47
-1224.406
-3830.626
-1401.221
-840.0068
-500.7799
-1482.629
-976.3141
-613.5472
-113.8999
-16.73054
9388.898
5145.045
1781.562
-28225.46
-6841.458
-3229.018
749.4609
227.5907
-160.4545
502.5444
10368.61
3894.189
2488.23
1765.217
921.6341
568.9461
4969.801
3004.271
1889.605
6214.836
2605.658
901.8738
907.0201
-565.4129
5486.25
3587.889
1882.613
722.7543
-163.4243
-2038.919
-2897.696
-981.9751
-1675.575
387.8459
1014.402
1969.463
587.0162
840.3183
775.5317
879.3164
2303.551
6266.362
3327.732
2404.243
1670.993
373.7595
-329.5519
2427.473
4581.205
4247.111
2660.295
-388.1874
-547.6469
63.89422
-1343.101
156.7242
671.2839
-1130.771
-1254.207
125.8864
1161.153
784.6424
-539.2678
-42.38404
2092.154
2698.967
1369.88
2087.165
3004.559
1533.842
1395.229
1515.224
1031.306
4629.385
2229.155
1597.497
1292.49
842.8796
-521.6774
1260.052
-486.6388
304.4643
2267.559
890.5359
546.7627
249799.6
121814.9
60034.56
28984.11
14440.94
3304.901
1415.416
-652.0866
729.051
-4017.896
-1814.274
-2517.73
-1356.691
-2886.853
420.7574
-409.055
-943.9267
-1106.17
-2707.471
-1831.915
-2001.51
-2272.906
-2488.138
-1720.399
-3179.05
-1769.091
-1674.917
-3481.851
-15829.23
-6621.048
-3452.967
-3819.848
-883.7492
-247.018
-1266.19
-912.0589
-1089.912
-1224.435
-1839.247
-11240.93
-6174.515
-4579.589
-2171.226
-789.8713
-725.9258
-2721.235
-2080.308
-2111.984
684027.4
332184.5
160579.4
72393.88
33279.64
15240.52
7160.659
8798.685
5160.981
2401.057
138.6723
102.9322
1924.409
1139.404
-1016.019
-262.1629
65.13197
999.1548
-662.5752
-908.9559
-925.2863
313.2019
-179.7043
-6154.421
-3024.165
-2047.797
-1476.888
-1082.708
-1246.474
-983.108
201.1406
1893.4
-3428.118
-3716.564
-838.6583
-686.9588
-344.0668
-46874.07
-20867.88
-10125.8
-5498.104
-2687.404
-1970.185
389.6921
287.4825
-1440.749
-2131.727
966.9154
487.8576
-896.2067
-129.6551
-667.0082
-1315.556
-1562.048
49703.4
23264.44
11539.6
6527.401
3604.633
2778.673
1808.237
966.5062
-1704.442
-381.1306
-2463.231
-7458.678
-3350.996
-3387.29
153.1584
936.9043
642.4158
1303.211
1906.029
805.6906
806.8383
148.6774
586.2172
965.5369
-5346.389
-9623.246
-8498.379
-4724.146
-2987.897
-2180.459
1913.416
-647.2182
-968.3952
-525.6883
540.9044
1098.053
-310.4392
267.717
482.6764
3291.269
2304.812
1331.272
-2834.71
-3218.86
20.64157
-206.9031
-252.3381
3100.122
1263.401
1536.155
-1176.629
1327.964
1467.323
-84.72
-564.9917
-6.158131
-5609.614
2898.775
-1693.832
-1398.928
-1431.882
-1647.636
195.4112
595.7248
-512.9316
-4088.521
-2814.61
-1662.711
-681.0448
529.1365
-1989.927
-220.2583
748.5607
-680.6533
-380.4094
-3457.812
-7394.741
-2575.285
3004.514
-606.3741
-1981.796
-966.5288
307.6712
-211.2897
-1522.134
-1746.361
-906.244
-1037.666
71.27415
5910.931
1909.463
-530.2418
-1233.78
-5224.412
-4941.309
950.901
-3218.658
-2300.204
-3013.711
-2572.915
-2477.819
-2906.701
-2204.973
-2414.82
193.1356
-4836.312
-2923.369
2131.327
3161.699
-4524.901
-3758.66
-3008.143
20115.26
10709.68
510.5781
-750.8565
-930.2102
717.9271
-221.4498
-1275.739
156.1389
5591.442
2240.378
1312.882
402.672
935.4227
-245.7181
308.8703
-846.1546
-1187.781
2167.357
1225.21
762.7873
-145.796
460.5725
2542.427
-3960.609
922.735
406.8488
-316.0266
95.91605
387.6985
-167.2159
136.9594
-2058.994
-1211.908
2661.33
1287.467
-5692.512
-22262.19
-8180.345
1354.185
1061.902
18.90654
130.0504
-94.96378
1153.195
455.43
1721.279
908.2711
2009.807
4811.483
2601.02
861.6798
-329.3074
395.0926
-1094.023
-309.3073
-1373.235
1206.61
919.3688
638.9201
51.82509
1017.11
2068.142
3195.656
634.3776
1431.155
1907.356
1416.545
517.5926
378.2231
785.845
1137.368
1434.908
8294.177
4252.846
2070.765
1040.919
926.1091
1618.898
1270.013
785.1071
-2799.708
-2535.881
-4147.011
-1045.79
-1224.601
-411.7858
577.2496
895.0161
-6890.051
-2714.733
-1533.335
4946.462
2014.304
-165.767
-786.6459
-40.03886
20.07549
-2175.238
3530.745
313.2392
-427.9913
660.427
-337.2178
2834.343
710.2604
519.6215
-261.869
-2584.676
-83.61755
-3194.088
-2851.08
-1439.626
-1602.578
-3238.127
-4247.163
-2363.592
-1079.705
-1587.121
-1412.192
-2754.077
-1410.293
-2627.251
-987.1424
-631.8334
-2648.881
-2284.423
-1311.326
-607.5854
-688.4509
-2313.939
-2128.822
-2064.209
-695.2916
-1016.181
-648.9046
-292.4857
-793.4645
-1218.12
-1581.178
-1310.343
-2235.896
-1337.285
-1442.531
-6157.677
-2212.455
-2073.726
-3047.702
-2250.526
-2023.689
-2028.259
98.43502
-794.3252
-407.4838
-4497.193
-2620.224
-3198.616
-2583.615
-854.2351
-982.7447
-516.4974
-17.55706
-1222.124
-3730.398
-4540.232
-1982.852
-1485.007
-1437.296
-1326.651
-730.8442
-1520.85
-3063.924
-2012.672
-1169.743
-915.6204
-1160.892
-1296.743
-1261.344
-1455.843
45614
23957.05
13569.88
5356.015
2132
494.7484
39.06238
4038.991
1563.434
-4958.804
-2745.93
-2449.785
-3544.429
-1516.946
-3.082536
172.4926
-509.4206
605.8508
892.7197
645.3332
795.4354
1904.859
544.243
840.7864
400.7309
110.5968
-5029.599
-2533.393
-825.6947
-919.4487
25571.19
12439.77
6173.279
3145.221
-26863.84
-12949.96
-6223.028
-2755.341
-1749.183
-186.4292
-163.5207
2140.338
1187.477
1837.547
480.3603
652.4435
-480.829
-80.87165
5605.65
3448.803
1399.69
962.6544
734.1048
-9440.856
-4705.704
-1776.338
-1065.207
1609.913
1602.694
8341.734
1817.415
418.8879
827.9148
0.5393454
-744.8887
-2275.2
-406.516
-713.6665
-765.3919
-2543.734
138.9508
-1368.755
-296.698
4898.478
1597.683
1392.346
583.0108
-311.4916
7.958097
-12002.77
-5287.097
-2755.82
45375.61
25512.57
9260.256
4138.345
2402.736
854.4783
332.4104
532.6728
-173.7979
-194.3844
-649.2025
-1118.626
-8321.755
-5338.157
-7888.676
-5129.812
-2945.877
-1833.084
-1390.687
-2342.087
-7000.66
-4607.359
-3860.193
-2804.18
-2108.314
-1939.609
-1591.535
-1647.497
2765.972
-1010.514
-1561.934
-1586.077
-1509.364
-1535.9
-642.5966
-7097.835
-2712.718
-2595.366
-2363.389
-2071.176
-781.5749
-1521.627
-1552.816
-3783.025
-2814.112
-4928.852
-5323.165
-1540.486
-1412.489
-1691.792
616.6849
-1051.021
-1522.878
-827.2888
-3301.642
-2678.437
-1947.286
-2573.557
-1964.964
-1888.304
-1305.085
-705.414
-348.5962
9.843514
-3512.835
360.8822
-2139.567
-2263.534
1464.454
-131.7426
-1467.619
-1150.28
-644.664
853.4104
-523.1906
-284.8218
757.8941
1037.787
12.86307
-1732.112
-166.1215
-207.6632
710.9048
661.0863
-122.5252
2101.371
1064.129
2653.534
1256.831
1412.866
762.6804
1181.448
1248.157
560.2986
-489.7578
-241.6655
1590.142
526.9789
771.4104
1393.396
2028.539
1500.821
2809.068
649.9853
225.9492
-3795.543
-2117.286
-171.6188
-1279.861
2583.034
4433.082
2093.089
-1255.764
-2004.365
-1018.467
-18.68825
-341.2566
748.4504
650.0713
-430.2629
2470.937
1615.293
253.7036
309.8091
1197.938
504.1617
-357.9555
9368.966
4474.148
4011.028
7747.085
4660.893
2766.231
1828.117
-1202.398
-3759.806
-2397.374
-550.6994
56.63127
-3602.686
-827.1136
1288.921
85.11188
481.1468
371.1089
-641.8845
314.8328
642.6217
-60.19735
-396.0027
-1126.89
-5022.481
-2836.807
-2369.066
-619.1322
-376.6985
1463.404
1400.294
4055.411
1671.469
1321.409
-587.1902
2535.846
590.4693
-165.5778
146.2716
-6427.912
6870.72
1224.816
-3767.373
-21409.5
-10377.36
-5920.859
-865.0095
-3244.702
-2441.346
-1609.988
-602.4658
-1243.393
-1218.868
-1353.365
-1623.352
-1285.222
-194.2004
-3436.802
-2418.603
-1897.667
-1431.159
204.1294
-1096.782
3294.125
-0.2521152
-631.7386
-794.8106
-1184.464
-2444.756
-2960.227
-2014.486
-937.1301
-4004.231
58223.22
27122.59
12539.36
263297.1
127592.4
58308.9
28327.29
12566.49
4735.091
1739.933
683.3166
-559.1717
-2898.879
-25402.42
-12500.49
-7672.762
111333.7
54474.01
25477.18
11454.36
4725.128
2107.698
-12227.63
-5799.083
-28.97392
7212.544
10427.98
407.5613
926.547
1025.515
-316.6594
-1162.064
-4095.934
-1619.202
-673.5149
-462.4762
-1216.152
-1319.339
-1735.546
-8697.825
-1899.442
-2233.597
-1630.501
-978.2374
-120.4517
-1907.635
-939.4856
-3377.851
-3617
-2461.3
-1094.963
-837.8507
-1423.758
-2006.985
-1586.094
-412.5731
-5170.87
-2413.192
-2424.607
-735.4845
634.6021
922.643
666.3925
331.7389
-85.95671
-168.7584
-142.8134
563.6993
-1232.72
-1321.467
-236.9052
-561.6047
4352.129
1506.521
276.443
1696.151
162.1877
-16037.48
-1484.161
-4176.376
-3797.516
-2954.282
-247.0949
1711.086
1499.741
1793.847
-792.264
-42.00147
1338.391
962.3681
567.2403
-81.07708
-42.20947
820.2938
4614.734
3716.407
1559.679
-617.3945
-1023.646
-722.8279
-2093.628
-868.8225
-157.4727
-1244.846
-797.3097
-7688.698
-3699.017
-2740.367
-2290.662
-1761.327
-730.2402
-547.8179
-2219.388
-1537.063
317.3508
-1294.535
-1015.324
-2417.901
-1659.607
-272.7486
-275.2063
-10010.53
-5513.24
-1828.646
-13220.2
-7530.961
-3521.058
-1890.416
-9128.4
-4677.621
-2192.584
-1834.93
-2375.64
-2315.625
-298.2096
-1028.665
-1356.37
17516.38
7360.39
10255.91
4087.373
1095.147
-158.4093
-510.2167
3689.764
2217.74
231757.6
112085.8
52824.07
25209.71
10737.11
4292.272
1383.802
3783.878
31.8489
-784.1038
-104.8253
-1580.433
-10197.64
1418.305
-432.7158
-1018.075
-308.2085
-1749.27
-4033.244
-1543.674
-1498.985
-4483.768
-2579.386
1494.459
236.6138
-1168.311
-2215.157
-7621.231
-4832.847
-3167.112
-1885.769
-1312.714
-1964.57
-2885.559
-2812.229
-1709.06
5675.547
1779.121
-4108.66
-2725.684
-2251.47
-694.9184
2014.966
-699.1764
-1166.048
-864.0555
-477.1573
-1016.344
-999.9686
-376.0478
-763.7706
-2712.095
-2319.888
-1035.55
-967.74
-151.069
-564.382
-242.0474
-440.279
277.6278
-1414.447
-1199.357
-1055.756
-484.1044
-239.4312
-180.5981
-620.0106
-15591.62
-6346.91
-4740.116
-2844.2
-853.6214
-312.874
-600.282
4616.75
4090.394
2131.435
190.1956
-92.82508
-4187.276
-1081.195
-2824.904
-761.0982
-668.9416
-1034.331
-646.0739
-797.8997
-806.5357
-355.4514
-4311.875
-2535.388
-1024.264
346.6652
-1269.967
558.4033
-1077.834
667.6726
1646.024
1614.867
476.9292
2042.126
2849.507
1090.912
653.2665
63.97724
8608.695
3474.194
1968.433
-4032.112
813.7902
-1.778284
95.80629
-653.1263
1004.723
-1041.887
-1433.394
-207.7795
1112.126
1321.184
794.7433
728.6908
-327.1953
-744.2387
-574.1343
-1455.52
-637.9798
132.0887
1391.849
-198.2188
-2184.051
-382.1364
-584.4077
1474.975
7600.095
3359.042
1545.438
1356.079
-626.1884
-43709.87
-21647.02
-10597.08
-4782.57
-2064.925
-736.5341
3617.763
1058.032
-78.79471
-1208.783
-2009.174
-1926.028
-2568.236
93369.71
44068.71
20668.86
9210.184
3065.833
292.1909
-4009.576
13110.6
5341.869
1635.911
-1839.554
-1130.578
-1011.646
-1498.967
-6305.917
-4290.468
-3071.628
-3830.566
-3395.509
-2577.103
-1937.638
-6744.152
-6335.009
-2418.105
-2097.653
-1593.239
-2319.508
-1520.986
-2609.091
-4252.954
-3612.897
-2541.705
-1394.456
-2672.95
-6385.802
-3272.492
-1013.501
-6080.656
-3956.304
-2688.44
-11465.19
-6403.081
-2846.995
-25105.07
-9928.211
-5287.127
-5360.223
-3813.568
-408.0873
-1078.27
-1427.584
-1440.216
-2254.139
-1816.128
-2765.78
-520.3979
-3097.193
-505.4459
-966.7338
-780.1379
-1004.697
273.2583
488.4329
-990.9945
-2188.606
7126.271
3966.662
1627.656
1140.863
946.2382
100.8126
1045.848
2571.806
4911.747
2061.411
1690.285
-617.0383
1420.951
585.3427
-659.8347
-1108.026
-1878.428
-1359.525
-431.7462
-505.9784
-2119.56
-206.0951
-889.6915
24.77327
58322.32
25910.91
12344.49
1847.178
1351.847
35538.62
14805.89
-27989.23
-9470.353
-4862.132
-1951.906
-3374.599
-853.5871
-4642.106
-8589.191
-3704.915
-2293.72
-30.07215
-595.3854
-88.39079
-654.1228
-784.3824
-123.448
1090.155
1195.783
677.787
1081.42
338.613
196.1996
-382.3332
5668.155
3423.808
5075.202
8877.42
2593.894
-1782.442
131.2103
-370.0369
-460.5524
82.11853
-965.694
5117.045
1660.767
492.0777
-45.04733
-212.4397
1581.593
1512.167
-1332.942
-929.1805
-492.9857
-100.5547
-1731.613
-1143.546
-18924.67
-9978.537
-10945.72
-5615.544
-1286.158
285.2594
-559.7594
-1548.273
-583.1044
-5973.17
-2599.886
-1790.472
-6773.817
-5380.401
-1259.718
-1137.681
-16654.42
-8718.044
-5479.85
-9131.44
-5691.836
-4232.044
-2811.519
-136.9827
-1552.775
-2534.091
-4876.173
-14247.96
-26246.59
-19376.99
-7226.417
-4973.393
-3361.723
-5220.669
-2606.872
-2104.605
-119.937
-1649.694
-1845.305
-3297.33
-3009.145
-3121.827
-442576
-217114
-109728.6
-54743.28
-23251.48
-12383.47
-6628.929
-4131.14
-3117.688
-1036.676
-311.3292
-1402.579
-745.2499
-1814.037
-1711.027
-523.933
374.4033
917.4806
-898.2207
-914.9454
-1121.282
-1234.771
-3466.356
-3477.355
841.8746
8748.732
3197.256
862.0198
-2156.543
-1978.211
-2283.623
-1710.968
-1745.925
-1195.744
-1918.981
-1715.017
-1012.412
-37.15043
-510.8483
-1218.034
-32172.37
-16785.37
-8441.174
-3189.292
-2028.91
-7649.59
-4745.09
-3747.49
-1788.048
-5879.209
-4765.124
-3233.464
-1871.053
855.4237
-3580.816
-2335.509
-1220.676
-3626.23
101.1498
17.26953
-537.9131
-1121.685
-3522.333
-2527.742
-886.5344
-629.0585
-333.4729
-689.9477
-92.05866
363.2965
-422.9957
-225.8837
42233.95
27257.65
11786.05
11089.65
5639.558
1851.425
-1528.006
-1256.753
-1227.212
389.6296
668.3134
-156.4201
-1136.955
-1533.217
-2333.919
2229.808
-2393.499
1568.917
1039.952
849.0102
-607.9225
34.49466
5359.411
4077.793
3467.335
616.3808
-510.1311
-44.0882
-725.0457
160.3289
293.9677
-306.293
-249.4336
-348.941
-1243.281
-7216.605
-3706.505
-2752.773
-1448.401
-877.1206
98.92472
-1260.129
-508.0315
-2970.295
-582.55
1110.367
498.7087
1281.846
2216.652
460.1756
-195.4911
-1392.565
-2505.332
-2837.895
-2804.257
-2110.062
-15176.04
-7293.639
-4228.712
-2842.593
557.7123
-1181.46
-2372.668
-533.0811
544.4986
331.9013
342.5582
2225.324
703.4837
-927.1644
-379.945
-978.9268
-3037.266
-1091.419
-1976.471
-1551.283
-3009.476
-3181.353
-2663.629
-3084.733
-1752.134
866.7967
-98.05078
345.7023
-1201.25
-666.0541
-1990.191
-432.7628
-1230.712
-449.8261
-7599.714
-5710.738
-2582.854
-2598.321
-3077.917
-6292.212
-1941.292
-2409.028
-1966.173
-4077.946
-1819.908
-3066.853
-200423.8
-98739.92
-47415.19
-21535.72
-11325.68
-6570.526
-2876.107
-9696.457
-5799.84
47580.86
22223.83
9624.191
4183.794
1063.622
-175.3894
-1800.548
-2094.267
-2352.397
1980.26
811.9061
51.31698
-338.2159
-824.0868
-815.5869
-1993.25
-2058.354
-1554.214
-1760.671
-1636.394
-1182.292
-5301.622
-3679.94
-2392.872
-1901.239
-1456.914
-820.0257
5599.586
2055.212
7.814663
289.1466
-295.6268
-410.769
-1160.888
1164.685
2392.242
2200.571
621.3023
-1305.516
-1245.973
3789.467
257.3049
-816.798
1163.946
587.3602
3001.774
891.0522
-2090.881
-1820.821
-1985.965
-670.2399
-667.0596
1767.426
1904.667
1135.793
1689.019
923.2062
3557.891
400.443
2033.194
291.7846
-480.7835
-656.3372
-1153.368
-193.3818
-623.0665
-139.7758
-728.02
-483.36
-935.9889
-493.0676
-2061.332
-1243.451
-186.7318
-20237.71
-10915.76
-7410.691
-3902.091
-2929.711
-1729.662
-718.9129
-462.6661
-4777.073
-1950.481
-1409.085
-2480.295
-3455.918
-1925.987
1530.894
609.8753
-1016.081
-1441.82
575.0703
-54.99432
-419.3377
-63702.45
-31781.5
-14391.98
7379.842
2017.232
1422.464
145.8299
-342.4105
-721.9017
-8650.3
-4709.312
-1971.252
-1754.46
-727.9215
1120.229
44.13171
-3268.809
-2741.671
-3576.37
-883.1313
1457.31
726.033
-195.8347
-2214.02
-1728.216
-4401.249
-6099.631
-3614.022
-2613.488
-2815.318
-2177.993
-2818.325
-2781.662
-3144.575
-4192.494
-3360.8
-2946.396
-1678.726
-1470.953
-32365.96
-17898.52
-7475.688
-4644.472
-5244.186
-3529.74
-4169.425
-5219.178
-339.3855
-1710.059
-2759.626
749.4018
6209.006
1920.149
684.269
-1120.339
-1789.032
-1789.292
-1900.868
460.8034
677.6125
1586.36
-2962.739
-242.0403
-1842.598
-1302.83
2866.407
-60.53408
-4444.338
-3643.8
-3826.01
-2520.635
5329.358
1823.767
15556.46
273.1749
-5811.004
-3719.326
-4677.283
2161.809
-37.90069
-25.13883
-1788.178
-4085.295
-2775.284
-9692.958
-8215.725
-4803.596
-2584.317
-1367.608
-928.3896
-331.6894
38.84958
89516.1
41800.1
20009.32
9537.411
4551.647
2743.321
1111.334
5179.205
3310.716
1598.805
-541.813
-2798.396
-1315.66
-5556.12
-5271.246
-1444.416
-982.8337
-874.5805
851.1649
-330.4788
-220.5686
-296.0971
1682.856
-1518.137
-1443.183
-26.26608
-265.1586
-4904.986
-3452.459
-2421.98
-729.3205
1238.659
1439.227
-281.5564
-1697.571
-1866.212
-2628.246
-1850.597
-128.6501
-295.1239
-237.6474
-84584.21
-43732.83
-23052.17
-10289.67
-6447.487
-3078.115
-1845.74
-6209.843
-4012.632
-1787.945
-351.9678
-1058.373
-41.20198
-143.7329
3163.111
1590.224
1725.279
1073.754
527.8189
7940.66
3199.585
77.28852
-360.7217
-1242.505
-2268.478
-1730.005
-488.9162
-519.7459
-447.0797
-124.5166
329.9817
-1517.36
-1228.514
3837.724
702.6249
-357.7054
-475.8289
-1681.081
-3660.544
-1724.584
-1785.2
-1639.581
-1210.168
-3008.113
-2084.543
-2761.11
-3625.353
-3135.626
-3594.996
-2987.682
-3247.167
-2461.525
-1452.733
2655.556
503.6169
144.8783
494.7415
-2095.753
-1573.987
-1340.836
-247.7613
-840.7624
-887.3176
-8486.516
-4834.767
-4251.322
-6865.543
-4463.854
-2510.731
-2254.657
-1738.738
-2142.495
-3380.374
-3660.856
-3061.87
-3328.132
-2761.427
-1365.253
-1785.513
-2238.123
-1774.032
-2577.7
-3383.375
-2374.247
-1397.927
-2170.917
-3356.684
-3315.525
-2102.764
-2163.737
-2637.193
-3438.345
-3674.753
-4629.642
-3653.315
-1762.98
-1539.478
-435.3416
-691.0773
-1204.626
-1698.365
-9352.727
-5941.446
-3165.146
-673.3922
3830.728
925.977
-471.7753
-1837.547
-1647.556
-1786.903
-347.2617
530.1998
-1315.86
-1570.017
-771.7557
-1511.05
-635.3438
-1527.877
-1182.406
-3022.731
5539.589
1542.27
3705
1735.034
-13758.41
-7661.645
-3436.759
-424.8315
-541.5782
-2290.573
-1321.712
1525.979
2215.861
811.3421
720.2486
104.7826
1534.246
315.1014
36504.17
17531.7
10902.46
4819.623
1299.179
206.881
-836.9508
2990.135
1092.915
92.90058
3140.984
1238.161
1770.294
-455.755
-1468.093
-1170.431
248.1616
366.1536
-55.05892
-364.8813
-781.9435
-1134.115
-1941.058
-3404.3
-167.9201
-381.7211
14.85215
518.7614
-77.09611
9480.444
2664.38
2406.212
1072.592
-233.7928
89.05256
-1618.743
4317.306
2061.565
886.2737
-330.9031
58.71678
-1033.46
1217.04
865.2206
-411.9032
-628.3005
-838.0288
-1055.012
-663.9551
-8179.877
-5238.027
-3919.405
-1713.335
-1504.377
-1123.529
-1930.203
-1211.383
6177.29
2401.572
531.8008
34147.22
16010.18
3339.415
632.8294
-3359.686
2220.978
-4.542024
-1322.367
-3522.323
-5826.007
-3606.358
-5455.802
-6181.299
-3617.844
61793.01
28838.05
3018.091
-166.6413
-1514.695
-1853.904
-1216.961
-1344.295
-1731.253
-1925.613
-6258.53
-2934.281
-8214.688
-4697.085
21592.11
9736.412
12721.52
4926.461
4873.746
3453.791
-656.8851
-1525.6
-2170.657
-3871.083
-2613.449
-2625.197
-1924.03
-2425.894
-2251.995
-2641.338
-2889.002
-2920.662
-1383.564
-3258.342
-4572.908
-6567.479
-4867.909
-3226.725
-4958.789
-4489.345
5200.543
374.0962
-494.0241
-1075.066
-4321.236
-3984.861
-2581.283
45.25047
-1502.808
-1403.544
-562.5064
-1607.41
-1764.289
-3118.327
-2155.556
-2713.689
-1488.358
-1504.087
-1838.309
-2587.27
-2148.232
3449.819
310.8623
-1034.536
-1901.452
-2136.666
-1504.456
382.6418
346.8617
-271.5031
-1264.756
-862.1122
-64515.99
-32278.78
-15808.69
-8156.569
-4212.642
-2512.358
-2136.082
-1997.347
1519.279
-45.77265
-837.117
-1167.841
-1757.194
-1367.823
-777.2668
-3982.909
-1770.801
-3681.236
-2072.198
-1658.215
-3174.505
-885.0472
43.14547
23505.82
11963.86
5122.123
1994.139
2025.178
1109.413
200.8168
-111.4119
234.1953
104433.2
51400.47
32676.27
43805.78
20881.62
10802.63
10959.13
4715.998
1962.244
-17636.14
-8647.823
-4729.787
-2698.55
-979.6072
-172.505
-1026.752
-564.4399
-382.2262
641.4194
12104.66
7082.399
-139538.9
-68268.74
-22359.96
-11169.75
-6473.584
-2832.502
-1482.234
-990.6754
963.2464
-124.476
-213.3916
-62.76554
1289.391
-76.54049
-291.6411
455.9238
-26087.18
-11809.06
-7660.128
-13571.1
-8722.263
-3384.714
-1731.365
-2418.507
2888.276
-4767.304
-3971.619
-2397.758
-2418.586
-1576.953
-2455.779
-2380.856
-1490.974
-338.8215
-5527.47
-3189.171
-2599.066
-2147.574
-3697.472
-2194.891
-2595.548
-3800.67
-2195.316
-7208.982
-4809.246
-3456.048
-2663.987
-2483.631
-2963.066
-5668.476
-2586.204
5942.168
582.1034
-1094.212
148.4504
-638.3706
-3356.252
-12907.05
-6746.276
-2599.138
-2494.919
-2480.71
-4500.805
-4406.45
-3778.038
-1454.972
-1098.984
-2218.72
-1401.177
-513.4968
-1024.042
-3689.403
-2897.671
-3686.564
-11712.02
-6853.24
-5170.027
-3732.128
-8770.677
-4848.558
-3172.993
-2603.501
3348.169
714.0016
-847.0714
-649.5064
-3721.66
-2725.863
9624.152
2191.782
606.5085
-439.7426
-447.0319
2566.861
50.55245
-1532.168
-2290.244
-2285.596
-1652.522
-2411.326
2619.522
485.9697
1498.515
-1401.197
-1833.55
-2193.112
-2485.42
-2167.726
-1229.472
-3901.899
-3599.224
-2074.311
1097.445
-78.48278
-2770.225
10887.68
6314.363
2343.775
813.9653
1657.191
587.4716
-454.921
-608.4857
-754.5659
-1870.59
-966.6264
-2161.575
-3224.267
-1925.002
-625.096
-1674.804
-968.1251
-306.108
-283.3575
-735.1124
37.10605
-1017.878
-3004.626
-12301.66
-8491.027
-4127.35
-3109.695
-5004.458
-2557.739
-1686.288
1814.418
-979.202
-822.5459
-414.5352
868.3935
-812.5988
681.7293
-92.96572
62.01682
-1228.879
-1902.124
-1265.196
-1422.951
-3701.897
-2839.545
-1942.845
-7398.911
-4010.893
-3197.741
-5341.081
-2568.558
-1786.344
-1987.204
-1418.154
-340.6065
-800.2368
-1152.166
-1054.558
-1398.579
-1863.67
-2685.867
-2774.769
-2422.667
3267.642
1519.169
2466.765
-618.5084
-1232.483
-2454.481
24678.4
11209.29
7785.534
2984.119
-542.86
-1116.841
-1377.641
-4727.882
-7235.522
-4114.279
-1717.089
-2498.964
-4242.309
-6585.879
-3813.386
-2378.061
-1641.769
-1637.166
-8973.146
-31057617
-15126576
-7368004
-3588803
-1748246
-848267.3
-409796.1
-200082.7
-98620.06
-49110.35
-29657.83
-15826.34
-80362.98
-40750.95
-20453.19
-11798.35
228.2957
-909.1286
-2048.727
-4981.727
-4875.888
-3775.747
-2910.781
-2659.531
1323.792
-931.9135
-481.6075
-2188.355
-1667.655
-2220.552
-2451.365
-2430.372
-2685.049
-7965.33
-4745.996
-3807.993
-2410.549
-3184.206
2354.085
-2583.195
-3501.212
-2742.92
-3112.04
-2825.124
-2516.976
530.4358
-887.0397
-1352.935
16473.1
7722.694
1800.572
2018.862
-546.2453
8.039232
-560.3544
1559.009
-430.9564
820.7498
-859.4145
855.7223
-1052.405
-2144.656
-2328.329
-2314.986
-4991.121
-3270.605
-2493.98
-3005.921
-3291.538
-2445.102
-385.5671
-550.4031
-4598.896
-1720.932
-3049.674
-2252.171
-914.3107
-618.9069
-1108.796
-1469.112
-1772.415
-9629.538
-5599.727
-4378.359
-4497.2
-2707.696
-1492.787
27812.28
24777.94
10663.4
9027.943
2899.4
115.8948
-1106.761
-510.9434
-1667.803
-765.714
377.132
-17880.74
-9786.718
30295.89
16143.09
6506.472
3181.573
1845.39
482.7041
3319.646
1100.998
725.394
950.187
-195.3222
-1740.972
-1998.405
-1290.591
420.0442
-2010.9
-1471.573
-1743.183
-1403.699
2731.245
-184.0327
-6365.618
-990.8003
-1619.784
-1720.504
1876.538
-3392.849
173.1653
-1163.398
-2025.917
-1990.265
297.3327
-1043.045
-1966.14
1089.77
-17253.73
-9559.088
-45081.11
-23060.28
-12836.63
-8031.905
-5079.556
-3855.602
-3580.724
-1415.123
-1727.684
-1024.666
-1470.18
-6913.853
-3903.514
-3288.326
-2714.99
-1766.724
-2501.858
-1549.727
-1191.64
-2156.573
-2247.956
-3212.492
-971.9015
2834.208
-13188.08
-7651.814
-4334.973
-4420.238
-2390.011
-2036.004
-2475.497
-2203.623
-2084.818
-2455.26
-347.3756
-2400.712
-4215.942
-4466.545
-3206.293
15122.38
7320.903
3102.028
-502.1147
3218.925
1071.316
-888.5527
-1005.697
-1383.789
-1647.743
-2592.763
-3367.815
-3076.922
-1622.222
-4446.92
-3462.298
-1212.897
-1881.721
-3647.455
-5893.851
-3670.453
-2983.565
-2126.219
-4699.334
-3582.94
7096.636
2332.973
-96.94146
1131.98
-444.0618
386.1808
-460.0356
-1590.919
-4163.959
-4984.117
133365.1
63783.88
30247.14
13920.78
5903.047
2956.85
346.3475
-1406.965
-1537.031
-2143.072
1583.462
-56688.53
-28962.37
-17727.69
-9405.664
-5546.983
-4235.095
-789.5812
1491.313
11992.17
5178.65
1580.212
9871.544
1997.98
405.6077
-2065.692
-2533.217
-3878.571
-2675.485
-2769.066
-1654.535
-329.3715
53.79161
-1169.592
-2737.344
-2002.749
-6430.791
-4094.707
-3246.453
-876.0139
-1175.17
-226.4387
129.6129
75.44556
-655.9291
-829.7557
-1217.661
4337.743
1808.856
402.6268
-3850.59
-2493.676
-1915.054
-7986.015
-4142.184
-1981.127
-2397.597
-2809.465
-3068.161
-1319.495
-1233.56
-1740.658
-945.5767
-487.025
-1117.347
-560.1723
-1089.028
-22.68008
-313.1345
-569.4373
-496.3931
-1095.712
5062.996
1305.384
-169.2431
-348.321
-1385.825
-303.1961
-834.4959
-1191.498
-1313.469
1085.789
-486.9747
-265.5928
-929.9782
-1320.246
-1300.443
-1943.561
-828.5667
152.9969
13316.37
4963.756
594.7461
2098.919
-789.0075
-0.382761
-1588.175
-1738.516
-2955.623
-2380.15
3038.833
-216.15
-25.60354
-1065.819
-1901.758
-1612.076
-2091.394
-2754.492
-2586.978
1282.865
-1807.961
-2163.406
-2847.105
-3536.806
-2768.325
-3586.223
-1040.802
-4661.726
-4036.992
-3615.548
-3226.663
-4847.452
-6950.113
-4467.568
68.06132
-1127.813
-175.2675
-2063.232
-2324.709
-3059.632
-96356.74
-47993.72
-24832.69
-13329.97
-6222.666
-5120.606
-4269.274
-2095.444
-3294.963
-3200.531
-8605.278
-4382.427
-2008.574
-2024.945
1981.693
707.971
-1330.837
1180.777
539.0343
-1544.346
-167.8845
-525.6687
-2285.463
-2567.818
824.3092
-974.0276
-1859.085
-1938.873
-2575.313
-713.0722
495.9568
-56500.03
-28157.22
-13362.33
-7788.47
-4324.23
-2668.932
-134.3462
-16047.44
-9834.744
2020.463
-262.5463
-1183.281
-1938.819
-610.0413
-1158.157
-2040.199
54334.98
26769.09
12593.87
4859.692
1588.895
76.06314
-107.6871
-6772.831
-4102.018
-2032.911
2529.946
-5292.077
12420.15
6840.277
2289.896
1133.852
-78.6414
-413.9043
-7653.14
-6459.538
5507.514
3105.065
2174.621
263.1049
-122.8104
-307.5846
9369.848
5125.042
3559.756
1196.57
391.0203
325.8055
-1914.399
2810.598
360.1641
-498.0505
-22345.67
-4937.019
18567.4
6356.498
3985.064
2662.597
916.2735
-1451.963
250.8227
3026.426
3314.07
235.6999
-2431.629
-1655.219
-2255.025
1184.635
-474.3352
-654.9299
486.4579
-106.797
-1399.253
-1346.058
-1027.723
-1790.096
-1971.787
-4551.829
-3160.053
-3856.076
-2403.194
-2990.898
-1392.189
-2973.09
-2514.291
-491.1963
-1183.387
-1651.253
-2408.373
-2405.658
859.3765
-777.4272
-5133.677
-5800.135
-4603.726
-12.2419
-1334.391
-4157.262
-3543.703
-5467.179
-3638.618
-2747.07
-2806.452
-2709.446
-1288.547
-4484.309
-2700.81
213.826
-499.4761
-1304.037
-1360.937
-2283.444
5670.714
6351.762
2011.943
-359.9987
-878.9361
-1018.072
-3611.244
-1953.411
-2768.287
-2341.044
-3464.587
-2984.473
