681.957
2619.213
1236.147
373.901
514.2125
903.1292
213.0659
-162.5275
-0.1505611
210.0302
580.0255
263.5286
248.6818
568.0088
808.2711
645.6038
370.7361
378.8289
391.1737
580.1093
1236.774
1028.295
494.886
196.3295
653.6731
515.6439
990.5249
648.5354
810.4823
1081.784
757.6507
900.6634
-189.0894
-727.363
421.0997
902.0865
811.937
622.7746
813.41
948.214
-3437.695
2890.615
1450.608
1164.196
227.717
433.349
1021.519
324.7712
474.9858
893.5142
1131.115
964.883
974.6736
1156.47
-2313.031
-227.8759
143.1144
550.6065
652.91
-1162.112
102.2826
524.5312
-2747.476
976.9244
1136.045
1048.32
-8444.378
-1805.505
1020.812
241.1845
1463.574
2082.973
1621.394
1222.338
732.3789
753.8568
1222.889
1068.399
599.8808
544.0986
770.843
1027.276
897.5167
798.951
361.4388
1193.794
960.0717
1336.77
611.9092
498.1061
-1396.685
-413.1742
851.1155
5757.517
4166.676
2472.365
-30988.41
-11654.78
-4037.084
-555.9599
119.8877
3703.906
1597.822
1166.298
934.9739
995.2897
979.3823
548.4986
804.0039
951.4429
818.7952
661.0144
-1111.34
247.685
1200.802
563.74
345.2059
-157.3827
1144.286
721.4308
547.2765
579.3968
1192.668
1008.131
723.1888
336.1957
739.1501
977.668
1034.947
1050.505
1473.776
1943.911
246.7536
-240.1199
440.4821
960.8317
296.3283
1176.876
1455.708
1565.168
317.2106
-447.2394
34.35897
922.8988
951.19
1114.426
1091.698
274.5434
783.788
636.6189
1178.962
1012.322
761.3544
874.9332
-1669.24
-57.65322
643.8013
844.7364
1004.68
1186.739
1664.81
1606.941
1246.707
654.8926
478.5414
795.8894
857.8018
1006.385
950.4877
1090.277
1014.849
1414.525
432.8139
1016.072
1015.374
255.7256
579.3004
910.7542
491.6886
818.7902
2009.255
1627.537
1695.722
1683.884
1274.445
1926.441
920.1321
895.5635
1862.429
1264.473
892.5184
122.8789
251.9979
-8371.413
-1947.693
-5705.678
-1849.292
-1070.775
1723.062
1109.435
813.2792
109.9876
677.2167
790.1952
2098.683
1482.21
964.8695
-1410.064
-113.9107
424.2333
1005.274
-287.4824
-1478.343
-470.7761
198.8258
537.4892
845.4387
1356.874
686.0146
2624.165
1285.446
926.7654
619.6774
775.3955
376.2002
465.5061
33.8037
134.6676
1280.988
611.2669
713.2553
219.6355
-316.362
-1252.474
56.08581
1004.879
553.8405
564.1049
288.756
807.4122
149.0745
-3663.746
-884.796
186.2678
474.9767
-1193.837
-1459.884
-386.0705
2278.045
2138.812
1152.599
927.2698
1374.577
565.6097
490.374
497.5563
1621.627
716.2466
763.0972
603.6425
325.6072
626.9575
-134.0392
439.9861
549.1946
752.215
567.4351
531.7009
505.1002
-4644.47
-1197.299
-594.3891
-11.85206
-797.9081
299.1857
309.3108
257.2126
474.3339
351.3947
722.7202
2454.907
1602.116
831.6455
361.1534
666.7556
740.3587
486.5164
523.3329
499.3068
-216.2342
31.41017
-3111.057
-1215.181
-366.9003
-28.75265
279.5348
-167.0833
102.2744
5254.123
2181.344
1003.187
498.3119
564.727
351.9979
-126.481
148.8111
237.3858
50.89465
310.8723
543.0266
-1536.181
-678.1838
-13.06487
-674.4482
-645.791
-728.582
1511.188
610.0793
482.1133
-4005.381
-904.3353
-522.9435
509.6541
175.822
-81.68734
-254.8758
-1202.269
985.8469
824.2111
566.0926
-5267.563
-2477.813
-585.4089
1051.071
1018.538
1115.622
545.3821
-221.0229
-223.769
-121.1087
-1393.985
-755.0371
-3017.969
-1164.416
-310.8774
187.0303
28.15691
60.31951
4426.076
1528.507
367.0265
199.7733
247.2748
-551.3111
-321.6743
-1703.203
-954.4018
-752.7981
-24.93709
-316.4128
-338.1938
-375.0862
114.3495
146.0155
61.29964
-436.3813
868.5129
452.161
432.4812
195.4893
271.5717
-922.3861
-517.7263
-9.830421
-242.1107
-58.03957
2.52916
-173.2092
-990.5775
-493.9288
-367.1438
-624.9461
-760.1493
-424.0784
578.2326
-231.4804
-493.0083
1711.895
458.0105
-387.3096
-3659.505
-1309.837
-554.7595
-470.4679
-427.4238
-559.4741
-351.227
-180.6385
-183.8635
-258.981
-312.4916
-320.4503
-450.3561
-472.2338
-556.083
-301.3968
213.2684
654.1672
226.2487
395.7513
-460.9965
-828.9841
-1918.478
-881.1819
-521.6583
-979.1171
-776.813
-728.3304
-583.4524
-14.29512
647.0339
-84.45519
-68.93631
-513.3211
-887.8598
-972.046
-857.1738
-603.3954
1363.173
400.0161
-322.0362
-1519.471
1729.521
317.025
666.9385
-310.6003
-720.6342
-902.2007
-248.7596
-984.3772
-1071.15
-991.6516
-454.3259
-214.8604
-1429.425
-1206.278
-3417.842
-1361.001
-1054.847
-28529.42
-39932.84
-16507.72
-6942.033
-17328.77
-7155.037
-3214.259
-2013.223
-414.5848
-479.6081
-1061.93
-539.3804
-432.0359
-643.9972
-498.7314
-690.2706
-2928.233
-1665.246
-859.0084
-196.0939
-391.5985
-342.9458
101.0905
-343.8879
-666.7435
-694.8649
-923.1633
-1035.676
-1030.592
-1275.482
-1021.097
-2953.573
-1656.277
-1020.489
-965.7611
-1782.803
-1077.103
-804.6242
-2832.339
-1990.735
-1013.268
-812.3916
-515.9977
-386.2819
-200.2331
23494.32
9228.919
2912.045
662.033
-337.6431
-992.1029
-301.6332
-180.5903
95.97511
-562.0922
-2287.086
-1576.521
-3419.287
-1615.448
-960.7588
-522.9806
-561.3952
-539.6137
-751.7801
-757.1831
-2100.854
-1752.081
-623.9871
-661.9821
-1355.706
-910.8577
-85.21536
-732.5045
-552.4739
1759.327
246.7014
-745.2381
-1017.914
-274.0486
-616.266
-597.8938
-545.2206
-333.097
-1023.38
-1046.9
-642.0456
-344.8142
-575.5745
-634.3653
-439.3536
-798.2937
-527.9438
-226.1818
-2048.558
-1357.927
-971.9057
-776.2706
-1569.358
-1382.483
-753.068
122.4968
-644.0826
-382.2873
-953.2985
-632.1648
1282.957
793.7689
28.17927
894.7153
-110.7531
196.5302
-14.53676
-468.5726
-403.6021
-2180.726
-1461.911
-968.27
-816.4597
-1383.436
-795.5987
-856.152
-480.9306
-297.5755
-674.7899
-876.2544
-405.6959
-487.8515
-505.6774
-111.1543
-188.7322
-654.6452
147.8886
-125.1851
-248.4116
-181.9604
-823.4419
-322.24
138.8919
-1335.701
-1095.043
-173.0938
-229.6372
-751.7315
-906.1572
423.9654
-679.5964
-669.2788
-481.7878
-732.5407
-466.1788
-381.0211
-349.0359
-360.2022
-1671.483
-1460.706
-1134.165
3927.42
1905.686
300.478
244.7592
-215.2876
-788.1601
-419.175
-670.5658
-490.3688
915.2219
424.1881
-1980.746
-31.50729
-1160.534
-1229.406
-570.6489
-41.21392
223.4786
-70.41957
169.7481
26.99036
6.376047
-393.3955
-477.3886
-328.739
-238.3946
-129.0088
-188.2209
-771.3587
-506.0797
-151.6659
198.3129
115.8623
-8747.327
-3508.835
-1225.585
-395.5148
15016.79
5945.965
2639.95
1138.078
-441.0057
-134.6499
29.63975
-185.7236
-45.91317
102.4435
1078.156
-1699.295
-1118.074
-290.3172
-433.7146
-861.5766
-905.162
-428.1892
2248.215
842.1008
2587.676
505.7036
434.3291
712.479
481.8886
-7.358283
5.868105
-3817.843
7337.951
-26999.47
-10344.32
-4278.48
-2053.464
-5482.549
-1885.507
-625.2142
-362.0988
612.0017
344.013
108.3777
90.92596
498.98
251.6201
505.0688
-94.45322
276.7918
237.3459
427.0648
116.2125
-23.04893
8778.982
3877.548
1410.286
1651.638
997.2694
595.3058
1440.822
846.4131
600.6801
595.3679
-208.916
421.3863
618.6585
546.1837
-162.2616
103.2543
1569.222
1181.953
2489.321
1150.961
395.4566
470.3127
263.4278
-504.1265
-1154.415
100.2663
354.7849
-1398.521
-419.738
-413.5167
952.8467
1162.088
2211.007
1859.284
2241.665
1010.21
871.6665
707.5383
905.0793
-424.8011
418.9789
1898.251
2185.505
1184.9
786.9895
522.3642
1150.383
467.0001
725.4712
707.4559
828.5273
790.2645
1722.676
1173.224
1283.238
855.2708
752.265
1696.767
743.7294
1343.606
1066.312
971.7354
1203.71
314.8233
-3970.629
-724.5053
250.3372
316.952
663.3926
820.3048
343.1236
711.4345
-795.4774
1744.424
1426.485
605.727
1065.118
671.1688
924.2913
488.0973
933.3924
950.159
1168.179
969.1535
735.364
-15859.7
-5713.839
-604.7631
568.6913
848.9498
796.4507
1018.915
786.994
-865.9981
168.1503
1016.756
1436.316
1952.281
1403.194
1314.195
1143.984
271.6197
1124.836
1610.714
1064.636
-764.8882
250.0665
278.6322
726.934
1028.658
927.0594
1017.115
1476.233
763.7313
834.8069
1635.273
869.1716
1088.83
1186.706
1687.301
1641.047
1097.663
1172.46
1164.712
859.2253
1184.962
1872.843
952.6299
2034.967
1311.01
893.4051
-1303.328
401.3286
634.6973
889.3024
-1153.529
-656.1071
188.7411
675.9123
1185.718
1131.674
921.229
1760.752
1097.284
1243.784
905.4191
1112.331
1171.599
1206.996
1227.338
-749.8847
396.119
-1589.603
368.8376
865.6153
1753.42
1727.716
1345.103
1426.236
2690.108
2024.981
1574.043
1416.833
2262.344
-30974.45
-10027.21
-3060.435
171.1911
806.2326
1523.837
1100.799
1563.503
90.99459
849.6947
1252.507
1098.683
1528.408
1315.822
1560.801
1358.318
16919.52
7599.761
3751.732
2089.441
1904.125
1414.483
1353.017
1007.974
1746.799
1121.733
2022.869
1970.512
1360.658
1360.61
-2684.504
-353.585
612.1534
832.4216
1286.553
1182.712
1271.867
1201.185
3688.449
2179.701
1659.781
777.2846
1134.02
1138.715
1331.001
2000.675
1683.817
1460.549
1436.168
1550.313
1751.397
1584.371
1647.841
-261.3336
660.4851
394.5379
1480.197
751.0926
1216.922
1024.182
1145.876
1056.758
1239.625
1582.959
1213.005
1489.989
1379.499
1039.732
1365.747
647.2294
961.4085
1121.878
1951.303
-1024.866
-873.025
232.1165
298.6239
954.5727
1216.292
532.8983
723.1887
1134.002
1787.749
1506.746
1205.92
-487.0079
4687.992
-664.2704
329.3818
695.9955
1447.658
1007.861
1391.575
1244.009
1233.327
856.2558
1018.292
1154.469
1964.475
1175.57
1158.561
1174.351
791.6447
-457.664
456.5868
975.1734
946.3187
637.2901
911.8667
528.0987
899.2899
301.3532
742.6429
2552.717
3912.405
2020.355
1347.692
1165.339
-861.2898
597.5352
538.798
793.9089
1401.864
-600.4729
745.9642
2107.53
-7776.897
-2651.67
-231.1206
2286.26
1905.321
-1399.285
1418.892
1110.211
744.9761
629.8448
2802.749
937.8192
749.0521
894.7216
1513.952
1106.77
1148.898
845.5372
2872.647
-1718.608
27.7811
568.6121
2541.705
1135.706
318.799
484.5262
526.0815
894.5733
640.4426
645.214
311.0288
674.8047
779.5705
757.1345
723.5171
778.4457
890.8504
848.541
467.2996
819.3222
-806.9996
53.11241
696.1992
-153.6759
475.3901
670.525
681.0371
2439.273
1208.686
842.1231
4787.434
3250.927
1651.094
1656.663
4604.939
1798.975
-2779.71
-411.6195
-669.7437
-59.34755
407.9422
809.979
507.9198
627.7039
752.9774
1055.501
628.8698
-2.979805
68.91208
248.4599
624.3209
769.4079
395.2782
1337.822
2166.356
1352.386
733.0928
-18666.67
-7221.316
-3592.53
10293.36
4423.282
1870.834
30226.36
11225.04
4698.444
1972.969
727.3172
829.3445
-369.9001
296.6215
511.8109
2026.882
472.7596
438.1374
1748.584
2085.996
982.3994
462.8566
488.3597
1282.392
3597.472
7483.566
2948.92
1502.856
818.3511
629.8546
1263.508
-5061.48
-1963.78
-310.8374
-740.218
-203.5507
-22.71363
386.3889
79.47131
483.464
643.5345
484.8755
354.1032
-20.85219
252.3124
293.2889
496.0808
585.3431
-146.6173
-956.0142
270.6938
124.0311
-1807.389
-1080.028
-364.3021
571.7356
201.549
231.8011
4672.741
2140.658
958.6715
992.5682
1083.02
302.9349
-1291.686
-592.5736
-481.061
1136.593
496.7544
307.3737
134.8174
235.4131
-1447.752
71.23546
-371.8363
501.9359
156.3582
-293.9637
2934.942
1343.316
1332.16
609.5977
232.3562
39.69588
54.88493
252.9003
-524.3809
-848.0304
-746.0195
1432.75
1040.844
330.6334
-48.63446
-97.40879
-608.2854
-236.1307
-1153.661
1928.71
1023.388
176.9261
-59.80141
-138.8311
-452.3225
104.4059
154.3865
-587.5681
-8.124128
-217.3642
-260.5013
50.40623
-4.129759
91.12526
-139.2859
-612.2298
-2218.192
-4810.893
-1681.124
61.37519
646.3156
62.68336
-397.6933
-217.4395
325.8734
-698.1181
-750.7816
-737.0253
-822.1395
-10198.95
-4380.651
-1900.307
-1907.707
-1218.357
-749.3749
52.97612
-36.75646
-495.6249
-430.1132
-369.8604
-111.1791
-355.7816
52.41111
665.1218
9.234384
-367.3442
-301.3364
653.089
39.45455
-403.6746
-650.8168
-762.6907
2871.191
223.181
694.386
257.1528
-137.3366
-355.5507
-235.088
-243.8743
-263.9112
65.47189
-140.4185
-120.8229
35.57925
3954.974
1433.541
64.67629
-293.682
-521.4839
-459.3211
169.7962
-350.6208
-385.1462
-464.0499
-698.4707
-107.1639
-1097.931
-361.665
-487.8238
-662.7699
-579.7504
1097.118
601.5623
-180.41
-336.4125
-611.3492
-248.772
-720.1324
770.1934
-755.3856
4099.179
1933.147
431.3583
114.4691
-310.1984
1912.785
696.7667
-22.88144
-600.1441
-438.2035
-469.9476
-409.6297
-495.5117
-514.6793
-753.9002
-700.8167
-43.44396
-415.3881
-740.227
-654.939
48.37813
-1985.053
-865.2853
-580.2175
-538.24
-320.0688
-3068.708
-1471.998
-1055.242
-1539.504
-710.1397
-726.8341
381.5151
-201.3309
-374.545
3381.04
916.1262
-97.57015
127.304
-305.7913
-397.0005
151.6358
3003.87
355.5957
-356.2797
-487.9694
-280.9892
-344.6582
-193.0168
-70.55994
-540.0012
769.6054
144.7795
-240.0497
-182.2279
-734.3689
-837.981
-708.3497
-626.2048
-183.0114
-2758.116
-2341.922
-1177.178
-780.5194
-1286.852
-616.962
-307.0969
-1379.354
440.9539
2.980018
-196.0583
-297.4334
22.86483
-99.87975
-224.054
-398.7516
-40.35322
351.0322
166.4373
-71.64896
-114.0752
-652.3636
-474.5211
-284.2189
77.91606
2648.654
6179.583
3479.156
1300.384
333.4909
99.09965
-282.5853
1262.879
182.0685
35.25522
-172.8711
-297.8304
-589.4799
-474.4415
-834.0705
-3698.397
-1323.978
-1087.632
-779.5584
-338.965
-177.15
5.99753
2064.475
2457.733
1113.435
294.3895
65919.13
25577.45
10098.6
4385.309
1548.284
1186.653
348.5943
-630.5883
170.9843
144.6875
-101.3654
-93.6587
-1641.856
-800.8312
-157.8337
-39.675
-5825.854
-2051.226
-657.3962
36.89146
150.8223
191.8423
89.05477
225.1073
729.9044
447.9657
640.4592
1204.366
-11538.13
-4355.436
-1918.343
-375.9452
387.8334
-417.6312
86.49684
542.5623
222.6933
529.6646
891.2316
-6277.445
-2240.423
751.8264
392.4354
-2213.507
-159.6887
-142.6241
-60.19353
-44.99419
246.5485
585.4323
336.7751
214.8052
219.9792
-179.2824
336.7936
218.5653
286.818
-1026.399
-586.2657
503.1595
185.448
516.0515
264.3469
331.0117
309.5332
143.6806
466.5398
782.4554
434.1343
-1392.923
72.47046
2010.11
2519.289
1521.288
232.6562
-190.9719
187.957
820.6408
705.654
568.6192
682.4558
513.4353
928.68
807.6399
2170.824
1485.461
-5305.144
-2048.346
-525.3787
0.683705
2731.556
1422.277
711.1828
167.4278
761.2979
18.46698
337.4176
571.3203
664.8463
382.1944
2056.292
1211.543
1142.258
576.2403
806.3861
1122.177
-2850.258
-522.2446
612.0335
1132.057
442.4471
710.5448
432.8505
1578.729
184.3313
543.3099
586.885
1108.106
6292.206
3100.214
1747.776
1350.306
1304.709
941.6108
1159.71
1372.209
830.9375
405.2003
938.9745
1061.983
1010.347
1292.354
888.0001
1308.232
1047.254
956.7016
772.9007
653.5393
422.9067
-130.8078
705.6664
1464.924
1395.508
1094.208
1018.732
1009.749
1665.245
1396.536
978.6732
1103.23
1107.78
1525.741
1327.263
1282.525
1052.294
1046.747
1214.593
1367.002
1100.377
1147.02
2104.645
1700.457
1230.194
746.3904
1125.931
910.4571
1219.35
1185.168
1279.076
1245.528
585.2655
1126.465
1924.655
605.2757
1026.023
-406.507
1261.097
1320.825
1445.493
1479.049
1492.519
1597.68
1199.576
1421.515
1497.269
1968.719
1439.52
1275.769
657.8986
876.0171
1178.724
-4140.531
-682.1229
607.5968
3314.519
1540.667
4663.026
3397.527
-5081.442
-828.0321
954.6427
485.2458
1325.139
1385.456
-486.684
790.0396
957.7119
-845.3042
1636.729
1580.089
1827.679
2158.114
1731.873
1757.095
1855.702
1694.931
1886.23
2964.868
1837.004
1477.607
1668.662
1625.585
1503.575
1695.217
772.9137
1530.709
1167.493
1505.216
1893.151
1594.469
1986.706
2240.467
4790.795
2532.966
2420.005
2317.43
1619.763
1483.801
1254.255
1365.268
1360.806
1715.173
1497.446
1367.08
1502.772
1362.651
1495.644
1579.023
1519.077
1070.377
2208.93
1478.93
690.0238
1188.026
1949.345
1606.387
2748.243
2058.232
1990.798
2391.578
1815.564
1772.511
2575.019
2483.885
1659.915
1627.033
1287.242
1485.601
1752.494
864.6306
4138.82
2702.055
2083.481
2457.563
1830.533
1953.969
1731.34
-855.3866
476.6664
1058.347
1254.578
575.6595
945.5422
1239.605
1355.716
1625.677
1539.371
1578.104
-968.9284
972.486
1737.455
1111.491
1455.261
1006.661
144.3069
469.6941
2278.451
1876.341
3002.454
3827.729
3016.511
2493.373
2459.477
1662.603
1807.633
1624.874
2495.141
2073.812
1705.173
-1236.977
-745.7641
310.4202
1133.445
1135.297
6237.812
3602.86
2478.181
2504.045
9829.526
4894.696
2780.173
1914.853
1096.669
2009.009
1547.105
992.6122
1884.292
1653.75
-53.00777
654.896
350.613
812.946
1182.322
1897.183
1503.173
2419.896
1775.75
-2258.601
145.37
142.5378
932.2418
1721.627
1675.921
1546.992
1397.548
2136.738
1481.128
1430.512
1469.675
1376.527
1401.481
1426.6
-2587.715
-209.9731
783.152
-4110.765
-1695.239
1292.741
1127.581
1383.93
1120.184
1326.131
1317.647
1373.991
950.5568
1101.29
1856.148
2141.808
1930.428
1506.351
1357.4
725.7648
955.2822
1022.647
10606.93
5435.69
2044.697
1687.638
1745.97
1475.786
1135.029
800.2105
532.9993
187.7383
45071.06
18411.02
8674.47
4654.72
2341.593
2608.503
1817.695
1330.873
-567.3832
411.1488
859.7926
1155.269
606.5369
861.5191
7841.508
3745.498
1332.34
1373.402
1079.25
1108.195
-1021.546
423.265
-19740.61
-6899.416
-2003.861
-294.2942
410.7239
1195.639
1201.497
1110.98
905.7921
824.3174
951.4995
1820.224
834.8628
811.2143
907.1024
465.8717
-694.7621
244.018
-495.1648
421.0316
724.3138
676.6591
1711.688
1261.182
915.3143
1420.793
1556.221
-125.7953
331.6384
903.0385
1145.611
1092.943
727.0157
515.3572
562.7704
665.6336
864.2421
978.3986
938.7784
718.7339
481.0475
1954.277
1202.881
1103.277
1372.658
-20369.52
-6768.351
509.4568
1242.86
1886.598
1325.436
1467.721
1231.074
351.2491
-165.4778
412.3363
295.7764
680.7361
598.5596
1021.786
1786.499
1132.236
5742.822
2529.774
1293.281
1325.362
1046.727
674.6122
295.8517
634.1868
40.06266
821.5432
447.3556
-365.0302
335.7667
1006.636
1614.296
360.2794
348.9369
485.7553
795.1299
1660.518
1136.816
676.9507
1730.082
836.6718
580.6408
514.0379
109.1478
198.2234
602.6556
459.9267
255.0491
328.283
2885.968
1408.838
-1148.639
635.0214
439.6673
515.8112
-2863.148
-849.2213
-384.6086
-1092.913
-1050.029
-311.6702
1431.157
379.7355
674.1891
534.8657
488.1488
431.5355
657.38
-1226.331
-773.9919
-261.6048
-56.35586
-94.34609
-18.13968
464.6108
-78.86115
321.0058
220.776
-780.8783
-131.0842
-114.7965
-419.6414
-30.56854
-1130.646
-468.5528
-41.7388
-438.9733
32.85391
124.0735
-844.9948
2247.488
878.9186
178.1927
-238.9262
-534.9465
-67.97619
-86.11873
-49.94007
68.71342
-582.1123
63.18317
-344.3801
513.5858
-15.29503
-31.37379
221.8329
469.7583
312.434
426.7785
85.46332
-847.7705
-478.2494
-86.55272
-98.72126
-1013.748
-698.5428
-392.4938
-3060.482
-1020.683
978.1774
268.255
3805.496
503.5198
338.5455
191.7723
-151.0524
-413.8869
-22.38213
-146.5816
237.0169
-158.4066
-9753.73
-3771.399
-1497.223
-991.9235
-1132.316
-374.9406
-416.7445
-164.3706
710.2924
355.6448
-1257.607
-445.1897
-384.7855
-166.8686
1467.525
510.5939
354.546
103.6352
1125.606
305.3211
233.7276
-147.3366
-17832.25
-7231.209
-3280.999
-1273.387
-1214.728
-180.8725
140.4309
-17.44643
-176.67
-43.1168
-1882.875
-195.4243
1002.194
349.9287
345.7437
200.2592
-811.916
-529.9549
11385.21
4459.52
526.572
-319.7502
-224.0121
-84.63421
-300.7174
1995.137
1013.992
477.2938
198.0356
1748.401
635.1073
123.9973
-19.32227
4261.047
2156.789
993.7009
-7501.658
-2940.236
-254.538
-380.4219
-118.8466
-200.3514
33.17019
132.5191
-470.8936
-242.904
-392.1051
-34.56314
-22.1236
-217.4783
-245.7613
94.38897
125.5903
-80.586
574.887
-29.66916
-1053.504
-2903.165
-1163.645
-2220.528
-658.8894
-2495.641
-1050.874
-504.546
2885.208
1600.25
-568.302
-594.0647
-1160.94
-3775.154
-837.0811
-323.0637
-22.7949
-19949.6
-7760.167
-3790.88
-1739.94
-578.8585
-252.6439
91.61686
-41.76506
-201.9336
-12.18142
58.97173
26.00671
-93.38205
1336.73
1993.423
646.0938
2479.651
882.9739
64.3714
948.5554
504.8641
24.02786
-569.6977
491.2147
127.7815
-113.1882
23.31985
10.58799
154.6239
-86.20956
160.0915
360.3406
93.5835
-94.45885
-9.252356
341.7685
-250.3485
61.00109
-258.2513
1452.217
217.6952
157.1405
-91.61767
735.5333
-7.594546
-140.0418
-2682.135
-1739.906
-279.6213
282.4287
191.2433
-151.6748
-139.9926
-203.7224
283.8185
301.4945
87.00824
163.2849
181.3858
-176.0046
40.01138
-15.38303
75.21412
196.8555
-165.2709
-154.5947
-587.803
206.5076
2133.176
1002.231
331.2863
-825.6295
-839.9584
-217.0703
118.9538
2031.076
987.1594
636.4417
374.5811
257.2932
262.1917
308.5707
83.51247
-94.46373
-0.1850748
-2396.359
-868.5381
-157.9143
418.1365
642.6162
522.0374
356.0352
-132.2703
-12.54274
-111.2296
364.2811
321.8042
893.5355
254.4812
-30003.49
-11465.85
-4163.158
-1828.272
-394.1847
512.4792
-261.6176
499.4794
1927.909
1070.166
667.9718
386.1508
900.3243
548.7267
491.1033
196.5805
293.4735
1083.202
774.874
659.1363
603.5002
755.9113
375.742
877.326
843.1333
898.5098
1119.184
867.0315
654.9987
2706.247
1790.344
1008.142
403.1735
388.9142
317.8297
455.7704
511.9826
664.7071
446.5397
-139.3202
-117.7109
619.3923
907.2147
405.7633
912.9367
913.6499
1005.273
26978.91
10696.98
5247.023
2509.107
2.867265
142.3166
282.0035
-611.5278
307.8829
744.8732
-26.58043
498.6286
580.8191
476.9634
799.6003
978.8887
627.7544
953.9183
1038.738
958.7312
599.0412
232.0562
1412.541
839.8946
666.1007
24.36023
169.0457
684.2552
226.2474
1627.743
2200.126
1490.916
1476.852
1295.484
1551.409
428.5552
1302.648
1195.412
-533.1453
578.5353
1071.35
1408.075
1167.557
1125.871
10345.21
4714.069
2637.798
2002.875
3013.471
1931.058
1687.478
1874.242
-124.2428
2167.207
1815.14
1206.384
1377.309
1504.854
1347.698
1472.204
1376.059
915.18
1067.158
621.3484
1007.759
1302.302
1937.105
1364.409
3314.721
2989.342
2048.049
1770.047
1738.659
-154.0943
-2704.41
-96.20803
852.5482
1127.666
1594.551
1387.066
1156.965
1303.333
2157.092
-1528.017
491.4961
685.0597
1202.984
766.8104
-3.230775
1004.577
1398.361
1679.459
8691.902
4909.428
2702.641
5410.392
3261.779
2580.618
1920.288
1979.412
1534.535
2082.945
1230.136
2918.088
1432.748
1242.366
1280.228
2091.315
1814.848
2176.929
1970.67
1745.136
1840.491
1921.204
1490.171
1180.738
1378.968
1596.904
2031.106
1819.899
2100.935
1829.431
1761.07
1849.615
1583.799
2302.825
1799.586
1733.932
2130.55
2045.714
1812.879
450.4371
905.8169
470.3018
156.7281
846.864
1168.415
1580.258
1705.342
1733.655
2163.475
1383.086
1625.498
1497.353
1566.295
1970.709
1926.496
4249.448
1972.041
2323.066
888.4593
322.2037
908.5479
1292.757
1731.685
653.1554
1018.108
3767.438
2889.573
2655.514
2382.169
2131.587
2168.806
1994.776
1830.648
1690.026
2309.945
1820.354
1701.173
1836.367
1977.294
836.0301
986.3418
1455.572
1672.502
1726.628
1359.916
1379.517
1880.184
2076.461
-1399.861
337.2373
-230.8479
166.5051
1274.339
17036.05
7821.122
4122.244
2866.365
2512.366
1884.676
2476.193
2134.967
2282.866
2231.8
2114.332
2137.901
-980.5805
332.0004
1508.383
1764.05
1823.563
2002.603
1607.919
1805.838
2096.435
2054.775
2128.262
-14365.25
-5263.503
-890.2803
759.4655
1745.708
2205.007
2142.415
1656.91
2044.682
-483.1694
809.3555
1077.333
1393.535
1430.671
1770.911
2156.289
2259.896
2294.054
2516.913
3256.58
2402.578
1609.408
1772.713
1309.006
1607.191
1706.699
1650.978
1656.05
1846.992
2173.645
2197.35
2208.436
2137.902
2180.707
1798.888
1775.132
1686.667
6669.355
6359.652
3704.749
2612.021
2408.008
2240.208
2002.644
3737.454
1868.508
1756.536
1853.387
-2834.698
-228.6404
905.8648
1884.061
227.3364
3395.474
2381.18
1959.13
1908.653
1917.146
2295.621
-5342.883
-863.0259
-507.0928
857.8173
1934.496
1880.225
1911.087
2411.864
-510.901
719.2175
1224.85
1629.783
1265.68
1638.249
3484.078
2613.042
2028.998
1980.701
1093.308
1073.022
1380.933
1523.36
1829.143
2012.524
1757.248
1613.733
2040.304
1761.681
2269.941
1833.032
1751.835
-146712.3
-56093.3
-20793.07
-7131.693
-1126.384
2850.85
1946.564
20266.12
8849.958
4591.946
2346.152
2115.435
1924.443
1876.052
2455.569
2377.701
1919.87
1917.518
2427.529
1643.92
1670.302
1810.414
1236.366
1332.67
1606.895
1662.845
1066.638
382.7405
1639.511
1352.324
1407.594
10354.45
-669.1765
538.1442
1021.727
1071.281
1588.939
1335.232
2477.478
2180.196
2045.576
1514.121
3418.428
2325.791
2505.779
1744.793
8723.672
4053.716
2571.017
6019.71
3172.296
2263.4
1579.973
688.5291
1034.217
934.7552
1196.337
1328.943
1304.193
1174.79
1062.218
1542.557
1222.508
1044.135
762.4202
1128.273
1397.484
1122.682
671.6036
985.306
1103.74
1078.521
1106.706
945.7879
1570.244
587.8319
1913.555
1749.649
1434.814
2532.536
1675.191
1261.638
940.9745
1055.576
506.8208
929.5823
752.1549
783.8965
948.0735
734.9143
1336.636
880.3096
899.7711
892.0354
-577.1048
281.3109
824.117
1103.283
470.4841
947.3366
249.3686
646.9766
1358.309
3281.204
3112.844
1321.518
25349.56
10215.74
4589.37
2194.17
1655.879
1320.841
1973.114
530.8475
608.4007
1154.87
895.0926
2670.617
1289.34
1522.673
918.5296
194.2275
-4336.847
-1120.441
6086.843
2228.384
953.5157
687.3961
-193.155
-457.9465
-82.29717
282.8007
402.5223
245.7315
419.9401
482.712
903.7675
1256.598
592.7596
411.1132
948.7003
1419.566
1094.696
-946.4629
179.2348
431.2747
538.6211
732.6304
585.5349
516.8402
324.8555
367.1239
606.42
-1501.851
-213.0013
-4043.316
-1173.722
-340.6029
-242.2953
601.3543
839.1783
550.1277
-52.3605
6.625912
2071.598
3051.79
1347.129
938.1977
-7357.018
-2808.401
-696.9607
223.0641
-12210.87
-4529.422
-2588.957
-591.5828
77.87673
329.363
-67.7283
989.5601
937.7942
129.5512
338.3482
475.7699
-464.7126
189.1328
50.38937
116.3628
166.8592
612.3616
110.124
10.1584
5112.159
1982.077
435.3355
466.7746
311.3027
4560.998
1474.614
-817.8533
-47.54612
45296.44
19472.81
8144.198
3084.932
-748.1368
-248.1376
-263.7539
-420.2038
270.2784
211.1335
3372.852
1636.024
530.8724
295.0828
1050.509
526.446
1273.506
694.775
-385.4283
-404.0994
866.0885
2846.526
399.6193
356.4895
234.5769
203.8391
-612.9691
-19.84048
-3264.215
-1276.325
484.7964
301.5673
432.6327
-290.6661
467.1551
-146.9808
-130.2158
70.46247
3983.293
1477.865
-202.5865
84.7164
635.3509
-2079.926
-5031.995
-1864.928
550.2265
-338830.7
-134087
-51956.83
-20056.38
-7805.681
-2598.662
-993.9448
345.7636
995.0347
849.242
8327.171
3860.206
1792.775
519.7005
-1044.21
-12.64758
1121.054
27.89427
-1568.427
4082.66
1596.706
-622.9273
91.97468
218.3357
83.22537
351.2289
271.5999
378.4604
237.2561
282.1954
-349.8203
103.6333
30351.45
11951.15
4820.868
2062.902
1047.484
-35.43371
942.9597
227.7399
118.5531
249.5884
264.6118
-109.6511
93.04011
325.5773
250.6161
84.52523
31.19902
482.952
384.3414
-231.4987
-71.02611
83.29358
-2492.288
-843.3488
-959.9981
-301.4304
-11.26951
372.58
522.9925
123.0308
228.1269
532.8387
-147.8946
-1441.159
-595.5734
-3.36295
76.91836
921.0051
700.1881
276.1026
-155.9596
497.3108
850.7927
495.1478
366.3069
144.6106
376.3591
393.5439
118.1504
272.4392
351.9745
-103.7415
3351.472
1849.356
-373.3739
155.2481
974.0171
905.1191
1239.913
624.8005
106.8834
174.5211
479.6832
408.3769
65.84457
354.3634
318.516
-1457.056
305.5126
504.1902
572.06
104.7013
366.3004
-5081.152
-1763.611
-1145.229
206.462
196.944
32.37703
97.76651
360.42
427.6838
228.7675
374.5363
950.1082
419.3143
1219.074
314.9603
69.90849
345.406
-121.9836
301.2613
659.9797
488.5186
831.4217
763.1011
5634.583
2905.709
-2124.63
-548.8756
77.28258
440.3138
385.6305
364.9118
92.20138
370.8448
404.4805
424.1454
-2959.749
1735.336
649.7564
752.7446
716.2162
535.4591
271.061
530.9218
298.7256
389.4205
1063.48
1206.388
907.613
617.4231
-794.7031
-152.2623
-668.9171
218.6193
395.9989
296.0857
617.9188
616.2533
657.4234
1497.008
1290.667
1405.982
769.7351
891.1587
1055.24
934.3683
925.808
735.7994
1289.499
654.1803
4047.652
1219.596
804.1032
950.8247
1039.714
802.1801
721.0588
728.8402
1006.33
848.8448
921.6776
976.2162
2429.836
2843.544
2023.477
1321.505
1152.264
1189.995
920.7219
1032.812
789.3132
662.5525
663.6324
454.492
768.9106
217.9021
850.639
578.3128
719.8257
1085.071
1526.017
245.4251
726.1024
1012.151
586.8087
778.7553
1133.996
1474.635
1146.559
784.1507
987.1447
1080.532
1261.074
24.34519
487.7011
637.61
269.6971
834.6259
624.8607
752.4621
2830.319
1870.24
2235.002
1781.352
1513.01
1563.025
1663.473
1312.197
3251.475
1629.922
1315.17
-51260.19
-19113
-6624.644
-1699.657
143.5555
1569.545
803.7523
1242.34
1124.809
1427.608
1953.438
-3197.542
-716.8179
76.60016
880.3447
989.5122
1343.169
709.8685
2166.966
1219.629
1793.245
1627.105
1590.129
1421.057
1309.572
1702.886
1763.67
2647.594
1977.234
989.8472
1694.657
964.3881
1476.552
1685.338
1146.799
1573.115
2213.874
