263.9879
5603.994
6583.286
1468.689
909.3617
-1834.265
-2102.703
185.9421
538.0322
526.0438
278.8109
1485.347
664.2528
-1501.25
1054.044
-149.539
829.3666
635.5228
-136.4175
3569.805
287.9499
1584.978
754.5375
719.1658
772.1979
-25.61933
553.7375
-158.3807
529.7747
634.7239
-85.26969
1634.185
976.253
16.59332
408.6784
386.8053
-644.3549
982.9412
1238.317
775.7359
686.5484
692.6164
728.009
1936.538
383.9111
-2200.698
198.6756
-1016.089
337.6535
1731.616
514.186
-1074.701
-807.7083
262.3405
1300.107
712.2899
-304.8275
-213.0145
721.1056
-454.713
784.8867
1016.507
-54.79257
740.8327
1379.356
460.6652
-1002.14
299.8516
-172.8374
-3602.214
664.4951
128.6867
1241.841
698.7443
-980.7704
990.5303
-30.60893
-371.2726
-49.25282
500.2521
670.0021
1452.882
539.7144
-1711.89
-228.2975
-248.0017
252.1594
355.516
862.558
1531.42
39.82663
-6469.401
-2189.873
-277.9088
3534.481
-601.0952
552.6537
-111.248
39.08604
4837.012
645.5888
206.5869
483.57
88.22084
110.0031
-198.6178
-86.66972
-723.3174
259.157
-1986.793
-852.341
169.0149
-198.5416
1169.324
-37.78292
1071.914
189.5613
-362.4294
169.7792
-2628.396
8236.049
4004.855
122.1074
474.5358
156.7518
-362.6453
-186.8201
41.66319
5.062841
698.6117
1862.864
-255.1709
133.1202
421.6968
-40.89889
-456.1959
1331.833
-833.9573
-547.7582
213.4681
165.1529
-172.5287
3.804567
-1367.636
-154.6545
-377.5817
175.0082
-100.5583
31.37145
-674.9079
-222.3994
-24.09169
-67.42973
359.6952
2026.664
-121.8582
261.2731
-114.7834
-1320.974
-565.9906
-651.2216
18.40937
256.5702
623.535
244.0302
-41745.05
10015.64
-731.2357
30.58832
-599.5269
-361.2915
-335.3938
169.8478
-446.353
272.5758
-2347.155
-181.4432
101.5942
-441.6878
526.5832
-9.738795
90.06825
-687.4045
-514.7605
-359.6292
-417.577
-649.0301
-441.8545
-264.2321
25.9215
37.36799
-417.93
-62.77613
-13.94385
-1084.798
-612.8213
1846.236
815.436
-1013.735
-3983.113
-633.4361
-1676.48
-3273.095
-536.783
-805.3033
-664.0793
285.0602
677.9242
1756.831
-3789.502
-1080.705
-971.8323
-51.41806
-1557.651
-145.1771
-648.308
-458.8426
-1331.123
-9509.211
-2181.072
-1194.383
-612.1669
-30765.6
-2579.906
-143.905
52.19776
-3290.32
-767.6934
-602.7109
-969.5473
-561.4563
-778.7035
66.78449
-148.271
-10.67452
-517.4244
-183.193
-990.5659
-662.3704
-63.32122
-1322.865
-269.2127
-1009.22
-390.017
-379.4524
101.1784
117.0262
5561.682
806.3099
-254.9656
2288.911
-434.5255
-457.4459
472.0067
988.4932
-125.4379
-5424.342
-674.2364
1298.323
-45255.27
-5803.675
-1826.276
-1826.5
1482.619
-151.9354
3266.804
119.6812
-44.05963
67.45832
180.4719
55.18123
-300.1649
-4625.238
-732.1459
-1134.748
-650.0029
-261.7999
3099.403
-16.5978
-94.55728
352.5889
2782.222
1107.511
-442.8648
-539.3393
1501.881
-937.7214
59056.61
6755.553
2543.347
106.2388
-126.5097
-34.56247
-25.15982
-1075.935
3465.013
-382.5154
-1562.992
4895.27
749.7151
-5952.935
-722.6015
146.1597
-37.29552
-7920.684
-364.1873
-185.9674
633.6036
4496.088
550.8024
98.27879
-190.9084
-2437.951
42909.69
4858.05
579.8052
-142.6884
-134.4193
-73.9434
-94.14994
1259.462
446.4102
-4430.932
-540.7988
51.30571
1010.699
-10679.3
-1942.046
-326.1308
-706.1035
70.94504
356.122
177.1556
-98.27869
468.4405
691.7053
359.6905
-37.51409
5755.908
1736.112
-779.811
-2623.578
209.1546
-2993.016
892.5897
-62.07872
-17724.67
-1571.068
2099.376
410.0196
556.5
-3694.77
-1061.356
-56.44967
499.968
555.418
6877.775
4096.043
2850.389
183.4409
171.7365
836.9132
1307.346
1138.488
12.95743
-10.35337
-12767.17
-909.8883
1055.381
560.6263
624.413
662.4057
606.1959
-130.3889
1217.499
134.0058
746.8696
-18837.75
-1370.07
95.99733
584.4667
848.1706
6094.072
2786.763
1258.409
4897.476
1515.827
66.7495
-685.1907
328.6963
2651.265
911.8054
537.6069
1089.839
1457.486
939.403
685.171
-20.3785
339.045
2057.889
137.01
673.8669
668.5669
1416.465
647.2648
-306.7619
-801.3096
666.5886
718.3081
432.8114
1845.955
706.9897
-8420.605
21.35035
1015.454
3354.964
613.4581
-4338.676
1120.459
2033.219
-2287.047
699.7082
755.6009
890.6409
921.5646
531.9978
-156.544
935.2034
-1829.329
806.0465
-6711.723
1273.308
-6921.138
-469.2026
121.5292
696.0845
871.6355
352.481
1607.555
374.9325
1199.267
964.044
1087.303
704.5454
491.8308
1112.108
-2562.974
882.2232
1046.348
427.0359
1123.402
1474.402
2599.118
1151.96
1391.235
875.2607
1184.694
922.7644
1109.911
882.2426
934.5547
863.229
859.2162
2246.153
1172.884
688.2579
-3467.898
896.389
-1634.591
2009.923
799.4013
3069.02
1752.22
543.3522
494.1937
689.9683
598.7557
857.6116
528.6888
239.1003
669.9687
-964.0198
1528.067
2181.665
303.6431
504.8817
-2778.891
4765.176
1401.705
-7013.824
-991.4835
129.1147
568.3344
604.0568
2806.159
1295.625
470.042
585.4746
375.6903
-1180.245
-787.7026
401.2499
1063.234
1581.481
-3255.342
259.1954
-6515.683
-370.6993
489.7386
32362.64
4042.402
2076.177
623.8616
509.658
-956.2028
92.76449
1121.966
2602.744
-242.4652
-2028.899
4174.732
1152.215
545.5036
-16365.17
-2524.9
699.1033
145.279
503.341
725.0439
165.5481
-2861.512
-813.3024
-1361.697
-315.9375
1969.074
-878.5233
107.7086
763.2707
4659.13
1268.341
456.9923
367.7922
-11.27196
8749.78
2087.157
203.5065
987.3157
392.6084
199.3646
-852.5459
-207.3799
329.5983
747.1174
615.8782
1942.455
-43.32023
-376.3855
3613.171
201.6675
420.577
273.5381
-7388.206
-607.7882
2404.161
805.7504
-510.2639
-619.1759
-300.7173
-2184.544
-790.2055
-39.92645
193.5012
-771.4215
203.5479
147.0308
456.7526
3267.246
479.6804
-362.743
-1353.575
-234.3253
-182.7422
-22.93896
883.8495
592.7514
2095.805
-429.7691
-302.5066
59.40361
-343.4063
-2920.779
5812.246
71681.39
9872.88
575.7537
48.57388
434
418.3542
22132.05
3664.958
-187.5166
-18372.45
-2353.53
53.71877
-496.789
658.3222
907.4914
465.5373
-6495.047
454.4241
481.1084
248.8816
-718.4208
-896.1461
-1809.91
-596.376
-344.4924
35041.4
2894.919
-245.3781
-308.6805
-867.0961
-242.3701
2462.901
394.282
-150.1625
228.7398
-181.3951
-245.6106
-207063.1
-24886.58
-449.5612
1404.704
39.13104
6217.184
380.461
-182.5441
45.20963
2528.259
446.848
-361.2382
-186.7021
1292.332
-292.1808
1133.357
1895.963
8455.616
730.6642
-382.5926
14.75301
505.5833
1334.491
275.4369
-366.765
1175.827
-107.9836
-594.3253
1191.932
-3422.595
-315.9402
-1105.491
-478.128
256.5217
-774.6763
-121.983
-1713.595
-295.9481
-248.2069
-44708.14
-4781.992
-1589.421
-1917.772
-817.3022
1457.024
-78.07195
56.32659
4770.417
290.6074
12.79159
114.2531
3092.185
334.5755
-364.2303
26834.8
2244.792
21.36525
91.56299
-191.3755
-372.2151
-1191.877
-38.65372
1101.539
-1272.323
-112.6669
2423.072
672.9986
94.45569
-0.7113331
4436.019
6811.631
1053.191
-241.8559
485.5612
202.7356
2459.465
-64.02422
-233.0163
-412.9455
28.46757
-28.71573
472.0734
344.8092
-237.9801
-29.95778
1624.933
2758.612
51.24025
1999.421
-2179.253
-623.161
-985.4039
864.855
-1240.031
-142.2772
673.9145
5952.512
861.4192
448.6469
2361.956
2955.754
514.6399
-313.3898
-52382.19
-5922.525
-962.2521
-163.4381
7.329167
436.6103
181.4036
248.0442
7.590179
6219.576
-2584.1
20.97125
3876.141
706.5279
-15458.01
-1529.927
-7523.818
-1148.479
-3120.006
1127.767
165.4085
916.4439
203.2578
412.6076
217.0738
151.8782
-164.9269
333.698
-586.854
66.08945
20.71864
472.3731
577.2006
1096.426
668.3366
2410.941
867.6092
-391.7557
337.1379
471.3088
278.1046
3018.76
1141.591
1039.685
684.44
453.8743
85.03276
-1043.271
-1981.125
1124.239
817.7789
389.7292
801.8296
1057.05
405.5775
236.9632
966.15
368.9447
-1078.737
1352.653
1612.332
1194.592
726.0398
-59.04235
544.4152
1470.367
745.8117
1066.248
547.7836
964
1118.163
1717.513
923.8416
1689.988
484.8488
1262.232
831.9317
-1108.696
-1586.116
702.2242
-5021.3
456.8394
704.4355
1603.35
1102.261
1155.459
850.1691
2040.296
2278.618
-674439.2
-77454.12
-8185.388
-290.2953
-488.0395
1505.666
1132.361
-36165.67
-4032.869
1737.41
50.83302
1531.087
490.7257
1269.135
1203.674
989.284
1190.149
1477.938
-115.7012
-13.39879
1568.993
7337.259
1118.178
3877.727
1426.246
1327.511
969.5253
181.8555
581.6342
822.1603
524.54
1014.908
959.9848
480.5134
304.8925
796.7532
1605.259
944.6942
2606.138
4720.902
1861.521
2559.47
1472.692
187.8476
1844.996
1041.882
306.2717
1349.454
1604.072
1229.067
589.1004
2832.031
1566.971
1276.939
1227.258
650.1176
1025.037
146403.9
22004.67
-4953.584
520.9207
-3972.291
31.78421
917.148
-782.6877
1916.111
1482.375
-413.7088
1042.675
-842.1466
-7496.716
495.3503
1465.737
363.1659
974.3959
568.3542
1269.897
1705.569
956.4213
-1893.546
929.3721
631.9703
-124.829
730.9363
2035.736
729.6833
-25.75427
557.5528
4979.405
1082.538
2019.98
1161.065
1617.066
1033.406
1063.654
1976.822
2059.988
1078.356
1795.954
997.4649
1520.334
1612.084
819.278
-1170.238
99.21265
1008.096
850.424
1163.026
1273.968
1088.083
1546.158
608.0182
751.1445
819.8729
1746.083
386.4664
757.3878
1172.553
465.8354
840.4945
636.3671
17380.73
3304.909
236.4903
83.09751
948.0831
-24754.09
-1743.228
589.4316
2205.631
-204.7508
555.9556
547.4028
361.5943
-105.0176
-3222.464
633.4257
-774.813
-43.09971
941.716
752.2369
170.5349
-294.8675
79.5434
373.4454
675.2058
1400.171
-3927.456
253.1675
1049.162
685.3493
618.1375
4469.699
1007.415
718.3399
-1138.455
2109.143
317.7303
1073.585
402.4486
4154.784
912.0392
1528.813
1446.111
-963.5069
216.3864
-1100.932
-121.2413
-452.0414
382.7253
663.214
-196.9443
872.4593
45.2365
-401.1123
-1.446477
-301.606
-83.54971
1470.995
21.20742
-2904.338
-1828.536
106.6986
930.4505
655.9096
877.6427
3488.724
-2114.519
-240.6115
493.8867
-6646.505
-477.4313
714.7212
506.8213
-3273.853
-11.36165
-65.90242
576.1046
44.13931
-2358.948
-571.7372
-6579.216
-3214.976
-162.4733
129.5575
2029.623
-1717.526
-101.2718
227.0476
-101.2593
1395.204
-3818.688
-704.8874
118.9335
517.6381
419.9833
932.8168
2468.351
109.9936
388.2148
-753.0989
-549.6499
335.9623
-1818.045
-683.6764
388.9983
-29.81447
-1274.287
-43.30628
368.8833
-3727.925
-289.9754
238.1681
1425.835
11312.94
1204.225
255.6631
-576.8508
-1647.867
666.6202
2100.118
738.3055
721.7397
929.4707
2591.998
2622.81
1920.053
372.5883
-5961.828
-581.7312
-330.7484
-227.9133
-119.2781
2632.748
847.1106
938.9775
-74.18715
1105.428
555.7364
243.7685
498.5628
348032.5
38054.98
4279.697
-615.6615
-253.5237
4282.456
1787.026
433.3662
248.8758
64.32568
1524.651
748.4456
181.5433
152.3039
4324.027
-212.4237
69.71821
183.1527
785.4976
-1571.171
992.8942
-1178.642
83.85612
1971.156
96.67292
1612.013
413.5422
-165.6308
-150.7827
-44.89023
623.8851
-173.677
2475.631
1531.995
-278.9646
-96.08038
-5005.943
-1723.205
70.61432
935.7705
1189.034
637.6436
-366.7485
889.9253
1393.572
632.6093
3457.07
566.7046
1840.112
147.6625
51.63899
-413.4775
141.5501
667.8587
401.1516
-136.2636
572.263
23.07917
3594.029
1903.685
186.6089
203.8061
984.6192
621.1442
151.8937
359.5794
-666.1887
11149.68
1801.357
202.958
-117.2497
867.5244
-1976.003
-1423.616
288.3137
287.295
530.4824
-3158.287
2171.831
554.333
1189.154
499.1884
791.8764
5736.184
802.5308
140.5821
2619.608
760.1668
1548.939
-1013.688
598.5722
3658.469
1536.416
-28600.17
-2647.151
614.0295
803.838
104.5249
-102.7322
1000.546
945.459
-333.5076
1268.354
2186.819
-998.2352
502.2327
1013.137
1742.533
493.9309
-878.9201
-245.2053
772.6937
868.3973
710.7394
829.6439
1117.377
697.5651
472.4205
918.1948
122.6497
7199.742
-672.9637
612.1424
1063.143
-7959.332
720.4507
-3212.941
1663.661
942.1676
933.5481
2415.155
1939.065
1112.283
783.4963
322.1384
1585.873
-21156.68
-603.2298
-61.53089
347.146
-9416.836
188.0094
1035.514
1219.562
1259.022
2553.185
1631.968
-1204.538
913.9229
-1024.372
-85.25681
2486.499
2255.229
1047.312
506.9951
1203.064
-249.2535
693.8179
854.7934
754.1095
1260.31
1420.885
-12941.96
-275.6371
2348.978
1482.997
1851.393
1056.447
985.125
1408.473
1759.156
3240.669
1944.217
1891.76
2187.47
1545.873
45858.13
6159.348
1920.083
171.9991
1366.301
1458.306
1622.207
841.8105
1199.097
1543.888
1286.125
1423.377
-268.2068
1216.018
2317.121
-4966.203
-241.0855
1196.609
2235.562
2011.819
-1.74442
705.1008
919.8035
45.34397
1097.963
436.1719
-4467.346
661.7346
2840.221
798.0347
971.5911
1656.737
2737.508
1688.198
1079.234
1411.392
2313.234
1922.756
1001.828
884.4528
3864.233
958.3088
13708.04
3075.867
1537.124
1239.182
820.3378
1748.358
2661.969
-7257.217
-374.2766
-354.8147
1675.713
1150.875
1386.673
1765.856
2194.119
1556.889
739.8858
1133.906
1421.577
-2128.318
1614.763
1442.888
-672.6817
-1298.041
765.5712
1464.743
2898.605
1173.467
917.8428
1119.795
1049.414
2561.842
1773.475
1217.271
-1906.912
-34.20562
-58350.11
-6596.235
1164.983
1788.862
1119.465
1212.953
-428.048
195.7679
285.4034
842.747
1410.698
1818.741
33560.45
4681.955
900.9506
640.5548
167.6876
771.9176
736.633
940.2212
3453.377
362.3615
891.6187
369.069
1392.439
866.2042
391.8252
1487.479
923.1987
940.4149
708.73
1117.526
1961.407
1819.914
-609.9722
218.7064
544.9857
920.5999
1652.959
1087.391
294.0515
-823.2207
2234.965
2000.424
1164.042
2136.404
1081.486
2472.443
717.0807
1093.355
1705.706
-19497.18
-1410.021
514.2621
-14139.02
-1033.879
965.1502
714.2781
709.526
941.8704
988.3471
581.58
461.0585
173.8832
2685.773
-482.4131
61.49881
720.1493
1502.901
828.8916
555.2865
645.1233
2051.545
954.1978
-2736.818
409.1187
-53.42355
1029.853
-99.51313
1009.646
3271.646
855.1158
1016.527
207.9901
-570.1367
-3038.516
-583.5581
186.739
2127.43
221.195
-779.5322
-84.90716
225.3856
252.5538
401.4891
-195.8204
221.955
-497.3224
461.0147
4282.171
1318.271
626.4412
531.8104
582.8288
707.2355
2751.066
693.5418
2724.796
461.704
1734.852
26.61997
-120.4062
625.972
233.5172
647.9465
1246.368
1011.617
482.392
492.6427
245.3015
967.2706
315.1812
-115.2415
146.1806
392.2463
2709.835
-676.7802
-127.6366
227.9323
220.0214
4.049583
-3344.33
-89.23666
-5963.875
-66.65968
714.7384
714.9585
-109.5476
-157.8683
7353.75
-865.4908
1052.38
-318.3852
61.98826
13341.8
2830.745
417.4457
44665.09
11042.4
1198.242
674.3443
98.03346
796.5168
-1278.93
1043.676
-116.7041
-2534.943
3235.249
1136.351
-5956.684
542.3454
886.155
389.9621
648.1974
201.8252
36.99869
592.6215
-4628.86
1444.38
1118.915
1555.385
-152.9722
-807.4288
-108.2138
-246.9465
-489.7406
215.5171
-780.1198
96366.91
11391.52
779.0259
17046.29
2399.358
824.6389
572.7478
772.1007
486.9689
-743.5984
438.5936
-793.0666
850.2415
732.5632
499.3797
-157.2585
-133.3326
-509.6453
486.9052
70.65284
1734.196
-1569.884
508.8913
590.6397
771.5417
92.30547
318.0244
424.2405
-1158.737
404.4345
14980.55
1869.079
1015.531
2094.706
587.3894
909.8551
231.7731
50.78854
569.0465
27.53378
355.936
12.70639
590.8946
599.5273
4557.169
1671.721
494.0612
7181.661
544.9899
715.1253
1227.45
951.8204
-186.6301
316.904
536.6729
800.563
985.458
663.9463
-2969.378
625.3751
125.9123
606.965
1718.996
973.7871
685.2696
3058.831
1967.712
-135.3714
310.1103
788.9572
1013.964
1522.692
943.4383
1062.985
1471.398
234.2017
2126.578
899.9546
912.4093
1546.848
307.3152
1101.141
775.8986
868.2033
-1167.824
2410.874
7995.036
1238.454
814.3555
-1190.628
1521.759
6513.065
1058.025
550.967
90.00526
-703.0967
5459.417
2533.927
1173.934
16175.88
3801.702
727.3646
1461.359
826.6961
1714.846
79.40863
586.4237
3457.135
19.42027
1774.283
1362.741
2001.903
2810.037
1816.05
1074.402
1191.255
1837.026
-2162.21
-6333.145
571.3102
831.4612
2003.03
-9752.4
-1655.965
834.2822
957.9463
1142.715
1158.497
1391.873
314.2307
43521.33
5657.441
1879.745
33266.8
4976.86
1383.376
3894.961
2918.713
1415.098
-2654.32
1045.319
1150.33
6526.601
2098.173
1458.821
667.6382
-12519.56
-328.9911
1411.43
831.783
1261.557
3841.195
-701.5337
1273.145
722.3025
1200.278
1353.282
828.7972
-1111.9
-300.1202
1121.108
1570.547
1396.31
-1462.111
1917.839
1075.172
1179.941
1626.057
1888.185
1420.127
1297.478
1475.396
1465.377
1525.514
1340.742
1583.154
2996.163
77758.21
10109.8
2431.466
1756.435
5817.573
2323.674
829.8807
26015.51
4433.189
2125.199
1007.233
939.4812
2104.557
249.2128
874.9284
1451.108
1024.446
1670.496
3124.129
1446.648
599.7208
1270.294
1405.053
4846.781
1132.021
2309.463
1700.911
1467.505
1884.339
6375.985
1689.889
1530.524
1370.087
1978.697
1113.909
1384.07
610.9715
1911.513
2091.93
1697.523
2378.962
1363.116
1168.905
3396.686
1486.979
2095.383
1618.177
392.0476
-5065.909
265.5465
986.6837
-3688.542
-86.31959
2964.188
1559.212
883.73
2153.141
-434.3312
1106.111
1154.625
1032.591
1465.764
1592.392
1882.203
1788.397
1273.313
1028.473
1561.567
1829.364
-4801.204
-63.48659
-229248
-27606.57
-1560.009
3090.837
733.5121
-11567.54
-28187.2
-3518.157
1618.287
3445.575
1893.503
2005.545
952.9734
1330.17
1100.71
1194.424
1284.574
1105.859
-1412.783
836.9152
744.4714
1348.18
1568.277
4421.203
-1037.898
2491.043
111.2864
-6887.81
154.1453
1555.004
3523.079
1294.58
1468.567
618.9691
1540.438
1326.711
1064.46
1404.49
887.8964
1443.541
-7650.1
-366.6471
928.2327
275.6373
-14407.86
6394.575
-2312.344
681.6958
1294.365
920.8163
388802.4
44793.1
5861.454
710.2879
4399.522
1798.431
3464.56
763.9849
1527.553
1050.689
950.406
1230.738
1436.425
1989.374
402.7155
934.7431
-1113.639
711.5072
-121.896
1371.335
1923.978
660.7297
558.1229
588.0247
532.087
-146.0307
719.2334
-534.393
614.0346
876.8831
-825.9695
30998.9
2248.493
2586.485
993.7506
832.0387
1164.896
475.0157
1486.394
1382.36
833.0976
-3493.752
-1043.89
397.9502
1882.054
3781.175
1022.629
797.412
56.90726
334.5987
7914.048
1433.364
628.5357
921.3416
509.1535
639.5231
1563.598
1012.227
1370.221
2395.953
2577.76
670.3434
1991.046
767.4374
724.043
-226.8914
1013.579
529.4448
815.3364
452.524
583.5017
580595.3
66870.58
8561.267
-1400.47
187.6227
-229.8591
12488
3089.498
477.0954
2197.777
1819.868
1267.524
258.3444
1008.163
862.4677
441.8184
1092.711
2411.104
794.7646
420.5794
344.5335
499.3739
598.7604
-111.2212
738.1927
1756.373
513.5074
-385.2144
688.3551
1014.192
-5740.548
-169933.2
-19226.26
-1679.376
-54.87498
959.5983
-706.1081
-234.8812
354.2114
833.1848
793.2791
-383.7896
637.2579
3335.424
1102.854
1385.778
-3675.065
173.9625
22.09106
2830.531
804.6478
373.2208
2185.926
1521.588
870.8244
349.2578
-7921.137
-39.3986
456.2555
508.6522
691.6203
406.6149
343.7552
-14930.91
-1391.024
487.5315
905.7531
579.5875
481.0604
702.6973
1010.325
815.9666
340.3061
-3927.876
60.28884
596.1818
1696.416
762.812
417.2627
535.9791
719.8447
872.6851
1502.879
1362.747
-1430.141
202.3609
708.0798
-31.71868
943.9342
676.8551
884.0976
2612.107
606.3332
573.6383
617.4589
638.5281
-1560.227
-846.864
5654.421
326.9752
1053.809
-80.31241
540.3868
2239.815
786.7137
1696.803
946.4077
-1019.03
-1736.92
789.2724
948.4729
-733.7956
1044.086
1105.865
-896.7244
951.8047
2157.424
555.0229
3011.577
1336.453
1544.58
972.8426
1941.023
2092.175
1011.63
2115.398
2135.675
1643.568
1572.094
1783.027
815.1957
473.4556
1261.587
708.3446
1530.225
1313.698
-4376.087
1420.589
3421.833
1649.287
1135.429
915.1663
817.455
-782.4926
676.8716
10850.68
2018.017
1328.051
1513.392
1357.994
1370.726
-79945.44
-7408.836
-8019.621
275.6351
1111.31
1242.007
600.7475
1030.253
1631.717
1299.119
910.6769
1426.114
1488.427
1599.572
655.2587
1102.531
2417.297
1375.785
1168.993
-992.2277
-1630.693
682.7393
1143.544
1775.764
522.9016
1021.99
1425.761
1514.479
1075.971
535.3118
1042.952
1415.429
-4911.026
906.4278
1318.775
1535.085
1881.553
759.8114
875.588
1455.141
1872.315
1726.784
28310.75
4320.453
-882.7805
1756.906
1745.294
1635.419
2329.863
-2376.895
1195.513
5526.13
2680.575
9206.431
2463.448
1897.508
2216.381
1180.444
1354.953
537.8801
2041.051
1410.643
1477.856
1801.306
1630.382
2256.232
9325.862
1323.377
4113.01
1852.513
2336.057
1216.697
1863.017
1385.39
1603.165
1997.697
-3106.39
766.9501
2106.488
2213.878
1094.43
1574.978
1993.6
86.37884
4783.083
4046.406
2085.651
1674.979
1407.804
1891.262
2035.659
1515.185
2857.936
1985.983
1491.193
2125.125
943.7169
2031.381
-11196.64
1990.824
1534.756
3248.938
451.9443
-18694.07
-1448.438
2590.827
-4574.197
1138.186
-10064.85
234.2213
806.7492
1400.55
1694.545
1492.486
1998.788
1458.986
1206.929
160.9934
1283.219
1537.049
4109.958
1681.78
1807.083
878.2243
949.7281
1912.661
1653.739
1886.758
1832.659
2024.138
1853.493
2914.72
3136.318
1339.988
865.5463
1938.187
3970.881
2335.869
2271.006
1750.378
1633.94
1583.267
2891.879
2148.452
-52.18173
919.6946
6162.996
1939.15
5416.317
-5241.891
-1023.642
1065.918
3811.505
2276.467
536.1433
34565.39
5099.69
270.7228
952.5294
2814.369
3290.134
951.3657
840.0724
-1193.008
1211.854
1355.953
-1860.239
398.3521
1236.191
1618.341
2468.337
1804.018
160.7087
1613.826
-1225.121
880.1665
1163.446
-569.4075
1267.549
2337.896
1236.19
1353.155
1520.381
1423.099
1544.785
1068.154
1108.96
1009.215
1277.415
1936.263
1993.965
-71.51743
2064.64
662.482
932.638
601.2697
1414.185
623.5002
966.1355
1635.866
4188.736
2304.199
2143.53
-849.2859
-156.591
1436.015
1527.313
2096.264
1513.394
2073.502
1450.253
4066.458
1080.477
2483.914
1095.353
515.4603
1469.383
1350.442
1220.412
2670.955
69.4225
740.0136
372.6194
1242.048
1788.428
1300.363
1472.015
-25781.44
-2993.453
882.5449
607775
68995.11
7703.073
1997.241
1340.972
774.0508
-738.5505
963.6686
1023.107
1055.13
3373.611
1218.809
509.1693
715.3828
765.8251
1339.046
894.0177
2440.714
1415.62
1170.883
2530.896
-10331.2
-1783.595
-9511.204
-697.0957
505.7725
1071.541
1616.233
1202.504
398.8009
1102.801
-74.12156
-104.1502
2021.366
2477.201
-1594.652
542.4586
987.3579
881.1293
1601.302
1094.08
403.195
6260.129
972.6888
1163.283
1297.237
891.4808
407.7987
718.1646
777.7092
-502.9553
-322.6665
947.2831
-525.1895
-387.7396
-468.0202
494.1668
822.1212
-86.09003
281.9877
796.1312
-1717.601
741.163
801.3859
580.8107
2613.084
2493.173
663.9625
1353.083
703.364
-2642.403
-605.0948
-481.8363
6285.183
571.8686
-835.0653
912.1524
675.5496
898.3634
-554.007
431.1047
868.8194
251.8945
658.7723
-1129.125
1262.969
3088.988
1012.05
802.6895
2782.372
1478.615
1046.327
-224.5644
782.6038
829.2073
3092.247
1466.683
1497.91
-271.5042
-162.5051
753.9939
814.1915
1104.35
-5832.089
429.0445
1097.013
355.3881
-473.9731
799.1019
804.0036
1422.978
1884.249
15972.62
3144.842
546.2162
2265.477
984.1336
859.9096
1854.538
930.5423
472.2601
106.2273
596.2967
1082.004
399.2614
496.2719
922.6721
1079.26
683.3077
1890.723
1824.89
-6586.392
729.8118
1467.959
1106.822
-207.189
4049.709
1760.656
1473.805
1229.483
937.9794
102554.2
12169.78
2647.121
1090.811
5570.461
-15713.2
-294.4821
-29740.82
-2558.089
917.4881
1892.359
758.7057
4256.85
1577.516
1132.497
583.2056
-2114.455
901.2298
1314.54
1827.359
1301.233
967.1756
1185.667
111.4486
947.1438
784.8084
1473.514
1214.307
3688.401
1078.222
1241.557
2674.462
1348.701
2521.462
-9953.792
-415.6473
163.6731
943.1683
1105.317
1639.684
-364.2269
5173.949
2218.25
-1114.541
502.037
4202.009
1756.636
6945.738
2502.079
1250.063
1218.1
965.7673
-8821.194
381.1167
1371.225
1594.423
3442.275
1989.346
455.0222
1032.699
1666.891
2415.09
1243.914
-4368.301
1051.453
1255.907
91.65566
1581.987
3025.58
1601.93
1563.492
1358.832
3430.828
1441.022
1446.254
2328.402
1717.691
1754.542
1445.72
-4303.331
-864.7495
1175.508
1493.837
1804.762
1486.658
-25425.44
-10691.9
-234.5823
1153.029
1725.802
2312.014
1731.444
1440.673
1924.034
1913.307
1569.061
7572.139
2314.707
1977.066
2580.033
25146.9
3992.503
2047.82
1995.517
1548.729
844.1105
2404.438
1740.985
1265.23
1944.515
-5992.676
3013.417
2594.041
1220.19
1764.263
2012.564
802.3775
2402.878
2774.399
5034.743
-1154.257
-5030.584
1144.471
2334.639
1849.808
2641.396
3268.352
2338.643
-6372.356
645.2414
1541.258
2726.395
1913.625
1524.575
-848.3948
1270.703
3269.118
3976.244
1782.416
-2107.201
2746.137
1644.455
1014.883
1410.339
3096.499
4724.027
1932.946
4832.679
3005.101
1875.069
1011.13
1754.269
2349.621
1951.772
2171.637
-2262.454
-1104.336
1606.311
2251.549
1175.228
36716.45
5401.043
2605.127
2509.109
2593.013
7987.396
3576.212
2205.009
2634.698
2036.117
1983.14
2015.216
330.8959
1998.297
1762.567
1775.816
1388.074
4853172
549998.6
63555.22
9121.595
1971.366
2196.224
-1484.218
-2891.373
2968.483
2554.266
584.37
1064.447
24286.79
4766.863
1779.869
1928.113
1099.429
1687.359
1318.686
2484.729
2282.104
1517.845
1121.567
1545.924
1668.237
1334.937
5321.122
2061.419
1552.175
1734.078
2637.59
1802.425
1607.875
10092.95
2139.956
2273.743
2460.373
1951.466
1721.943
1059.348
1245.645
1366.401
4551.863
2012.058
2115.959
2063.528
1044.556
1713.439
1887.973
1782.468
1648.727
1733.083
1669.067
1948.468
1852.864
2138.698
1103.564
6676.111
2265.596
608.4773
1806.69
1820.105
1985.681
840.3563
1109.452
1706.859
1959.307
1497.644
749.9072
1676.677
950.5152
1558.116
1076.539
1454.253
1594.034
1365.926
1026.687
780.7408
1156.161
1304.66
913.7405
902.1876
843.1786
-635.8147
17029.67
5265.009
1815.529
1660.111
1433.073
1102.423
1462.284
1168.236
776.9698
1615.438
1269.971
2532.948
-3196.396
-3714.649
769.9757
2195.523
824.5299
3512.723
1399.669
2295.737
1276.88
1749.917
1105.817
1591.799
1233.753
2698
7428.017
1699.746
1180.98
838.6626
2580.145
2319.174
-340.3423
1157.191
-3246.266
682.7616
1131.799
70.21577
776.0398
519.3834
2454.212
1857.103
1186.067
797.507
1023.716
1154.577
1072.54
1052.387
1305.471
1124.63
1264.525
1011.32
2652.884
2675.292
1009.486
2253.223
1784.502
1129.65
1412.194
1021.247
-4165.586
680.6298
1131.307
44298.71
5358.367
2096.925
2373.164
1247.552
1318.928
-505.9748
754.5425
416.8614
1396.447
1323.676
1668.746
747.1959
-124.7036
768.9298
-301.9796
1016.545
972.6409
-1591.537
362.2092
1122.314
2542.198
511.0892
1218.974
1374.015
2938.667
-18527.99
-1189.543
4399.227
1675.189
535.5247
1065.131
1807.07
-13095.35
-48439.23
-4561.264
269.3489
472.3853
963.8023
10177.04
1300.07
795.7972
386.6796
3306.862
1480.871
-1771.127
287.9496
1061.831
880.9175
1366.439
1409.51
1408.635
2052.126
1115.729
660.3532
5687.048
1525.987
2712.729
1951.032
4533.936
1248.282
1387.234
-2624.133
3018.899
1610.504
-1401.133
-89.91609
1211.33
1920.565
683.5801
850.7339
910.6805
803.5641
725.8719
89.8547
2471.027
1157.289
1146.148
1610.922
466.0821
1025.351
-7497.99
-205.2687
726.9547
993.6721
1668.722
416.6418
1075.239
663.3203
954.6029
-2089.956
1039.918
1020.732
2038.812
-1067.113
834.9744
532.4244
-1805.748
981.154
1860.169
1332.571
900.0757
1665.583
1439.526
-6942.133
-4421.068
-793.8593
2279.263
8787.784
2495.346
2033.848
915.7652
1987.045
1737.023
1266.039
1229.091
1187.198
1518.903
2835.251
2091.909
884.6583
1283.833
2275.421
2167.047
3619.225
1775.729
-1041.634
1518.868
1679.873
1007.464
19256.12
3697.835
2691.364
11719.56
2665.451
1644.893
1321.285
1405.695
1816.852
-2200.184
1274.286
4451.637
1600.938
5519.825
2545.23
2110.447
2059.32
2624.501
2079.347
2669.937
778.0488
1516.034
1725.872
1714.653
1735.314
1259.385
2781.379
521.8491
2073.178
884.2272
2162.938
2067.338
1904.57
1672.973
1196.612
854.8518
1337.821
250.5655
1654.478
1466.94
1852.133
45.71889
1734.864
973.8526
-653.554
3874.141
1735.293
1817.863
1666.896
2969.305
1204.351
892.6823
1616.407
1704.484
-822.8617
3116.015
2107.187
2158.085
1973.78
1314.948
2101.004
-3546.282
2257.484
1845.553
-1913.287
-986.3922
2325.566
2312.545
1825.566
1208.365
-11636.86
280.2134
2126.957
1559.799
1630.99
12129.48
4079.096
3667.214
2212.745
5864.07
2513.626
-3161.115
1402.159
1995.105
1798.406
2646.82
2727.032
482.6785
2204.355
2306.303
2061.762
2393.77
3641.394
2037.395
102.7676
2503.753
2829.388
1778.818
1587.553
2717.942
2090.665
1387.836
2852.927
-13036.39
-1635.376
1630.074
1716.848
2540.294
1993.749
1663.959
1740.346
3831.315
2264.876
4425.941
2134.806
2304.231
1874.424
1662.33
4565.675
7337.428
3735.636
735.4521
484.4278
3790.367
2534.405
3087.301
1149.492
1897.906
2065.679
3608.06
2674.82
3042.592
2793.679
2278.317
1108.069
2451.205
-4510.206
-3194.827
1821.473
5874.572
2464.282
