3640.488
3650.269
3622.289
3760.823
5009.63
4692.625
4608.47
4624.04
4098.02
4057.445
5466.571
5407.438
5410.19
5233.83
4781.007
4641.358
3737.007
3362.967
3635.377
3874.877
4116.056
4095.69
4383.306
4022.657
3711.162
3520.807
2523.773
2204.787
1906.462
18193.12
17846.68
17281.16
17530.42
17289.3
16746.44
16481.76
16203.46
16139.28
15878.24
15541.94
15396.81
14787.19
14338.73
13996.48
13689.07
13252.72
12912.65
12738.51
12461.89
12069.82
11813.77
11353.77
11078.14
10757.39
10701.01
10474.37
10227.72
10007.43
9368.961
8718.161
7772.89
7665.702
7521.146
7069.299
7169.716
6882.117
6798.355
5838.629
5395.608
5163.829
4973.318
4960.295
4916.609
3673.166
3846.269
3781.355
3532.081
3644.678
3514.871
3533.38
3490.12
3615.459
3500.663
3757.586
-2350.623
-2230.953
-2138.461
-1830.93
-1163.113
-1093.875
-999.7971
-1350.402
-1024.315
-822.176
-658.9089
-610.0289
-538.4516
-515.1242
-218.6105
-262.5309
-415.1398
-315.6137
-304.0546
-634.0855
-1000.972
-1758.52
-1946.054
-1928.82
-1638.955
-1829.039
-1665.234
-2942.349
-2866.617
-2571.124
-2643.851
-3320.979
-2654.496
-2677.891
-2571.089
-2476.203
-1854.003
-1671.749
-1636.677
-3686.637
-3554.194
-3496.263
-3417.56
-3289.033
-3464.503
-3362.537
-3264.716
-3144.953
-4110.416
-3656.859
-3877.469
-3120.933
-3086.117
-2880.802
-3062.529
-2858.301
-2707.398
-1837.06
-2026.574
-1910.721
-1784.016
-998.541
-940.9561
-950.6897
-968.0297
-768.3046
-809.2212
-946.9786
-801.1059
-885.0471
-230.5528
-287.2881
82.87447
157.9865
121.4674
856.3294
817.2026
721.8973
731.9818
-404.6597
438.3446
2261.059
2039.224
2024.13
1960.642
1688.34
3099.226
3018.109
3115.753
3250.447
3054.207
3322.571
2781.483
2981.366
3129.798
3290.973
3205.874
5822.038
5878.445
5620.495
5704.31
5557.965
10130.9
9828.876
9865.485
9734.146
8993.237
7979.416
7887.071
7797.619
7469.351
7626.526
6697.077
6786.445
6860.335
6599.73
9118.66
8954.413
8765.189
8974.424
8729.889
8744.992
8648.592
8165.079
8184.252
8488.442
8261.931
8659.868
8700.834
8483.707
8380.847
7990.351
7156.115
6914.328
6632.205
6534.681
6898.268
6662.979
6387.338
5258.199
5118.978
4984.648
4880.174
4131.787
4042.679
4041.875
4043.872
3884.563
3683.552
3388.67
4005.693
3670.952
3243.591
3275.658
3269.215
3307.105
3217.182
3069.065
3034.132
7730.953
7778.608
7287.483
6729.226
7375.815
7265.909
7013.918
7085.567
4865.338
4840.466
3600.964
3620.726
3592.008
3479.637
3253.094
3085.776
2844.386
2724.446
1568.392
1211.867
931.453
669.9826
903.5112
885.8679
1608.518
1459.025
1331.34
1409.631
1446.221
1525.889
1657.527
1585.937
1696.408
1491.823
1577.267
1427.404
1433.477
1325.163
1359.698
1041.151
404.8469
-462.1704
-454.2966
-412.5321
-666.7241
-432.7238
3317.761
3191.186
3074.577
3496.62
3666.061
2783.252
2466.518
1335.272
1482.55
1509.14
1318.914
1183.347
1075.324
1073.575
1182.916
94.18133
15.30001
214.8524
253.7702
-31.15372
65.42438
-156.1617
194.5003
131.2218
55.07559
71.17389
-138.6084
-38.88265
30.89558
-95.07385
254.6778
259.2243
439.7435
353.8385
394.2077
1466.556
3305.306
35274.21
34608.72
33812.92
32233.74
31596.01
30896.59
29956.98
29470.58
28539.98
24670.52
23847.55
23497.9
40913.45
39844.59
39242.38
38195.78
37144.55
36163.65
34483.41
33473.83
32565.86
31888.84
31268.55
30660.83
29875.33
29158.84
28272.71
27609.61
26840.72
26478.16
25896.39
25356.73
24610.46
24035.32
23279.63
22330.44
21738.71
21075.86
20666.74
20078.73
19653.96
18885.71
18805.55
18153.51
17173.22
16688.11
17621.19
16847.89
16406.34
16860.95
16101.01
15757.28
15495.37
17125.54
16891.47
16567.53
16256.95
15478.17
15288
14959.44
14527.52
13344.2
13090.54
12694.81
12316.15
12368
11460.59
11432.28
11136.52
10846.21
10577.1
10401.11
10218.57
10637.88
9911.275
10087.28
9912.197
9613.191
9372.643
9130.202
8937.226
8678.537
11147.03
11004.04
10086.69
9783.466
9599.975
9412.251
9544.956
9338.67
9672.916
9301.966
9299.376
11633.94
11316.76
10926.76
10375.24
10631.29
10007.73
9013.385
8824.091
8206.577
1259.418
628.0925
703.6328
619.9547
194.8586
269.2561
1121.957
1023.362
908.7833
457.5513
479.1597
294.7191
-192.3376
-147.922
398.7754
381.8631
-2085.377
-2424.812
-2114.755
-1826.275
-1973.156
-1930.575
-646.9929
-476.3966
-423.6799
-482.6347
-698.4993
-749.85
-734.4587
-974.6158
-2912.36
-2931.323
-2301.721
-2455.007
-2372.951
-956.708
-1029.411
-921.9559
-1659.52
-1519.036
-2271.706
-2243.187
17275.58
16933.4
16512.13
16170.04
15998.73
15526.85
15205.28
14243.76
13875.33
13612.95
13040.61
12729.67
12722.2
12414.38
12052.43
11418.23
11107.52
10851.3
10577.93
9585.989
9246.576
8884.589
8751.939
8644.832
8478.561
8339.203
8336.295
7862.979
7870.707
7627.379
7605.83
8033.534
7826.074
7604.968
6988.874
6848.781
6762.623
6736.585
6653.045
6265.511
6100.984
5777.347
5345.284
5136.805
7022.61
7119.386
6976.388
6879.178
6468.114
6234.691
5187.385
5070.503
4814.112
4799.599
3609.22
5341.858
5174.015
5337.587
5196.361
4859.747
4284.608
4057.214
4255.357
4120.796
3929.532
3892.36
3884.684
3967.031
3853.403
3905.337
4967.585
5361.354
5367.163
4934.598
4815.198
4620.519
4427.452
4392.118
4059.304
3803.025
4589.095
4334.248
5407.696
7899.634
7626.301
7406
7283.314
8507.261
8457.698
8853.459
8596.809
7607.32
7692.735
7833.001
7697.322
7274.211
7307.65
7128.799
6265.616
6118.947
5812.844
5475.367
5506.535
5434.331
5371.624
4926.942
4749.705
4915.16
4729.107
4850.801
4732.357
3738.017
3577.048
3503.63
3642.108
3536.232
3306.35
3279.519
3090.635
2997.715
3108.658
3125.272
3190.805
3372.676
3584.647
5289.608
-8847.333
-8572.131
-8255.027
-8016.607
-7772.256
-7767.324
-7623.774
-7671.503
-7715.221
-7548.397
-7509.188
-7276.002
-6898.472
-6942.167
-7009.619
-6840.091
-6444.97
-6140.618
-5971.03
-5359.32
-5415.147
-5264.228
-5072.55
-4996.125
-4692.852
-5118.961
-5091.806
-5101.767
-4631.505
-4531.499
-4196.319
-4158.273
-4468.604
-4005.563
-3979.83
-3980.794
-3903.217
-3618.721
-3623.447
-3375.937
-3312.437
-3119.205
-3115.63
-7906.838
-11072.99
-10190.22
-9675.337
-9616.79
-9495.396
-9019.366
-8305.648
-8009.18
-8173.449
-7946.598
-7821.745
-7232.399
-6924.67
-6590.738
-6557.547
-6397.163
-6949.283
-5.908042
102.6051
-242.61
-823.5582
-2753.611
-2694.866
-2891.149
-2448.528
-2347.846
-1823.31
-751.5896
-900.1491
-1008.624
-705.6237
-712.5134
-767.9853
-644.177
-638.61
-1009.077
-956.0716
-675.3399
-1101.31
-672.3651
-764.685
-752.538
-785.865
-535.0595
-455.1414
-400.3302
690.3991
735.3004
1724.582
1876.442
1949.519
1723.912
1187.799
954.4484
2802.731
1551.357
1533.879
1255.401
1308.131
1377.923
1472.231
1825.254
1754.58
1213.302
1035.107
1194.955
1251.621
1310.27
1265.68
4040.946
3961.978
4645.921
4479.29
4610.669
4471.231
4385.557
3834.152
3821.816
3820.767
3582.16
3538.828
3447.831
5302.43
5260.814
5031.974
3826.405
3570
3570.74
3401.735
2835.714
2141.191
-2037.313
-2067.131
-2140.277
-2089.351
-1823.594
-2026.662
-1884.975
-1625.577
-1701.667
-1073.123
-784.1071
-508.6451
-602.8646
-381.4618
-328.3173
-289.0953
-471.4842
-375.2372
-430.4851
711.6239
666.6694
479.2564
597.1805
251.1893
234.6171
165.6434
713.9924
21011.43
20330.64
19706.91
19242.53
18733.41
18325.38
17982.5
17535.79
17267.51
17226.48
16416.06
15822.37
15571.06
15005.42
14765.88
14509.23
14031.3
13532.05
13197.81
13911.04
13463.54
13001.01
12830.69
10806.71
10468.9
11219.38
10718.37
10571.38
10301.35
9990.554
9468.4
9348.518
9169.825
18074.12
17519.36
16869.22
16142.99
15764.34
15380.49
14084.9
13791.68
13372.15
13268.98
13041.87
12799.26
13669.44
18231.46
18181.8
17962.44
16354.47
16151.55
22318.97
21846
21005.81
20480.79
19929.62
19785.77
19027.45
19475.46
18734.54
17652.16
17295.25
16892.8
16593.66
16288.31
15678.37
15313.22
14949.51
14536.74
14826.78
14692.29
14752.77
14519.78
14127
14484.12
14302.81
14606.24
14185.97
62113.25
60728.44
59187.21
57830.6
56875.56
55470.84
54184.66
52900.36
51533.2
49988.12
48768.08
47594.21
46637.59
45496.32
44347.72
43202
41946.64
41593.36
40497.59
39408.91
38442.46
37584.2
36568.59
35686.14
34664.46
33922.73
33041.59
33325.18
32573.02
31031.55
30443.18
29654.42
28648.98
27802.93
27680.43
27097.1
26366.52
25728.48
25205.61
24532.78
24079.62
23655.42
22991.09
21978.23
21840.5
22151.36
22185.13
21572.2
21943.5
20443.84
20512.05
19568.41
15659.42
15281.91
14771.72
14409.36
14010.22
13585.17
13281.08
13291.58
13079.08
12674.35
10815.45
12060.48
11973.87
-6970.771
-8505.159
-8227.902
-8391.234
-8899.075
-8847.953
-8369.709
-8951.689
-9062.983
-9576.767
-9351.908
-9197.816
-8848.226
-10101.19
-12266.2
-11969.8
-11655.93
-11410.12
-11056.99
-10476.6
-10199.35
-10074.19
-9797.242
-9564.474
-9448.727
-9241.173
-8952.853
-9643.067
-8775.894
-8645.948
-8268.069
-8014.666
-7849.443
-7497.616
-7254.353
-4185.425
-3796.135
-2238.082
-931.8871
-923.7376
-735.3683
-1288.94
-960.1
-526.5866
-599.7768
467.0074
377.1485
585.0033
697.2195
634.1098
622.2848
558.1033
564.5813
775.4607
-96.88367
-12081.02
-11677.5
-11425.62
311.2998
220.8194
269.4901
418.6703
-70.90244
1145.22
698.6561
707.7384
505.878
427.5837
735.5252
481.0755
324.1912
-1786.515
-2294.67
-1924.619
-654.7731
-694.1267
-856.7382
-766.8068
-641.4424
675.5717
959.0323
906.5835
158.7568
216.019
281.2142
324.1676
485.6472
349.7701
275.2824
251.9473
227.3884
759.4306
810.8349
949.6291
945.5916
504.1331
485.3064
520.7563
1140.673
1003.07
840.4437
28.88602
15576.03
15120.26
14798.24
14538.72
14142.98
13788.11
13144.41
12481.89
12309.6
12943.58
12869.91
12559.79
11980.33
12012.12
12055.86
11396.03
11408.62
10986.32
10424.03
10108.9
10019.66
9097.619
9149.687
8940.657
8687.763
8472.408
7978.827
7653.489
7472.926
7188.865
6812.284
6450.571
9089.906
8983.145
9403.447
9225.361
8209.601
7977.328
7944.567
7914.103
7698.856
7102.665
6874.105
6670.613
6552.028
6356.168
10027.28
7045.711
7006.312
8433.487
8135.897
7808.943
7758.327
8021.937
7922.006
7707.69
7268.608
5927.33
5742.061
5482.457
5368.003
5181.443
5061.651
4967.031
4891.054
4642.045
4469.52
4253.341
4112.778
3990.058
4088.521
4036.05
3894.726
3638.798
3341.284
3355.856
3397.885
3171.626
3135.034
3182.86
3204.875
2712.447
4899.462
4653.33
4396.67
4326.569
4192.663
4900.726
7117.33
6911.897
8546.938
8350.819
8222.086
7985.359
7555.683
7105.976
6919.337
7227.477
7272.28
7017.406
6919.41
6811.665
6609.605
6518.639
6153.978
6716.83
5306.336
5512.72
5524.754
5868.733
5226.243
5065.33
4987.357
4879.017
4669.692
4675.533
4323.513
4268.389
4169.121
4173.297
4094.469
2991.958
2341.749
2348.794
2348.75
2391.024
2709.089
2518.435
2637.755
2244.124
2314.74
2361.6
870.6532
91.06975
503.3245
-1889.726
-1183.476
-1177.8
-605.3881
-665.761
-443.4681
-1220.981
-1272.798
-301.1059
-96.8843
-58.91465
193.4776
-35.35062
-173.1929
-3486.274
-3415.578
-3582.128
-3815.368
-3790.101
-3748.015
-3863
-3556.496
-3881.864
-10906.73
-8830.643
-8099.213
-7045.973
-7001.107
-7066.375
-6896.507
-6936.262
-6916.533
-5327.702
-5251.8
-5241.403
-4635.966
-5050.438
-5077.496
-4952.859
-4749.439
-4751.562
-3584.72
-3380.566
-4436.55
173445
169140.7
164842.9
160237.3
156385.7
152582.4
149021.6
145485.5
141723.2
138327.7
134959.9
131954.3
128687.6
125432.5
121959.9
122922.1
119713.2
116572.2
113241.7
110337.8
107598.7
104900.9
102318.9
100134.6
97533.98
95105.29
92148.93
89838.17
89398.87
87518.55
84841.35
82821.41
80708.15
78683.09
76717.43
75557.49
73654.39
71687.07
69874.98
67999.77
65709.96
64511.79
62809.13
61103.68
59597.84
58353.5
56639.77
55665.46
56497.65
54930.36
53440.39
51971.32
50425.29
49122.31
47657.51
46887.84
45646.93
42016.51
40858.67
40031.76
39320.49
37572.91
36955.79
36141.22
35125.12
34237.18
33403.25
32507.29
31818.01
30884.59
30478.33
29715.05
28650.9
24816.33
24078.42
23605.21
22972.19
22454
21758.45
23268.3
22642.45
21929.16
22414.3
21841.61
20966.1
20439.78
19963.48
19086.05
18824.01
18544.47
18018.69
17401.45
16993.45
16894.19
16436.12
15983.5
18620.74
17898.97
17336.64
16862.34
16556.5
15836.34
15402.07
14998.75
14655.07
14218.79
13889.55
13516.48
13366.39
12971.13
12783.01
12454.16
12487.94
12028.93
11434.91
10331.91
10170.04
10014.61
9772.838
9627.51
9501.776
9427.594
9965.514
-6279.174
-6090.812
-5257.645
-5040.421
-4876.081
-5598.803
-5604.636
-5374.15
-5184.715
-5171.661
-5081.839
-3120.174
-3191.428
-3029.047
-2895.941
-3049.768
-3060.736
-3156.496
-137393.7
-133997.6
-130653.7
-125841.8
-122688
-120005
-124802.2
-121706
-118534.4
-115559.6
-112561
-106409.1
-103864.2
-101629.6
-99191.11
-96676.93
-94329.99
-92010.85
-89763.73
-87721.97
-85744.19
-83584.69
-81702.23
-79969.75
-77716.28
-76463.71
-74537.45
-73682.48
-72036.71
-70249.58
-68414.09
-66751.63
-65139.22
-59769.54
-58069.51
-56044.96
-54305.16
-52947.24
-52226.99
-50661.72
-49411.19
-48011.65
-46887.98
-45416.28
-45598.52
-44318.29
-38700.91
-37830.28
-36486.41
-34663.63
-33349.35
-32529.09
-31651.38
-30631.46
-29784.74
-28947.55
-33892.17
-33002.31
-32343.24
-31288.65
-30304.91
-29393.82
-28618.59
-27918.88
-27196.72
-26487.61
-25974.52
-24888.29
-24151.26
-23577.9
-22551.8
-21968.64
-21478.98
-20950.56
-20460.34
-20146.48
-19805.3
-22573.86
-21914.05
-21215.6
-15597.87
-15229.02
-14766.34
-13764.28
-13459.36
-13043.04
-13135.43
-12709.82
-12279.29
-11836.05
-11579.22
-11201.18
-10779.03
-10199.42
-10117.33
-9751.314
-9544.818
-9246.069
-9146.956
-8987.105
-8499.868
-8321.727
-8104.759
-639.7638
-491.5936
-250.2587
-12549.46
-12514.75
-12319.57
-11805.28
-11382.76
15299.79
15026.24
13805.88
13454.88
13391.65
13289.85
12810.11
12274.14
13490.06
17150.46
16929.35
16372.79
15716.96
15347.54
14918.66
14581.25
14096.93
13509.4
12916.21
12791.71
13194.9
13084.96
12661.5
14171.56
13874.79
13580.76
13330.94
12488.47
12029.02
11786.61
11927.82
11728.17
11622.69
11552.18
11533.93
11257.91
11113.33
10740.27
10513.06
10214.88
10052.67
9394.127
9612.212
8580.631
8253.67
8060.833
7695.51
7506.605
7746.887
7555.601
7153.704
7035.914
6807.754
6728.236
6694.089
7207.082
6843.325
7381.837
7517.15
7343.567
7206.132
7050.843
6838.783
6882.377
5455.13
3239.09
2179.844
-19708.88
-19143.83
-19308.37
-19046.93
-18493.84
-17063.65
-16095.44
-15823.31
-15822.6
-15473.02
-14954.64
-14407.15
-14188.56
-14782.77
-14386.7
-14324.85
-13816.91
-13501.55
-14320.59
-14311.02
-13965.97
-13350.76
-13013.94
-12719.73
-12544.56
-14929.24
-14559.47
-14249.41
-13917.43
-13800.67
-13720.21
-13066.8
-12837.72
-8867.117
-8648.783
-6926.009
-6808.608
-6542.899
-5949.881
-6097.583
-5880.33
-5751.845
-5535.357
-5439.316
-5298.603
-5161.861
-4943.262
-4861.409
-3898.239
-3971.179
-3921.327
-3717.956
-3360.879
-2768.306
-2723.568
-2706.305
-3762.13
-3726.157
-3725.106
-3683.337
-3763.3
-3590.833
-3513.107
-3472.976
-4280.822
-4526.335
-4139.461
-3402.87
-3331.901
-2981.522
-2987.903
-3330.983
-3404.179
-3040.12
-3266.918
-3305.065
-3222.493
-3129.739
-2766.564
-2744.604
-2696.248
18738.93
18252.04
16502.52
16172.14
16730.85
15707.67
15641.16
15258.99
14856.57
14649.26
14282.41
14232.16
13690.05
13246.39
12854.76
12476.67
12187.05
11948.08
11655.63
11324.68
10568.29
10579.78
10266.75
11743.15
11678.15
11659.58
11101.05
10679.54
10294.31
10104.92
10332.12
10298.6
9965.432
9081.031
8766.564
8541.345
8382.786
7950.087
3935.807
3939.563
3731.805
3474.702
2967.638
2929.319
8244.565
7875.114
7650.887
8694.256
8441.717
8278.741
7451.892
8042.419
7715.308
7539.99
7324.275
7240.278
7024.684
6727.807
11312.53
11070.37
10388.93
9823.178
9595.459
9114.056
11860.11
10741.15
10431.08
9980.865
9673.894
9543.185
8939.631
8644.701
8366.612
8108.541
7999.086
7903.214
7736.625
7429.585
7296.378
7113.635
6976.036
7309.777
7170.85
7368.31
5691.847
5430.641
5195.978
5221.829
5418.708
5243.793
4950.681
5322.128
5277.695
5083.807
5058.496
4785.596
4644.796
4497.891
4277.927
4184.362
4074.366
4012.258
3898.153
3765.439
3581.634
3705.09
3568.094
3005.792
2997.3
1260.551
1243.192
1147.219
1091.492
1122.72
-22168.52
-21617.86
-21341.84
-20730.19
-20325.28
-20023.69
-19518.96
-19528.94
-17589.08
-16881.7
-16439.52
-15960.97
-15589.99
-14979.94
-14876.79
-13062.18
-12767.77
-12249.44
-11950.06
-11666.69
-11500.46
-8299.918
-8160.533
-7887.195
-7793.175
-7579.949
-7854.305
-7927.353
-7547.064
-7569.481
-7415.695
-7324.62
-7224.933
-6944.114
-6876.654
-7234.586
-7145.392
-7066.521
-6765.197
-6455.54
-6676.79
-6758.453
-6588.353
-6406.381
-6263.22
-7273.659
-6974.558
-6894.214
-6631.868
-6613.318
-6490.237
-6471.34
-6252.627
-6362.111
-6309.017
-6122.935
-5534.299
-5280.481
-5291.262
-5164.909
-5307.462
-5325.622
-4095.269
-4147.37
-4144.137
-4073.647
-3415.152
-2798.281
-2316.894
-1784.807
-2041.512
-1827.116
-1541.003
-1705.282
-1739.589
-1767.335
-1704.292
-1989.923
-2447.543
-2479.249
-2594.352
-2812.505
-2715.509
-2176.297
-2118.7
-2300.372
-2250.827
-2150.544
-1899.604
-1814.656
-1739.015
-1678.762
-1616.383
-1769.765
-3503.39
-4496.495
-4371.382
-4803.711
-4293.274
-4219.653
-4056.74
-3943.388
-3762.686
-4069.86
-3304.677
-3244.834
-3034.24
-3688.653
-3713.713
-3575.279
-2813.089
-2751.963
-2701.667
-2648.568
-1165.528
-1749.202
-1987.843
-2290.249
-2242.808
-2497.198
-2420.799
463.0835
429.292
644.426
506.662
56.04603
-289.7566
-1391.131
-1860.52
-2494.222
-2401.398
-2290.752
-2231.169
-2214.627
-2097.836
-2093.757
-2005.766
-1822.976
-1628.083
-3794.989
-3527.382
-3450.163
-3238.64
-3007.572
-2855.324
-2741.263
-2998.188
-1940.235
-1937.841
-1945.96
-6694.191
-6420.16
-6264.263
-6303.408
-5797.441
-6096.195
-5896.011
-6062.017
-4712.572
-4493.684
-5485.815
-5503.068
-5527.514
-5346.733
-5240.14
-5110.639
-5327.975
-4848.315
-4923.153
-4783.771
-5001.02
-5968.59
-5689.761
-5592.156
-5478.198
-5290.194
-5013.292
-4979.234
-4937.147
-5117.896
-5180.691
-5023.301
-4209.27
-4157.926
-3958.938
-3869.672
-3696.119
-3545.834
-3540.916
-3418.791
-3423.415
-3237.42
-3085.56
-3380.578
-2072.747
-1449.089
-1090.244
-1002.642
-320.7567
-208.1702
-526.2208
2903.884
3058.218
2912.587
2861.914
2729.246
2522.234
2486.538
2523.381
2503.792
2073.083
2179.186
984.0927
931.824
869.9978
842.1667
-468.0124
-527.3438
-611.5136
-474.3469
-373.0735
-252.5567
-264.481
903.184
908.8539
893.595
368.6087
330.552
278.7851
205.932
11.44621
191.1697
545.1011
1395.714
1232.197
1063.484
2829.398
2475.469
2420.068
2698.13
2270.858
2475.121
2365.687
2295.792
2148.756
2043.538
2059.63
2109.784
2381.795
2313.872
2199.265
1865.115
1719.444
1505.599
1335.401
1375.512
1338.086
1457.394
1350.129
1535.319
1242.464
1441.259
1193.97
1230.888
1172.708
337.3148
209.8586
199.9013
355.6268
329.5415
313.8159
-461.2169
-613.4137
-1468.476
-1364.84
-1331.205
-933.2832
-1089.705
-4255.889
-4090.654
-4234.835
-4008.85
-3699.098
-3775.016
-514.9919
361.0203
143.9084
86.96958
6.63724
1013.425
829.7112
673.4473
767.2177
1091.283
1152.766
507.2418
762.0869
836.2414
233.4068
233.1632
92.27772
62.79301
895.9777
1260.549
1181.097
1231.331
1190.701
1187.282
17289.01
16882.37
16434.99
16122.78
15918.38
15546.38
14416.19
14060.97
13785.89
13409.64
-23346.39
-24737.42
-24381.15
-23749.79
-23238.74
-20850.45
-21242.4
-20016.33
-18449.23
-17966.99
-17639.16
-17272.52
-16934.88
-15525.26
-14918.46
-16165.86
-15310.86
-14950.99
-12020.23
-11085.66
-11101.42
-10844.9
-12955.75
-12851.57
-12404.33
-12102.99
-11951.36
-11640.54
-10774.87
-10109.63
-10073
-10755.29
-9970.162
-9647.213
-9298.228
-11154.71
-10731.07
-8288.556
-7527.736
-7278.269
-7203.941
-6994.23
-6784.87
-6608.33
-6847.178
-6672.577
-6526.405
-6677.502
-6648.039
-6317.849
-6168.933
-5009.777
-4759.154
-6198.663
-5842.601
-5712.207
-5046.876
-2052.2
-2172.595
-2065.623
-2008.548
-2022.706
-1964.295
-2016.019
-1374.009
-950.5254
-994.7715
-556.9825
-546.6676
-527.6636
-658.9257
-500.3077
-849.1354
-846.8039
-511.4001
-553.9126
-480.1384
-616.5633
-597.8745
-196.811
-83.97817
-322.4645
-388.7951
-262.3156
-449.0578
-665.8066
-806.5957
-857.3
-906.0942
-606.9249
-562.1399
-1292.484
-1383.889
-1401.166
-1502.268
-1533.319
-1943.23
-1872.157
-1970.487
-2273.997
-2207.798
-2621.686
-2506.742
-2279.715
-2329.19
-2216.322
-2098.493
-2703.017
-2751.215
-2758.808
-2730.52
-2831.405
-2733.917
-2687.142
-2821.716
-2671.835
-2581.333
-2181.372
-1994.369
-2124.34
-1925.654
-2054.285
-2006.323
29846.12
28778.01
28239.02
27955.92
27149.27
26335.8
25813.33
25166.05
24449.42
23689.44
22843.35
22137.86
20930.39
20296.49
19806.45
18891.22
18322.44
17686.07
17189.55
16956.85
16603.44
16200.6
15492.56
15149.93
14794.28
14545.78
14219.1
13462.89
13442.06
13055.73
12378.55
12205.52
11917.21
11928.55
11568.14
11027.62
10459.22
10365.33
9997.593
9399.542
9087.773
12697.61
12357.74
12459.12
11803.78
11252.03
11766.33
11585.48
11204.27
10483.07
9824.675
110.92
517.7774
314.5031
555.3489
787.671
773.5086
749.6907
2072.874
2393.952
2193.806
2081.698
2018.049
3366.967
3634.08
3501.587
4460.848
3680.199
3597.747
3677.576
3274.723
2443.35
2167.539
2136.484
2046.81
2538.171
2208.445
2197.106
2208.425
2077.713
1730.378
1854.027
1614.185
1402.446
-7868.688
-7193.128
-7153.494
-6855.7
-6769.928
-6117.067
-5795.695
-5583.534
-8939.273
-8579.039
-8310.063
-8105.193
-7957.327
-9111.091
-8953.897
-8382.486
-4968.028
-4874.975
-4497.972
-4413.234
-4350.03
-4226.192
-4157.212
-4248.797
-4148.775
-3591.754
-3195.09
-3238.808
-6033.708
-5944.552
-5837.813
-5777.294
-5512.908
-5647.024
-5526.511
-5411.116
-4786.97
-4587.384
-3718.296
-3966.636
-4524.766
-14841.98
-14461.19
-15158.27
-14838.06
-14514.49
-13739.24
-13658.17
-13477.68
-14182.99
-13672.53
-13404.77
-13132.42
-14133.8
-13962.53
-13715
-13571.97
-13162.36
-12916.27
-12971.26
-12699.57
-12447.26
-12144.24
-12114.48
-11831.69
-11645.33
-11449.14
-10839.65
-10537.04
-10304.35
-10089.26
-9763.973
-9525.591
-6671.934
-6681.615
-6522.074
-6940.552
-6996.178
-6714.867
-6439.226
-6523.511
-6525.12
-6583.011
-6792.784
-6626.221
-5931.985
-5866.636
-5865.312
-5961.8
-5775.741
-5695.429
-5615.099
-5553.787
-5611.482
-5479.746
-5918.371
-5682.576
-5298.986
-4949.43
-5208.63
-5222.811
-5235.747
-5134.359
-5282.028
-5121.512
-5134.899
-5196.36
-4989.955
14129.09
13848.96
13444.78
12511.85
12295.66
13191.12
12796.97
12143.75
11595.03
11191.02
10246.1
10004.66
9819.911
9011.6
8578.093
8296.381
8797.852
8442.14
8243.88
7792.058
7559.882
7171.028
6954.855
6655.424
6400.766
6346.707
6190.196
5999.72
5566.406
5176.384
5048.799
4957.316
4804.922
5463.972
5322.696
4965.258
4676.519
4262.28
4089.248
4047.616
3780.684
3724.618
22516.44
21604.42
20911.64
20474.01
19295.72
17696.18
17571.06
18495.32
17926.37
17151.16
16552.72
14117.3
14323.42
13725.07
12983.46
12727.85
12650.87
12301
13541.39
18100.49
17578.09
16939.13
16223.11
15813.89
15258.56
14675.16
14510.11
13942.53
13552.46
13134.36
12777.59
11983.96
11710.74
11354.63
10989.73
10361.2
9892.826
9454.248
8906.276
8673.655
6973.323
7018.166
7126.938
7391.181
7242.878
6923.857
6315.43
6209.594
5940.33
5671.292
5003.315
4907.427
5218.971
5104.7
3984.748
4001.048
4424.075
3785.195
3614.426
-4947.165
-4826.543
-4631.769
-4658.911
-4388.351
-4459.347
-4383.243
-4314.904
-3974.049
-3815.215
-3804.838
-3516.849
-3511.524
-4141.815
-4940.459
-4401.803
-8236.111
-8104.729
-7814.292
-7691.832
-7331.523
-7240.301
-7046.109
-6951.382
-6955.137
-6814.39
-6802.769
-6710.838
-6287.9
-6117.415
-5849.426
-5675.376
-5523.292
-5431.651
-4967.586
-5431.377
-3460.303
-3020.764
-4548.406
-4555.07
-4174.83
-4033.265
-3850.739
-3719.1
-3659.473
-3698.552
-3620.561
-3543.606
-3905.842
-3906.967
-54926.79
-53127.34
-51754.4
-50270.47
-49049.32
-48063.96
-46873.53
-45759.55
-44660.98
-43472.34
-42009.83
-40985.5
-39740.41
-38732.52
-37625.21
-36752.04
-28724.1
-27938.68
-27270.9
-26855.17
-26302.22
-27680.12
-26984.38
-26580.06
-25902.07
-25265.28
-25327.23
-24761.2
-24485.92
-23641.85
-23111.61
-22837.19
-26880.28
-26034.12
-25378.76
-6851.292
-6742.553
-6989.931
-6361.672
-5946.329
-5968.399
-5768.061
-5751.9
-5828.88
-5602.991
-5411.618
-5507.703
-38360.82
-37725.53
-36886.35
-35979.91
-33261.9
-32619.99
-31935.05
-39548
-38681.38
-37829.75
-36896.9
-35044.36
-29533.02
-29311.59
-28766.42
-29719.43
-29080.96
-28405.03
-27829.21
-27270.49
-26560.48
-26023.4
-25331.54
-24690.59
-24011.42
-23562.38
-23939.34
-23348.83
-22738.76
-21889.15
-20400.34
-19850.96
-19362.11
-18940.75
-18699.13
-18233.5
-17914.18
-17611.6
-17512.95
-17712.19
-13758.45
-13205.12
-12894.86
-12709.82
-12706.87
-12313.55
-11171.13
-10990.75
-10685.27
-10417.23
-10473.25
-10247
-10067.69
-10344.94
-10113.01
-9812.742
-9612.088
-9329.374
-9101.24
-7987.086
-8016.074
-8288.903
-9026.597
-10348.31
-10126.2
-9446.904
-9903.82
-10429.54
-10146.16
-9874.32
-9587.457
-9338.452
-9031.213
-8721.631
48422.98
47287.63
46018.49
44812.55
45338.67
44320.48
43881.02
42613.82
41585.35
40575.82
39454.02
38507.02
36189.34
35445.6
34471.1
33559.2
32810.42
31742.42
30945.37
29943.44
29696.58
28984.2
27730.47
27302.39
26673.99
25878
26341.87
24927.95
24402.57
23699.99
23256.55
22603.62
22292.79
21668.48
21121.79
20413.81
20039.14
19730.12
19215.68
17639.07
16455.84
16081.41
15434.71
26057.34
25839.31
25094.37
24299.58
23302.97
21998.93
21556.98
21024
20595.28
19965.41
19130.2
18646.18
18563.15
17969.89
17931.19
17705.41
18054.25
17523.02
16964.73
15761.52
15182.26
14700.61
14312.1
13844.11
13855.14
13447.8
13301.84
13148.5
12985.48
12660.27
12346.93
12145.41
11863.3
11583.43
11398.23
11128.1
10906.79
10638.58
11019.48
10800.3
10499.27
10041.76
9775.129
9362.126
6043.496
6230.161
6033.403
6061.664
6095.963
5646.799
5433.385
5366.308
5415.238
5283.015
5101.281
4947.486
4821.703
7385.723
7912.533
7668.222
7386.694
7209.148
7514.518
7309.912
6981.499
6552.509
5714.727
4524.856
4301.045
4101.828
5027.075
4849.362
4796.695
4525.696
4283.336
5294.093
5082.448
4293.656
2897.356
7529.41
7779.767
7745.731
7737.647
7667.308
7459.005
7417.908
7161.959
7056.889
8230.424
8039.03
7976.881
7682.613
7425.792
7330.204
8234.099
7711.832
7482.257
7095.939
7037.881
6902.442
6930.399
6992.443
6841.697
6640.845
6399.518
6135.619
5808.724
5737.196
5621.657
6920.802
6841.822
6476.473
6390.412
6519.733
6401.105
6719.139
6432.547
6275.418
6005.646
5763.451
5323.516
5220.375
5012.779
4685.676
4733.297
4559.511
4352.186
3884.119
3777.144
3043.006
2796.335
3554.835
9229.608
8836.975
8890.882
8660.945
28339.35
27621.6
26731.53
26151.51
26729.37
24270.36
23855.43
24843.39
23988.13
22182.37
21546.08
21231.82
20517.91
26746.17
27343.75
26584.83
25945.96
25056.44
24516.7
24165.62
23541.53
22956.91
21941.57
21082.56
20564.13
19661.8
19193.64
18518.87
13388.09
13140.49
12744.17
12500.99
12058.14
11793.94
11472.28
11663.75
10406.52
10062.97
9425.1
8810.385
8382.748
7970.122
7772.925
7223.652
6931.339
6623.998
6517.65
5135.975
4152.968
4369.378
4110.983
3898.471
3901.327
3785.051
3779.177
2692.473
3839.509
3882.667
2377.154
2328.396
2311.267
2463.447
2186.644
2027.345
1937.212
1569.665
1428
1145.271
-1500.725
-1513.378
-1726.574
-2415.063
-2395.814
-2241.741
-2090.09
-2008.84
-2109.108
-1730.443
-1261.226
-1180.506
-2808.203
-2828.365
-2692.895
-2587.963
-1938.746
-1066.962
-765.9855
-759.2254
-660.2149
-1086.356
-1041.3
-1056.7
-1045.414
-919.1046
-973.3887
-955.9445
-427.3827
-458.0985
1140.095
872.5952
674.9685
492.1373
2761.527
1074.837
687.735
495.3404
358.421
405.0729
933.1145
1148.694
885.1296
897.5561
831.0025
1276.97
1113.436
1012.774
1136.045
1093.136
749.46
687.0694
12.56875
-37.16809
-565.2195
-423.493
-684.354
-636.9287
-307.3934
-358.1937
-348.1736
-475.6876
388.5256
1893.743
2024.782
1902.79
1879.369
1833.365
1712.153
1326.869
2040.185
2165.594
2215.715
1690.015
1531.736
1462.887
1429.64
-53619.04
-52272.35
-50116.18
-48955.63
-47768.18
-47942.87
-46714.65
-45676.87
-44579.45
-38678.08
-37686.92
-36725
-35948.75
-34637.38
-33895.31
-36189.19
-35065.9
-34617.59
-33629.18
-32854.74
-31958.88
-32959.41
-32369.32
-31547.29
-30775.69
-29621.1
-28923.03
-28055.99
-27408.81
-26543.4
-25778.67
-24911.02
-24415.75
-26535.45
-26004.78
-25682.08
-24993.51
-24492.58
-24040.64
-23337.88
-22888.62
-22310.31
-21556.01
-21065.16
-17753.93
-17305.81
-17267.44
-16606.92
-16937.65
-16646.94
-16267.24
-15701.64
-15476.81
-15080.84
-20525
-19388.32
-18939.47
-18676.21
-18883.68
-17695.07
-17642.02
-18820.16
-18536.11
-18127.95
-17585.44
-17156.29
-16333.78
-15733.6
-14962.21
-15151.25
-14777.29
-14242.22
-12356.47
-11922.06
-11604.23
