-2063.421
-2132.684
-1724.391
-1646.454
-1598.856
-1522.769
-1345.157
-1408.3
-1181.701
-1144.932
-896.3602
259.7253
46.1357
15.41446
-62.62782
-94.72155
-2323.164
-2225.651
-2186.289
-1934.491
-1772.773
-1706.91
-1648.136
-1540.89
-1417.623
-1573.31
-1467.85
-1343.206
-1137.758
-910.4392
-980.1822
-977.3041
-727.5573
-715.113
-584.1551
-618.9073
-593.6628
-462.7549
-471.7137
-435.4099
-600.2897
-741.0355
-368.3535
-346.0306
-249.8166
-139.7335
-183.6378
587.478
492.4329
604.0953
601.6717
574.2112
1489.111
1379.578
1221.154
1191.259
743.317
504.155
430.4548
208.6105
-338.4248
515.9916
328.0332
120.5721
311.0085
372.4261
239.219
82.95618
88.9242
66.21228
163.4803
18.39245
46.00202
12.18825
85.70719
60.22662
180.8828
194.6088
282.1176
113.2179
146.5093
17.60751
-100.9044
-212.267
-221.8096
-227.5138
-225.8058
-319.4734
-306.2005
-393.2619
-362.9681
-75.97188
-1246.392
-1214.242
-1186.661
-1155.891
-914.8606
-802.1324
-1245.529
-1011.242
-1049.051
-907.4067
-875.7148
-917.8079
-812.5865
-748.403
-773.1539
-656.7341
1.414181
39.13369
203.0153
-439.4847
-482.9797
-458.2909
-341.1666
-211.0138
52.3877
246.6579
172.9027
-1470.712
-1562.721
-1391.79
2195.919
2021.103
1695.156
4415.358
4116.522
3809.508
3458.305
3215.114
2375.444
2541.282
2346.369
2261.394
2158.04
1946.353
2030.057
1842.662
5386.703
4934.509
4670.529
4415.149
4221.219
3721.314
3529.054
3429.81
2951.861
2842.62
2693.438
2600.859
1860.056
-2127.953
-2000.85
-1873.349
-1798.625
-1956.515
-1888.898
-2089.187
-2002.025
-1814.39
-1606.277
-1629.068
-1498.057
-1309.239
-1286.673
-1332.027
-1057.836
-954.2576
-924.9657
-862.6971
-789.0932
-468.0344
-365.0156
-338.168
-394.3772
-379.3944
-37.78989
-1316.973
-1213.769
-1129.093
-1024.5
-1090.998
-1010.743
-1549.209
-1431.122
-3593.256
-4070.388
-3812.101
-3659.957
-3532.177
-3198.829
-2759.342
-2892.418
-2775.424
-2658.19
-2777.17
-2715.078
-2546.774
-2151.09
-2037.519
-1938.269
-1564.038
-1502.273
-1501.408
-1419.646
-1335.249
-1284.441
-1252.255
-1280.664
-1402.642
-1372.056
-1615.652
-1729.108
-1626.557
-1648.57
-1518.184
-1417.124
-1517.829
-1507.033
-1536.216
-1451.01
-774.1108
-637.0883
-567.9069
-779.1859
-726.7619
-286.599
-391.6147
-441.2125
-3345.996
-2795.96
-2654.868
-2502.135
-2407.726
-2361.47
-2576.05
-2425.039
-2138.255
-1693.565
-1606.613
-1583.168
-1756.979
-1707.072
-1653.888
-1801.667
-1856.7
-3443.088
-3169.766
-3027.665
-2752.863
-2586.255
-2432.63
-2396.666
-2508.715
-2610.601
-2681.771
-2710.848
-2422.485
-2238.111
-2273.653
-2505.586
826.6911
-7.099728
-3611.696
-3376.268
-2896.155
-2776.441
-2616.041
-2507.662
-1461.899
-1634.563
-1323.018
-1300.118
-1286.754
-1248.213
-1228.997
-1205.954
-1176.503
-1039.518
-853.3457
-935.3522
-970.2772
-1032.855
-871.4711
-817.8296
262.6656
313.6079
184.4855
108.5686
89.1735
23.67022
-138.1795
-215.3638
-265.7984
-190.6327
-67.91797
186.0588
-204.6189
-244.6079
407.9081
326.3592
-70.53252
-93.54795
-172.1966
-285.1998
-354.8654
-129.0182
-324.9269
-296.1302
-405.2825
-444.539
-247.2457
-495.4021
-664.1144
-3937.235
-4014.939
-3973.403
-3825.673
-3544.671
-3218.557
-3069.745
-2941.423
-2860.309
-2736.853
-2455.63
-1959.227
-2102.046
-2454.392
-2330.107
-2340.835
-2241.833
-2187.361
-2201.833
-2190.237
-2229.186
-2154.799
-2072.789
-3172.891
-2831.251
-2765.593
-2728.811
-2686.533
-2540.353
-2454.087
-2350.114
-2232.424
-759.8324
-844.6574
-824.2495
-721.0176
-823.4117
-805.6835
-786.1288
-870.3268
-863.3676
-2506.345
-2532.975
-2578.854
-2433.305
-2480.933
-2266.195
-2169.235
-2056.366
-1775.172
-1738.306
-1769.337
-6215.603
-5990.534
-5469.5
-5082.937
-4929.481
-4616.275
-4130.401
-3914.176
-854.1941
-1072.678
-1027.989
-278.2267
-318.3012
-380.9681
-287.8908
-185.5904
-680.7967
-455.962
-558.964
-437.7391
-417.2404
-457.9
-558.3178
-625.7326
-1537.81
-1718.082
-1707.125
-1173.378
-1183.786
-1312.517
-1182.027
-770.3466
-775.3974
-474.7661
-593.0642
-667.4763
-718.4911
-493.6421
-551.2497
-467.7027
-595.8648
-544.5463
-881.0964
-929.0056
-488.138
-479.0301
-606.8903
-643.9003
-694.5775
-753.7213
-547.2921
518.0466
336.5757
243.5004
46.24224
-930.2457
-1098.348
-1045.532
-1045.077
-1366.894
4425.27
3789.519
3515.023
2229.331
2659.27
2367.338
2222.622
1954.292
1670.852
1656.544
1507.598
892.617
1076.967
895.3128
822.5392
-1193.951
-1220.811
-1007.044
-1040.502
-1059.904
-1197.117
-1542.236
-1937.406
-1907.711
-1586.343
-1517.044
-1522.511
-1422.349
-1734.652
-1647.921
-1760.247
-1782.005
-1741.963
-2060.745
-1971.59
-1935.936
-2154.461
-2105.951
-1849.201
-1984.424
-1987.711
-1243.194
-1360.653
-1336.927
-1357.086
-1352.327
-225.0828
-502.6634
1045.916
408.9407
276.4414
2.571579
-2862.203
-2765.27
-2764.799
-2765.967
-2668.146
-2648.799
-2498.804
-2554.569
-2574.177
-2515.198
-2585.642
-2433.529
-3006.235
-3250.677
-3192.928
-4017.995
-3807.633
-3802.843
-3431.34
-4235.886
-6622.696
-6340.548
-5978.229
-5632.484
-5385.159
-5101.168
-4625.318
-4597.547
-4662.563
-5271.514
-4846.001
-4655.095
-4735.093
-4538.351
-4225.242
-4204.505
-4261.753
-3636.545
-3564.977
-3500.521
-3395.719
-3263.568
-3225.989
-3133.833
-3527.08
-3730.953
-3818.04
-3468.441
-2492.086
-2562.85
-2551.019
-2789.418
-2598.53
-2573.417
-2594.327
-2596.529
-2336.403
-1908.053
-2036.099
-1963.535
-2032.03
-2051.279
-1958.824
-1976.824
-1901.159
-1865.651
-4922.808
-4626.748
-4770.828
-4562.479
-4327.374
-4211.75
-4091.331
-3894.754
-3740.845
-4491.772
-4322.133
-4140.893
-6605.551
-6319.117
-5993.181
-4695.073
-3819.186
-4580.188
-4433.358
-4582.756
-4107.684
-3488.772
-3446.297
-3872.877
-3738.515
-3617.459
-3486.567
-3468.721
-3316.029
-3469.19
-3318.916
-3350.29
-3300.229
-3135.412
-2780.063
-2652.564
-2484.458
-2425.01
-2076.081
-1537.003
-1858.697
-1886.905
-1683.995
-1699.049
-1646.98
-1093.456
-1073.724
-1142.062
-1177.826
-1233.011
-1275.947
-1224.6
-1274.91
-1341.393
-1801.165
-1719.477
-1726.448
-1539.085
-1621.137
-1871.9
-2494.749
-2736.219
-2782.999
-2829.195
-3062.523
-4622.78
-4401.43
-4235.245
-3964.347
-4057.205
-4484.119
-4489.729
-4326.2
-4168.242
-3981.374
-5229.798
-4942.465
-4732.282
-4615.151
-4664.144
-4268.192
-4204.393
-4032.208
-3855.604
-3766.411
-3702.876
-3635.533
-3539.545
-3559.706
-3465.524
-3444.459
-3342.999
-3240.949
-2814.294
-2719.16
-2899.816
-2837.471
-2669.645
-2733.083
22.07052
197.0849
118.4479
-24.74943
136.2905
-40.18647
-249.9797
-371.2089
-456.7952
-561.7738
-600.4644
-559.6502
-597.9722
-490.0452
3021.813
2728.264
2472.846
-6019.351
-5252.265
-5127.819
-5113.592
-5110.91
-5161.873
-4728.997
-4582.21
-4333.847
-4187.575
-4110.856
-4188.792
-4476.752
-4296.86
-3816.491
-3629.162
-2081.759
-1668.746
-1636.694
-1575.43
-1624.7
-1659.665
-1672.03
-1663.317
-1609.445
-1548.822
-1566.427
-1351.299
-1462.513
-918.602
-772.935
-994.9478
-1198.446
-1216.971
-1088.993
-1109.067
-880.4608
-943.9003
-1059.476
-1061.631
-1294.899
-1678.663
-1220.434
-1153.761
-963.3611
-1048.212
-1020.211
-1180.913
-1274.035
-1187.6
-1455.819
-1479.598
-1646.029
-3536.314
-3479.602
-3426.276
-3144.658
-2987.372
-3306.391
-3249.02
-3105.142
-3022.251
-2633.868
-1949.828
-2059.1
-1249.907
-1278.565
-1212.795
-1437.312
-1334.501
-1341.576
-1408.219
-1489.245
-1493.935
-1412.844
-1463.725
-1461.87
-1388.753
-1379.77
-832.3104
-841.3172
-878.0066
-774.8143
-460.3317
-585.9823
-882.642
-1000.735
-943.7845
-900.3756
-832.3532
-1016.873
-1391.391
-1340.496
-1451.967
-1377.332
2003.485
1798.434
-54.99105
-93.71061
-133.681
-276.9758
-348.9672
472.3088
299.285
236.7812
145.689
-112.1771
-320.9493
-425.2119
1934
1461.429
6662.081
6128.844
5501.086
5169.402
4891.501
4451.614
4108.405
3732.104
3503.106
3250.737
3033.58
2919.327
2326.822
2096.008
1853.348
1625.245
1437.654
1399.461
1521.893
1387.707
2987.878
2694.62
2753.096
2614.509
1933.238
1838.193
1623.953
1399.906
1181.227
1002.112
885.8616
820.6186
967.8476
960.317
872.054
1119.876
878.1685
1110.74
947.1614
856.2777
618.1987
525.756
469.8582
211.1435
98.26727
-73.29973
-155.289
-522.7257
-397.1214
-540.4521
-583.4476
-673.5847
-731.9716
-888.395
-903.5685
-1086.58
-1117.877
-1192.213
-1270.696
-1443.59
-2242.693
-2287.203
-1549.058
-1483.397
-1557.23
-1565.841
-1576.539
-1574.108
-1687.717
-7638.086
-7472.289
-7075.122
-6366.446
-6188.484
-5941.052
-5701.847
-5785.364
-5776.975
-1921.132
-2001.551
-1908.928
-1966.347
-1975.346
-2089.258
-2123.636
-2160.738
-1672.966
-2331.331
-2465.548
-2478.197
-2528.271
-2575.104
-2996.424
-2951.453
-2809.915
-2819.829
-2743.65
-2678.187
-2603.124
-2617.145
-2562.997
-2429.932
-2351.062
-2535.31
-2636.835
-2551.303
-2509.939
-2480.9
-2444.083
-2496.411
-2512.34
-2434.411
-2420.371
-2433.5
-2799.262
-2713.928
-2641.519
-2707.207
-2704.398
-2502.664
-2034.943
-2075.231
-1253.641
-1294.629
-1333.446
-1259.653
-2416.607
-2372.852
-2812.522
-2857.252
-2751.21
-2720.571
-2627.22
-2600.625
-2432.758
-2423.215
-2396.974
-2281.836
-2359.128
-2445.408
-2419.569
-2569.894
-2574.779
-2226.385
-2264.948
-2920.88
-2874.228
-2745.113
-2833.928
-2734.324
-2638.324
-2539.705
-2468.663
-2357.87
-2396.616
-3169.758
-4368.13
-4259.54
-4407.896
-4285.694
-4242.335
-4186.752
-4044.171
-3901.069
-3842.624
-3985.737
-3639.971
-3933.935
-4056.07
-3871.607
-4018.483
-15360.81
-14699.88
-13914.02
-13151.58
7335.181
6773.631
6266.97
5719.059
4784.738
4369.15
4035.611
3652.206
3288.093
2937.785
2697.11
3085.793
2495.348
2272.528
1975.822
1782.944
1495.153
1187.023
1023.671
799.1993
619.3463
785.9724
578.9899
399.7162
609.332
416.6881
201.2365
24.95262
-77.93473
133.4791
-31.36481
-327.4538
-406.5378
-520.3275
-555.9133
-635.5135
-587.3228
-802.2572
-915.6884
-928.6839
-1000.947
-1027.064
-1100.3
-1212.235
-1384.787
-1880.566
-1775.995
-1600.227
-1705.231
-2725.258
-2774.105
-2870.253
-2956.25
-3422.83
-3328.587
-2938.048
-2903.587
-2920.684
-2936.901
-2911.262
-2635.433
-2585.479
-2276.693
-2332.245
-2452.656
-2386.108
-2005.486
-1802.496
-1773.302
-1971.362
-2144.768
-2229.253
-2176.43
-2711.652
-2665.971
-2779.983
-3097.414
-3102.329
-3099.813
-2820.454
-2697.387
-2767.883
-2753.556
-2000.843
-1973.944
-2307.257
-2335.708
-2279.885
-2328.118
-2372.307
-2280.828
-2847.936
-3105.082
-2859.449
-3105.669
-3046.389
-3253.559
-3265.572
-3265.629
-3252.095
-2484.224
-2612.175
-2610.662
-2610.332
-2531.237
397.3047
1219.04
1487.711
1314.523
1089.344
886.4525
672.4885
382.149
213.4932
37.14486
54.47405
-147.1932
-216.5342
-380.3383
-601.7872
-507.5418
-363.6511
-484.9391
-678.4025
-874.3912
-1141.613
-1637.824
-1947.499
-2036.107
-2087.31
-2310.145
-2351.084
-2388.642
-2527.982
-2309.012
-2349.032
-2214.277
-2116.168
-2266.359
-2126.721
-2182.507
-2276.278
-1706.867
-1754.819
-1747.309
-1668.948
-1642.106
-1899.159
-1846.901
-1860.623
-1969.692
-2011.245
-2171.922
-2135.15
-2258.987
-2251.843
-2254.736
-2189.581
-3258.372
-3271.608
-3229.952
-3550.77
-3734.36
-3668.642
-3618.71
-3464.216
-4333.423
-4363.454
-4279.457
-4025.626
-4055.181
-4097.132
-3846.105
-3190.927
-2559.809
-2580.546
-2541.112
-2571.449
-1.121654
-102.54
-244.7406
-438.8229
-2143.634
-2430.167
-2338.335
-2291.661
-2372.046
-4870.797
-4648.36
-5571.226
-5418.763
-5320.846
-5366.992
-5191.338
-4862.291
-4760.233
-4457.814
-4547.817
-4423.62
5871.408
5829.893
5311.549
4959.257
4443.628
4036.677
3580.894
3287.312
3391.386
3033.698
2624.365
2271.126
2040.752
1756.308
1595.477
1406.172
1099.733
807.8313
701.3897
397.8085
269.4258
62.71854
-64.92514
-212.9757
-565.3122
-651.7525
-805.1062
-1049.551
-869.0008
-1197.796
-1267.762
-1502.165
-1470.393
-1585.286
-1757.839
-1874.123
-1861.184
-1991.017
-2041.82
-2028.421
-2026.008
-1914.608
-2000.216
-1906.562
-2032.122
-2022.819
-2266.951
-2810.321
-3285.138
-3081.344
-3107.787
-3139.174
-3098.858
-3248.061
-3252.697
-3188.067
-3207.431
-3245.619
-2511.299
-1663.542
-1535.41
-1577.426
-1600.568
-1670.659
-1679.022
-1695.376
-1426.149
-1444.656
-1629.083
-1980.637
-1993.72
-2034.774
-2009.077
-2106.055
-2141.496
-2234.178
-2221.669
-2301.221
-2441.932
-1966.989
-1900.623
-1595.288
-1908.186
-1893.137
-1989.939
-2169.373
-2110.416
-2120.174
-2170.225
-2063.45
-2111.085
-2264.04
-2281.46
-1991.445
-2490.436
-2511.151
-2586.193
-2591.542
-2497.528
-2611.406
-2497.905
-2699.844
-1530.931
-1603.159
-1736.025
-2156.611
-2344.445
-2348.914
-2401.089
-2444.06
-2287.612
-2468.337
-2622.19
-2751.79
-2576.028
-2644.217
-2601.763
-2105.344
-3751.051
-3711.319
-3824.356
-2881.507
-2872.419
-2716.147
-2942.371
-3102.177
-3012.756
-2986.876
-3483.937
-4077.786
-3826.526
-3399.181
-3418.572
-3880.211
-3805.467
-3849.813
-3914.416
-3528.587
-3350.271
-3217.936
-3206.548
-3060.385
-2941.015
-2950.907
-2794.747
-2878.037
-3028.708
-3418.3
-3282.823
-3094.292
-3025.036
-3007.848
-3270.35
-3116.634
-3223.075
-3341.479
-588.1568
-770.629
-1137.362
-1175.158
-765.8574
-1505.805
-1515.598
-1662.363
-1565.446
-1684.272
-1304.3
-604.8709
229.4576
266.5159
167.9912
41.57856
-189.4854
-874.9113
-1018.048
-1117.333
-1216.115
-1298.722
-1165.683
-1385.339
-1668.441
-1671.292
-1685.158
-1850.932
-2028.968
-2054.518
-1900.866
-1732.358
-1646.506
-1796.721
-1851.595
-1735.906
-1847.835
-1973.451
-2082.319
-2061.209
-2024.815
-2228.397
-2075.607
-2162.046
-2278.144
-2343.388
-2417.914
-2429.739
-2517.637
-2649.864
-2646.274
-2777.988
-2908.078
-2898.048
-2568.37
-2597.808
-2509.059
-2456.641
-2611.573
-2689.246
-2502.992
-2102.634
-2335.17
-2445.123
-2615.535
-2282.27
-2220.236
-2336.056
-2343.102
-2348.702
-2418.98
-2469.569
-2485.235
-2552.093
-2868.652
-3059.462
-3023.055
-3072.637
-4167.269
-6356.796
-6213.991
-6113.79
-5981.713
-5824.249
-5617.775
-5505.671
-5432.297
-5268.858
-5191.919
-5411.27
-5228.934
-5091.084
-5675.494
-5601.976
-5812.176
-5623.917
-8780.7
-9344.718
-8995.766
-8725.342
-8393.883
-8105.266
-7767.047
-6497.437
-6310.624
-6077.026
-5895.536
-5852.66
-5843.307
-5613.034
-5578.606
-6188.377
-5453.53
-5386.771
-4979.924
-4864.895
-4698.279
-4666.162
-4575.277
-4527.564
-4482.718
-4433.36
-4946.921
-4881.86
-4865.531
-4836.377
-4713.429
-4647.868
-4612.592
-2067.325
-2114.045
-2191.934
-2294.528
-2445.69
-2517.637
-2154.26
-2246.837
-2306.609
-2688.383
-2905.704
-2957.947
-2586.996
-2598.178
-2674.371
-2893.041
-3073.672
-3042.456
-2645.698
-2693.023
-3021.922
-3050.741
-3050.474
-3108.665
-2999.3
-3025.543
-3149.096
-3251.532
-4095.007
-4015.58
-4219.91
-4112.455
-4159.496
-4138.437
-4191.363
-4191.042
-4124.622
-4398.768
-4319.192
-4325.422
-4086.037
-4045.627
-4028.452
-4010.15
-4087.179
-4080.449
-4113.644
-4146.31
-4039.433
-4048.229
-4147.063
-4056.844
-4063.588
-4042.976
-4142.52
-4276.462
-4223.886
-4239.632
-4223.963
-4206.795
-4148.817
-4071.073
-4086.99
-3984.129
-3940.588
-4106.344
-4089.288
-4012.486
-4006.794
-3674.542
-3799.093
-3945.217
-3894.867
-3884.247
-3821.309
-3999.418
-3659.26
-3577.246
1793.268
1001.3
777.1291
438.9087
-99.8794
-276.2048
-116.2497
-129.3136
-347.711
-511.8426
-680.0951
-994.9043
-1223.486
-1370.4
-1693.896
10092.68
9477.138
8717.429
7556.386
6396.711
5798.42
5200.724
4666.274
4322.229
3954.377
3449.605
1464.28
1222.832
760.9828
558.5763
956.3301
596.761
262.747
34.32549
-456.8923
-390.1946
-651.8286
-929.5115
-1224.285
-1337.82
-2118.899
-2187.952
-2323.113
-2270.858
-2374.047
-2326.34
-2481.001
-2850.61
-2913.792
-2834.061
-2885.061
-2953.69
-3075.188
-2907.691
-3011.845
-2977.242
-2892.241
-2981.336
-2978.53
-2999.4
-3361.418
-3427.702
-3581.462
-3592.924
-3699.792
-3698.301
-3639.624
-3482.173
-3477.124
-3578.181
-3594.025
-3740.771
-3487.834
-3543.652
-3592.506
-3452.762
-3533.451
-3899.672
-3879.252
-2304.13
-2411.199
-2577.708
-2518.035
-2511.378
-2654.179
-2628.489
-2536.567
-2398.06
-2502.629
-2541.759
-2528.796
-2654.435
-2710.84
-2741.875
-3074.213
-2621.643
-2788.339
-2505.572
-2600.518
-2689.385
-2894.322
-2915.364
-3078.279
-3173.489
-3165.157
-3192.291
-3255.781
-3179.634
-2533.666
-2497.46
-2661.636
-2644.046
-2704.494
-2757.779
-2762.519
-2857.52
-2920.79
-3112.604
-3073.637
-2976.756
-4597.024
-4603.699
-4089.95
1712.685
1533.204
1481.317
1130.859
822.5603
-252.8494
-557.0926
-920.2775
-1102.306
-1357.719
-2153.271
-2234.735
-2380.966
-2463.247
-2667.283
-2589.072
-2739.554
-2856.36
-2851.133
-3005.448
-6522.243
-6356.579
-9730.168
-9439.624
-8945.833
-8713.195
-8383.881
-8129.097
-7963.673
-7981.333
-7585.356
-7234.633
-7073.106
-6663.293
-6446.781
-6083.468
-6082.376
-5983.506
-5922.451
-5957.074
-5830.447
-5710.42
-4934.698
-5112.924
-5587.884
-5284.179
-5228.503
-5038.326
-5102.235
-4955.709
-4930.477
-5004.672
-5008
-4873.329
-4630.643
-4693.562
-6392.279
-6324.894
-6758.179
-6622.572
-6427.302
-6279.56
-6476.412
-6312.094
-6172.98
-6155.018
-5896.03
-5699.723
-6101.673
-5704.404
-5587.785
-5567.38
-5517.014
-5429.036
-5448.015
-5362.262
-5242.62
-5212.146
-5314.595
-5415.372
-4385.542
-2973.484
-2956.669
-3004.19
-3234.495
-3276.871
-3305.523
-3408.287
-3405.183
-3419.768
-3533.882
-3876.901
-3895.531
-3818.616
-4271.508
-4312.984
-4224.054
-4170.998
-4117.54
-4197.088
-4388.853
-4360.533
-4356.983
-4419.457
-4462.736
-4673.777
2014.247
1389.406
1168.03
814.0578
470.365
-125.1184
-455.4621
-651.9049
-458.3479
-653.454
1082.384
453.9522
306.5581
314.8696
-4.210155
-143.7084
-425.4048
-1306.474
-1547.418
-1702.981
-2052.366
-2246.18
-2163.909
-2200.165
-2230.665
-2391.986
-2776.352
-6535.367
-6457.363
-6370.023
-6171.358
-6074.717
-6241.355
-6404.848
-6615.109
-6485.48
-6394.618
-6316.004
-6162.475
-6937.241
-6801.972
-7313.722
-6985.301
-8209.048
-8112.247
-8088.51
-7564.298
-7060.402
-6906.998
-6699.152
-6475.929
-6377.329
-6596.537
-6584.475
-13652.17
-13221.3
-12734.61
-12227
-11758.3
-45934.66
-43611.5
-41168.53
-38803.44
-36862.4
-34818.9
-32518.21
-30799.51
-29280.84
-27292.21
-26019.53
-24865.66
-23721.65
-14418.74
-13813.96
-13284.58
-14884.65
-14417.25
-13854.28
-13357.88
-12796.01
-12414.13
-11880.63
-11205.66
-10786.62
-10317.85
-10094.47
-9659.431
-9340.439
-9078.472
-9009.589
-13884.26
-13296.77
-12961.98
-12826.3
-12282.14
-11826.71
-11589.96
-11167.19
-11287.83
-10966.88
-10526.29
-10159.39
-9859.15
-8900.043
-8587.026
-8479.24
-7710.856
-7531.722
-7607.077
-7397.64
-7216.534
-6930.471
-6559.599
-6537.124
-6271.224
-6051.012
-6942.485
-6813.601
-6632.64
-6541.686
-6439.173
-6241.386
-6189.028
-6047.5
-5950.737
-5977.456
-9771.763
-9504.882
-9227.914
-9151.878
-8885.241
-8628.719
-8483.432
-8298.241
-8057.054
-7733.849
-7523.072
-7340.361
-7644.828
-7597.81
-7581.177
-7355.63
-7253.317
-7100.697
-6722.086
-6456.991
-6343.934
-6251.044
-6150.212
-5760.2
-5581.851
-5384.884
-5342.672
-5298.711
-5285.555
-5529.131
-5099.618
-2826.669
-2064.724
-2159.199
-2262.146
-2393.496
-3162.962
-3369.554
-3438.352
-3466.449
-2600.404
-2720.576
-2812.126
-2916.276
-3044.009
-2927.831
-3081.755
-3026.961
-2700.632
-302.371
-422.1923
-882.1273
-1048.603
-1437.656
-1177.397
-1428.545
-1594.062
-1789.788
-1524.538
-1534.445
-1322.486
-1234.8
-1391.815
-1563.113
-2026.98
-2208.45
-3275.692
-3365.972
-3395.967
-3374.555
-3216.166
-3222.678
-3417.013
-3595.031
-3243.671
-3295.427
-3293.334
-3361.153
-3384.316
-6014.428
-5832.259
-5429.071
-5314.882
-5333.139
-5901.537
-5828.197
-5658.382
-5220.232
-5176.62
-5104.608
-3802.174
-3916.194
-3968.057
-4333.16
-4673.938
-4662.78
-5152.641
-5482.206
-5389.819
-5591.787
-5667.705
-5932.55
-5815.298
-5691.999
-5611.93
-5832.247
-5793.705
-5729.47
-5771.565
-5763.971
-5879.861
-5543.946
-6533.019
-5509.564
-5698.688
-5904.377
-5731.359
-5591.195
-86897.03
-81819.29
-79288.27
-74933.5
-69428.01
-65901.86
-62615.99
-58733.02
-55676.07
-52654.18
-48485.49
-45845.53
-43499.51
-41373.36
-39247.57
-37156.45
-35260.56
-32314.87
-30668.91
-29204.56
-26892.58
-25736.3
-24545.03
-23374.85
-22351.63
-21055.42
-20131.33
-19751.84
-18858.59
-18154.56
-17348.63
-16618.77
-15828.79
-15080.86
-14427.88
-14309.97
-13611.08
-13089.71
-12550.54
-12178.72
-11689.17
-11293.26
-10755.62
-10404.47
-10202.47
-9653.599
-9415.537
-9153.335
-8054.866
-7650.432
-7447.886
-7366.923
-7272.226
-7170.724
-7065.285
-6712.723
64599.11
60444.86
56572.77
52469.79
48858.28
45504.11
42605.38
40142.32
37539.58
35161.3
32664.04
30628.32
28338.94
26276.69
24414.24
22863.38
20181.46
91636.33
86135.44
81320.6
76290.06
71459.16
66729.97
62609.4
58705.81
54449.31
51017.02
52570.54
49170.31
46079.07
42940.76
40157.08
37495.28
34976.94
32655.28
30390.3
28153.89
26188.76
24531.43
22593.24
20945.03
19333.11
17987.87
16627.48
15308.22
14245.34
12263.17
11361.86
10333.52
9499.969
8746.645
7892.219
7381.868
6777.792
6314.499
5730.722
5124.624
4528.166
3740.978
3415.342
2939.904
2592.181
2111.859
1747.924
1301.705
691.9902
337.5077
-34.55373
-508.0581
-590.7385
-729.541
-1567.302
-1762.43
-1830.468
-1982.938
-1995.987
-1991.069
-2171.006
-2509.387
-2721.442
-1995.987
-2652.856
-2891.27
-2966.851
-2673.366
-2873.35
-4054.307
-3995.868
-3737.483
-3917.629
-4002.851
-3852.964
-3713.271
-5315.882
-5218.072
-5150.193
-5117.166
-5135.049
-5234.92
-5258.41
-5227.085
-5282.247
-5284.787
-4570.518
-4870.724
-4690.601
-4654.673
-4724.127
-4940.328
-4777.421
-4768.219
-4826.884
-4886.407
-5515.141
-5479.939
-5339.614
-4883.865
-4911.844
-4989.334
-5548.823
-5554.314
-5722.76
-5626.626
-5565.303
-5276.702
-5346.926
-5304.974
-4409.338
-4546.562
-4554.089
-4742.873
-4923.645
-4879.368
-4967.49
-4986.721
-5090.242
-5149.185
-5092.42
-4621.728
-4614.333
-4831.695
-4691.051
-4713.707
-4784.998
-4807.466
-6052.355
-6128.7
-6005.191
-5886.93
-5969.593
-5963.822
-5883.952
-5996.222
-5819.201
-5797.133
-5728.639
-5644.946
-5717.697
-5608
-5470.633
-5570.139
-5579.159
-5542.46
-5697.036
-5646.311
-5457.452
-5450.704
-5380.774
-5449.67
-5432.286
-5513.155
-5309.881
-5408.792
-5425.281
-5348.93
-5344.348
-5529.382
-6950.157
-6818.776
-6747.634
-6600.702
-6508.608
-6432.574
-6389.713
-6247.871
-5782.583
-8865.639
-8677.942
-8593.619
-7591.486
-7287.947
-8463.184
-8008.402
-7942.88
-7785.402
-7520.102
-7364.975
-7827.052
-8088.791
-8021.8
-7850.874
-7665.68
-7543.94
-7398.693
-8646.98
-8488.699
-8233.956
-8096.585
-7990.015
-7844.338
-8053.662
-7997.454
-8087.47
-9356.019
-9063.673
-8893.32
-8672.726
-8587.237
-8399.385
-8214.963
-7994.522
-7884.25
-7787.777
-7702.078
-7416.147
-7312.386
-7197.929
-7022.885
-7000.461
-7244.757
-7142.941
-7109.301
-6974.492
-6926.465
-6913.158
-6965.885
-6801.397
-6687.673
-6801.908
-6656.005
-6625.776
-6724.399
-6626.061
-6328.033
-6229.296
-6020.711
-5986.721
-10279.97
-9746.401
-9592.248
-9853.693
-9591.335
-9373.147
-9187.608
-8981.564
-8443.375
-8281.988
-8160.749
-8120.907
-8002.46
-7809.982
-8094.599
-7939.695
-7635.618
-7502.873
-7140.971
-7372.015
-7136.519
-7093.62
-6964.654
-6906.474
-6863.965
-6823.926
-6754.835
-6798.936
-7865.386
-7735.264
-7606.19
-7619.504
-7514.031
-7325.701
-7319.944
-7386.884
-7250.183
-7162.743
-6955.952
-6870.522
-6891.276
-6762.097
-6863.648
-6719.778
-6559.452
-6524.422
-6322.845
-6043.781
-6430.315
-6375.305
-6120.733
-6044.539
-6002.774
-5892.633
-5905.579
-17713.7
-17003.55
-16269.15
-15770.28
-14266.44
-14167.87
-12733.02
-12381.29
-12164.49
-11928.43
-11567.85
-11248.65
-10926.28
-10589.31
-10301.47
-10092.5
-9811.437
-9474.011
-10002.6
-9274.022
-9090.142
-9064.552
-8909.958
-8795.662
-8532.863
-8285.94
-8444.705
-8202.117
-8004.421
-7918.175
-7822.545
-7680.418
-7544.78
-7373.443
-7172.605
-7227.083
-7258.729
-7247.488
-7135.769
-7195.256
-7360.969
-7279.374
-7271.553
-7336.711
-6966.728
-6740.751
-6643.951
-6571.109
-6950.506
-7019.896
-7349.174
-7321.36
-7413.691
-7236.499
-14027.16
-13421.97
-12116.81
-11781.63
-11346.32
-11285.16
-10771.09
-10710.23
-10645.03
-10431.51
-10398.52
-10322.48
-10079.74
-9717.78
-7593.911
-6757.009
-6644.862
-6427.894
-6336.395
-6243.587
-6318.253
-6276.916
-6295.695
-5979.187
-5960.81
-6019.751
-5969.143
-6025.497
-5987.717
-5618.365
-5664.404
-5897.423
-5798.507
-5768.192
-5770.946
-5596.144
-5463.138
-5494.376
-5345.223
-5272.633
-5291.333
4544.42
4016.849
3523.276
3138.749
2913.462
2394.061
2017.193
1335.562
1643.34
1164.664
732.924
228.6731
-150.1772
-495.3415
-792.5776
-883.5554
-1038.481
-1283.701
-1477.23
28233.46
26261.54
24746.6
23089.46
21420.48
19922.71
18196.39
16520.65
15064
13747.82
12394.21
11298.69
10194.88
9255.247
8638.169
7720.3
6966.102
6516.151
5793.981
10472.11
8987.374
8086.431
7244.875
6341.388
5610.589
3930.99
5420.607
4596.444
3824.882
3122.932
2618.08
2206.31
1436.153
949.357
-1358.599
-1638.773
-1954.792
-2173.584
-2414.781
-2410.677
-2607.103
-2976.61
-3195.694
-3456.476
-4424.233
-4538.455
-4717.073
-4769.998
-4799.75
-4838.137
-4752.102
-4854.56
-4833.854
-4867.259
-4730.594
-4884.618
-6765.683
-6538.647
-6360.387
-6364.968
-6510.299
-6520.645
-6514.435
-6508.522
-6740.986
-4830.495
-4926.291
-4941.757
-5297.727
-5364.54
-5326.056
-5369.162
-5264.799
-5711.979
-5474.236
-5596.938
-5249.574
-5278.12
-5324.776
-4839.784
-4962.67
-5049.422
-5123.198
-4903.988
-4973.171
-5103.908
-5187.878
-5193.913
-5279.416
-5470.09
-5401.907
-5543.164
-5549.178
-5564.822
-4769.679
-4972.998
-4678.766
-4510.621
-4672.725
-5446.147
-5405.982
-5545.64
-5687.213
-7937.968
-7785.163
-7649.673
-7428.327
-6944.838
-7874.949
-7749.848
-7648.957
-7515.602
-7693.66
-7532.991
-5809.316
-5765.235
-5840.433
-5681.329
-5709.518
-6770.733
-6741.372
-6683.879
-6570.942
-6558.586
-6503.077
-6809.824
-6840.68
-6433.467
-6459.365
-6392.818
-6299.815
-6252.318
-6341.63
-4913.458
-4970.093
-4573.042
-4524.153
-4638.65
-4740.655
-4877.043
-4965.1
-5105.991
-5152.604
-5211.763
-5245.248
-5360.301
-5422.489
-5580.666
-5669.904
-5675.051
-5759.666
-5335.297
-5025.06
-4258.144
-4225.569
-4260.885
-5066.674
-4760.402
-4900.384
-5281.886
-5302.861
-5704.221
-5826.735
-5838.505
-5827.194
-5890.513
-5781.083
-5805.644
-5876.935
-5982.619
-6525.141
-6681.372
-6742.426
-6712.181
-6610.725
-6601.631
-6529.508
-6403.186
-6526.109
-6460.333
-6530.646
-6528.526
-6592.632
-6672.13
-6745.775
-6714.594
-6664.749
-6705.208
-6795.619
-6914.091
-6851.055
-6313.71
-6460.247
-6357.543
-3026.033
-3070.15
-2077.406
-2381.875
-2629.112
-2855.411
-3017.59
-3405.484
-3644.629
-3858.861
-3700.731
-4141.543
-4313.732
-4492.256
-4664.184
-5774.158
-5761.916
-5620.863
-5237.062
-5270.88
-5117.418
-4834.236
-4921.124
-4844.194
-4954.066
-5252.782
-5457.026
-5488.573
-5684.687
-5741.777
-5819.071
-6195.612
-5960.417
-5339.346
-5330.317
-5641.805
-5857.366
-5520.378
-5632.923
-5223.17
-5437.22
-5536.927
-6193.227
-6178.196
-6177.335
-6129.193
-6070.326
-6110.498
-6128.427
-6045.887
-7773.802
-7530.868
-6547.031
-6582.488
-6096.978
-6158.744
-6125.979
-6285.398
-6059.396
-6205.299
-6202.072
-6097.076
-6117.687
-6060.086
-5978.539
-6703.089
-7847.079
-7767.736
-7564.162
-7499.02
-7568.564
-7473.981
-7664.49
-7498.132
-7470.392
-7579.655
-7521.542
-7522.672
-7411.293
-7897.182
-7843.021
-7048.956
-7003.784
-6992.441
-7148.929
-7089.286
-7591.122
-7505.573
-5160.293
-5485.578
-5544.032
-5528.829
-5565.543
-5644.89
-5543.988
-5411.648
-5256.402
-5385.765
-5606.852
-5657.523
-5690.282
-5740.571
-5652.54
-5938.253
-6054.97
-6115.722
-6168.424
-6174.372
-6263.874
-6144.727
-6248.477
-6498.772
-6521.58
-6617.093
-6669.343
-7136.741
-7165.195
-7151.532
-6924.696
-6834.486
-6800.333
-6826.541
-6796.642
-6775.36
-6561.415
-6714.728
-6791.895
-6866.482
-6793.5
-6915.719
-7300.785
-7235.642
-7255.65
-7123.454
-7102.662
-7102.359
-7069.417
-7162.441
-7167.35
-6954.682
-6969.494
-6608.253
-6659.97
-6556.869
-6795.673
-7000.204
-7102.588
-7309.556
-7331.963
-7714.534
-7788.528
-7773.702
-7663.853
-7546.234
-7526.487
-7750.643
-7916.562
-8121.315
-8156.963
-8148.778
-7934.953
-7825.555
-7689.953
-7658.704
-8414.655
-8342.704
-8240.903
-7976.104
-7840.814
-8129.837
-7335.636
-7973.416
-7891.785
-7801.966
-7866.315
-7316.477
-7354.457
-7403.319
-6527.902
-6514.833
-6575.533
-6693.27
-6768.334
-6731.82
-6713.035
-6741.56
-6612.766
-6700.899
-6927.76
-6573.095
-6611.454
-6658.624
-6534.955
-6492.201
-6299.839
-6136.049
-6119.732
-5984.099
-6074.066
-6220.602
-5210.846
-5275.289
-5434.505
-5278.575
-5220.734
-5715.629
-5468.758
-5794.823
-5970.462
-6095.64
-6256.386
-6339.916
-6475.86
-6502.568
-6573.548
-6573.821
-6580.456
-6993.27
-7110.506
-6778.694
-6801.462
-6804.27
-6877.665
-7000.847
-6877.844
-6912.195
-114727.1
-108642.1
-103125.9
-97323.84
-91997
-86869.3
-82115.72
-77687.76
-73188.55
-69565.35
-65821.63
-62303.4
-58709.5
-55698.25
-52815.72
-50203
-49678.94
-47154.11
-44750.83
-42407.65
-40391.15
-38886.92
-37054.31
-35162.88
-33541.3
-31902.53
-30506.01
-29071.06
-54700.77
-52072.54
-49354.01
-46383.18
-44956.62
-42808.53
-41225.81
-39183.48
-37285.45
-35494.87
-33769.12
-32281.48
-30873.8
-29360.32
-28091.51
-26775.36
-25651
-24169.66
-23373.87
-22512.35
-21631.38
-20745.21
-19888.8
-19211.57
-18376.76
-17305
-16731.56
-16207.37
-15651.1
-15232.76
-14336.34
-13885.03
-13287.18
-12921.62
-12452.99
-12102.5
-11785.88
-11437.57
-11087.22
-10840.18
-10717.94
-10587.91
-9494.373
-9312.927
-9206.664
-9083.515
-9035.63
-8954.425
-8852.032
-8732.083
-8703.406
-8244.164
-8105.024
-7964.289
-7943.735
-7827.561
-7792.312
-7730.618
-7801.338
-7866
-7866.638
-7887.159
-6985.001
-7058.998
-7843.12
-7870.528
-7815.646
-7792.782
-7630.665
-7571.915
-7741.716
-7720.968
-7390.86
-6961.364
-7036.188
-6041.087
-6178.286
-6327.444
-6913.421
-6933.827
-6914.318
-7175.201
-7242.416
-7826.265
-8015.298
-7941.276
-7918.235
-7937.601
-7845.851
-7930.514
-7931.621
-7930.541
-7851.859
-7809.311
-7809.675
-7847.638
-7889.581
-7764.925
-7674.675
