1956.16
2665.107
2629.199
2055.943
1258.068
965.4291
242.182
-1741.957
-1835.532
-1442.924
-1525.652
-3626.881
-3355.776
-2845.653
-2098.642
-1515.179
-1580.869
-1064.654
-1317.374
-1026.224
-1091.264
-1214.484
-6843.921
-5899.577
-5157.596
-289356.7
-248729.1
-213679.7
-181998.6
-167424.6
-145302
-120168.9
-103048.2
-89264.08
-75530.67
-64798.66
-55602.95
-47727.17
-41869.75
-30686.34
-25731.11
-25106.38
-21523.03
-18409.92
-15737.47
-15165.12
-12575.6
-11010.67
-11062.67
-9331.853
-7893.567
-7060.974
-7004.206
-6552.885
-2073.111
-1738.492
-1479.622
-1638.817
-1646.412
-1414.355
-1329.51
-2171.68
-1376.376
-1441.942
551.4698
823.55
1120.196
934.8896
582.1539
229.9935
136.4232
733.3271
663.8486
-215.9949
-241.2222
-178.2426
-2025.177
-27488
-23588.57
-20178.2
-17462.13
-14712.1
-11472.87
-9810.1
-7696.999
-6627.979
-6721.135
-5597.37
-5089.978
-4659.994
-4044.899
-3809.848
-3234.173
-2896.18
-2412.992
-1969.862
-2586.134
-3033.963
-2760.05
-4882.632
-11025.03
-9456.812
-7234.541
-6275.729
-6206.884
-6611.902
-5581.995
-4800.286
-4258.174
-3937.392
-3018.368
-2926.663
-2314.286
-2069.261
-1124.88
149.9389
1587.265
1138.803
675.8843
2766.55
3631.444
2985.37
2345.192
2147.898
3340.036
2402.459
2312.387
589.2919
604.3536
563.2197
423.93
735.8452
764.1912
396.451
575.3094
931.9737
1230.471
1339.37
1128.474
1104.386
517.737
1420.183
1489.147
979.9305
342.5685
-692.1211
-1100.815
-7515.744
-6776.207
-5789.097
-5434.829
-4622.438
-3728.946
-1688.651
-1745.991
-1714.039
-520.1109
-1682.09
-1918.789
-2522.702
-2328.285
-1720.662
-2990.993
-4670.459
-3573.465
-2791.41
-2076.19
-1539.489
-909.477
6117.347
5304.655
5242.634
-3193.251
-2626.746
-1845.299
-1436.464
-1722.255
-569.7974
1448.964
1843.692
3277.142
1919.606
820.9422
471.1388
-108.6963
2803.26
1277.334
1000.387
646.7011
742.0506
-862.8981
-7425.078
-5891.015
-5059.252
-4017.656
-3425.514
-3522.682
-2803.332
-2213.301
-2489.377
-2540.393
-1690.981
-921.726
-677.6254
-1344.502
187.239
1121.418
823.4098
879.7799
819.5548
-252.1611
-183.8827
-519.598
-318.133
-1534.149
-386201
-330981.3
-284515.5
-244367
-209730.1
-179863.1
-154327.3
-132909.6
-116804.5
-100537
-86872.49
-74248.48
-63049.18
-55230.48
-46051.68
-40556.43
-35210.93
-29256.22
-25100.74
-20130.58
-16446.58
-13932.5
-11879.04
-10124.33
-6608.948
-5915.88
-4812.639
-3938.801
-3511.107
-17552.19
-14054.49
-12067.49
-9951.657
-8346.937
-7429.179
-6421.843
-5567.812
-4881.18
-4197.472
-3568.429
-3087.39
-2484.536
-2197.295
-2168.819
-2430.139
-3430.678
-2607.219
-2250.908
-1929.857
-1602.606
-1585.205
-1018.364
-419.7004
148.6475
484.7149
520.401
662.2145
642.7272
800.8396
-4659.083
-5151.946
-4251.286
-3259.156
-3238.843
-2644.11
-174.3104
-1000.76
-548.8899
-571.158
-1295.332
-1045.558
-422.1295
-658.5995
-651.3524
-2941.412
-2509.696
-2996.507
-2740.702
-2103.291
-2180.911
-14740.84
-12624.85
-11044.69
-9060.553
-4030.719
-2908.876
-2838.771
-3324.284
-3170.734
-2466.774
-4625.497
-3722.521
-3847.958
-8858.961
-7710.724
-6912.92
-6808.021
-5749.089
-4832.392
-4267.146
-3674.585
-3187.905
-2545.49
-2316.363
-933.3094
-357.8804
-590.1801
-694.9215
-1475.453
-1393.892
-1192.868
-762.8437
-729.3783
-1377.166
-1177.495
-1128.822
-1412.405
-1767.223
-1632.719
-1084.907
-934.3024
-1283.041
-1134.543
-781.0141
-787.0181
-770.6769
-6951.462
-6240.478
-5591.843
-4990.829
-3434.614
-3019.66
-2254.555
-1463.204
734.4506
531.0541
341.138
-319.1168
-336.4063
-672.6348
-534.944
-1716.401
-1367.137
-1169.293
-651.4219
-523.7111
-471.5431
-200.9315
-579.478
-402.2988
-26.76858
-3124.567
-3023.672
-2511.774
-1860.96
-2793.912
-2278.306
-2238.071
-1364.325
-1361.511
2225.786
614.8402
902.1261
-1156.522
-1003.401
-859.7046
-624.5522
-309.1663
-418.2311
-603.9306
11859.81
12241.07
9751.011
8913.403
7505.598
5898.155
5501.093
4541.576
3825.293
3654.051
3242.666
2869.83
1635.236
2449.028
1975.843
1798.897
2193.197
1944.097
1679.354
1596.248
1627.662
-30579
-25179.54
-22132.61
-19216.02
-14689.17
-12581.1
-11555.89
-12922.08
-11199.73
-856.7036
-387.0956
-450.7934
-132.7367
1416.018
916.313
664.7498
182.3274
626.8969
661.5267
45.66961
417.9743
-332.3793
-352.1946
323.7418
434.5001
268.852
484.3974
-543.4646
-909.7058
-233.8763
-203.7201
-219.2468
288.4752
346.4292
2967.162
1676.055
1630.76
1589.221
1247.338
948.6348
1280.644
1059.465
883.0139
780.0968
157.3205
-93.98307
132.3257
179.0337
-353.3056
-1572.784
-1373.086
-959.0114
-313.0998
-394.3549
1478.329
1293.04
885.5285
86.03012
469.015
1272.005
696.1558
-23.06713
-271.1094
-393.8085
-364.8077
-382.4092
228.8347
-32.68767
-48.99789
431.8171
88.24759
-855.7388
1137.104
-1067.792
-2216.463
-1716.435
-1642.272
-1800.641
-1497.179
-1399.797
-1446.255
-974.0216
-672.5196
-645.6569
-74.73951
1402.829
9580.259
5579.843
4799.742
3076.816
2269.974
2222.011
2038.274
4663.328
3697.811
2933.697
2829.329
2307.227
2148.041
1668.249
1315.97
783.5194
1017.422
639.662
2006.819
1650.501
1420.848
643.2369
981.8272
-745.3459
-704.1252
-185.2685
-367.4162
-449.2472
-575.7827
-738.0802
-99.64714
-449.6688
-587.861
386.0989
142.7196
165.5849
-361.5822
2.313599
8.997133
1.338888
-147.7289
4065.563
1994.582
1527.861
1210.029
764.2245
427.8812
-1942.875
-337.9438
-500.7366
22.74889
-15.57067
1123.405
838.2294
1203.692
1414.845
1091.917
531.8067
634.6375
903.862
63285.01
54359.04
40763.01
35673.85
31227.97
25688.65
21450.6
19340.86
16397.33
13825.46
13123.49
10929.57
9274.374
7453.077
-2136.121
-1824.308
-1519.702
-1300.879
-1054.257
-155.2711
710.0622
-411.9547
-812.4739
-1873.649
-1798.053
-2006.769
-947.5393
-931.0594
-37.73187
-6116.105
-4494.026
-3634.19
-4142.815
-5209.295
-4409.456
-3810.25
-3471.144
-3323.055
-3228.866
-2805.478
-2395.587
3771.655
3213.05
3453.896
2533.425
1756.781
1393.371
1863.577
1315.366
1026.3
523.5689
444.8057
46.93951
268.8731
-228.4205
-339.7964
-869.9248
-987.3706
-1316.311
-1255.362
5999.6
3750.142
245.0344
-139.8393
-349.6442
-619.0754
11555.16
10272.74
5677.194
4442.367
3758.167
3131.025
2548.184
2315.057
2072.119
1970.523
1916.035
1658.251
2062.124
-599.5577
-1915.367
-1823.9
-1689.286
-1714.968
135.1431
91.09427
-661.4407
-517.5015
-624.4028
-146.4319
-837.8753
-67.73389
52.25078
-82.44593
153.2772
393.4342
-148.1864
-147.5219
-58.64906
-358.6332
-279.9728
-590.9835
-272.5038
-156.1821
12.71275
-474.1882
-538.9179
-559.0596
-522.586
-590.0017
-408.4943
-247.8274
-177.5206
-543.652
7179.482
6273.582
5561.97
5495.56
5937.413
4772.29
4564.405
4307.609
3313.544
2907.397
2355.229
3330.939
2902.252
2280.657
147290.2
127503.1
108793
93393.07
81110.39
69335.61
59117.95
50740.79
44255.6
36289.47
30940.96
26221.75
22309.94
13927.82
10599
9225.614
522.4445
310.7166
20.8075
-47.34622
699.2009
466.4431
427.9025
173.4284
1229.036
983.4879
-946.6761
4315.063
3459.993
-6843.466
-6650.845
-3375.146
-2705.524
-3444.188
-3039.905
-3263.688
-3834.303
-3285.402
-2932.242
-6449.856
-4926.338
-3203.016
-1959.684
-1300.903
-1182.074
-1214.573
-1328.995
-6948.662
-5361.636
-4917.387
-3584.658
-3252.062
-3153.864
-2549.83
-2349.632
-1770.905
-1777.017
-1555.026
-1370.674
-1127.798
-1003.867
-312.4212
115.7545
96.84905
394.4347
463.2486
461.3203
552.0266
-1997.59
-1789.585
-75003.69
-64894.11
-55653.8
-47484.74
-40623
-35038.04
-29971.83
-25578.88
-22168.67
-19471.8
-17329.81
-15025.65
-12876.66
-10967.72
-8628.317
-7889.848
-7109.458
-5598.115
-4071.807
-3470.283
-3405.347
-2590.577
-2436.787
-894.2648
-617.9667
-644.3354
-959.97
-222.6723
251.4034
227.4688
220.0878
-200.8422
724.7041
678.5137
-2404.383
-2694.136
-597.621
-175.8075
-82.33665
58.41499
-97.71148
-19468.41
-16006.31
-13441.88
-11398.85
-10522.09
-8885.694
-7738.392
-7158.473
-118777.8
-102072.3
-87968.4
-75451.13
-55916.93
-47964.98
-41278.86
-34764.38
-30354.46
-26398.05
-22778.17
-20506.1
-17641.36
-14983.14
-12999.52
-11343.08
-9611.496
-8444.567
-7106.94
-5116.731
-4349.133
7812.534
6477.732
5707.026
4732.605
4410.093
7128.079
6251.185
4944.907
3568.025
3048.573
2505.741
1750.784
1519.299
1459.052
1379.463
1076.012
897.0806
559.5451
150.8533
369.0509
-530.4259
-674.1097
-653.3516
3784.724
4241.019
3522.168
3434.826
-1321.659
-1208.371
-960.8575
-1243.625
-2242.46
-1562.387
-1232.773
-749.4307
1575.714
1020.651
832.2709
899.0813
-11312.42
-9718.515
-8563.094
-7215.177
-6275.405
-5545.871
-4788.203
-3834.973
-3543.334
-2687.071
-2341.746
-2240.302
-2678.773
-2482.158
-2197.575
-1868.25
-1714.406
-4919.375
-4671.872
-4158.912
-3646.795
-2993.71
-2699.789
-2270.636
-4018.299
-3243.134
-3027.667
-2636.2
-871.4743
-751.1324
-1807.682
-984.1338
-1250.738
-162.7659
261.2534
99474.3
85447.08
70111.49
59906.01
50481.35
43447.14
36037.52
31442.15
27022.52
23959.25
21914.94
18432.06
16163.41
13436.59
11489.72
10248.63
8701.667
7723.304
7176.343
6124.631
4729.999
3951.67
3654.737
3429.184
2401.942
1752.545
1475.249
1764.925
1179.965
903.8682
851.4347
-993.7636
-880.7811
-520.8854
-1000.543
-1250.93
-854.4923
-4408.741
-3525.168
-3271.019
-3073.67
-2777.205
-2196.28
-2308.271
-2241.676
-1966.833
-1339.613
-824.8794
-865.9107
-9685.508
-8267.317
-7195.255
-6742.036
-5782.846
-5019.863
-4316.469
-3773.951
-7576.105
-5950.428
-5158.748
-5355.889
-4803.567
-3213.853
-2763.196
-2189.341
-2008.885
-928.9508
-1842.223
-1524.781
-1092.595
-388.3803
-949.2695
-3543.275
-3008.652
-2722.942
-1521.294
-1134.602
-3617.809
-2541.348
-2630.742
-2144.341
-1920.174
-1795.069
-1782.655
-990.5146
-820.462
-116.5352
-7254.379
710.5012
586.8868
1132.283
826.0665
790.181
661.8007
509.6657
373.2283
170.4093
280.893
87.09362
-478.7822
744.9783
908.4292
505.4407
157.0815
127.3789
-7.8566
-27.07525
-459.8926
-369.8627
-167.0429
-149.3183
-459.4337
77.45697
847.4305
689.1463
467.7212
-158.018
-1247.909
-452.5337
-707.6656
-775.2738
-981.797
4838.347
4349.763
3402.238
2955.631
2610.644
2217.844
1725.964
1061.451
895.1954
79213.89
67980.75
58460.11
50398.76
43087.57
36439.26
31333.7
27051.77
23086.12
20070.42
16968.14
14138.25
12167.46
10466.45
8903.937
7433.472
6163.831
4987.55
3673.616
6875.936
7449.736
6422.331
5386.487
3604.322
2474.547
2943.726
2293.524
3439.678
2734.274
2475.967
1867.597
1213.312
1367.799
1032.593
749.6742
445.9597
3641.128
-2303.363
-2057.529
-1742.749
-1743.378
-1769.867
-1372.728
-1299.371
-1491.822
-3053.679
-3046.748
5042.928
4306.648
3804.677
3331.424
2379.223
2901.42
2374.451
2175.088
1700.699
1607.199
1455.151
730.0849
1249.799
180.6348
172.5824
-614.8483
727.1809
408.8889
22.09147
1166.47
1179.931
984.3525
1078.27
1281.811
293.2257
155.1202
648.4747
-4.099321
903.6116
193.1294
853.1467
737.1051
622.5143
448.2331
161.0511
-381.6067
-1568.021
-1286.323
-1775.753
-1977.258
-1201.904
-198.4043
200.5789
-337.1796
-434.3935
81.29422
5.178717
99.66619
-99.11959
-120.9356
37.71922
220.8292
313.281
-28.97622
-224.7532
626.4909
321.171
587.598
504.8101
231.4716
334.0248
291.7055
-96.60671
-72.75
-50.89033
-112.4712
334.9741
311.5126
86.41984
88.98164
-200.1231
-389.9891
-318.8674
-67.35719
901.8116
608.0254
161.3221
-465.2548
-374.4909
-1368.563
-1644.541
-1339.827
-1264.596
-1758.648
-1664.658
-747.1368
-598.7035
-395.7263
612.1343
813.0921
-280.463
-190.5541
-392.3718
-679.1984
-1439.993
-1191.491
-1941.305
-1795.231
-2441.152
-2252.905
-3244.471
-3098.944
-2915.409
-3676.447
-3195.126
-3930.889
-3449.554
-3113.364
-2963.707
-5631.734
-5681.332
-4565.784
-4662.187
-4308.281
-3833.224
-3343.998
-2959.915
-2770.512
-2469.696
-3952.109
-2083.525
-1849.346
-1751.852
-1426.602
-1333.954
-966.7391
-1706.328
-1350.184
-1408.351
-1669.664
-1708.429
-436.458
-2823.401
-2440.494
-1639.119
-403.18
-95.75887
141.2776
-906.7997
-938.1095
-1400.376
14621.56
11533.35
9831.73
8367.923
6994.012
5914.373
5482.878
3587.262
1759.897
1385.648
1411.16
145.9046
58.35739
1881.042
1268.441
752.7535
1557.432
2232.456
1983.896
1649.391
1103.817
1190.195
2891.377
2499.236
2085.999
1376.93
454.7189
678.8708
203.4245
49.359
-972.3405
-703.6201
-2792.522
-1130.637
-1479.09
-1190.376
-694.8231
-614.8705
-715.5606
-67.18348
-229.96
-633.7461
-2755.071
-2151.898
-2032.862
-2142.702
-1790.502
-1692.99
-607.2239
-613.9193
-864.4655
-1087.458
-314.017
-57.46775
-669.3494
-934.6753
-1294.914
967.6624
824.2552
767.7606
284.9601
258.291
181.3515
711.6071
462.8033
231.9145
452.3789
152.8125
-1206.894
-1012.87
-895.3084
-586.6862
-533.2961
-642.9681
-1069.711
-1019.191
-612.3675
-638.0275
-434.2254
-804.2918
-880.0639
-1441.035
-726.121
-394.5091
-744.8893
-585.1328
-636.1151
-621.3664
-614.8144
-935.3759
-1006.313
-1342.62
-2111.085
-2050.635
-2462.08
-2023.039
-2731.857
-2583.225
-2483.127
5244.662
3997.892
3595.425
3036.568
2179.809
-43.39639
45.87728
143.3872
-302.2524
-494.9895
-555.7782
-709.6541
-16457
-13754.25
-10121.73
-16616.7
-15328.59
-13578.9
-11927.65
-9566.857
-8661.423
-7603.865
-6313.386
-5960.109
-5355.347
-5406.26
-5620.915
-6075.092
-5365.2
-4184.17
-3630.235
-2901.56
-2342.768
-1912.962
-631.536
-661.0647
-857.8969
-917.7166
-784.0569
-1520.764
141.521
38.20251
-752.7932
-471.5049
-146.8616
-767.4223
-918.6992
-328.0864
54.30823
-919.3593
-714.3618
-849.6478
-1483.899
-1857.954
-1126.356
602.8656
440.2775
89.58109
177.1796
113.285
873.8643
455.8989
264.1834
944.8044
647.3033
108.1238
-3.180281
481.2642
-7124.386
-6141.526
-5429.906
-34850.26
-29905.47
-26529.14
-22494.14
-19492.95
-16828.77
-14786.74
-12848.45
-11060.84
-4691.238
-4726.754
-4621.074
-3545.778
-3418.148
-3091.484
-3226.807
-3798.335
-3336.188
-3351.03
-2612.068
-2356.804
-2091.876
-2248.593
-2786.85
-2620.269
-2199.673
-1769.612
-1594.874
-1650.842
-1598.581
-1455.294
-4737.648
-3851.762
-3902.145
-4137.159
-5303.76
-4626.437
-9879.606
-6573.674
-5808.693
-1082.556
6957.326
5727.341
4852.238
1503.878
903.8012
621.2059
461.4051
719.442
617.1481
-912.8768
-1206.868
-969.8866
-1242.458
-930.3665
-857.9273
-3517.428
-4756.227
-4154.028
-3811.034
-3998.325
-3648.307
-3777.941
-3538.839
-3090.888
-2918.826
-3391.209
-2950.801
-3089.154
-2509.363
-2141.298
-1872.795
-1611.18
-1450.287
-1073.462
-1131.092
-827.959
43.94759
-26.3647
-157.8616
245.3303
-24.62517
-3873.075
-2915.623
-2577.687
-3958.51
32364.37
27061.74
22993.88
18921.71
16241.64
26646.2
22923.05
19652.89
16033.81
12737.39
10836.43
9334.276
8727.758
8731.582
7321.485
6142.072
4724.06
3274.925
2585.845
2098.847
3179.434
2735.83
2069.156
1601.953
2688.857
2306.458
2395.425
2603.757
2068.252
1087.918
2663.679
2261.429
1560.107
2108.583
1868.542
1327.622
2194.743
1933.093
1557.813
866.9298
814.0507
-3688.028
-3258.049
-3261.838
-13433.02
-11600.6
-10057.12
-7396.293
-6653.131
-5875.307
-7560.101
-6345.273
-4961.841
-3266.361
6072.502
5612.795
5011.079
4846.564
4021.058
4355.663
3057.6
2312.603
3816.003
8102.645
6969.697
2892.908
1972.064
1599.219
7070.532
4920.748
3950.425
3725.622
1877.068
1530.359
1045.791
820.4296
540.8962
-210.8632
-872.7782
-1088.082
-1375.945
-1298.27
-1332.106
-350.2326
-361.5586
-344.0001
77.71037
11.75942
88.1614
363.8443
683.8055
807.1841
620.6275
-418.4336
-738.9044
-1027.029
-731.2976
1194.236
1235.84
1552.161
1432.181
1014.639
708.0035
1944.388
1758.677
1588.772
940.1548
3545.546
2882.239
2056.536
1951.691
1621.174
1784.444
1144.432
948.1135
222.7437
191.9453
559.769
728.3331
-1210.592
-1346.194
-2099.764
-1584.032
-901.3755
-967.162
-282.7963
-327.4512
-359.1592
-254.8414
788.5211
744.9324
22.67498
1289.891
614.3795
863.5862
585.7931
1130.011
1353.727
1038.256
1737.843
1332.806
1063.502
717.9151
739.7103
523.9638
636.3109
991.5533
1071.895
-2470.281
-2162.63
-2035.063
-1901.507
-2949.126
-2592.259
-2003.27
-1161.886
-1292.236
-399.4676
-605.3383
-267.7425
-579.4302
-991.8476
-933.5272
-2640.23
-2025.222
-1719.19
-2651.788
-2004.258
-1967.981
-1588.046
-1388.492
-1547.096
-1163.011
-2428.919
-2161.689
-1701.519
-1209.277
-857.9885
-1161.132
-1190.564
-9687.147
-8349.061
-7666.957
-6492.276
-5585.499
-5244.453
-4517.837
-3871.85
-3208.666
-2473.436
-1873.66
-1156.579
5350.026
2855.391
2126.641
2263.572
1434.351
1025.04
1125.206
1195.094
1085.904
898.3246
184.2744
536.0911
912.5698
701.9424
288.4669
565.0205
329.0574
8813.152
6334.599
11475.39
9712.181
8406.081
7019.368
10733.7
9107.989
7836.743
6539.338
5754.703
4650.2
4564.54
3997.062
3871.662
2457.561
1801.756
1676.026
1247.69
1028.561
1617.069
1494.737
1190.609
141.7305
236.3413
-7.963093
-72.14136
-195.246
15.64104
-76.18358
-49.06156
7687.882
6524.596
9388.515
8077.193
6485.176
5590.067
6155.934
4924.821
-2458.196
-3210.895
-2520.952
-3799.203
-3882.779
-4584.283
-3801.624
-3609.677
-3228.034
-3126.21
-3031.95
-2748.149
-1991.415
-1565.327
-2031.147
-1770.197
-1526.651
-1310.791
-3352.217
-1923.482
1198.899
-1863.52
-1820.276
-1577.953
-1865.604
-1765.779
-2507.635
-2622.43
446.1595
669.4147
441.0932
655.1638
337.8199
-2010.123
-1401.804
-1430.758
-1006.112
-754.9725
-1030.457
-576.1313
-5192.571
-4449.903
-4233.768
-3482.931
-3078.39
-3509.619
-2976.404
-1414.176
-1236.759
-813.2018
-1430.231
-1687.13
-1595.028
-2118.951
-1751.356
-1350.012
-1278.2
-1240.182
-1301.173
-739.4691
-611.5056
488.7087
1096.109
615.4742
872.1085
573.6093
316.7579
215.8327
65.77266
-161.1905
-157.3141
-1085.727
-1192.964
-880.2899
-1166.086
-1624.128
-1438.975
-1084.247
-977.7421
-1019.845
-1119.675
-1440.266
-1317.498
-1066.693
-873.5802
-541.3648
-725.3081
-847.3779
-709.1047
-756.9117
984.7022
996.0773
-2387.856
-1488.833
-2022.85
-1716.562
-1853.853
-1784.028
408.7026
-97.91129
-77.77582
-387.0618
309.1191
741.6426
702.0183
388.6706
243.6236
782.2865
546.0817
621.7396
558.1143
330.6973
438.8714
202.6213
520.9092
627.2224
1170.662
774.4375
479.685
3524.611
3186.284
2582.404
1437.609
-1113.293
-1214.756
-1197.086
-1120.872
-2399.06
3558.449
1595.205
1356.684
1683.67
1079.019
1140.612
1589.993
1173.081
5047.172
3491.31
2781.469
2211.554
1775.029
25.89166
1314.691
965.0602
677.5162
110.4398
-112.7017
993.2867
1070.678
897.0848
-614.8963
-473.0442
493.873
897.0447
-76.98098
-1049.254
-883.5623
-1078.212
9081.847
7787.145
18287.18
15835.89
12984.63
11164.19
9356.423
8011.395
6567.542
4874.405
4219.588
3334.514
2247.654
1626.261
-442.8448
-339.8272
402.6831
1972.688
1331.621
677.2928
192.2604
377.423
-35.16913
-246.8166
-775.5098
3957.364
2438.924
2205.687
2412.754
2039.881
1688.235
1383.235
1012.184
1026.897
1793.784
1385.673
1234.137
2410.423
1661.164
907.0928
696.0086
898.1035
469.0093
1029.843
-585.8397
-632.0182
1490.489
1118.919
458.36
335.4895
2372.579
1690.196
1531.585
911.6649
843.427
276.5448
14817.69
13456.41
11299.75
9708.239
8765.874
7672.491
5872.162
4761.48
-13249.13
-11829.66
-10487.57
-9234.033
-7271.486
-6566.435
-6647.686
-5946.567
-5660.473
-478.7603
153.7219
1269.512
4732.82
2029.337
1553.056
1481.044
1231.483
878.6331
1002.434
800.7792
308.8761
-7.634846
-224.8676
1353.152
1088.835
751.9419
39.94155
-71.32389
-535.7399
-495.7753
-684.2171
-583.143
-797.6843
-1073.719
2807.094
4888.675
3852.371
3092.366
2450.577
1909.394
1352.963
1414.249
-7957.699
-7254.636
-6589.37
-5850.038
-5959.805
-4912.904
-4213.219
-3585.105
-3226.74
-2342.336
-2452.88
-1729.494
-1431.651
-1429.442
-1135.2
-1000.097
2875.924
2785.26
3594.998
3251.29
2389.774
1586.609
868.6344
277.3899
-482.1994
-1782.477
-2242.482
-2215.904
-2153.839
-5277.935
-4872.604
-4075.843
-3420.3
-3096.269
-2767.283
-2382.743
-2637.357
-2445.19
-2825.569
-2159.398
-1837.751
-1103.169
38896.26
33885.55
28713.91
24783.22
21146.57
17913.15
14009.48
8275.296
7651.869
5432.661
4585.336
4040.436
3244.686
2722.39
1740.206
1555.703
-1319.663
-84.6911
-286.8094
-595.0316
-360.1094
-402.778
-248.8352
-457.9102
-380.1917
47.77539
-239.4356
2741.26
2312.006
3328.662
2686.604
1975.807
1685.279
1270.631
433.418
272.0023
-1506.8
1568.125
889.751
-44.86673
-1051.471
22.14073
472.4796
173.2967
-18.47958
151.0618
-299.1994
-114.2749
-630.1349
765.0083
-5561.468
-4709.74
-4186.428
-3590.079
-3622.991
-3020.174
-1940.407
-1889.244
-2122.628
-2364.744
-2195.872
-1990.098
-1540.935
-1171.04
-1023.069
-156.6197
-196.7756
4699.278
3597.423
1434.271
1142.993
497.2296
753.7178
464.4641
72.67078
442.0553
139.6333
-560.014
-814.1648
-1075.356
-2042.551
-2139.732
-2165.973
-1855.225
-2326.502
-1476.375
-1443.113
-976.5397
-2247.84
-2263.323
-2991.036
-3981.159
-31971.32
-27434.73
-22532.47
-19800.72
-17248.52
-16119.38
-14160.33
-12577.51
-10995.35
-9277.332
-7828.717
-6559.132
-5666.212
-5532.585
-7167.651
-6114.712
-5381.493
-4254.738
-4435.581
-4111.22
-3322.966
-3196.242
-3061.084
-2691.672
-1825.089
-1990.168
-2397.846
-2303.248
-2433.399
-2094.573
-2065.461
-1281.572
-1345.936
-1459.684
-1322.983
-1182.267
-1226.227
-356.7717
568.9425
-85.54784
-330.7338
-4617.819
-3951.819
-3939.542
-3979.512
-2103.268
1102.611
1099.217
733.1095
364.5426
77.43618
291.3617
226.175
-112.3501
-264.5082
-381.6387
-419.1152
-884.4233
-819.8142
-507.648
-518.4064
-3001.825
-2777.547
-2658.212
-5761.189
-5206.395
-4675.74
-4100.854
-3294.613
-1250.914
-1760.319
-1523.3
-1590.258
-2024.558
-2101.175
-2246.2
-1397.758
1734.836
1287.647
1118.018
863.5401
100208.7
86014.99
73741.54
63525.89
55132.84
48297.4
40821.31
34648.96
29917.46
25799.73
22692.1
19683.37
17031.31
14471.95
11892.4
9515.855
6220.554
5283.116
4306.827
3353.794
2935.201
2550.513
2235.293
13197.69
13090.12
11286.05
9616.137
8244.189
7009.819
5888.99
5287.386
4827.87
4436.059
3240.163
2733.052
1620.69
-1799.598
-1949.239
-1898.053
-1667.901
-1505.773
-1541.138
-852.2138
-858.6385
-593.7984
-865.3862
-928.43
-1133.744
-1778.582
-1677.809
-1480.235
-973.1593
-956.9596
1866.073
1468.8
662.0209
1083.125
1119.407
1322.148
1124.96
763.7664
-12279.79
-10840.73
-9416.361
-8283.713
-7242.706
-4850.56
-3354.556
-2503.269
-3409.994
-2881.134
-2567.028
5889.638
10406.54
8744.228
7316.732
6594.29
5784.432
4506.242
2680.538
2219.236
1757.283
1445.44
1017.758
1009.487
517.9039
4236.861
3810.871
3575.428
1348.741
1194.846
711.3245
-298.2619
-256.7414
-460.9759
-1437.939
-1546.801
-1096.827
-1083.092
-1158.572
-347.1718
-17.28366
-469.7487
-576.6475
-1571.931
-1350.335
-1480.232
-1121.774
-896.1984
-275.7557
-70.88864
-173.3633
82.40487
65.36634
136.8101
-209.4697
67.22509
-570.3226
659.2801
4033.572
3395.226
-5235.977
-3396.781
-3020.521
-1374.268
-1283.482
-1102.092
-1163.681
-1528.749
-1645.339
9950.416
23605.88
20427.37
18230.35
15157.3
13460.85
11210.26
9438.767
8739.638
10993.67
9543.728
8014.382
7536.7
4716.191
3763.92
3324.744
2713.181
1959.905
1693.93
2135.128
1126.228
8596.551
6142.965
5672.377
6212.329
3960.941
3289.733
1124.276
813.6934
1483.348
-2912.705
-2405.255
-2504.958
-2493.28
-2154.985
-2064.129
-2021.15
-1825.907
-1726.777
11474.61
9371.915
8697.639
7149.525
5970.649
4395.44
3886.064
3368.664
2413.953
1171.005
630.1595
65.31079
-130.4544
-6.226472
275.2526
-4.982641
-225.2615
-404.1301
43.23426
76.71293
-128.441
63.15846
-92.18616
-373.9427
-752.8152
-581.866
-682.2704
-930.2163
-489.4633
-889.2754
-677.159
-1133.892
-838.7449
1721.516
1626.882
342.1371
-742.5501
-863.1451
-651.5193
-733.997
-1749.975
-1795.034
-1654.145
-1340.66
-1338.498
-2010.872
-1628.165
-1390.589
-1507.717
-1386.397
-1275.771
-1298.957
-951.287
-2316.647
-3257.265
-2351.492
3889.21
6737.686
5245.591
3997.793
3625.836
2882.7
2689.877
585.185
36053.45
30295.79
25656.16
22428.55
19024.17
17156.78
14745.34
12295.71
10088.11
8634.3
7238.658
5471.155
4910.249
4249.099
3706.734
2540.678
1909.007
1866.153
1438.691
1209.235
234.5671
-15361.04
-13052.64
-12067.68
-10432.19
-8599.156
-6813.266
-5474.275
-4989.271
-4215.341
-3481.639
-2865.96
-1023.444
-910.3023
-1156.424
-1001.585
-694.0978
-850.5773
-1231.431
-1020.235
-1411.94
-1239.492
3910.014
3000.53
1327.236
-85.50125
-496.5644
5858.039
5143.965
4839.279
4317.742
3441.744
2978.125
2907.386
2080.122
931.0244
652.0873
561.9646
472.608
1471.767
1427.814
1085.864
5139.213
4458.009
3392.916
2811.174
2597.845
-3585.398
-3061.201
-4827.565
-3963.22
-3678.897
-3125.767
-2970.185
-2980.978
-2675.397
-2312.899
-1211.217
-1125.134
76.25903
93.42114
214.7272
169.1573
-153.6815
16.20323
130.3339
-19.76837
1508.223
1266.671
441.3482
82.77604
-8.883876
-5384.368
-4179.23
-3571.371
-2847.908
-3222.182
-3224.847
-2591.96
-2395.963
-2700.553
-2091.069
-2090.606
-2889.381
-2715.105
-2494.727
-2268.452
-1850.724
-1595.821
-1184.593
-1207.057
-1330.914
-2489.755
-3118.539
-2801.81
-2470.955
-2338.149
-2228.574
-2062.968
-84.28624
-327.0964
-1236.631
-1112.471
-1182.302
-738.3123
-766.1366
-1210.732
-15639.4
-13593.44
-12081.48
-10850.69
-8581.995
-7363.995
-6247.372
-6426.858
-5578.016
-4816.186
-4617.986
-1180.253
5748.614
7653.128
5727.997
4951.893
4305.491
3691.293
3303.793
2125.813
715.66
-1129.549
-822.4875
-11157.72
-9574.167
-8528.064
-7337.69
-6481.118
-5623.8
-3797.267
-3383.761
-3039.159
-3467.141
-5563.146
-5397.842
-4097.502
-3515.687
-2915.449
-2730.424
-2063.001
-2001.765
-753.6479
-949.9368
-4025.739
-3627.189
-6785.749
-6004.137
-5324.697
-6252.969
-4581.716
-4505.186
-4056.164
-3598.528
-2825.395
-2903.382
-3002.145
-3015.624
-2888.894
-2325.722
-2161.819
-2492.121
-2509.475
-2952.47
-2660.355
-2526.445
-3196.861
-2974.805
-2666.663
-2491.281
-1819.37
-2086.126
-2674.208
-2676.639
-2564.676
-2409.541
-2087.655
-1651.715
-2799.231
-2887.311
-2667.934
-1507.18
-1098.969
-2625.072
-1998.846
-1936.1
-1915.526
-2623.601
-2212.52
-2154.139
-1613.953
-2086.235
-2054.761
-1733.278
-1095.43
-1132.795
-532.6393
-335.5981
-522.4319
-400.5525
-366.4468
6382.021
5083.303
4119.691
3928.015
3049.956
2305.888
1866.729
592.3671
7.500237
-152.2815
1519.228
1896.62
1585.178
1323.989
327.0702
52.47012
-551.7957
-373.65
-638.5816
-428.5745
-200.3873
-298.7886
-530.1234
4943.467
4228.376
3142.054
2489.756
1858.68
1633.601
1198.352
1041.787
296.3334
-877.1464
-1260.91
450.0424
210.0195
188.6547
161.834
-830.2894
-853.2976
-1188.492
320.8944
5863.659
4253.714
3533.524
-1773.793
-1936.369
-2277.279
-2239.517
-1747.766
-1970.411
-1749.513
51191.11
43527.57
37423.03
32059.34
29423.06
25153.19
21278.23
18291.23
6092.073
6707.031
5336.022
5303.972
4147.117
2665.973
2249.386
1761.845
19.54419
-655.5208
-876.371
-2049.335
-2593.28
-2484.59
-2167.3
-4472.151
-4273.896
-4105.112
-3404.576
-1282.875
-1354.237
-1347.934
-1150.662
-4699.71
-4262.552
-3996.873
-5831.371
-5257.273
-4476.306
-4275.69
-4671.639
-4333.693
-2239.189
-4799.422
-4284.685
-3711.114
-3403.634
-3258.075
-3286.557
-2702.055
-3623.558
-3091.889
-3482.419
-3211.321
-2347.963
-2948.243
-2884.177
-2444.197
-2673.467
-2265.79
-2647.879
-3288.328
-2988.679
-3331.979
-2994.368
-2888.797
-3295.986
-2939.918
-3066.14
783.9474
2165.151
1595.19
959.3208
663.4892
660.0397
19.29384
242.0042
835.5974
-970.859
-1069.153
-1024.722
-1080.685
-2875.992
-2069.282
-1784.277
-1881.963
-2155.874
-2827.863
-2771.699
-2618.787
-3131.079
-2966.983
-4533.205
-2849.413
-2371.049
-4536.852
-573.4472
17.36637
1734.04
900.9902
651.1961
88.12197
144.4598
-7.558228
-1269.759
3254.927
2033.623
1201.458
612.373
-982.8859
-1023.19
-739.6544
-591.893
-3773.75
-3510.116
-3267.419
-1382.635
-994.2155
-2266.971
-2549.161
-2192.495
-2260.403
-3722.042
-3366.801
-1726.387
-2618.109
-2920.504
-2827.974
-2461.88
-2490.986
-2621.543
-2396.296
-2112.338
-2176.312
-2222.131
-2070.061
-2855.342
-3793.932
-3475.416
-3092.95
-3081.326
-4196.323
-3781.357
-3315.652
-2927.774
-2794.237
-3498.523
-2537.721
-2675.253
-2125.442
-2074.966
-1747.797
-1489.908
-393.4335
-275
1332.262
946.5229
-1169.365
-1114.412
-1189.025
-1010.414
-1211.942
-1527.067
1240.833
1950.334
1784.307
1673.376
1310.828
-18292.51
-15924.37
-13851.2
-12193.11
-14900.85
-13027.05
-11889.75
-10646.71
-9265.604
-9740.492
-8607.607
-6862.194
-6221.214
-6269.709
-4525.416
-3976.226
-3505.6
-1652.608
-1415.72
-1585.242
-1633.561
-1501.865
-1473.104
-1175.775
-1119.599
-1323.463
-1429.193
-9397.116
-1825.929
-2006.868
-2005.718
-1762.452
-1800.385
-2603.638
-2751.964
-2775.916
-2723.901
-9120.995
7675.935
6056.52
5153.338
7543.121
210469.2
182510.5
159359.5
136816.9
117016.4
100356.7
86189.71
74066.32
63609.43
54693.2
46816.63
40161.82
34210.38
28888.38
26309.62
21758.54
18381.12
15236.66
12099.01
10317.63
8284.405
7152.796
5776.091
5288.457
-12931.17
-10750.46
-9313.29
-5866.758
-5112.449
-410.5347
8243.717
5490.314
4432.311
3563.649
2680.201
1995.016
1882.258
1243.584
1624.859
1400.63
501.6905
-1686.089
-1867.859
-1855.129
-1925.321
-2265.901
-2006.527
-3408.945
-3389.696
-4257.89
-3802.575
-3413.112
-3212.041
-3142.357
-2538.088
-2157.74
-1413.725
-1506.466
94142.78
80827.32
69100.59
59826.48
50657.02
43132
37162.34
31718.9
27586.75
23980.12
20134.93
10687.48
8962.471
7117.519
5726.503
5160.68
4456.34
3841.464
3415.631
2598.622
-480.8176
-621.6693
-1236.072
-1614.898
-833.8593
-889.1119
