-88158.44
-74012.11
-61985.9
-52029.22
-43439.26
-36865.66
-34698.55
-28950.92
-24401.87
-20432.7
-16509.41
-13893.45
-11577.65
-9591.908
-8185.266
-7866.635
-6400.008
-5389.332
-4717.673
-3864.13
-3610.846
-1503.807
-1406.64
-1086.787
-930.7801
-628.2244
-245.2731
-25.43282
268.5289
92.9035
202.2839
604.7031
618.839
654.4384
695.8266
1009.577
767.1987
1216.335
1322.655
1220.179
1069.72
-250.6507
-94.4083
-939.2316
-2141.921
-1022.792
-608.7769
-254.8699
-27.53757
-124.9314
-112.9366
2.554786
-2254.551
-1808.367
-1992.075
542.0184
225.8606
237.9126
166.8672
1688.68
1539.642
1570.36
-560473.3
-470425.6
-395016.9
-332156.1
-278986.1
-234702.5
-197246.8
-165585.8
-138995.9
-116261.6
-97569.13
-81669.23
-68828.25
-57239.52
-48508.89
-40627.36
-33988.75
-27173.18
-22834.38
-19050.04
-15789.65
-13661.09
-11605.92
-3037.671
-3339.288
-2757.994
-2458.614
-2598.432
-2135.288
-1884.634
-1502.952
-1247.919
-915.6722
-863.2067
-518.6289
254.9896
45.51341
-88.32661
-174.4137
-237.5723
-813.348
-648.5761
-700.8802
323.9441
412.142
2358.179
-8967.315
-6821.189
-5670.048
-1925.783
-1389.299
-1092.881
-959.2806
-1183.488
-1030.19
-931.0807
-576.0637
-449.4593
-414.7174
-370.7709
-223.1243
-414.6225
-457.8368
-419.2875
-520.6807
-2674.638
-2434.637
-2095.179
-1700.596
-2036.58
-1662.717
-995.8895
-279.6711
-705.8476
-975.8549
-1541.826
1640.392
1329.26
1099.211
334.7878
204.9094
808.9276
770.2132
525.4647
369.7243
200.3397
860.0054
-216.1344
-163.5371
-725.8851
-638.1182
-438.8993
-332.6363
71.0258
-165.7947
-278.4666
78.98891
-633.0599
-521.6195
-790.5445
-207.0075
-716.7391
-743.1008
-680.4086
-764.1129
-858.3753
-881.6966
4533.793
3654.751
2942.283
2345.634
1315.693
1052.454
494.3756
273.9668
-59.67432
-336.4166
-994.9546
-827.2892
-948.0592
-874.9559
-934.8321
-997.1313
-1506.164
-1114.802
-1087.989
-659.8087
-697.1812
-884.3076
-749.1416
-795.1506
-869.3006
-678.9498
-312.6603
179.3138
995.0996
792.9961
697.8377
370.0702
67.38658
945.4555
888.9059
738.3503
95.81271
-221.0607
-72.95636
-3059.959
-2820.67
-2475.909
-2204.592
-1879.47
-1528.693
-1426.51
-1167.248
-1108.06
-829.7041
-871.0695
-1033.173
-811.5561
-371.8856
-298.2992
-343.0826
-379.2709
-625.3717
-494.576
-918.097
-859.7159
-885.5273
-339.4987
-1538.397
-1278.403
-1913.349
-1868.739
-2019.137
-1756.07
-1402.052
-1245.731
-829.0054
-923.8098
-577.0947
-639.916
-493.4426
-128.0249
-158.2735
-347.2064
41.82003
-151.0815
-386.3197
-567.0668
-559.2131
-410.4203
-253.6052
1305.907
1032.818
-207.315
-1827.44
-1759.249
-1466.913
-2864.117
-2317.345
-1958.314
-1586.133
-530.9155
-137.6884
1651.399
2135.138
2110.6
1482.253
-265.0277
-517.0166
1603.848
1662.367
1540.369
1412.516
1379.51
1126.947
1102.294
715.1647
153.0334
121.4541
-566.169
1153.671
1083.508
822.2657
613.3067
964.8802
633.6462
970.0501
1228.645
1111.668
1034.508
723.284
1544.988
1420.667
2340.447
1988.849
1906.578
1622.641
5788.785
4809.354
4204.217
3584.167
3240.047
2727.169
2054.478
2258.543
1910.471
-180.383
-247.3449
-72.48311
-19.41429
-1297.445
-1095.033
-889.8423
-559.1899
287.5897
659.6872
978.3138
1052.25
923.0895
818.0619
613.4126
660.8959
396.0791
-1084.431
-524.9282
-555.6703
-274.8774
-623.4537
-1899.088
-1538.476
555.2534
157.3559
105.8921
227.3722
-133.3371
197.7289
-99.42353
135.1481
264.8768
25.06807
-229.9371
-124.5167
91.83929
-98.92621
-426.0278
-845.3553
-1052.902
274.7031
54.85185
132.2447
-158.2821
336.4945
306.6115
174.169
316.8283
529.392
80.79648
-42.72348
-93.00152
89.00755
-18.62429
-437.5214
-321.9256
-652.0715
-527.8251
-263.1435
-498.1848
-550.1398
-361.4853
-291.6865
-401.6156
-408.6379
-427.3642
-501.0515
-91.76386
-87.82241
1679.583
1518.306
1130.976
221.2093
-120.3336
-43.61481
96.83924
-370.5824
402.4792
364.18
-7.751889
-289.904
-349.698
-466.3182
744.7583
478.7081
6813.45
45791.67
38312.92
32144.28
26169.26
22481.48
20405.56
16284.99
13397.87
11062.82
9003.603
7446.46
5984.745
4980.726
3995.095
3209.116
2924.09
2137.283
1790.282
1433.274
1377.024
1277.218
932.7842
736.9155
439.9793
-240.9217
-277.7174
-255.4121
-1526.569
-1589.751
-17055.86
-14584.26
-12399.05
-10771.69
-9456.814
-6392.637
-5497.459
-4793.79
-4166.089
-3739.355
-3253.301
-3123.632
-2673.197
-2468.713
-2277.456
-2099.845
-2057.032
-2149.279
-2339.264
-2157.394
-1734.683
-1545.803
-821.8705
3653.869
2574.189
-10409.67
-8967.307
-7733.29
-6767.06
-5666.648
-4982.478
-4403.759
-3829.841
-3638.647
-3467.192
-3396.428
-3203.406
-2961.114
4641.298
3622.93
2742.834
-3071.453
-2826.047
-2638.121
-2636.643
-2264.932
-2006.528
-1905.112
-1865.351
-1950.297
-3025.925
-2829.441
-2213.005
-1269.164
-1127.827
-1155.676
-414.7739
-374.9419
-273.9445
-261.9887
16533.42
13659.22
10925.74
8076.176
6720.082
4658.53
-4734.685
-5715.615
-4971.074
-4403.929
-3669.53
-3183.953
-35002.33
-29734.89
-25640.7
-21584.56
-18214.28
-15773.32
-11408.34
-9694.713
-8170.039
-6695.866
-5980.82
-5414.785
-4791.797
-3469.356
-2981.415
-2841.03
-2417.014
-2302.872
-9266.983
-8098.764
-7221.096
-6277.653
-5661.69
-5004.959
-4475.406
-3970.582
-3196.336
-3953.394
-4231.373
-3897.925
-2962.413
-2648.381
-2584.942
-2130.185
-2086.331
-1394.169
-1261.122
-43418.07
-36574.41
-30855.88
-17605.23
-14965.4
-13079.65
-10771.9
-8323.961
-6314.131
-3915.694
-3632.991
-3619.79
-2757.684
-2372.161
-2019.767
-1932.996
-1869.414
-1787.433
-2062.13
-1971.312
-1653.063
-1846.854
-1712.89
-12115.38
-10203.88
-8558.625
-7374.755
-6388.333
-4912.277
-4076.126
-4009.651
-3448.276
3190.695
3003.562
3723.216
2983.965
2049.447
-1302.052
499.082
214.7928
-164.0626
-425.3706
-563.1849
-680.9756
-9669.005
-8111.183
-6718.917
-2865.093
-2256.667
-2070.594
-1796.645
-1546.901
-1188.489
-1024.066
-975.4689
-872.5401
-499.2221
-487.8212
-411.6943
-604.74
-7579.323
-6354.695
-5359.515
-4591.827
-3617.563
-3414.547
-3109.124
-2294.392
2339.372
1965.902
1653.735
-349.8244
-1681.087
-1652.882
-1880.071
-2152.314
-2037.481
-2424.593
-2157.642
-2469.521
-1890.569
-1839.945
-1610.916
-1607.593
-1327.979
-1075.923
-798.821
-897.6985
-831.3168
-504.9152
-3662.442
-3103.042
-3418.08
-2886.978
-332.0744
-3293.619
-2988.238
-2600.883
-2995.005
-2525.249
-2522.714
-2610.389
-2317.663
-934.0937
-428.1861
24.88909
-284.1383
-648.6154
-527.8032
-551.6934
-807.4411
-625.7882
-1728.322
-1379.87
-1323.909
-1150.066
712.0279
447.0896
-91.27266
-213.1883
-2034.29
-2319.181
-1386.516
-1312.783
-1183.878
4321.793
3661.48
3497.872
2648.188
1458.052
262.8618
-57.67316
-229.24
-446.2387
-672.3657
-41.97801
50.95429
13.57445
-90.67071
-367.1444
-272.7494
-393.7205
-501.471
-621.851
-936.1204
-310.4407
-494.0495
-659.7113
-822.7653
-916.8849
-1111.037
-1410.917
-928.953
-1158.053
-1251.811
-1306.281
-1318.449
-1151.189
-786.4138
-916.3315
-1118.209
-2440.841
-2266.145
-2455.643
-2389.022
-2129.912
-1735.502
-2141.514
-2015.017
-2626.704
-2399.639
-2165.261
-1993.885
-2074.493
-1808.948
-1824.326
-2136.864
-1587.517
-1784.526
-3176.217
-3402.32
-3331.238
-3047.49
-2846.225
-2710.049
-1630.297
-1570.191
-1549.414
-1334.629
-1403.685
-1408.068
-1610.579
-1545.6
-1705.814
-1554.327
-4938.979
-5133.733
-4733.398
-4475.787
-3993.789
-4024.777
-4347.056
-4173.076
-3934.542
-3738.044
-3443.62
-3230.31
-3266.804
-2996.785
-2983.518
-2979.33
-3098.726
-2745.355
-1549.073
-1647.549
-1648.103
-1896.801
-5616.844
-5269.031
-4733.335
-4284.768
-4139.485
-3584.51
-3156.09
-3013.341
-2561.974
-1572.985
-1279.966
-1405.569
-1558.939
-1975.064
-2066.306
-1955.394
-2200.815
-1754.54
-1865.103
-1466.43
-1608.834
-1542.191
-557.0231
-664.8439
-23978.93
-20592.19
-17643.89
-14561.1
-12810.85
-10943.02
-9355.02
-8152.206
-6627.262
-5800.121
-5084.741
-4318.714
-3592.812
-3239.291
-3274.35
-3047.824
-3074.632
-2830.188
-3194.061
-2749.63
-2834.723
-2489.276
-2323.641
-1825.937
-1329.991
-3162.021
-2732.256
-2295.394
-1982.958
-512.2014
-672.273
-805.3623
-1192.521
-1111.73
-933.5461
-844.0914
-1218.315
-438.9332
-3875.332
-3366.47
-2923.588
-2770.084
-899.6329
-1156.024
-2730.883
-2117.27
-2787.069
-1959.015
-1525.192
-1360.417
-1180.366
2932.138
2320.519
1489.306
607.2679
165.9915
-346.4925
-204.8999
-1509.181
-9293.512
-6781.037
-5777.895
-4297.121
-3606.383
-3522.364
-2830.017
-2721.414
-2574.944
-2533.659
-2318.993
-1616.257
-1399.102
-709.8518
-434.1218
-610.1502
-450.8927
-491.0462
-2160.049
-2006.059
-5113.696
-7924.593
-6166.051
-6406.343
-5611.131
-5641.24
-4748.576
-3861.298
-3413.968
-3891.111
-3545.41
-3222.375
-2450.129
-2037.392
-1994.811
-1748.691
-1473.634
-1080.89
411.3549
25.44525
-33.20668
-260.8219
-520.1773
-1063.7
-1060.627
-2748.381
-2336.361
-1961.284
-1960.609
-1782.028
-1578.09
-1343.64
-1078.846
-1037.528
-161.6223
-308.9317
101.9409
-140.0881
-148.8999
-371.6081
-393.5914
-403.8569
-283.2081
-74.98788
227.177
-265.8709
-518.3154
-443.6177
-658.9878
-733.5794
-781.584
-857.9963
-1265.412
-1401.858
-3763.63
-3320.861
-3818.399
-3525.518
-3135.188
-2283.389
-2327.949
-1975.875
-1275.086
-1246.382
-1086.527
-1382.805
-2304.58
-2673.761
-2588.628
-2583.733
-2276.013
-244341.4
-205539.7
-172523.4
-145363.6
-123593.1
-104060.3
-87753.63
-74379.81
-62831.83
-53154.48
-43070.83
-36274.68
-30682.29
-25980.21
-22129.62
-18787.08
-16168.77
-14687.13
-14096.94
-11062.16
-9839.17
-8593.377
-6411.718
-5513.422
-5085.884
-4054.908
-3662.579
-2675.067
-2930.677
-2854.964
-2787.784
-2644.895
-2800.116
-2541.703
-2474.125
-944.7084
-1196.945
-1418.898
-2493.604
-2484.382
-2538.083
-2965.705
-2907.139
-2951.199
-2699.29
-2549.047
-2454.021
-2571.895
-2563.126
-2775.01
-2605.418
-2118.154
-1610.824
-1860.699
-1917.179
-2669.685
-2689.826
-2307.656
-2303.205
-2110.605
-2579.816
-2308.426
-2041.681
-1903.472
-1956.493
-2113.158
-2172.726
-2171.907
-2253.706
-2223.416
-1706.301
-1080.844
-3053.095
-3198.929
-21327.1
-18452.77
-16595.52
-14390.07
-12607.01
-10831.35
-9494.471
-8222.506
-6827.94
-5698.344
-5203.939
-4805.148
-4422.762
-4090.749
-4586.312
-4738.361
-3942.036
-3771.811
-3461.206
-3015.111
-2358.546
-2785.589
-2874.826
-2689.405
-3080.446
-3981.61
-3628.928
-3187.119
-3518.697
-2833.206
-2726.895
-2463.322
-2651.087
-2709.054
-2552.174
-2615.239
-2426.258
-2699.72
-2552.968
-3427.135
-2765.214
2000.919
816.7428
300.6986
382.2308
-87.64351
-384.3259
-1898.372
-2874.411
-2818.755
-2543.033
-2437.351
-2492.243
-1945.77
-1408.768
-1290.073
-1784.77
-2530.349
-2097.441
-1964.4
-1877.289
-1947.731
-1100.814
-1161.605
-1355.469
-490.956
-608.4109
-392.3953
-645.3777
726.3973
-389.8687
-556.9624
-639.8363
-799.4513
-939.696
-1201.997
-1382.551
-1472.872
-1703.375
-2511.329
-2291.76
-1921.482
-1708.603
-1404.376
798.8318
247.5158
266.8896
646.4601
1251.322
647.8395
253.2298
-409.3973
-660.0565
-741.2488
-1701.433
-2076.009
-2019.153
-1810.724
-1885.072
-1444.339
-1518.916
-1040.324
-1252.089
-1037.625
-1146.876
-1439.57
-1475.305
-1501.464
-1527.927
-1673.312
-1677.166
-1593.08
-1534.7
-1418.519
-1348.743
-1511.196
29847.15
24203.71
19941.15
16589.43
13842.97
11569.88
9383.218
7860.828
6234.848
5109.444
3888.585
3132.408
2701.375
2264.873
5291.029
4160.183
3093.073
2350.06
2475.823
1508.895
862.5861
606.8272
-7.29014
-113.9289
-283.1679
-540.7274
-599.6085
-1160.294
-1240.716
-1879.354
-1815.933
-1533.674
-1308.94
-275.006
-2433.019
-2933.862
-2794.404
-2505.899
-2092.086
-1928.93
-2563.35
-2332.391
-2207.282
-1278.985
-1356.299
-1771.53
-1697.585
-1316.989
-1345.978
-735.0395
-764.4573
-311.5629
157.7327
-9092.21
-7925.68
-6790.009
-5841.493
-5086.408
-4698.956
-4563.567
-4071.294
-3719.682
-3444.826
-2914.447
-2701.26
-3075.229
-3308.001
-2930.81
-2847.864
-2643.23
-2810.228
-2039.015
-1917.628
-1843.682
-1965.879
-2191.632
-2111.682
-2167.669
-1965.547
-2627.401
-2438.631
-2660.659
-2542.239
-651.6289
1124.214
550.7206
243.4658
117.8585
-60.53832
-260.9541
-609.5816
-928.2852
-926.1148
-1008.694
-1333.851
-1156.876
-1137.757
-1152.437
-1354.018
-1423.862
-1845.707
-5685.296
-5177.246
-4768.667
-4210.456
-4588.018
-4495.905
-3950.107
-3414.933
-3371.06
-1813.336
-1986.151
-1956.533
2563.666
841.6751
945.3921
413.6463
280.3798
-267.3591
3624.956
3540.426
2553.545
1503.088
875.6298
102.8488
24.35211
-360.4237
-2885.044
-2835.317
877.857
392.4472
-470.9092
-700.438
-1091.688
-1331.671
-318.3622
-636.7933
-1498.116
1832.055
1168.835
873.433
339.8123
-133.4042
-1641.262
-1686.211
-1802.652
-1953.381
-2101.474
-2121.119
-2231.405
-2386.456
-2510.367
-2649.829
-2802.076
-2812.333
-2935.961
-2801.861
-2417.72
-2073.411
-1862.153
-30274.12
-26054.82
-22304.45
-19229.25
-16493.24
-14483.59
-12390.97
-11179.16
-10177.01
-9015.194
-7402.768
-6928.313
-6415.147
-6380.462
-5946.734
-5030.324
-4549.101
-3717.85
-5230.251
-4969.649
-4819.807
-4528.79
-4049.403
-3854.215
-5036.212
-4641.989
-4311.83
-3835.27
-3197.217
-3107.225
-2846.991
1802.043
943.1967
1966.986
997.4276
-1340.675
-851.7377
-1010.273
-1220.394
-1258.656
-1608.389
-2431.709
-3235.783
-4677.109
-4232.969
-3956.335
-3810.992
-3619.95
-4066.592
-4592.858
-4319.752
-4100.357
-3475.393
-3939.986
-3592.744
-3258.582
-3174.963
-2715.124
-3024.454
-2901.432
-2997.7
-2862.474
-2963.503
-4391.325
-3817.679
-3491.236
-3445.86
-3699.11
-2586.856
-1416.084
-1214.653
-631.8273
-481.5176
-904.8954
-1005.29
-1127.398
-305.0764
-472.4845
-7259.398
-6627.476
-5586.598
-5032.162
-3383.528
-3599.599
-3775.041
-3380.399
-3315.716
-3227.576
-2859.961
-2652.314
-2336.644
-4895.086
-3704.169
-3556.273
-3247.011
-3168.092
-2949.234
-2536.234
-2425.013
-2342.814
-2283.086
-2145.661
-2063.573
-2276.479
-2415.483
-2334.275
-2159.122
-2044
-1978.975
-5113.652
-5467.699
-4949.036
-4717.691
-3918.261
-19185.12
-16479.78
-14039.29
-12256.33
-10844.02
-9947.939
-8539.018
-7464.642
-6806.563
-6022.091
-5130.904
-4599
-4144.179
-4060.961
-3542.373
-3233.957
-3178.481
-3471.723
-2117.426
-2326.871
-7153.098
-6385.566
-6766.511
-6325.279
-5704.191
-5038.153
-4582.38
-4396.386
-3811.221
-3490.19
-3230.559
-2831.659
-542.1036
-733.1377
-1190.664
-1177.918
-1186.852
-1389.846
-1592.055
-1102.196
-1244.136
-1254.802
-1402.227
-1741.222
-1127.652
-1170.485
-1137.622
-1266.053
-1090.772
-813.509
-964.1037
-1072.468
-1093.906
-864.7158
-834.081
-1138.689
-5195.175
-4366.077
-3903.81
-3625.909
-3685.957
-3399.91
-3417.65
-3131.281
-3153.392
-2854.054
-2738.755
-3295.303
-3357.481
-1166.026
-1268.36
-1646.931
-1421.553
-1436.545
-1570.659
-10463.4
-9280.719
-8143.392
-7347.14
-6501.539
-5720.457
-5536.67
-5090.099
-4539.739
-3951.439
-3641.04
-3451.312
-3023.904
-3123.304
-3101.27
-2818.178
-2756.777
-2700.193
-2635.964
-2996.715
-2621.356
-2740.32
-3030.136
-2739.992
-2645.801
-2878.141
-2567.966
-2684.135
-2596.254
-3044.63
-2840.92
-2748.429
-2680.043
-2849.525
-2802.42
-2891.932
31446.6
26114.87
21604.91
17893.28
14900.28
12022.92
9681.231
8064.898
6521.843
4763.552
3530.912
2312.201
1200.83
-5759.878
-5128.082
-4969.408
-4706.465
-2989.362
-3013.454
-2948.707
-2839.211
-2687.126
-2679.536
5780.22
5072.132
3918.212
2842.469
-382.7444
-753.32
-1220.057
-1668.13
-2659.286
-2539.281
-2022.866
-2570.057
-2808.034
-2877.68
-3027.806
-2981.414
-2885.195
-2873.737
-2969.633
-3327.35
-2473.775
-4508.734
-5524.896
-5173.707
-4833.915
-4366.944
-4216.921
-4252.668
-4219.229
-4373.137
-4301.661
-4500.888
-4267.706
-4717.457
-4587.656
-4741.873
-4377.239
-4359.667
-3960.972
-3962.066
-5481.882
-5228.755
-4005.304
-3970.842
-4080.2
-3306.777
-4490.538
-4430.374
-4073.389
-3922.558
-3898.498
-3621.059
-3506.699
-1001.752
-1647.282
-1949.491
-2217.01
-2674.411
-2462.833
-2906.785
-3038.384
-3653.154
-3548.936
-3786.888
-4432.272
-4280.335
-4161.54
-4122.952
-4056.384
-3990.091
-3870.455
-2873.791
-2882.212
-2598.063
-2770.501
-2829.874
-3078.912
-3890.159
-5768.73
-4356.383
-4073.859
-3967.578
-3794.481
-3685.443
-3571.992
-3377.737
-3183.301
-2807.121
-2749.148
-2403.516
-2224.414
-3814.234
-3596.962
-3310.999
-2320.999
-2859.154
-2867.746
-5139.28
-4731.457
-4597.5
-3517.782
-3354.193
-4051.093
-2929.028
-2915.355
-3011.002
-3096.77
-2991.236
-2640.638
-2854.061
-2520.314
-2629.223
-3069.294
-2246.615
-2604.412
-2494.924
-2515.942
-2518.103
-2391.968
-2239.084
-3950.935
-3767.264
-3541.401
-3512.11
-3364.117
-3252.009
-1805.951
-1789.66
-1762.841
-1643.391
-1765.351
-659.5162
-404.3169
-703.2807
-890.5289
-1213.802
-1719.377
-1888.024
-2017.978
-2026.307
-2526.41
-2455.617
-1682032
-1413156
-1187187
-997288.8
-837903
-704274
-591881.7
-497524.6
-418281
-351735.7
-295888.7
-248244.2
-208869.5
-175658
-148119.7
-125157.3
-107300.5
-91184.18
-77063.81
-64654.14
-55632.49
-47004.23
-39627.31
-33709.49
-28800.88
-24560.16
-21259.42
-17513.82
-15015.92
-12781.57
-11306.14
-9808.717
-8780.885
-7706.595
-6703.311
-5593.292
-5206.734
-4472.643
-4809.951
-5568.51
-3905.914
-3611.691
-6077.145
-5059.592
-4345.016
-26852.91
-22907.92
-19456.1
-16544.94
-14413.77
-3290.254
-2947.238
-2985.213
-2749.356
-2594.903
-2783.034
-2621.819
-2552.081
-2815.017
-2285.059
-2644.016
-2519.989
-2484.302
-2459.027
-2521.775
-2361.006
-2384.494
-2372.73
-2685.085
-2799.169
-2918.566
-2973.252
-2631.941
-2500.866
-2453.814
-2466.961
-2493.92
-2599.277
-2561.738
-2289.82
-2580.349
-2921.3
-2869.119
-2958.407
-2909.046
-2989.293
-2963.214
-3116.385
-2990.313
-2983.817
-3722.317
-4164.568
-3818.068
-3619.15
-3471.648
-3548.491
-3489.664
-3532.566
-3546.524
-3462.34
-9130.77
4423.345
2865.206
221043.7
185149
155084.9
129920.2
109017
91027.29
74970.3
62259.81
51617.78
41967.6
33969.55
28573.63
23593.12
19285.66
15626.14
13953.36
10664.71
8271.119
6699.206
4781.543
3701.248
4431.824
3261.678
2358.148
1124.462
163.9052
4105.671
2977.6
2490.268
1571.953
976.6417
662.7487
-231.6022
-1113.317
-1509.775
-1866.18
-2326.289
-2782.331
-2816.66
-3077.971
-3204.584
-3473.117
-3474.289
-3772.079
-3730.043
-3868.961
-4140.617
-3476.186
-3225.171
-3236.475
-3288.899
-3578.19
657.0162
518.5872
-98.37815
-733.9403
-1305.541
-1750.773
-2232.837
-3814.197
-3972.052
-3738.229
-3953.546
-3843.027
-4731.433
-4301.224
-5705.369
-5575.614
-5038.301
-5500.396
-5513.072
-5231.484
-4541.201
-4469.235
-3873.689
-3806.255
-4312.058
-4218.099
-3695.415
-1906.79
-6285.156
-5641.922
-4017.169
-3951.003
-3604.31
-4155.096
-4155.739
-2892.533
-2860.492
-3025.975
-2984.835
-2917.93
-2919.656
-3023.081
-3248.522
-3237.671
-3260.715
-113.4439
-200.7461
-962.3107
-1167.137
-1679.207
-2142.216
-2484.588
-2961.766
-3388.568
-3878.426
-4175.309
-4127.721
-4039.274
-3900.641
-3713.867
-3937.061
-3947.041
-4170.85
-3879.852
-3766.381
-3543.825
-3540.195
-3641.487
-2824.847
-3602.791
-3519.057
-3867.984
-3727.209
-3557.981
-3528.367
-3537.226
-3539.375
-3451.804
-3772.011
-3589.305
-1744.903
-11055.91
-10093.12
-8881.989
-7995.82
-7175.984
-6426.099
-5594.568
-4820.266
-4474.415
-5003.733
-4540.397
-4362.717
-4200.065
-3985.09
-2982.767
-4706.741
-2385.565
-2664.131
-2759.283
-2228.459
-2334.229
-2299.428
-1871.182
-1967.872
-5265.305
-4733.6
-4445.706
-4010.525
-3827.436
-3787.389
-3664.969
-3448.086
-3646.949
-3423.063
-3320.437
-1561.468
-1809.122
3931.48
2544.055
1557.092
865.9139
336.4166
-136.0094
2210.38
1689.813
1457.739
749.2932
296.2697
-145.0983
-989.5447
-1035.105
3817.225
2790.149
1912.944
1166.739
996.8701
493.7322
211.2136
597.6357
-1563.159
-1450.435
-1915.621
-2139.633
-2140.801
-2080.186
-1694.6
-1905.139
-1952.802
-2364.195
-2317.034
-2658.118
-2458.884
-3077.017
-3948.035
-4166.526
-2192.57
-2326.783
-2363.787
-2317.268
-2327.857
-2267.706
-5841.57
-5147.825
-4602.624
-4144.418
-3363.859
-7205.558
-6304.058
-8826.389
-8089.416
-6828.182
-6216.091
-5510.099
-5088.827
-4098.451
-4439.145
-4217.814
185.4474
-659.9418
-1095.125
-1588.014
-2279.979
-2449.069
-2445.275
-2229.403
-2203.15
-2024.993
-2285.263
-2335.868
-2258.401
-2321.619
-2239.803
-2617.676
-2539.892
-2388.223
-4348.302
-4073.973
44500.9
36929.26
31333.77
26120.11
21354.72
17406.54
14134.68
11334.28
9123.154
7035.902
4992.852
3278.23
539.6115
-536.3057
-921.8341
-1484.677
-1611.982
-2044.356
-1541.737
-2387.918
-2700.805
-2913.26
-3007.894
-3283.902
-3195.87
-3363.493
-3495.201
-3381.016
-3431.95
-3490.049
-3461.519
3651.888
2340.302
1294.499
395.5495
-695.2151
-1321.165
-1749.872
-2171.925
-2370.789
-2506.522
-3060.287
-3289.837
-3507.764
-2298.628
-2502.139
-2584.544
-3005.819
-3094.849
-3323.407
-3545.4
-3817.594
-4505.062
-4532.687
-4545.052
-4529.68
-4340.365
-3541.906
-3680.26
-3464.878
-3769.133
-3984.683
-4003.005
-4224.195
-3618.763
-3717.545
-4148.62
-4280.611
-4370.563
-4474.811
-4655.192
-4653.263
-3958.774
-4107.799
-4493.613
-4286.82
-1469.314
-2073.821
27589.94
23604.94
19721.28
15714.15
12651.61
10043.77
747.1696
-22.23469
-591.6662
1152.892
82.46063
-565.7069
-1206.039
-1203.917
-1842.548
-1747.771
-2012.833
-2515.762
-2844.799
-2810.894
-2999.961
-3200.799
-2845.842
-3183.019
-3320.504
-3408.594
-3641.759
-5104.434
-5020.155
-4954.479
-4849.76
-4743.451
-4627.085
-4263.789
-4290.131
-4324.29
-4408.504
-4472.048
-4675.267
-4402.649
-5222.524
-5160.405
-4664.101
-4502.23
-4394.866
-4121.722
-4561.996
-4328.543
-4234.006
-4032.412
-4676.694
-17704.04
-14894.93
-13279.05
-11568.04
-9443.049
-8773.791
-7893.167
-7376.478
-6839.362
-6547.202
-6218.459
-4078.09
-4000.128
-3581.69
-3766.668
-3535.495
-3588.697
-3350.308
-3434.817
-3481.149
-3829.66
-4349.759
-4254.477
-4158.125
-3975.286
-4181.871
-4048.218
-3990.905
-3967.427
-4314.814
-4146.35
-6491.548
-5968.843
-5590.826
-5539.076
-5482.416
-5496.568
-5213.871
-5141.767
-4451.665
-4164.075
-3295.447
-5517.354
-5410.764
-4886.246
-8947.837
-8345.064
-7600.919
-7249.169
-14492.94
-12648.31
-11092.05
-9833.831
-8430.088
-7615.522
-6734.466
-6168.121
-5839.658
-5302.971
-4616.513
-4480.856
-3996.898
-4092.581
-4055.987
-3202.12
-3191.534
-9634.18
-9585.63
-8800.494
-7541.4
-7033.684
-6431.348
-5766.426
-5574.289
-5402.136
-4894.351
-4141.453
-4059.562
-3892.24
-3696.475
-4439.035
-4002.921
-3855.175
-3730.315
-3511.568
-3163.836
-3160.772
-2965.601
-2862.196
-2932.819
-2711.015
-2638.43
-4910.385
-4328.835
-4387.027
-5549.146
-4344.405
-4479.043
-3982.336
-3678.287
-3722.835
-12694.25
-11292.34
-10144.82
-9289.383
-8220.644
-7495.191
-6746.948
-6066.688
-5536.548
-17466.61
-15857.8
-13826.55
-12066.61
-10862.55
-9772.904
-8828.614
-7891.05
-7899.946
-9948.249
-6608.232
-6138.54
-5457.159
-5011.302
-4450.822
-3843.045
-3850.608
-3977.904
-3854.828
-5612.199
-5160.734
-4799.871
-4390.121
-5215.783
-4452.855
-4315.044
-4346.062
-4519.5
-4269.268
-4751.559
-4535.803
-4609.54
-4333.295
-4294.407
-4335.301
-4245.477
-4129.958
-4473.742
-4355.412
-4224.207
-4378.17
-4424.851
-4387.63
-4452.801
-4273.255
-3792.372
-3935.334
-3930.173
-4194.057
-4139.552
-4272.097
-4138.267
-4215.063
-3772.724
-3099.588
-3120.496
-3478.014
-3693.936
-6344.056
-6027.968
-6028.836
-6547.83
-6348.617
-6097.21
-5379.418
-5475.183
-5297.855
-5265.166
-5087.256
-4969.951
-4949.184
-5160.436
-905.1373
-1182.632
-1769.731
-1960.947
-2667.669
-3213.354
-3494.677
-1246.032
-1884.96
-6576.292
-5976.116
-5540.982
-5369.469
-5689.42
-6604.084
-6280.588
-4700.315
-4720.286
-4718.239
-4675.507
-4372.191
-4587.594
-5010.056
-5154.811
-8731.315
-8001.832
-7665.567
-8115.744
-7496.919
-7194.978
-6539.85
-2779.209
-2945.303
-3454.281
-3636.596
-1893.458
-2078.204
-2616.53
-2926.852
-3401.196
-3759.053
-3901.94
-3925.605
-3920.603
-4316.723
-4267.579
-3395.74
-5037.291
-4709.703
-4638.837
-4579.804
-4395.831
-4155.636
-4301.911
-4369.21
-4681.04
-4664.771
-5071.431
-4840.785
-5019.943
-5040.098
-4907.111
-5409.14
-5366.351
-5889.076
-5942.842
-5751.737
-5205.012
-5399.827
-5232.464
-5199.167
-5079.722
-5139.237
-5137.679
-5388.651
-5456.041
-5276.64
-5177.094
-5014.945
-4921.526
-5067.839
-5335.907
-5722.947
-5591.384
-4020.677
-3889.517
-4375.454
-4563.183
-4712.776
-4533.983
-4685.312
-4593.809
-4590.841
-4603.194
-4627.479
-4947.929
-4264.649
-4344.306
-147.3901
-953.8553
-1586.695
-2037.852
-2893.383
-3182.099
-3395.974
-3070.284
-3412.44
-3932.575
-9013.151
-7840.562
-7301.512
3904.153
2598.879
3456.55
3422.92
1992.149
1184.191
35.71439
-553.7207
-1107.852
1423.898
1127.185
1829.03
826.7573
17.08776
-433.1339
-864.4448
-1634.85
-1870.581
-2311.919
-1971.655
-2283.202
1756.753
1054.447
-466.2118
-2369.198
-2364.528
-1769.664
-2004.909
-2272.805
-2617.389
-3814.629
-4165.965
-3359.328
-3889.386
-3749.323
-4488.636
-4338.156
-4342.068
-4104.635
-4158.19
-4399.433
-2163.608
-2274.821
-2286.443
-2495.075
-2793.289
-3111.882
-3188.123
-3157.783
-3597.198
-3690.376
-238.7339
25.33301
-795.2429
-883.0079
-1418.059
-1591.045
-1684.941
-1757.762
-2050.852
-3449
-3356.011
4848.5
4394.903
5192.549
3724.836
2370.501
1324.673
439.1664
-367.1056
-846.898
-934.6108
-1523.114
-2004.905
-3110.538
-3250.691
-3084.638
-3214.838
-3496.189
-3185.453
-3616.958
-3646.213
-2344.264
-2926.032
-2976.294
-3115.724
-4442.678
-4227.098
-3848.016
-3642.674
-3451.133
-3392.238
-3651.867
-3650.875
-3596.627
-4303.874
-4257.352
-4082.833
-4373.578
-4034.539
-4285.166
-4004.693
-3735.881
-3780.702
-3840.9
-5480.555
-307.9242
-827.8765
-1294.275
-1900.364
-2815.96
-2989.828
-3091.401
-3232.401
-2202.667
-2343.568
-2815.862
-3271.74
-2562.012
-2421.121
-2630.986
-3996.234
-3954.581
-8816.684
-7497.605
-7353.902
-6783.105
-6378.574
-6279.345
-5719.991
-5157.62
-5154.56
-5269.457
-5160.174
-4961.249
-4842.268
-4832.882
-4797.216
-4199.382
-4151.393
-4143.233
-3690.124
-3455.983
-3652.531
-4043.845
-5153.175
-4790.643
-4709.778
-4461.003
-4622.455
-4333.778
-3762.145
-3915.117
-4585.494
-4398.765
-4321.579
-4325.928
-5431.927
-5083.984
-5307.482
-5246.993
-5104.059
-5029.702
-5554.637
-5510.163
-6089.721
-6188.25
-5988.064
-6011.057
-5715.565
-5585.867
-6391.34
-6118.027
-6695.993
-7141.369
-6855.438
-6772.82
-6247.427
-5747.289
-6563.041
-7463.27
-7242.465
-6958.341
-7002.73
-6367.55
-6261.689
-5939.816
-5797.542
-5682.895
-6231.171
-6054.793
-5974.062
-5980.216
-5561.858
-7989.96
-7693.054
-7196.612
-6207.701
-6698.765
-6305.328
-6197.273
-6110.751
-6093.796
-5818.764
-5766.358
-5738.994
-5878.53
-5750.922
-5831.918
-5842.628
-5851.278
-5870.634
-5700.49
-5775.511
-5860.536
-5572.042
-5743.82
-5921.679
-5739.595
-6104.02
-6041.818
-5950.932
-6148.365
-6837.726
-6615.934
-6302.528
-6164.035
-6399.941
-6531.206
-6500.061
-5821.225
-1765.272
-2224.922
-3137.875
-3297.778
-3523.088
-1706.983
-2231.169
-3034.652
-2425.069
-2413.191
-461.6599
-1610.032
-2234.407
-2798.683
-3005.741
-3544.251
-3835.563
-4132.307
-4294.225
-4361.122
-6039.132
-5854.985
-5829.414
-5676.663
-6606.925
-6337.434
-6729.143
-5510.449
-5667.72
-5495.706
-5380.922
-5339.219
-5326.642
-5277.696
-4931.481
-4971.667
-4894.481
-2718.917
-9631.603
-9369.972
-10704.93
-9846.402
-9094.934
-8589.706
-8001.571
-8254.05
-7717.295
-7176.384
-10243.98
-9537.389
-8931.614
-8556.322
-7843.517
-7606.023
-6930.369
-6606.877
-6275.081
-5948.9
-5730.358
-5411.191
-5340.24
-4398.859
-4543.435
-4357.632
-4400.863
-4534.915
-4345.979
-4050.432
-4295.929
-4250.042
-4697.729
-4678.867
-6062.859
-5458.306
-4877.333
-4720.205
-4795.023
-4760.07
-4837.168
-5851.664
-6734.67
-6323.955
-6127.505
-5394.881
-5239.181
-5164.091
-4905.552
-5202.147
-4876.056
-4672.123
-4664.107
-4321.155
-4401.01
-4451.754
-8706.559
-8202.82
2123.755
1126.444
355.4804
-213.8712
-237.8996
-331.5821
-949.3455
-1424.701
-1178.234
-1634.317
-2174.187
-2610.372
-3068.664
-3191.966
-3399.784
-3361.669
-3553.894
-4388.411
-4404.49
-9625.94
-3134.813
-3955.589
-3988.237
-4063.584
-4035.742
-4005.447
-4016.223
-10315.79
-9693.563
-8964.01
-8569.986
-9747.339
-10068.75
-15071.5
-13401.89
-11827.17
-10516.81
-9564.072
-8563.394
-8537.017
-7698.301
-7830.363
-7129.772
-6614.261
-6270.303
-6581.451
-7299.108
-6975.725
-8159.24
-7854.809
-7207.365
-6575.959
-6051.311
-3560.622
-3170.525
-3300.571
-3996.45
-4717.984
-4356.051
-5017.217
-4048.03
-4431.521
-4556.687
-5051.032
-4928.688
-4463.759
-4505.652
-4093.977
-4281.573
-4367.432
-4319.289
-4386.565
-4174.671
-4511.389
-4641.595
-4119.09
-3856.355
-4020.98
-5252.694
-5477.563
-8865.773
-8223.61
-7591.611
-7303.695
-6911.184
-6283.307
-6017.246
-6076.394
-6073.488
-5051.413
-5252.651
-6622.069
-4410.698
-4661.785
-4694.768
-4683.032
-4704.906
-4824.018
-4618.93
-4507.997
-4854.343
-4957.569
-4792.19
-3965.891
-4810.022
2897.08
1630.96
667.8083
687.9807
-146.486
-1078.583
-1934.93
-2507.71
-4376.737
-3584.327
-3960.489
-4053.757
-4012.845
-4136.536
-3614.997
-3967.366
-3517.143
-3673.651
-3903.609
-4300.985
-4926.635
-4721.418
-7030.958
-6832.51
-6744.295
-6583.622
-6256.397
-6181.619
-5903.743
-5454.922
-5658.122
-5483.817
-5932.124
-6017.692
-6315.417
-6179.416
-6038.794
-5933.177
-6194.418
-6190.933
-6411.693
-6005.215
-6055.117
-5942.34
-6144.882
-6491.698
-6392.246
-7268.583
-7087.973
-6922.409
-6515.528
-2516.27
351.8343
-931.4984
-1633.449
-2015.207
-2943.59
-3599.493
-4233.697
-8594.762
-8774.305
-7824.884
-7708.174
-6781.569
-6278.659
-6260.799
-5736.943
-5319.179
-5423.492
-5660.449
-5665.922
-5607.614
-5592.065
-5331.049
-5715.142
-5676.686
-5796.883
-6232.097
-5834.963
-6100.351
-5642.178
-5680.189
-5462.963
-6238.686
-6142.532
-6079.836
-6358.603
-6301.16
-5937.735
-5029.464
-5143.44
-5202.261
-5303.624
-5074.719
-5009.86
-5224.033
-5324.322
-4822.663
-5008.509
-4911.754
-5029.075
-5315.46
-15006.74
-12700.75
-11776.67
-10663.79
-6806.447
-6240.819
-6032.097
-5900.883
-5575.516
-4209.424
-2567.473
-4062.16
-4314.41
-4296.625
-4486.811
-4492.392
-4752.928
-4928.293
-6738.24
-6338.123
-6603.596
-5708.773
-5375.09
-5215.692
-4705.304
-4504.478
