-10472.22
-8634.985
-6886.28
-5421.64
-4273.101
-3631.325
-3045.664
-2351.565
-8173.619
-8280.076
-6779.751
-5765.405
-6867.452
-7216.858
-5668.324
-4003.286
5489.65
4828.455
121893
102383
84949.57
71200.04
59594.58
49728.76
42005.48
34843.74
28981.05
23217.5
20022.11
13146.69
10973.56
29710.11
25827.42
21537.09
19473.14
16040.27
12958.62
10909.38
9379.473
8082.348
6521.644
5549.064
5673.628
4980.641
5087.382
4618.118
3638.455
2547.401
3084.339
2322.493
2222.449
20528.43
17491.53
14500.56
11922.53
10014.01
8097.033
6561.743
5523.251
3419.04
8349.469
7217.388
5796.925
8493.388
7094.374
6183.179
5077.473
3697.358
4850.081
3660.149
3050.947
4550.777
3759.788
-101.2498
-223.5023
159.5817
613.8644
657.1407
-1648.332
-1141.46
-1209.107
-1007.644
-345.7137
-467.8233
9.576871
132.8057
1072.78
993.1974
1349.258
1463.219
2322.072
-7874.658
-6807.677
-5805.458
-4878.797
-3924.255
-3270.872
-2816.664
-182.1407
-111.7011
40.95512
34.50642
195.4456
304.435
638.6905
429.8484
-9713.828
-7409.391
-5375.896
-1243.901
657.5952
1293.175
-1302.434
10639.77
9202.617
9474.318
8649.085
7673.903
6291.34
5868.442
4834.013
4433.116
3798.411
3191.454
3036.785
2963.707
10368.83
8602.143
6969.875
5420.381
5120.355
4625.297
4048.901
3937.422
2956.512
2411.026
2113.598
1578.652
-48.75671
-130.3579
66.41933
-542.6089
-406.7198
1259.575
413.2082
1435.193
740.2364
845.0865
847.4154
870.4807
4684.698
4031.075
3290.309
2435.38
2278.729
-160.1943
597.4141
-3289.651
-2732.576
-2031.545
-1416.536
-574.8997
266.9148
138.2712
467.5965
714.9459
432.298
1608.713
-905.6863
-1772.771
-830.5593
-618.1139
-323.0844
-41.38411
47.69985
354.7479
-463.3796
301.1714
213.3341
613.0338
313.9696
-1.72025
1858.597
1193.275
767.2012
1277.463
1431.628
1494.245
-35545.97
-27067.62
-22660.01
-19071.21
-15406.39
-12647.84
-10594.16
-10004.95
-7918.853
-6559.582
-6194.906
-5074.119
-4053.441
-3267.532
-2522.385
-2319.79
-2437.034
-2886.341
-2903.034
-2257.076
-2651.693
-2377.821
-1808.536
-1298.282
-1567.632
-362.8975
-515.3869
-340.8934
-4619.861
-3712.888
-3179.081
-2511.354
-1933.507
-1426.995
-1534.9
-970.5091
-744.1881
3113.195
2862.116
2622.883
2366.197
2498.228
16551.23
13660.38
12383.43
10902.68
8057.538
6157.863
3825.237
2549.62
23099.45
18928.71
16060.05
11587.93
9787.472
8724.62
7254.61
5171.468
4173.68
3201.649
3524.49
2574.527
1906.338
-1017.586
-433.4118
-150.7485
-40.11686
-149.4007
2672.864
2825.553
2309.522
1685.255
1369.14
843.8566
759.0434
511.2305
1425.871
571.6392
423.1411
-2.040668
-72.4528
-156.3671
-1833.056
-2145.753
-1777.141
-1438.333
-1177.349
5146.461
3969.951
24752.84
20797.34
17838.68
15751.91
12511.21
13096.18
10330.15
8142.236
6942.689
5490.41
4506.724
2897.996
34214.81
28121.77
22754.03
21612.3
18555.1
14298.57
13346.39
11109.25
17636.8
13778.75
11556.09
11107.65
10335.23
8686.651
7130.223
5669.861
4878.41
4123.83
3294.183
2856.01
2057.287
1833.942
1429.238
1374.134
998.3458
829.6063
778.3205
-13362.11
-11414.04
-9616.619
-8481.251
-8229.49
-7293.183
-6177.48
-5137.09
-4202.032
-3583.789
-2115.691
-1845.694
-2292.863
-2738.179
-2724.869
-1126.179
-848.4287
-798.0383
1170.768
1173.478
839.2133
580.4195
442.9161
319.1634
-19.51865
-20.76508
379.6698
1025.132
527.7504
2768.096
1431.997
764.5262
644.8109
268.2692
-120.1541
-44.00955
-123.5245
-520.3813
4030.162
3093.916
2494.595
1983.8
1556.55
1235.928
870.6703
655.8545
87.76618
239.4992
-478.0521
-537.2094
-417.3006
2854.829
1927.103
1638.487
1385.124
2805.073
2096.061
182.9231
690.0941
369.0766
204.338
-367.4747
35.37681
-353.3298
-539.5549
722.7439
1059.911
1088.346
839.1166
388.3092
689.6805
-90.95178
404.3074
527.4671
228.8224
3379.15
4618.998
4198.425
3251.613
2353.148
1966.834
1794.557
-5256.614
-4388.134
-5391.905
-4639.942
-3815.995
-3103.077
-2790.16
-3174.377
-4824.548
-3861.058
-1625.901
-3365.586
-6610.995
-5622.37
-4927.108
-4309.343
-3545.984
-3075.831
-2100.17
-2103.189
-2182.837
67.32467
-43.90214
-17.95156
-518.7334
-810.781
-959.835
-846.346
-463.2792
435.1539
347.4959
487.5924
95.56842
1467.698
932.7548
573.1884
-771.5566
-2683.314
735980.2
615352.4
514446.3
429464.8
358812.6
299711.7
250421
242640.5
204331.4
170835.4
142389.9
120529.1
98258.51
81933.12
67636.9
55913.58
46404.1
39215.39
33358.18
28182.06
23885.47
21013.05
16990.74
14060.22
11425.22
11138.09
8836.331
7199.709
6029.625
8121.216
8541.657
7198.554
6106.735
4978.793
4576.616
4543.426
3552.55
1076.201
266.5018
-1362.189
-1567.829
1436.622
740.8113
551.8578
95.22204
404.1454
-353.0949
38.55377
-180.8954
1789.369
1723.54
1208.464
900.3056
355.8933
769.1915
608.7344
321.5721
407.3789
-307.8719
-642.1407
-717.6057
-582.0919
-873.8904
-418.4237
-21085.98
-12958.79
-2481.066
-2022.724
-2091.7
-2078.248
-1964.548
16278.7
13413.16
10683.25
8509.454
7406.019
5908.847
4569.78
3044.813
475.0812
172.5069
-606.265
2555.389
299.4617
327.8166
-245.1479
-613.0256
-547.5405
-318.4938
-503.9509
261.7673
912.0326
289.7367
20690.86
17081.23
13992.49
10876.13
5705.96
4436.568
517.5925
-44.71417
-256.3546
-408.4656
-148.263
-379.3259
954.0521
-477.413
-1671.671
-2462.966
-2411.102
-1599.887
-1503.419
-1566.639
-1318.329
-1340.046
-691.5807
-868.2785
-1553.012
-1593.392
-1285.431
-1567.801
-1899.415
-1122.896
-1369.038
-1289.253
-718.5294
-840.0199
-807.7429
-604.4448
-422.0658
-291.2585
-675.4178
-652.0973
-177.0625
-154.5975
459.2745
326.296
-99.96162
-253.5429
-1372.476
-1416.119
-8176.794
-6147.091
-5214.51
-4515.728
-4083.245
-2578.391
-2119.334
-2016.143
-2113.717
-1970.593
-1659.728
-1625.055
-1859.624
-1763.626
-1508.974
-1794.656
70305.73
59244.68
49962.82
41769.27
33073.89
27399.04
18104.21
15837.8
13680.19
11070.64
7978.364
6204.947
5238.855
3585.693
3035.034
2352.783
1615.438
2080.662
1452.658
1206.989
620.0362
275.8141
527.9483
-1600.03
-1655.247
-2265.869
7231.577
5556.717
4509.695
3957.141
3288.272
2891.449
3264.646
-922.9525
-1124.56
-590.9649
-392.9517
-450.6706
-482.7653
-897.9404
-726.6816
-677.6205
-227.1308
133.3267
-82.25081
-644.0661
-0.5533361
-96.65659
158.9726
-725.3155
-13.41036
84.93206
-777.8868
-450.6318
-1102.719
-1079.453
-1378.458
-1442.183
-1013.316
-1381.437
-1081.157
-824.6456
-737.434
-676.868
155.2902
68431.53
57301.79
48786.5
40492.09
37126.5
31498.57
22991.63
19134.59
15999.13
12578.84
18987.37
15918.49
12989.77
10718.54
12369.77
10470.18
9251.974
8027.841
6655.44
5217.643
4326.187
3070.621
2292.06
2207.927
1824.879
1516.246
753.502
132.1368
782.9463
-6326.847
-5081.037
-4053.41
-3529.395
-2818.958
-2376.251
-1939.429
-1311.857
-7330.721
-6257.07
-5472.968
-4152.611
-3773.418
-2725.394
-2407.25
-1843.77
-1547.806
-1333.456
-1247.163
-2168.906
-1675.151
-836.9511
-466.9011
-236.2033
-461.2677
-574.5838
-1069.962
-901.2466
-940.8766
16402.95
14031.32
12329.4
10212.48
8014.812
6829.168
5337.997
4213.721
3454.394
2291.66
592.6398
381.9828
191.288
-189.745
-7225.964
-6392.865
-5344.298
-4982.369
-4311.677
-3669.304
-2949.738
-3007.553
-2689.73
-2429.981
-9928.198
-7863.211
-9059.676
-7665.32
-6468.513
-5629.526
-4929.155
-4161.48
-3524.241
-2949.677
-2226.364
-2329.053
-6453.146
-5376.339
-2861.97
-2637.211
-2239.137
-1448.083
-1298.984
-1257.309
-1069.872
-610.6045
-980.8963
-1187.539
-1447.959
-1197.018
-413.8442
-42.5927
-60.01201
139.8994
416.2932
-872.3914
-823.5777
-65.18691
-1783.716
-1036.611
-769.7713
-1331.087
-1329.001
2810.61
1721.849
162.963
-64.96618
-1808.784
-3997.258
-3443.935
-2555.721
-1599.113
-1745.161
-1373.86
-5072.78
-4539.528
-3189.125
-2565.875
-2563.451
-335.7006
-979.2754
-1454.24
-1164.153
-1022.94
-1587.833
-2560.099
-2067.222
-1388.661
2676.306
2533.868
2373.862
1455.627
1130.202
852.6258
369.4455
405.0209
244.4559
-74.01776
-271.1262
-1807.608
-1746.837
-2040.128
-1832.164
-1735.191
2.892792
219.6329
151.0418
-310.1707
-596.0372
-424.0277
-72.06287
-10.34176
-897.3979
-1109.047
-1086.791
-1710.318
-1019.232
-19742.13
-18458.24
-16460.9
-13762.63
-11469.43
-10311.68
-8900.641
-7066.536
-5978.723
-5326.37
-4014.725
-3435.471
-3304.419
-4190.088
-4707.238
-4009.381
-3524.342
-3108.735
-2457.699
-2292.28
-1393.582
-1380.522
-1092.769
-744.6366
-242.6613
836.3518
624.3699
-147.9098
-127.7114
-1002.963
-1029.56
-1133.58
-10283.16
-9759.606
-8089.372
-6942.144
-5827.471
-4702.346
-3576.082
-2943.119
-2841.475
-2385.294
-2218.074
-1685.473
-752.7097
-664.6475
-725.6217
-558.8938
-609.0711
-1129.26
12356.82
10076.88
8541.328
7114.713
5935.909
2562.541
-1689.432
-3987.974
-13962.59
-12496.24
-10115.51
-9916.151
-8175.963
-6583.583
-5220.739
-3957.687
-3452.489
-2926.966
-3007.41
-2732.647
1780.775
1040.347
1810.307
-1624.423
-2007.504
-1816.435
-888.8218
-499.534
-895.4797
-272.461
-360.0576
107.897
287.2718
307.6279
2437.631
3011.446
2294.052
1502.165
1166.471
1143.825
1095.876
1313.877
-7415.328
-6278.996
-5500.089
-4307.421
-3805.212
-3306.431
-2517.255
-2215.34
-616.0296
-869.9147
-669.5576
-826.1862
-865.2257
-803.4789
-944.4589
-814.4556
-1128.346
-1578.588
-1222.662
-1114.664
-1718.896
-3355.837
-3158.571
-3123.519
-2745.456
-25017.29
-21706.82
-18445.56
-15600.67
-13262.31
50637.5
42151.61
35703.56
29753.21
24665.36
20328.93
19347.45
-721.2177
-728.0844
-689.869
-788.9958
-1248.148
-3197.261
-4463.322
-3627.108
-3148.916
-2708.732
-3170.519
22341
18590.72
15780.09
13931.35
14153.44
11635.39
9566.032
7757.079
6608.31
4951.438
6927.289
4585.527
3614.948
2687.114
2848.116
2150.684
1515.4
485.7904
3427.646
2293.028
1665.207
932.4546
983.3224
14112.64
12245.04
14034.73
11687.21
9439.243
8842.747
7064.964
6182.573
5019.677
3690.012
3860.61
3966.605
3392.725
3392.299
2705.343
17113.62
13489.24
8258.824
6439.232
5208.498
6716.526
6572.876
4967.992
3753.626
3454.563
2530.936
1660.05
963.9035
510.8086
-219.8325
-215.4482
-399.8469
5584.421
4656.159
5393.561
4744.944
3593.754
2850.889
2765.838
854.9583
402.4846
666.3032
-716.9849
1297.091
-3451.952
-3481.802
-3085.063
-2844.075
-2938.637
-2749.261
-2365.869
-1898.025
-1723.816
-1737.192
-1568.98
-1479.592
4030.534
-22426.52
-19603.92
-16751.18
-14294
-14737.03
-12673.97
-10973.3
-9255.537
-7771.624
-6783.511
14.62263
-287.5288
-422.7972
407.7729
-97.20432
-227.0825
-548.542
1735.01
1231.472
766.6988
51.37055
-232.1169
-463.3533
-1983.172
-1751.055
-1585.241
591.9991
77.54671
-407.5274
-1044.35
-985.4355
-1211.293
-1521.791
18.41321
-66.48775
63.78739
1052.347
948.0507
2005.726
1696.651
1714.732
784.047
667.6973
796.5146
89.52621
3385.954
2678.378
1953.094
100.4894
-309.93
-494.1558
-1423.812
58187.25
48817.68
42564.12
34073.74
28220.54
23348.74
18682.74
15659.97
13108.03
10283.2
5028.081
3838.161
2805.383
1543.857
983.3914
-16.16297
-263.4627
-460.7661
410.4101
208.5085
246.3263
515.3171
2533.182
2107.256
1132.971
781.4616
-617.2013
390.2146
324.4136
93.48033
2052.963
1550.024
1322.319
2645.17
1967.233
1928.004
-703.1377
-925.8826
-2562.422
-3182.611
-3229.282
-2523.81
1152.689
-56.08835
-761.0735
-996.0798
-1061.393
-2799.958
-2794.551
-2527.589
-1801.829
-1808.865
-3103.596
-2904.686
-2722.827
-1267.191
-2371.402
-1583.045
-1733.309
-1156.862
-1683.359
-1713.078
-1596.999
-1459.651
-1360.433
-1261.33
-1148.068
-889.802
-1052.894
-1058.706
-1375.091
-1312.893
-1197.066
-1502.546
-38606.92
-32793.84
-27701.48
-23445.98
-19903.47
-15912.65
-13398.21
-12015.41
-10479.05
-9087.648
-7583.134
-6848.651
-3788.884
-3511.583
-4008.725
-3393.267
-9963.929
-8766.704
-9654.232
-8223.406
-7283.964
-6100.634
-4980.685
-4192.26
-4395.033
-3297.66
-5605.721
-4950.935
-4520.819
-4564.773
-3696.248
-3796.089
-3322.188
-3094.352
-4147.708
-3830.168
-1415.111
-1666.817
-2258.556
-2272.703
-2453.837
-3267.939
-2989.99
-3288.75
-2806.277
-2592.324
-2399.706
-2297.516
-2166.365
-3204.347
-3005.03
-3719.45
-22733.42
-19186.47
-16325.88
-13617.62
-8708.844
-7699.91
-6954.359
-5562.705
-4591.039
-4521.551
-3744.086
-3283.889
-2073.809
-1982.497
-1890.899
-1780.935
-1045.743
-1167.438
-1365.583
-707.896
-1076.003
-2805.983
-2918.712
-4506.547
-3900.981
-3881.806
-3530.849
-3430.398
-2961.318
-3715.685
-3191.079
-2780.1
-2825.698
-3048.576
-2296.504
-2338.828
-11237.48
-9770.685
-16811.08
-13974.9
-11478.79
-11054.97
-9794.264
-7338.172
-6008.284
-6698.905
-5886.629
-5546.42
32598.1
27358.27
22872.94
20323.47
17112.36
15346.06
12771.14
10739.18
9429.567
7758.058
6378.427
5554.496
5066.002
-2077.874
-2362.669
5685.429
4185.853
3566.698
3612.316
6392.759
5320.369
6066.889
5178.715
4320.406
3554.204
-137679.4
-115963.4
-95778.19
-80367.56
-68917.16
-57935.73
-48999.23
-41376.17
-34578.51
-26396.58
-22533.86
-18983.8
-16209.15
-13812.08
-11965.95
-10813.14
-7847.827
-7006.973
-6548.259
-5704.91
-4736.267
-3912.338
-3530.004
-3201.877
-3628.866
-3371.249
-2727.632
-2849.51
-2776.902
-2198.162
-2261.824
-2795.518
-2390.877
-1886.37
-1386.229
-1478.431
-900.9863
-1160.897
-1039.205
-940.8878
-955.581
-1663.345
-1819.396
623.5362
559.4635
102.7978
-115.2378
-647.6503
1.310703
815.8556
273.4149
178.3509
-291.3181
-957.763
-1324.891
-1278.508
-49815.27
-41029.58
-34594.93
-27319.14
-23249.54
-19818.86
-15406.82
-13823.28
-17595.88
-13876.57
-11907.48
-9897.848
-8258.235
123.4987
1317.245
1726.105
1345.706
1008.08
-183.32
-219.623
6095.106
4847.629
4246.675
3581.623
3414.305
5968.721
2823.136
1981.773
63.77747
-612.1589
6100.109
4606.79
-2466.478
-2169.772
-3196.736
-3199.887
-2747.559
-2290.341
-2141.136
-1740.536
-1873.775
-2211.607
-151.3203
-83.98747
140.5297
3280.55
2658.171
2406.204
1506.757
-32.52983
-317.0146
-8925.892
-7740.388
-5817.567
-5300.153
-5154.392
-3057.057
-2534.128
-2905.565
-11612.94
-9882.067
-8986.099
-7693.037
-6282.265
-4976.611
-4480.523
-4136.194
-4564.867
-4920.682
-15670.92
-13674.68
-12011.27
-9037.846
-6540.035
-6621.214
-6708.64
-5618.145
-5759.974
-4855.807
-3997.755
-3449.611
-3476.111
-3153.521
-3184.314
-4648.619
-4334.501
-4070.636
-3423.228
-2655.842
-2973.209
-2594.077
-2349.549
-1763.359
-1548.068
-2681.896
-2725.905
-2475.539
-2281.369
-2230.216
-3275.879
-3008.419
-2375.602
-1722.348
-2147.781
-1802.522
-1624.108
-1502.369
-1099.975
-764.6914
-449.5066
-463.7334
-400.9289
-137.9507
623.8592
599.217
1143.812
777.8773
138.5864
287.0925
131.7186
413.208
126.1045
-194.554
-315.9626
-303.6469
-4012.493
-2806.103
-622.6717
-778.685
-618.5203
-730.0145
-550.7146
-1095.604
-972.1398
-1188.114
-1223.995
-1195.898
-1461.097
-1372.171
-1123.607
-1431.134
-1635.037
-1844.397
-1988.625
-1713.746
-1804.814
-129252
-108185.5
-90573.61
-75663.71
-63580.4
-53395.93
-45179.26
-39304.77
-32810.67
-27595.65
-23308.44
-19680.39
-16502.98
-13154.22
-11849.13
-9640.477
-9768.473
-7856.604
-4875.319
-4245.697
-3960.177
-3067.854
-3126.706
-3017.304
-2683.1
-2201.058
-2485.998
-2277.547
-1973.764
-1675.264
-1427.849
-1150.603
-1117.652
-188.5436
-511.8227
-223.0072
1109.823
919.1059
600.1541
250.9996
386.9852
930.3951
1752.29
1384.622
906.0753
720.0394
157.0451
214.1818
-3.982975
-206.6051
733.3376
463.8442
2352.327
2046.898
1352.593
923.9287
343.7288
-61.31462
-981.0317
-874.9576
-67.95487
2191.336
1640.753
1092.407
458.3951
1345.418
601.6038
-154.7813
2001.654
2231.327
992.215
-122.2216
-396.9669
-889.8788
-1513.242
-1029.846
-2308.027
-1234.41
-1214.579
-1182.772
-1286.52
-1411.906
-1065.423
-21499.24
-17631.31
-15365.3
-9824.124
-7919.023
-6762.811
-5722.514
-5293.348
-8056.855
-7179.738
-8345.327
-7301.139
-6968.344
-5467.227
-4580.985
-3710.092
-3306.31
-3184.264
-2836.806
-2526.463
-1946.659
-1982.597
-1786.506
-1627.129
-2090.293
-1941.965
-1491.376
-1447.157
-1033.436
-1605.903
-1431.747
-757.8973
4494.139
192808
162257.9
135814.5
113329.8
95596.09
79555.25
66578.36
55442.51
45212.44
38196.27
31698.41
26189.47
22089.29
18272.14
17917.95
14422.26
11119.71
3347.283
2619.671
4883.664
3958.627
3043.15
2556.807
2628.079
1898.169
1907.598
-1063.152
-1017.827
5612.376
4473.922
3357.273
2614.872
2116.188
1563.149
1795.97
1011.689
771.8813
311.5948
-475.6315
-686.1341
-440.1506
-470.3233
-340.9715
-3768.754
-3459.525
-2670.321
-2250.432
-2472.672
-2368.606
-2332.396
-3558.929
-3319.824
-3091.192
-2876.08
-2597.01
-1263.105
2131.253
499.7379
-2979.191
-4449.605
-2714.921
-3968.516
-3603.446
-3216.784
-1300.993
-1752.07
-2068.23
-4704.219
-15898.89
-13743.56
-11095
-9522.779
-8263.593
-6444.938
-5642.959
-5381.366
-4939.218
-4038.836
-1553.089
-550.0994
-330.7002
170464.6
142750
119009.6
98689.72
82787.71
70650.66
58224.04
47924.4
39926.17
33041.78
27601.4
23642.68
19542.44
16245.07
13224.93
7650.422
5882.814
3130.981
5321.325
4505.901
2595.223
960.3211
1356.698
778.9257
754.1221
216.0431
-459.4076
-572.0575
-7495.217
-6639.266
-6101.478
-5238.267
-511.0876
-681.3607
-901.2881
-1127.108
-6789.017
-6658.939
-5804.668
-3865.038
-3408.427
-3858.491
-3471.795
-1862.095
-2046.508
-2188.535
-2271.262
-6409.321
-5994.651
-5291.405
-4687.323
-4212.387
-3753.868
-13775.8
-11885.64
-10007.15
-8162.593
-7285.764
-7014.722
-6804.772
-6227.06
-5360.897
-4860.028
-5223.255
-5694.931
-5283.051
-4914.04
-4600.092
-3910.315
-3463.346
-4690.62
-3879.11
-4268.432
-4282.777
-3749.881
-3686.208
-17423.82
-14800.02
-12570.36
-11749.67
-10544.52
-8563.271
-7600.529
-6758.236
-5474.312
-4548.231
-8445.469
-7343.017
-6320.412
-4980.816
-4815.482
-4443.639
-4265.223
-3775.802
-4825.997
-4559.893
-3987.251
-4394.339
-3875.849
-4014.446
-3858.996
-3437.363
-3242.853
-3017.107
-2953.974
-2881.188
-3006.193
-11831.39
-9612.628
-7581.604
-7975.397
-6918.456
-6413.455
-5138.466
-5144.517
-4529.275
-4043.226
-2024.614
-2480.493
-1730.115
-1862.416
-2111.139
-2069.228
-2455.277
-2378.233
-2495.514
-2550.051
-2789.262
-3341.228
-3290.499
-2474.172
598.9565
-4.19027
-1028.793
-1560.143
-2023.688
-2318.81
-1850.119
-2361.513
-2062.983
-3183.827
-3271.11
-3732.143
-2868.445
-7877.624
-6901.59
-5853.048
-5790.671
-4385.024
-4010.681
-3481.495
-4284.173
-5876.651
-5473.479
-1778.505
-1714.113
-1719.292
-2001.664
-1952.08
-3177.462
-4051.626
-3991.777
2059.492
860.9607
173.0311
-789.2669
-1603.749
-1456.307
-1333.39
-331.5723
-548.4539
-444.6756
-2537.007
-2270.916
-3414.765
-2186.835
-2395.47
-2529.127
-3186.732
-2891.388
-94.19156
-558.4359
-1395.172
-464.4036
-3783.425
-3184.387
-2910.692
-2757.73
-2769.979
-2757.403
-3513.025
-3773.756
-2552.029
-2492.259
-2628.869
-1331.239
-2442.001
-2332.677
-2000.33
-2445.368
-2575.945
-2767.846
-3059.939
-3087.412
-2902.524
-2348.099
-1748.597
-1862.117
-1651.674
-1766.027
-2024.03
-2166.697
-1107.723
-57748.42
-44093.2
-37040.07
-31264.66
-27694.3
-23465.81
-19826.18
-17062.08
-13933.74
-11999.32
-10222.11
-8727.21
-6901.981
-6534.807
-6664.223
-5859.079
-5275.148
-4754.49
-4348.419
-4605.707
-4133.443
-4038.661
-3903.72
-3824.694
-2131.287
-32522.73
-31179.23
-17693.25
-15178.91
-12923.94
-11030.27
-9589.932
-8437.031
-6961.988
-14387.52
-12460.41
-11027.83
-9613.692
-8257.956
1095.63
-35.47541
-1812.972
-2575.996
-2293.862
-2447.158
-3073.704
-2557.93
-17330.68
-14490.25
-12487.16
-9632.415
-9042.006
-8041.008
-7391.728
-6617.778
-5959.805
-5412.913
-4299.779
-3852.574
-4019.994
-7999.937
-7392.559
-6727.907
-5849.815
-5478.728
-5516.317
-5108.205
-3391.114
-1807.956
-1724.11
27724.21
22332.82
24611.27
19421.42
16566.41
13105.55
10702.03
8478.781
6643.842
5523.331
4663.369
658.5932
405.4744
-1826.94
-1970.776
-2109.665
-2349.497
-2386.26
-2836.303
-2967.351
-1085.185
-1166.844
772.8608
6.431547
-676.867
47180.5
39323.16
32386.02
26498.16
21699.37
17708.56
14391.02
12589.73
10212.61
7999.265
5738.274
-1479.267
-1327.576
-1120.786
-1728.541
-1685.47
-2279.104
-1881.805
-1947.757
-2048.705
-2192.691
-2386.271
-1606.177
-1818.749
-1890.302
-1877.501
-2131.947
-2472.28
-2576.395
-2326.172
-2303.882
-2234.793
-1927.119
1156.32
749.0154
276.3147
-266.8639
-780.4243
-1123.429
-1330.635
-1426.005
-1481.543
1220.377
840.5645
305.7186
-109.6914
168.3034
26.66968
-532.0846
-629.8876
-929.4634
-760.39
592.9464
393.9219
-513.7648
543.819
-121.2623
226.4099
-1325.002
-1078.932
-290.3474
1199.502
860.3996
-289.0124
-345.8875
-975.1422
-1088.136
-1366.838
-1059.808
-1262.518
-1512.475
-1505.391
-1472.006
-878.2707
-550.4068
-695.3149
-218.7456
-491.3156
1819.238
-365.6695
-2224.99
-2183.877
-2385.486
-2284.929
-2562.916
-2738.91
-3407.723
-3400.134
-3090.464
-2263.712
-2744.711
-2859.688
-2249.337
-2420.088
-2235.963
-1805.549
-1514.98
-2111.033
-1809.278
-2485.205
-1906.373
-1450.148
-1600.255
-2003.641
-2682.794
-2578.089
-3231.209
-2778.248
-2221.146
-3158.475
-2869.113
-2570.404
-2155.39
-2034.034
-2018.921
-1455.625
-43389.82
-36334.01
-30382
-25304.63
-21132.72
-17896.47
-15691.88
-13310.07
-11162.11
-9325.696
-8486.919
-6564.62
-6043.953
-5618.977
-6196.014
-5978.984
-3959.444
-3790.174
-3670.434
-3230.554
-3296.384
-3063.303
-2988.944
491.9879
276.0279
65.69968
-385.5366
-930.2599
-332.5446
-1196.706
-1085.559
-472.4832
-764.3572
-701.7493
-775.4948
-1046.004
-4168.449
-3841.246
-3288.382
-3387.013
-3091.399
-2922.775
-2520.284
-2185.592
-1883.929
-3856.911
-3432.754
-2767.23
-2553.447
-2647.361
-2444.597
-2406.9
-3393.668
-2892.215
300667.1
251174.9
209229.2
174825.2
146541.2
121470
100430.7
83810.7
69348.93
58651.11
46795.78
42110.4
35646.56
29472.82
23712.94
19625.81
15914.58
13891.16
12127.26
10689.98
9285.138
7551.618
6040.163
1646.939
-999.7886
-784.3898
-1014.678
-1236.492
-1488.282
-1276.429
-1657.766
-2776.994
-2968.586
-3257.712
-2594.349
-2457.531
-4203.356
-3801.754
2312.863
1066.571
533.4256
82.25302
-358.9784
-2119.619
-2167.142
-2388.395
-2547.24
-2413.289
-2311.757
5973.511
4985.102
3663.386
2633.034
1743.558
1331.87
758.0506
-301.5776
-409.0616
-1401.336
-393.8151
-658.3812
-251.6578
-307.8958
-790.6222
-630.8797
-796.3893
-1020.868
-2917.75
-2728.972
-2569.907
-3564.811
-3723.871
-3689.711
-3060.444
-3575.783
-3344.689
-2841.723
-2427.927
-2281.308
-2351.29
-2556.444
-2390.378
-2371.659
-1938.213
-2004.943
-2112
-1912.035
-348.3768
-574.9205
-1236.793
-1017.897
-4507.574
-4004.79
-3706.94
-3485.103
-5477.978
-4372.322
-4078.098
-3132.9
-3714.122
-3722.18
-3010.232
-2804.915
-2957.564
-3133.332
-3725.296
-3613.965
-3228.426
-3444.597
-1907.818
-1605.231
-903.997
-1635.878
-1369.691
-1025.191
-1407.252
-1668.591
-1474.49
-1926.906
-1821.044
-2766.404
-3052.241
-2940.324
-18643.85
-16192.75
-13748.99
-11839.02
-10370.48
-8969.323
-8686.546
-7228.442
-6629.239
-5766.9
-5121.339
-4668.327
-3700.106
-3698.897
-3380.555
-3399.775
-2956.692
-2294.811
-2699.198
-2402.227
-2223.866
223.1704
-177.4739
-194.9053
-1773.767
-1544.397
-1488.12
-1931.286
-1648.721
-1356.212
-1656.996
1057.805
1481.641
1587.07
859.3166
236.3869
-505.0063
-740.9581
13192.96
11894.47
9719.927
7504.326
6091.777
4620.364
2430.41
2222.845
1235.012
456.9839
1693.326
-395.0888
-8619.206
-7076.859
-8605.591
-7976.383
-9160.551
-7829.152
-7107.994
-6116.756
-4879.737
-4657.948
-4928.262
-2092.691
-2132.909
-3758.294
-3519.339
-3252.776
-2730.92
-2474.813
-3440.008
-2338.219
-2284.212
-3508.062
-3324.242
-1981.86
-2462.916
-2290.927
-2096.684
-4010.586
-3473.213
-2981.953
-3823.757
-3448.007
-3268.318
-3980.93
-4026.75
-3692.605
-4208.3
-3633.241
-8229.181
-4821.624
-4660.727
-8591.116
-7943.237
-6883.606
-6065.696
-5400.544
-4920.898
-5001.058
4868.406
3392.699
2854.183
1222.528
781.1586
95.77326
13.59429
250.0779
-399.9597
-934.9182
-1480.624
-1488.506
-2034.379
-2120.46
-2337.72
-6125.45
-5861.132
-5643.283
-6090.241
-5804.709
-5978.777
-5570.951
-5170.564
-4548.854
-4196.726
-3991.883
-3606.809
-3618.921
-3551.536
-3025.602
-2773.651
-2917.23
-2991.188
-2938.048
-2964.92
-4000.184
-7280.823
-6256.907
-5857.444
-6161.27
-5613.732
-5258.32
-5258.918
-2525.663
-2626.977
2215.737
2349.405
1329.183
836.9567
225.4985
1001.861
-430.3886
-976.0768
-1690.818
-1421.81
-2730.962
-2877.168
-2947.901
-7793.386
-7518.879
-6787.349
-5749.071
-5326.686
-5024.632
-4564.238
-2993.484
-2953.948
-2953.983
-2660.024
-2851.339
-2521.259
-2482.236
-2419.545
-2071.566
-2178.716
-2318.51
-2278.401
-2663.416
-3255.407
-2859.309
889.0672
652.84
204.1618
-1396.792
-2836.806
-2855.442
-3350.184
-3459.868
-3492.832
-3567.753
-12641.61
-10819.47
-9424.518
-8638.472
-7462.053
-6769.696
-6975.483
6614.777
4461.614
2929.774
2017.935
1597.679
1208.977
765.3985
-68.68241
-652.1985
-874.2659
-1280.452
-1061.721
-1476.656
-1725.745
-2894.379
-3124.183
-3003.489
-3107.25
-2877.418
-2558.748
-2607.99
-2801.234
-4380.716
-4113.301
-4042.296
-3917.75
-3674.974
-3133.48
-3147.248
-4445.416
-4450.046
-8956.553
-8328.782
-7579.578
-6798.602
-6148.113
-5712.994
-5145.66
-5198.051
694.5873
-325.5596
-2532.829
-2618.293
-3045.583
-3286.973
-927.7074
-1761.417
-1683.542
-1795.519
-1950.776
-1700.529
-1988.757
-4627.351
-6382.752
-6815.616
-6231.542
-5974.528
7198.205
5691.834
-8839.96
-8002.757
-7400.465
-7020.021
-7537.055
-7809.538
-6889.195
-5647.852
-5517.222
-5093.19
-4554.242
-4311.538
-4351.388
-3965.839
-4028.256
-4414.968
-4444.692
-4324.467
-3701.465
-3795.868
-6494.198
-5717.183
-3271.411
-3623.177
-3982.653
-3588.005
-4206.548
-3740.355
-3480.596
-2975.817
-3104.84
-12645.74
-6674.069
-6528.179
-5878.751
-5609.851
-5637.074
-5241.051
-4545.077
-4405.252
-56.26979
2655.468
-1744.29
-2502.181
-2023.514
-2401.862
-2406.127
-2664.308
-2950.269
-2938.445
-1257.163
-1630.292
-1940.403
-2079.636
-3048.803
-3001.02
-3357.005
-2909.834
-3098
-3141.701
-3471.165
-3320.474
-4069.824
-4967.059
-4732.603
-5334.848
-4959.746
-4221.314
-3742.937
-2962.732
-1745.148
-2306.516
-2193.574
-2386.183
-2741.913
-2780.257
-3129.831
-3578.683
-4459.146
-4150.87
-4161.9
-3870.652
-3887.729
-3880.285
-23753.06
-21043.81
-15377
-12925.77
-11673.57
-10445.55
-9324.995
-7763.345
-6023.401
-5579.001
-5770.753
-5698.382
-5794.522
-3359.624
-4457.686
-5301.918
-3974.943
-3540.179
-4094.649
-3574.269
-2717.765
-2766.612
-3124.185
-3233.761
-3289.404
-3507.294
-3285.503
-3004.869
10643.89
8542.109
7013.875
5240.531
4026.295
1721.267
1131.396
215.1226
3036.503
1954.209
938.9445
-36.31393
-1701.145
-2411.987
-2674.646
-3226.068
-3212.23
-2843.667
-2912.648
-3193.243
-3018.871
-2009.842
-2556.034
-2691.461
-2880.695
-2876.46
-3252.386
-553.8098
-1359.107
-1444.129
-2044.918
-2056.221
-2280.051
-2791.587
-2864.26
-3026.296
-2673.121
-2897.199
-2809.334
-2593.754
-2834.019
-2421.161
-2600.152
-1753.203
-2252.759
-2577.574
-3319.084
-3433.381
-2654.287
-2153.186
-855.9997
-1438.079
-645.9433
-930.683
-1313.361
-3941.774
-3538.078
-3420.893
-2487.465
-863.0092
-1165.187
-1564.956
-1835.981
-2094.907
-2328.237
-2434.151
-2425.507
-2724.593
-3410.781
-20995
-19001.61
-666761.1
-557846.7
-466587.2
-390941.9
-327371.8
-273641.7
-230923.2
-194165.3
-162387.4
-134983.8
-112077.6
-93687.86
-79599.62
-66500.73
-56460.33
-47110.51
-39642.12
-33744.06
-24584.97
-21228.03
-17874.46
-15668.07
-12940.88
-11473.44
-10127.11
-8005.407
-7215.242
-9284.388
-6719.267
-6191.027
-6305.472
-5565.773
-5198.21
-7092.617
-4827.764
-4998.234
-4815.974
-3417.851
-3713.136
-4452.717
-4204.721
-3662.325
-3239.473
-2233.546
-2206.015
-2181.968
-2347.995
-2706.051
-3035.891
-2775.965
-3166.953
-35111.94
-29832.28
-25966.17
-22397.54
-18986.33
-16258.46
-13201.49
-11531.82
-10894.25
-9671.314
-8650.625
-6961.957
-5884.989
-3370.261
-2911.378
-1171.387
-1489.239
-1621.093
-2448.671
-2223.004
-3764.648
-3672.855
-1752.803
-2105.069
-2171.685
-2018.485
-2575.287
-2410.237
-2703.242
-3362.166
-3459.06
-2976.171
-1594.629
-1401.436
-2007.066
-1844.963
1901.338
710.6069
475.8841
-648.6595
-654.0933
-1422.63
-1664.991
-2500.875
-1804.582
-1932.918
-1598.401
-977.8221
-329.029
-736.5269
-1119.935
-1406.311
11169.18
8875.173
-6209.413
-6715.096
-5840.485
-5532.151
-4351.129
-3939.375
-2475.772
-2756.547
4690.47
3379.897
2013.147
1241.282
515.8896
424.2305
290.7135
-150.4008
-379.329
-706.8927
-737.2927
-834.7093
-534.4151
-1332.371
-494.8597
12953.06
10218.6
8108.747
6415.852
4823.565
4380.846
3347.401
1876.713
1020.791
1230.24
133.6725
-810.0819
-921.0111
-1155.354
-1110.99
-1666.516
-1939.692
-1812.165
-1726.893
-1998.539
-1777.682
-1727.823
-4079.878
-3287.375
-2196.061
-2395.497
-2539.364
-2292.995
-2500.171
-1967.539
-1434.556
2109.337
871.4649
919.7752
1488.345
5271.32
4827.827
1984.339
1612.784
822.4467
467.1531
-25.1933
-296.2086
-769.3916
-1473.669
-1737.345
-1850.732
-32900
-27530.8
-23545.36
-20080.8
-16604.28
-14218.28
-12513.47
-10716.24
-9282.22
-8151.879
-6854.913
-7170.257
-18516.34
-15811.8
-15957.32
-13729.25
-11865.24
-8771.145
-8072.587
-7751.302
-5698.38
-5795.122
-5280.642
-4479.223
-4159.513
-3725.734
-3565.92
-3366.264
-2771.861
-2188.389
-2114.132
-2815.01
-2931.209
-1379.452
-1327.774
-1971.914
-1902.089
-2153.492
-2153.495
-2336.967
-3030.706
-2303.739
-3722.387
-4531.605
-4705.131
-5165.649
-4666.075
-4228.345
-4002.251
-4078.366
-4004.097
-3838.769
-3310.715
-3631.871
-3186.027
-4092.324
-3846.523
-3578.688
-3965.819
-3971.266
-3391.954
-3491.962
-4012.657
-3503.505
-8550.209
-8117.199
-7163.576
-6631
-4089.981
92.41616
-435.1869
-1222.845
-1306.623
-1764.548
-1686.339
-1990.486
-13038.1
-9944.268
-8641.19
-7696.115
-7184.58
-6633.251
-5875.806
-5284.692
