527.63
279.1166
243.0301
287.168
303.4249
642.7891
634.6152
317.7739
324.7384
361.5056
185.7489
306.1765
244.2042
801.9309
461.803
324.1089
411.8172
347.0567
633.1517
454.412
393.5749
235.6742
546.985
559.4546
397.3101
377.7239
162.3398
615.1195
1919.417
1058.317
597.8103
472.2478
295.9731
340.9129
114.7431
244.3424
337.6153
309.2391
472.0831
142.9992
224.9789
337.8134
399.0201
400.7116
617.1835
512.9235
419.9504
335.7771
456.3959
765.4875
487.7737
333.5317
373.0154
334.3435
428.8674
464.455
420.1612
365.7804
450.2571
25.19595
217.6287
285.1584
137.3403
235.1501
411.8623
430.2237
493.5444
248.4585
298.5287
331.8865
540.5537
819.7021
921.0151
703.9053
556.3186
459.5587
360.7789
292.2728
1540.624
1042.104
760.3969
417.2966
426.715
168.5886
59.57141
257.9601
364.5556
383.6503
379.1651
228.2662
209.5081
328.9561
357.0282
292.8055
195.5443
217.242
435.367
503.6038
474.0847
391.7524
374.4241
299.1358
274.0122
229.4461
351.9524
332.3212
573.6706
318.4931
437.3259
242.2245
297.9113
178.1907
33.60231
-155.9426
-23.57543
125.3641
295.5318
244.6097
193.0509
351.774
271.8764
518.9996
850.2893
370.6407
201.6457
387.9719
337.9943
332.4082
235.3409
627.7516
740.4725
572.413
509.1148
381.2011
240.7812
228.0876
471.7768
308.8727
240.4547
-230.5804
44.57925
43.71983
174.9092
367.6392
113.0024
199.3355
298.1416
141.5638
276.4783
392.2329
298.2415
290.1027
92.08245
-62.48563
-3.576048
123.6163
209.4508
162.0299
122.2754
-107.7454
10.21185
381.5868
311.0275
175.9378
234.6326
90.82626
154.8634
147.0457
108.0073
66.25466
162.0647
1003.988
437.5782
159.4803
54.2216
13.32978
886.7239
399.3558
116.1535
89.9891
122.3089
-50.65994
55.9287
320.8003
186.039
120.8275
160.0468
103.4211
132.6673
1086.111
269.1744
33.79538
201.3106
102.836
-529.4991
-156.2324
-30.50468
57.83016
-16.72743
571.483
214.275
75.32692
2.680447
31.65869
-146.2807
727.3645
-2357.816
-672.096
-170.7923
276.201
-5.521347
76.01643
-35.03042
-348.1553
-185.7048
-127.2144
27.95591
9.276217
25.18162
564.0181
40.57778
23.39057
165.846
-198.7886
-108.4629
33.90556
12.93486
-351.1245
-1797.357
-570.0001
-284.6248
-0.9544146
8.159074
-65.34317
-47.82413
170.329
-502.649
-288.6918
-201.9035
117.2489
-510.5904
-458.5026
-207.1629
-510.474
-291.0752
-183.4115
12.36749
-1637.62
-693.7209
-334.9323
423.7023
-66.64464
-366.3522
-357.2784
-233.5614
-200.0551
-106.3533
-36.52792
-47.42666
-179.4673
-221.0319
-174.5161
-247.545
-342.6922
-277.8197
-267.099
-67.64808
180.8638
-109.388
-233.196
-217.6213
-104.2449
-180.0232
-150.7894
106.5937
-97.64876
-26.88104
253.9252
-145.6517
-239.3041
-123.2975
-215.2349
-605.0606
-262.925
-259.0451
-207.3406
1.071728
-178.5889
-165.6889
-246.6796
127.9999
-393.3551
-2085.862
-788.7452
-516.7604
-347.4224
-165.4992
-285.091
-192.064
-451.496
-386.8771
-376.9398
-571.8861
-955.2588
-468.1168
-285.3341
-357.4078
-310.4107
138.0452
-100.4488
-368.27
-254.1579
-104.3537
-223.7445
-112.1114
-211.87
-51.93471
-151.1771
-236.4946
-337.6938
-305.8549
-173.4613
-509.2253
-380.5837
-363.7358
-181.7003
-112.6164
-353.365
-239.9664
-247.9096
-45.3962
-186.3607
-266.7522
-353.6004
-335.5187
-259.8583
-315.7212
-329.7931
-379.6578
-331.5324
301.4022
-83.95457
-553.978
-402.3259
-380.6453
-312.242
-275.3127
-178.065
-315.831
-650.9569
-392.8
-371.8146
-596.3163
-362.2958
584.5747
2518.041
565.4322
-53.274
-272.706
-218.3051
-227.9167
-181.0296
259.6437
-69.45612
37.44839
-194.3476
-206.8044
-978.3218
-1073.912
-142.6533
-410.4886
-285.3429
4.828085
-195.0732
83.06755
-148.9368
-186.7497
-420.3284
-49.08204
-56.41472
-1258.107
-498.9918
-324.08
-836.296
-385.4865
-143.8628
-222.5703
-345.0783
-342.0408
-320.3608
-134.6113
-611.1159
-104.2206
198.5602
-234.4826
-271.4181
-335.9998
-161.0219
231.4394
-142.8726
-30.61562
-312.3011
-217.2831
-29.73175
-217.0142
-140.7935
-1212.629
-440.6363
-179.7603
-31.49494
-127.9535
871.6399
30.5425
2.730426
-181.4632
-49.79684
-367.0078
-282.8556
20.70171
-78.81081
728.941
129.7093
-1067.909
-157.5675
-68.8528
-58.41941
-155.1724
-1121.512
-717.9447
-203.033
-116.6018
-39.75694
46.10593
-60.69348
-23.8749
-262.3392
-1582.981
-498.4982
-302.0319
-144.2085
196.7549
158.237
-91.61341
-94.2586
-34.05409
-7.906799
-4985.644
-1811.088
-656.4097
-270.255
-332.5517
-15.49092
17.21723
2540.495
688.8999
122.4522
-49.11429
-126.49
-9.449071
41.01393
592.4414
221.3277
2160.823
1051.565
438.5773
193.6931
4.44231
323.7761
62.69053
107.7239
91.85324
33.62609
62.49156
123.9447
169.7317
218.2953
262.189
160.5794
49.17169
-7.012404
721.3967
425.8311
224.0962
980.2921
373.7398
139.9333
1789.105
133.1514
-2743.226
-877.9416
-107.8342
-105.8401
-348.8485
60.65396
-33.63582
-220.1518
43.54212
110.3766
1016.284
418.3478
396.6719
311.5268
246.5724
53.63718
204.6656
320.4616
140.9513
260.4096
219.7685
-180.2535
339.734
218.4515
270.9931
261.7579
223.1463
106.2463
74.74962
-1113.195
-106.1742
133.8132
328.82
365.5993
280.5901
583.8021
236.2187
339.2744
-1456.65
-232.5402
119.2787
146.8792
321.9581
-57.35487
446.3463
362.4638
291.7944
264.9064
358.114
308.3946
301.1974
298.1956
372.6945
580.1776
465.8434
276.5163
300.3888
4008.591
1489.32
495.406
421.1793
420.0809
3244.847
1152.518
620.575
392.629
406.4231
381.9101
334.9652
456.9717
286.9765
342.0467
303.5551
378.3642
336.8976
592.5703
343.3272
325.3676
329.8374
478.892
429.0267
433.3966
352.6958
397.9327
444.4731
-683.3908
138.3348
21798.74
6805.375
2371.433
925.6631
709.483
-697.7143
85.33244
350.6382
430.4365
397.1069
705.8031
683.3211
1228.859
587.088
796.4862
849.621
593.1888
438.1732
447.218
641.5599
-77.00759
165.6735
460.7331
499.0808
441.2259
525.0745
344.968
383.8857
-5478.451
-1402.397
-112.8683
361.4746
429.1652
470.2734
509.6982
490.2862
479.8921
510.7997
527.5607
-1118.844
-28.52982
241.3674
350.6413
513.8879
434.9727
254.6212
1088.147
822.8408
794.4998
259.9242
390.1456
449.3596
695.9054
1030.324
574.3467
470.2193
757.76
485.2585
393.0489
443.3476
474.6256
351.7888
-3653.389
-593.6231
215.6215
379.0065
436.9974
679.8066
605.7606
499.5078
530.5327
568.2956
676.6429
983.3184
599.3778
12897.67
4361.939
1495.734
826.1682
662.4009
487.3855
103.5075
391.4454
435.4884
531.3302
325.2718
358.5381
366.6413
405.1692
514.9011
567.9683
515.8294
-48182.72
-14158.55
-3984.724
-958.2686
25.28775
409.5049
477.0404
346.5584
418.425
20887.52
6982.306
1767.59
875.5729
877.1004
678.2721
216.9899
260.2133
391.1635
553.1257
516.7392
578.4696
483.8166
391.0057
235.4889
360.6505
437.368
575.8954
808.8946
544.799
535.7431
49.7318
404.1614
434.8644
454.5318
413.6433
429.3425
390.733
346.9982
831.0923
601.8013
456.9849
510.8475
50.08665
320.5448
1705.641
902.2919
732.0191
384.9935
645.1313
472.2433
638.5252
522.7762
350.4519
380.9294
419.2245
305.8679
274.8
1822.783
357.4556
207.9177
2264.358
753.6539
622.9332
396.9757
372.6197
319.5966
399.96
645.9573
747.0463
391.9678
244.3946
371.6756
364.5754
-377.1039
82.14477
176.1343
264.4295
290.8322
234.6727
559.109
-1488.415
84.3873
510.4092
303.7185
333.6273
180.8423
411.0905
416.1346
161.9569
454.768
312.6088
107.1106
180.3814
190.3797
109.0786
213.1833
261.3153
320.298
248.5668
419.7034
101.4386
217.0477
230.348
-121.5113
-836.6652
-82.77047
118.8837
307.6166
308.2187
256.7617
222.8911
292.275
246.2414
-799.7826
-101.3939
968.9924
258.398
334.2824
-720.3913
-108.0809
124.4505
570.3143
301.9537
523.6062
183.1785
-23.05797
90.33237
-159.4936
-320.7666
80.49673
74.77784
148.1077
31.85772
169.8691
461.9403
1854.903
417.2877
176.4007
-453.4618
-84.83115
5.985707
349.2491
171.7807
236.8014
373.9246
102.7124
115.8749
127.74
-281.4246
-8035.208
-2305.453
-531.7261
-133.0245
31.94027
-131.5219
93.58967
94.02225
-188.2983
-137.2199
-162.3212
13.01436
16.6323
-5.694952
-69.92937
-704.7692
-171.5974
155.8246
57.83313
47.87071
-170.942
-119.0389
-89.83382
-45.93334
-92.91379
137.4011
33.73618
90.2613
-37.90404
50.04554
-101.7763
-55.73563
-109.33
-1200.949
-428.6785
-151.7226
558.5742
291.242
88.55036
15.75477
0.01711626
73.52004
-18.3604
-86.85373
397.1675
113.3067
296.5911
-6.495144
-53.24705
97.14615
-75.40392
-64.01555
122.607
956.2508
241.9554
-37.75399
21.38767
-96.37098
-417.2344
-147.3942
25.77272
-33.56572
-165.8654
-100.64
139.1361
-107.0718
-92.43559
-138.6124
-102.5216
-377.779
-174.8594
400.2883
62.4958
-35.30221
395.5984
825.3571
187.9061
-70.15159
-29.66813
-121.1229
-199.3186
-121.9362
-145.1044
-134.8903
141.4068
18.14557
-28.81204
-166.3379
-68.93229
-98.14605
-499.332
-251.9433
-291.5596
-28.85999
575.8146
214.9084
-34.65205
-68.4347
718.2089
-1456.443
-682.3434
-271.2177
-155.9434
-115.659
-128.2822
-270.1229
-176.9884
-152.5947
-193.4744
76.46822
-178.2497
-213.5991
-197.0858
-188.4309
-94.9573
-92.05317
-228.5762
-107.872
376.3268
-50.46227
-204.7441
-109.4986
-205.0496
-1237.092
-327.7913
-183.128
-169.3173
-178.427
85.60259
-17.14323
-210.7206
-151.0326
-94.52771
-39.94869
27.8846
-316.4275
1223.326
258.9198
-16.711
-50.692
-17.66007
-117.8917
-49.23501
-46.23232
-75.42041
103.5924
15.60286
-327.9636
-810.3305
-232.2825
-38.34855
-18.6807
168.5193
218.1797
102.4638
-37.21394
-53.24555
-27.45632
-53.10458
-89.14172
-33.17147
53.29069
-220.7603
-35.38269
-180.8333
-164.0162
-27.72522
-363.6199
-65.85494
291.4255
-237.1931
-105.0523
-86.61717
49.60766
9548.638
2847.13
644.1833
158.0254
67.18143
-77.27838
-390.5907
-279.1241
72.26483
33.43416
209.9603
-168.7949
-110.2519
-33.03057
517.3711
111.2379
991.9426
388.9037
-957.9517
6.199088
-5.198315
86.979
115.3482
36.71547
-73.82479
-104.5739
140.2784
40.2295
122.8623
26.18761
120.6189
53.5097
106.7697
11.07911
-29.04043
45.84998
147.7924
53.06014
27.19158
73.34806
352.3895
-58.59786
150.7373
121.8823
225.7604
562.2302
392.95
581.5574
113.4907
-163.2153
70.93754
-5.834858
70.88505
75.03209
210.6216
34.27567
175.3892
83.67072
119.7999
288.8125
137.777
139.8554
138.2022
-67.04416
75.63868
143.5864
227.583
243.3973
120.5155
213.4614
233.7467
195.5472
216.7335
187.0155
-282.5754
89.34167
-54.4935
348.7072
291.7752
339.1265
397.1066
1543.943
548.0657
396.6221
75.46713
230.0808
292.6073
441.6191
212.8524
318.4342
280.9021
308.0013
1143.552
539.9226
297.3784
329.921
514.0976
349.1343
460.7184
257.4655
333.8227
375.3241
212.4118
140.0524
-2008.69
-127.9766
122.6567
3480.76
1249.274
615.1147
340.1717
395.1646
379.9773
445.9599
332.1294
570.8973
540.8064
1212.615
-461.2423
82.90565
437.7353
630.1023
362.5792
480.1856
568.6695
432.5553
-1041.975
12.89239
311.8356
448.0421
383.7047
464.5862
547.1035
532.6605
372.0553
478.311
400.2532
336.6684
316.1683
323.5566
1396.736
647.836
249.0332
353.9645
1063.27
789.3397
845.0957
541.2157
701.603
-4361.674
-850.8612
278.0725
423.1061
431.6406
451.662
626.6345
679.2268
628.9787
631.5103
538.194
488.9856
405.7203
616.0208
6.808213
345.8389
1065.06
925.8556
734.2025
424.3697
568.1662
533.6269
667.1963
653.8906
424.4049
332.7885
328.7413
303.7379
577.3515
650.2906
581.2465
658.2591
423.1864
483.205
491.3593
599.373
642.6655
582.0401
551.6777
620.1727
587.9817
708.2922
734.1697
523.3489
-715.7644
134.2817
390.665
534.5846
939.9157
798.7249
768.7403
760.0365
793.4504
704.4689
1218.088
1007.354
1250.867
904.4084
752.4663
653.8487
607.4488
818.2989
843.69
720.8536
654.3023
524.7831
628.8186
694.8615
674.8564
637.8989
701.4675
660.6327
700.5897
957.2374
730.6886
1871.653
1069.826
1266.208
426.9352
677.9452
1642.686
901.3439
799.4554
467.4189
2959.376
1331.132
519.4047
514.6208
407.9871
618.5416
785.2346
559.8434
496.0429
579.2695
706.7422
633.0094
916.3192
756.5635
1329.594
856.9924
754.8763
570.4155
610.2672
617.9875
575.5627
661.9613
704.645
508.9756
617.1694
791.8145
653.0506
655.163
661.4485
616.6218
638.5941
506.5936
883.8184
633.4272
501.5837
708.2474
759.3581
694.3396
700.8965
607.3213
650.8942
614.1825
646.7932
604.3182
646.2417
1007.359
766.4892
656.3374
646.1504
708.187
8637.674
3118.516
1123.009
913.9882
635.2502
782.1382
744.2153
-5.693767
384.8573
540.2376
831.934
287.1918
-5882.618
-1329.032
54.60539
363.07
443.4547
511.7181
379.6453
529.1237
401.8972
428.5426
579.2667
571.5968
413.8049
-144.8866
175.7456
270.1748
384.5598
444.3773
522.2857
-725.3644
-92.74301
425.0969
419.423
486.4295
515.7639
449.4426
449.8668
478.7594
609.7373
541.3183
549.9007
510.4802
315.3069
445.705
488.2629
434.4474
562.8106
658.8587
500.5584
487.1841
396.564
434.1368
329.9919
104.5935
96.03143
408.5067
399.35
353.296
382.8125
370.3482
306.849
74.57456
304.602
257.7978
1043.573
627.4703
645.9162
440.275
470.8188
339.8005
392.085
271.2963
387.8996
408.3975
510.8634
232.5174
258.884
353.737
377.8255
707.1614
493.7085
454.5465
262.9549
608.4725
404.9172
279.7615
316.7791
275.6639
212.2657
500.4412
366.6366
301.8619
304.3931
201.1743
232.9192
849.0225
515.7669
459.6588
252.3118
271.5738
172.0964
323.2305
110.5093
120.3398
-9.239901
55.03108
155.1042
-308.6363
-555.6859
-68.34941
77.17013
-11.70392
41.37322
291.7446
377.4477
262.7062
-6374.359
-1893.086
48.58434
-87.62451
89.23015
139.9937
-21.62227
1537.133
554.5932
-1046.258
-249.548
145.9038
136.6291
165.1202
40.51519
181.9928
115.9451
138.2384
128.4201
338.9091
216.7547
80.22436
92.39336
22.28198
57.12373
76.95865
-69.03221
158.7921
38.78198
15.50187
131.6536
303.2263
148.2186
411.3673
-1261.227
-415.3996
-1762.804
-610.1584
-73.46454
-102.9498
187.1035
1.956398
303.0011
182.5245
-68.91424
-81.15515
50.95693
82349.54
24752.04
7489.167
2311.333
724.368
-269.4464
40.10247
-45.15911
-16.74197
136.4338
98.01664
11.87013
95.1014
185.1808
-447.8871
-59.0474
6.647438
108.2192
50.17931
25.94565
54.35052
24.63277
-20891.02
-6211.845
-1982.118
-561.6524
-159.7309
-519.706
-90.14873
108.0032
-256.1019
-41.40215
-32.86748
2.983656
-19.62226
-1959.052
-489.828
-136.2685
-0.5418493
103.2652
4.672443
39.95704
11.77962
-85.36267
267.0329
230.5625
202.1776
258.0236
166.3457
1250.704
393.1012
108.536
93.76073
4.746854
-29.30224
33.86699
24.89292
43.74223
-1555.345
-283.8487
-9.807475
-81.75726
-257.0807
-112.0275
-25.172
-169.8446
-61.06651
88.37494
-19.88749
31.57993
-10.87241
266.8803
68.91864
-669.4357
-151.4357
-65.18223
-489.8907
-235.1913
-117.6813
12.33471
38.27031
-167.6989
989.8496
285.5627
-5524.884
-1915.527
-474.0864
-261.6503
33.58116
34.44265
641.2198
268.1195
124.7874
37.59366
166.5985
5474.095
1647.155
537.3002
333.2929
25.95156
14.81965
-129.1836
144.258
41.12371
173.5487
199.3022
463.7936
171.1543
26.58785
1408.17
479.8089
231.3348
217.3213
106.4708
-276.2923
114.1647
161.0606
150.211
-282.5558
-191.0733
-69.70312
-96.33716
89.23362
22.63472
287.8514
52.67028
103.3865
98.81463
441.7263
467.0431
116.9275
-155.4945
192.7646
85.91424
1883.69
685.7739
314.0878
511.8969
238.412
235.9801
124.0447
598.0804
216.8881
176.1121
167.3087
89.67669
0.1228161
282.4514
152.0954
-119.2418
98.52945
249.077
339.6022
249.8129
172.8678
586.2753
222.9047
271.3297
279.9864
149.1852
239.7048
890.2105
493.9735
353.4836
154.3341
-118.4405
-34.762
93.76617
226.4332
254.4087
468.7111
296.2946
399.7681
365.4034
285.0906
376.6947
130.4506
202.4574
585.546
209.372
114.6039
430.9489
198.6156
1132.13
493.927
-170.8722
406.811
385.8796
188.6867
453.4196
378.1483
366.2667
182796.1
55256.22
16770.24
5618.557
2239.303
834.476
412.9977
394.9636
422.5777
351.0899
616.0056
615.1789
475.4903
416.4467
181.2346
-780.5495
-44.88446
126.6531
338.2881
170.6238
347.7062
444.6815
525.3857
642.437
429.156
403.0294
963.2142
570.5432
532.8511
980.7869
716.9168
707.045
411.5656
607.0929
580.8636
760.1403
516.4631
206.2065
755.9769
583.7122
353.4345
780.4378
595.1297
560.5496
444.5064
354.9781
486.8654
505.5618
481.9239
440.5131
446.1466
605.5818
647.9215
454.9902
200.3166
351.0546
2664.563
1187.482
732.2748
809.0141
662.0692
855.0384
980.2723
810.4059
603.3381
2297.376
1226.486
682.9793
588.2524
646.6792
627.3823
851.6298
755.8107
646.7278
679.18
622.7532
686.1398
1270.563
947.7645
740.2909
662.5435
804.7261
976.2521
786.4515
755.7377
643.4651
720.6053
768.8397
864.7282
650.1842
507.2119
619.6544
688.1782
6063.507
2157.039
1422.293
1055.884
816.4395
793.9808
1094.724
440.3085
651.5426
718.4047
648.6623
609.891
736.8578
595.0643
773.2388
595.8766
597.0953
592.314
656.7036
746.0294
765.1015
623.306
838.6593
1047.467
950.196
732.7383
534.6359
719.6087
768.7612
1194.201
867.2514
897.6087
825.4652
761.2701
2732.436
1262.656
964.8813
821.6738
651.1137
951.7659
897.966
828.9057
847.6494
680.4101
725.3645
802.8611
589.5847
602.7694
768.503
562.2105
906.1997
894.5527
896.093
757.6466
612.4554
573.4478
2358.074
1256.679
1475.171
1039.164
948.2403
729.7976
643.4013
727.1937
651.8514
727.9842
721.4676
541.9379
1118.277
950.0046
658.6252
752.5285
1071.898
872.5635
1072.396
889.8025
848.5754
846.762
801.1548
645.1766
445.6645
358.4041
260.9174
651.7355
663.8078
683.2922
701.0563
638.7446
732.807
755.4594
977.7142
974.4913
523.4852
664.372
2976.824
852.3134
784.7631
882.3479
778.1664
737.2248
1126.645
1150.668
699.5316
1288.705
867.8328
801.8812
850.0401
706.1314
835.5844
913.3817
845.8087
460.0856
705.2472
790.1523
721.266
690.5631
738.0674
810.2807
947.04
803.5481
261.3366
428.2763
694.161
74.18519
654.2952
864.8373
734.5373
675.3122
800.6366
905.2574
1148.412
2939.585
1335.033
1272.916
719.2137
640.2709
789.2301
597.4805
679.6494
711.4775
627.0818
587.184
649.5229
546.1677
12.08184
526.8964
683.4848
701.4814
334.7725
679.4922
660.5854
644.9255
649.6927
667.1562
595.7659
690.8194
838.9897
735.8428
1783.095
1117.234
747.3011
736.4622
662.031
594.1841
581.1191
688.8799
561.1892
729.5525
-2080.663
266.095
496.507
594.3357
631.7476
-161.7271
383.948
481.6401
531.9764
620.8439
1482.41
986.2205
376.1007
477.6633
645.3181
383.7259
328.1844
661.7013
601.8059
539.2276
-725.1334
137.1172
477.1964
483.8426
271.1405
410.3074
518.5135
83.99877
405.1767
410.6363
384.881
381.2815
544.9798
764.0879
643.3016
471.3541
1380.122
836.5103
619.8072
573.8199
427.1023
381.1107
760.1285
571.5197
514.9891
1010.32
477.8494
531.9777
493.8701
603.2411
429.0213
373.9135
372.4745
591.6766
2265.901
1037.665
393.3001
339.4354
426.4148
391.5061
519.8726
462.6253
452.142
543.8987
567.0819
399.5414
333.7867
85.76912
249.0464
621.7223
756.4619
272.0721
491.9455
921.6536
633.7719
237.5557
249.0645
157.2599
638.582
377.5271
358.6985
348.2435
379.2657
398.0818
468.4019
354.9992
331.0262
451.0658
406.4295
322.1874
339.6225
306.6009
30.94906
208.1641
55.20463
-2499.41
-381.8493
-192.6179
147.9111
1174.81
827.3239
527.058
322.4273
252.6351
997.7008
598.092
36.16077
230.2776
835.4363
471.0616
343.8315
635.5474
346.9367
1794.079
744.4022
659.8236
201.7821
237.9445
238.0874
251.6046
353.4894
499.7563
281.0105
192.2846
261.4472
141.4044
207.0805
272.7049
177.5939
-122.7484
-1534.865
-368.7664
-241.1381
310.2159
243.302
231.2201
256.2749
146.0718
155.6608
188.5887
248.8052
198.5429
142.8054
148.3737
398.9573
278.8629
324.1865
290.7983
130.4079
187.6064
140.1391
171.4821
-52.67134
189.6868
1826.54
767.905
460.0951
182.6744
-27.85191
47.85934
284.1881
-248.8838
-65.37523
75.61904
7.422537
-618.2748
-41.75243
653.1992
297.0708
100.0284
276.5107
-16.31854
173.1975
160.4771
30.63845
80.43978
351.3599
202.0049
82.33123
287.6368
-264.3412
-988.712
-336.3087
539.3095
292.3425
192.9365
300.1043
123.7183
-332.2225
-74.20909
53.80903
102.6872
101.5853
23.13351
48.25233
137.9035
229.0357
-76.46208
333.7919
370.0102
552.1187
275.9677
867.8209
409.8669
262.8661
236.3539
-203.9249
-113.9268
-18.46998
138.2945
476.5255
156.8749
156.6499
8.956592
198.2436
191.4773
1204.739
432.952
160.7174
208.1876
270.4142
5.197455
123.2449
286.8498
391.8089
324.5208
301.9769
339.1006
192.4578
-144.4629
95.64656
165.1085
285.6216
93.85652
-279.0528
3.823335
189.8433
229.7312
125.0403
261.9249
9504.539
3292.642
1167.913
301.8924
321.271
329.9005
705.4345
49.1841
335.3715
385.6194
168.445
808.6184
2443.251
1049.736
521.1628
20186.46
6220.102
2120.454
973.6233
456.0492
648.8408
455.6843
-797.7175
112.7729
370.4388
352.1265
284.9212
194.2878
209.8109
18567.23
5894.282
2028.562
785.9579
388.0561
384.0378
278.7693
579.6539
393.2729
366.4335
541.4265
3231.356
1245.537
593.7418
442.9887
396.796
291.3305
437.1992
622.4271
515.0238
380.6853
129.7398
246.0421
281.3001
286.9209
149.7628
162.7207
358.5734
221.2642
380.7364
-355.7478
287.2444
917.7613
586.3398
476.0145
412.696
449.2839
1215.223
695.4695
459.0314
513.4679
521.3787
587.7979
731.2594
553.8608
493.8679
513.4905
495.7356
918.5538
660.0164
591.3885
20.80788
-800.1086
1124.84
565.2783
502.197
669.8551
551.2558
416.9714
799.8113
799.782
550.6708
501.364
974.5275
622.1769
566.9371
246.1077
453.0935
469.2398
1293.989
797.7601
527.4575
791.8874
1466.497
113.7965
408.6758
575.3327
659.8649
647.2728
762.1596
593.1844
1121.347
1056.283
865.4984
551.5474
889.6211
639.4414
921.3862
817.6572
685.7605
238.3072
596.1289
656.4963
651.9274
1021.207
732.8186
685.5394
702.8321
866.422
667.8279
714.6002
1089.809
872.9352
793.3376
781.5159
857.6399
793.4855
-2991.97
-403.3721
450.6234
646.7682
904.2908
-18333.25
-5090.86
-1256.379
146.4964
496.138
682.2309
952.0414
390.2379
692.8835
623.6205
653.6578
1051.159
1376.725
1025.052
841.4412
832.0278
612.296
709.8007
847.93
882.9276
770.2204
783.2192
484.9318
833.3181
801.2879
813.7472
688.7088
1029.447
843.0213
5774.243
2298.995
1654.127
1086.088
886.6322
688.6164
823.0808
2821.732
989.059
1001.778
869.557
853.5378
822.1117
811.1401
806.8848
886.4527
877.8633
792.2044
948.797
819.0335
-338.2783
2392.976
1320.764
1058.015
968.565
1618.813
1036.344
1007.401
898.7815
1278.104
1096.673
745.8818
520.6151
-297.703
855.8601
938.0733
926.939
1024.125
1024.111
912.7004
887.225
-3.369073
576.5984
709.8014
2844.935
1366.59
1095.865
1011.696
929.876
713.4019
1263.728
902.259
951.6407
977.7828
1025.157
894.1425
1321.386
902.9949
962.95
1036.929
974.3924
878.1525
1348.59
1031.991
1079.908
966.2499
919.9652
988.9557
1047.016
1012.497
959.686
968.3714
921.9979
931.5686
-738.3104
370.7038
6790.029
3257.292
1595.35
1186.018
827.3388
743.1557
768.7141
909.1589
1369.716
1004.69
939.7051
892.6295
884.1008
827.4742
1002.902
887.0806
835.313
802.3083
779.5112
1418.053
1427.388
1056.814
952.8602
911.7292
809.3371
899.5961
907.038
977.9932
809.8632
1230.921
872.8944
1156.239
613.4189
831.5847
819.0536
891.6595
912.8805
789.1232
1016.111
857.3999
908.8168
706.4915
841.3741
931.1305
1053.432
-470.1599
419.5224
504.5371
789.3977
832.8486
728.3168
1134.868
1138.928
987.227
900.9059
1034.865
947.7637
2314.505
1307.911
1062.63
722.3694
782.4178
1255.474
1239.911
788.2427
728.3027
890.0346
806.968
850.744
832.5882
703.7124
947.898
956.0479
858.2643
844.326
770.2991
571.4215
718.2607
660.3587
773.4637
894.8521
835.4781
805.3528
845.5376
775.7701
295.4615
636.1755
778.3601
710.6936
657.8113
673.7688
681.8873
886.8517
893.1402
763.4364
1022.012
750.761
672.2268
977.1024
778.0675
-27231.13
-6938.308
-1576.053
328.8736
-381.0495
78.40082
582.8397
606.9178
612.5811
1159.815
-1658.833
-12525.98
-3275.636
-1313.51
252.3971
655.4439
89.53392
341.8041
567.9097
493.6879
878.6752
687.563
563.0944
622.6145
661.9745
632.8713
-163121.2
-48269.78
-13882.46
-3631.507
-624.1288
522.3889
588.4253
614.594
459.2067
680.7426
725.3417
-141.764
560.766
673.78
884.3902
1188.027
673.6172
750.4492
604.4603
514.0578
573.2554
568.3308
483.8589
897.775
811.157
705.9204
333.9555
596.4767
821.3636
625.2557
334.7256
238.0057
-3597.482
-723.956
85.06516
399.4867
297.3956
624.6841
468.2089
269.5996
194.6341
276.3046
430.6822
360.3057
291.3088
399.1634
485.6257
500.8259
560.7102
487.0779
540.4836
644.967
511.1638
482.879
650.9709
584.0094
503.4837
600.8169
772.4807
524.4555
474.3465
-478.2604
243.634
376.7157
-129.7504
226.7079
1017.727
684.5671
459.7613
458.0956
3.203586
282.4185
334.9131
365.678
212.7963
542.442
665.6066
1838.218
837.1031
493.5883
911.7128
1394.381
519.7765
402.8296
366.815
707.3776
486.3628
538.6643
821.7368
433.0429
894.9733
498.686
397.473
241.5033
94.69702
301.5232
340.376
165.712
1381.622
702.3894
385.966
338.6967
410.1704
271.1801
424.8745
677.9892
483.8918
421.4141
319.4066
295.3239
281.2601
445.4536
144.2989
473.9358
474.5219
492.3275
440.324
262.7141
322.0085
391.9444
1854.435
822.196
-4365.359
-1190.241
-171.0648
1295.478
579.2538
705.5058
586.5402
412.6103
274.0939
179.1947
241.1098
262.3483
157.6938
313.3568
377.6303
404.1033
305.9344
519.4539
338.0893
303.8714
196.3788
365.1777
365.1719
389.4233
343.4765
280.142
409.1715
288.4893
334.4588
328.5108
267.1634
-144.7644
729.9477
269.1217
142.2962
366.1817
417.0587
416.9666
685.549
451.919
1483.312
704.838
551.0594
494.3471
446.2895
480.314
341.7062
249
426.0149
336.725
480.2522
219.8051
1474.406
672.1058
526.1788
335.5633
506.4186
218.7747
318.5912
233.1194
960.619
503.0274
302.4238
1057.571
517.1766
427.8645
412.6791
217.135
297.8316
357.165
390.273
-493.5095
99.91538
347.7204
532.0151
375.1833
293.9025
575.5181
284.0404
387.1932
918.9046
465.935
538.7291
354.2678
554.8803
-1120.267
-587.5075
113.7434
230.8102
-1154.452
-55.18658
370.1777
533.7815
437.5327
387.6277
149.08
206.3965
-402.6255
-878.0872
185.4022
363.0969
399.0159
383.4824
-541.0381
-53.72565
297.1124
58.27744
568.4374
453.3082
1537.559
764.257
546.321
88.04147
-2.226495
359.9571
755.6875
524.5651
432.3197
372.2526
408.3405
746.7837
603.1741
653.0196
579.5977
924.6791
621.3912
529.7517
475.1512
433.0187
1065.657
734.1626
585.6912
400.1395
424.8821
97.60607
-362.3007
2.586329
614.5652
382.0861
495.5521
-54.98249
-291.7208
27.61914
395.4716
415.3056
854.7432
833.0831
-336.7326
229.2677
206.5129
325.0402
512.0553
488.8477
440.344
536.7668
2866.898
1163.127
708.663
749.8688
853.5055
442.2629
489.9656
655.2347
752.0925
589.9645
763.198
-1186.05
-428.4441
233.9479
431.6398
581.8468
623.5276
706.012
678.2512
625.9372
195.21
670.3574
713.8714
767.5214
784.5708
685.6442
1016.538
986.7306
828.1963
738.8402
776.4266
747.0856
687.4591
279.9632
611.1305
765.6956
704.1893
706.9755
866.8472
715.0317
57.2038
551.4696
692.2283
917.3991
272.5289
645.9967
589.3305
626.6853
678.0856
686.2038
778.2073
868.3098
941.6682
747.5546
647.1319
720.3426
660.3282
748.5756
668.2132
726.2869
1734.648
859.5918
491.9528
693.9772
826.9988
962.3399
917.4619
874.7814
845.6423
869.3829
684.8153
814.3377
734.6063
836.2746
842.9445
841.4308
978.9054
941.7159
575.6164
333.8627
803.1516
762.2313
818.8363
768.0489
806.8192
891.5029
998.7378
1255.46
1003.32
977.5882
313.5939
570.3263
4189.712
1820.105
2656.969
1400.944
1504.556
1112.654
1005.868
942.4566
1052.948
940.527
1018.868
975.164
977.3306
892.3206
918.2356
845.8008
11948.3
6177.096
2628.495
955.5069
1045.272
1625.002
1290.512
2888.502
1503.829
1569.14
1248.804
702.4444
2257.267
1428.941
-189.3318
586.6494
802.0038
-418.7548
449.3805
792.9675
840.7442
942.1035
1136.668
331.6183
663.362
965.3615
1006.915
936.2206
726.9942
1005.069
1052.305
1045.413
919.6298
873.4206
1069.695
1125.896
1168.481
1032.445
1104.013
1150.522
862.4688
870.0538
947.2941
990.3594
985.3728
1028.795
1189.822
1098.022
1028.723
953.9374
1419.689
2709.677
1549.296
1483.148
1527.164
1197.557
1070.823
11.15528
674.5529
938.993
1023.287
981.8228
1300.888
1283.039
1212.038
1491.463
1292.56
1220.299
1040.893
1293.572
966.1646
501.0754
953.9638
1025.156
1054.635
965.743
1023.426
1119.288
2137.849
1308.434
3196.804
1509.448
1481.013
1179.485
1121.958
1209.018
1062.312
1295.198
959.7179
1114.018
2309.82
1350.105
1219.734
1266.477
1149.252
1065.559
1080.33
910.1764
887.5513
859.4534
1010.994
62.36784
-2304.407
43.1519
831.8647
988.968
1026.095
1052.26
-730.241
673.1169
985.5956
791.0768
