10812.33
9810.278
8578.95
7326.817
6971.041
4994.11
4532.743
3497.397
3044.666
2658.992
3152.778
2393.875
1603.893
816.2169
731.2829
433.9849
437.6968
660.7614
318.3458
1140.171
296.8759
982.5004
35.28184
80.90532
1257.791
1322.709
1041.902
288.3879
-3153.583
-2348.974
-2041.186
-1794.486
-1807.8
-2966.193
-1285.176
-921.9216
-1131.31
-2249.203
-2134.616
-1974.888
-1957.137
-1707.696
-1133.801
-558.4259
-1076.684
-538.7165
-1378.275
-1198.293
4578.898
3900.659
2789.893
2489.329
1885.265
2322.888
3766.156
3461.315
85.70021
147.9247
-1574.232
-1377.139
-1179.349
-1060.556
3327.314
7884.525
-4867.203
-4199.396
-2737.206
-3802.505
-3400.03
-3195.23
-3258.489
-2514.869
-2555.084
-4237.062
-3846.068
-3717.681
-3536.884
-1393.647
-1494.019
-1805.715
-2343.214
-1917.664
-117.6742
-412.9567
-616.1369
-402.5569
-337.8039
-285.0985
-666.0311
-847.3774
-1375.262
-1835.661
-1689.9
-193.0249
214.0879
-652.4438
460.7697
462.6004
378.9766
625.1095
435.938
485.8878
-404.9993
1256.552
1339.052
675.9358
-8261.561
-7644.868
-6765.968
-6374.867
-9881.117
-8648.922
-7633.731
-3397.244
-8330.216
-8735.373
-8394.085
-5881.408
-5966.152
-5178.736
-5573.084
-6943.059
-6255.621
-6696.337
-5940.601
-5572.41
-5023.663
-4671.706
-6137.47
-6080.339
6252.924
23012.04
20098.54
18033.19
16789.82
15737.89
14568.01
-1866.646
-1740.974
-1073.867
-3279.292
-3271.508
-3806.92
-3029.258
-3036.311
-2938.004
-3602.124
-1169.769
-913.844
-1007.632
-1035.216
-736.2499
-913.6946
-192.3911
287.2404
2878.295
2895.003
2150.406
1913.81
1349.672
917.1351
-3563.202
-3006.972
-2347.718
-2515.686
-1140.486
-10855.59
-9574.667
-8835.209
-8222.603
-7664.372
-7104.313
-6409.727
-5469.195
-5326.174
-6284.021
-5523.939
-5896.343
-4744.065
-3717.886
-3601.007
-3400.286
-3649.367
1451.688
1426.996
1075.369
920.5392
17921.33
10469.53
9517.844
8110.676
6833.678
6155.269
5310.833
4898.134
4599.737
4732.828
4455.215
3163.489
-4044.068
-3490.056
-5936.876
-11004.38
-10089
-9376.348
-8437.111
-7685.607
-7234.39
-6962.575
-7258.323
-6267.056
-7132.302
-5580.902
-35518.4
-31942.12
-29314.16
-26338.94
-21691.98
-19765.06
-19036.78
-17381.39
-14874.11
-13256.53
-12103.71
-13239.83
-17449.14
-16442.23
-13947.33
-12075.67
-10573.51
-9338.431
-8703.056
-7556.214
-6681.546
-5210.378
-6226.952
-5269.026
-4693.196
-5413.766
-4518.655
-3904.314
2290.339
14778.32
13421.11
11942.03
10437.23
9891.934
8735.386
8222.97
7051.863
5619.194
3917.875
3841.675
3837.811
3695.195
3416.228
3560.234
4003.449
4737.607
4704.914
3259.539
2557.965
43219.17
39168.23
33553.1
30603.39
27953.46
25168.9
22923.48
18787.86
17185.47
15275.25
14077.45
11692.38
10740.74
8273.903
6447.285
4645.247
3109.493
3113.495
3279.896
2905.497
4374.252
3440.486
4102.396
7585.337
6529.968
5292.829
4402.748
4094.072
4113.418
3921.867
3782.201
3493.757
2598.683
454.4518
-58.79984
-738.6151
-694.9283
-1963.069
-1542.49
-1195.256
868.5508
1171.81
5045.296
4643.018
4644.745
4059.519
3758.813
2800.911
3486.326
2921.881
1836.547
1565.407
1042.374
-1814.337
-1383.363
254.6978
756.679
833.9088
24.83541
-1042.789
-1611.808
-1440.76
-1677.778
351151.6
316659.4
285898.4
257185.5
231104.7
208284.3
187650.6
168672.2
152121.1
216386
190251.4
171373.2
137586.7
123501.2
111030.1
101537
91308.26
82974.73
98866.53
88835.29
80222.12
74309.24
66552.51
59126.28
47314.56
50423.07
45284.02
36804.69
33021.77
29943.21
26723.95
21819.78
20573.95
17823.05
16980.73
15238.83
13955.8
13008.79
10963.57
9976.462
21404.03
19267.51
17480.89
16713.53
3063.742
2588.399
1925.938
-102.5457
-655.5052
-398.7265
-389.1858
484.6535
791.5377
415.8401
683.6422
334.9414
-42.85825
633.4549
-393.47
2473.882
2207.168
1593.845
-1838.473
-408.4658
-924.69
-1038.575
-3899.746
-3675.847
-2625.206
-1822.161
-2547.032
-2451.502
-2598.521
-1912.501
-1272.362
-2125.769
-1929.683
-1170.905
-1233.518
-1673.299
-118.312
-515.3879
142.5571
667.2866
425.1821
1349.469
-783.3324
-1920.242
-1467.79
-4679.887
-4520.986
674.1237
671.8415
502.6613
1037.177
775.8616
650.1219
1406.948
1014.949
521.0463
1131.521
-955.2436
-1311.526
-1051.57
-756.7141
-663.5263
102.7494
-2628.582
-2136.871
-1718.758
-1219.728
-1470.125
-1422.582
-1752.407
-590.5862
-54655.56
-49605.88
-44588.06
-40117.64
-39426.18
-34777.37
-40923.87
-36112.01
-32225.16
-27859.56
-26068.35
-138520.4
-124303.3
-111782.9
-100836.1
-90342.37
-81564.92
-77210.05
-69943.72
-63072.66
-57125.58
-53739.51
-47204.69
-44547
-41576.56
-37063.85
-34249.23
-30529.09
-27622.27
-24546.53
-21818.12
-19470.36
-18644.14
-16621.2
-11035.04
-9514.436
-8689.847
-7377.993
-6833.971
-5479.884
-4802.031
-3876.748
-3544.989
-2908.053
-2694.867
-2539.497
399.5373
-2193.999
-2514.518
-2030.454
-1936.787
-2020.683
-2130.656
-2642.001
-3653.745
-3026.637
-2663.343
-2365.534
-1522.302
31116.04
28381.45
25515.22
17257.98
15851.99
13668.98
12766.14
28907.62
25808.45
23590.81
22547.29
20233.52
21534.99
19310.42
17806.95
16006.14
14171.28
8176.115
7005.217
6283.235
7420.038
6826.478
5779.07
3323.874
2152.836
-12346.72
-11331.93
-9688.705
-9032.231
-9366.844
-7579.626
-4616.007
-5267.14
-5078.455
-4711.065
-3650.418
-3469.237
-3376.975
2245.585
2021.598
1393.475
2454.61
1380.151
75.11056
4098.542
131.0289
-249.2097
310.677
671.9081
-280.2263
588.968
6716.726
-6040.624
-5671.397
-2067.852
-2298.203
-2843.247
-2066.825
-1500.556
-1190.584
-1900.791
-1747.572
-2006.558
-2405.848
-5399.761
-4695.229
-4240.879
-4579.204
-4173.593
-2739.379
-2790.566
-2267.746
-2647.373
-2356.467
-2211.77
-2105.463
-1603.309
-2523.74
-1604.165
-1139.109
33532.25
29816.14
26441.82
18728.24
18571.33
16714.43
14922.56
14066.78
12252.31
11120.49
10102.57
9314.725
7786.094
7151.907
6462.861
7612.946
7734.264
6905.347
6461.449
6824.311
5738.194
3970.437
4649.729
4059.348
4621.306
4089.988
8464.783
6789.867
5826.106
4848.502
18627.85
17962.47
14898.67
13382.37
13493.25
13835.89
13299.34
12049.5
11266.62
10149.65
9383.785
7253.857
6677.633
5291.378
4436.179
3083.953
2437.496
1689.569
1596.537
1105.237
1358.864
7777.066
8538.902
7614.096
6269.765
5925.724
5811.557
4803.242
4119.794
3877.691
3716.918
4747.442
4375.032
3864.304
866.9214
30577.48
27623.2
25674.37
22427.13
20597.2
18422.51
16288.19
14177.89
12894.69
8237.197
7966.738
7841.595
7391.091
3863.723
4235.629
3556.975
3018.457
3656.504
2902.083
2912.43
1760.332
1795.493
-3394.209
-326.7024
39.19112
1247.154
946.3791
473.1328
-9796.105
-8577.525
-8163.64
-7522.069
-6483.353
-5572.624
-4334.954
-5274.965
-4851.559
-7272.785
-6744.022
-961.6054
300.7349
402.4036
336.3273
2215.398
1821.295
1306.863
3651.398
3071.479
2295.202
2401.322
39044.25
33493
29503.09
26245.36
23412.76
20799.38
16994.42
15162.5
13178.98
15975.43
14339.81
13782.39
12396.72
10380.23
8918.024
8946.648
7656.522
15696.91
13029.11
11158.53
10336.3
9391.962
8199.449
7327.87
6724.539
6106.169
5655.09
5722.727
5103.49
6295.982
-1092.351
-1318.467
-1568.65
-1782.8
31092
28068.65
24865.85
20256.83
18617.41
17489.93
15473.29
13412.92
12554.68
17988.91
12880.24
11799.41
10441.42
10805.72
9635.449
9469.692
7081.563
6355.411
1506.873
1070.132
3084.682
2758.32
2213.691
-19601
-17995.17
-43945.38
-39692.67
-93283.67
-83871.35
-75980.44
-68210.37
-61901.23
-55898.14
-50364.02
-44767.95
-41352.92
-62484.02
-56992.27
-51341.27
-47004.79
-42041.08
-37322.81
-35349.82
-30763.82
-28091.19
-26107.66
-23496.24
-20669.93
-19661.99
-18196.5
-16285.51
-13474.36
-10636.84
-11464.32
-10143.62
-8962.503
-7996.976
-7170.577
-6652.038
-5879.473
442.3061
-928.6955
-28456.62
-25466.11
-25420.14
-23605.59
-22971.94
-18422.89
-24770.68
-21066.1
-19001.68
-17191.93
-13945.75
-12781.16
-11393.14
-10287.46
-9341.591
-9196.727
15846.82
14379.09
12505.42
10948.74
9690.705
9088.683
-4556.479
-4964.749
-4334.623
-2812.442
-2622.529
-3199.065
-2771.694
-1774.676
-1279.824
-870.7972
-693.7157
-365.517
-503.5369
1379.822
2433.346
2927.815
3911.327
2904.311
1756.37
1560.57
3152.727
2964.717
2789.911
10921.29
9649.422
8386.061
7358.742
3155.988
14656.51
13137.75
11738.92
10114.23
9661.958
10404.72
9402.596
9177.953
8387.919
8168.934
41501.82
33397.71
30221.66
27515.16
31506.77
28321.55
25268.87
22570.04
20678.4
18388.62
17367.36
11171.11
9300.53
8662.37
7681.913
7032.803
-257.3498
-1074.648
-1078.776
-1561.316
2449.387
2149.979
1720.708
777.6962
226.3956
122.3855
230.7882
1100.949
2028.615
1682.487
2029.312
2985.967
3906.053
4251.513
3437.722
3077.509
1960.54
1653.594
3756.323
4035.167
-1184.228
528.346
-480.578
-694.0864
-264.2165
-453.9118
-1056.061
-784.8073
2026.788
2499.053
2120.01
1483.662
1497.427
1442.361
291.6413
292.9158
-1015.626
-1781.042
-1676.71
-1917.87
-1654.136
1786.297
1124.252
1658.302
2116.385
1669.526
1582.72
1574.353
-70.82875
-154.0913
-141.4565
725.0557
-897.0114
-1271.908
-1302.469
-1198.371
-1454.623
-1798.329
-913.1315
-902.3763
-1878.165
-1791.082
-1956.189
-2854.419
-2323.101
-2014.248
-2387.331
-2750.117
-2760.456
-2643.261
-2384.506
-690.4002
-4052.021
-3828.489
-4373.024
-3451.721
-3229.561
-3027.166
-4411.325
-3757.291
-3458.821
-3212.575
-4329.813
-4014.154
-3313.074
-2633.564
-1228.461
387.7128
186.4337
884.0607
1025.034
1051.982
549.5426
966.8812
1008.161
869.1152
2724.426
-33978.79
-29462.77
-26906.78
-25035.65
-29511.02
-25229.36
-22767.67
-20739.02
-16714.74
-14780.2
-12392.01
-14946.96
-14083.66
-13411.69
-12426.59
-10990.47
-9281.351
-7922.977
-6911.657
-5879.41
-4866.922
-4340.108
-2168.816
-2308.951
-2217.243
-3446.301
-3699.733
-3046.721
-2723.331
-3413.961
-2838.564
-2839.226
-3626.333
-2391.084
-2447.959
-2821.266
-3905.645
-3619.275
161.8141
732.3195
488.7633
12233.25
11286.18
10696.42
7280.186
5841.329
5127.685
4121.871
3472.783
3308.483
2769.829
2273.091
1698.283
922.8524
-31.59935
19.49167
537.8529
774.4276
1040.764
1301.967
44494.87
38084.63
34177.69
32908.85
29728.32
26530.86
23950.46
22479.57
20392.76
18422.69
16493.73
14732.9
13510.37
11454.89
10944.22
9942.945
9864.163
9170.528
8342.305
8068.444
6939.986
5661.554
5478.586
5152.88
4423.22
3757.178
3795.586
3173.22
2702.373
2498.445
5999.076
5585.845
7962.056
8197.682
6970.715
7089.131
5904.14
5396.84
4778.75
5772.397
5220.91
3493.915
3023.593
8356.84
7149.843
5102.873
-5068.744
-4463.541
-4206.347
-3590.92
-3182.991
-38217.9
-34715.06
-32027.29
-28597.24
-25687.47
-23095.93
-21868.42
-18715.53
15634.79
14645.38
13395.33
12400.39
11273.9
9749.821
8424.36
7949.657
7069.493
2767.671
2310.104
1665.796
1661.771
751.7056
514.0137
215.3726
-278.5914
1702.009
-654.6735
-621.3397
-833.7636
-1891.206
-1893.982
-2246.05
-1787.454
-2154.527
-1429.144
-1974.809
-1721
-1532.667
-954.8591
-2561.869
-1263.365
-5731.472
-5342.289
-4193.142
-5014.031
-5728.143
2321.792
2333.746
1657.617
1243.519
1217.145
263.9712
7.978107
-203.7405
1173.254
-1268.359
-432.5271
-491.8431
-552.1988
-1152.147
-577.038
-635.4377
-1665.17
-1421.584
-2847.988
-2824.575
-1650.004
-1600.476
-2013.91
-973.2148
-5210.543
-5087.822
-8148.821
-7207.187
-6356.283
-4965.565
-4644.127
-4519.16
-4662.22
-3038.952
-2497.698
-1418.876
-1805.226
-1536.712
-3743.833
5178.62
4861.445
4237.305
2118.402
1700.578
2204.437
1527.478
-1408.678
-592.6366
-740.2743
1748.408
986.2386
594.6529
479.8174
52.64105
167.3422
546.3335
686.8703
148.3971
-1476.594
-1809.898
-1457.793
-1796.843
-1738.338
-8582.212
-7698.744
-7734.646
-7226.022
-6223.64
-5640.894
-4501.377
-3252.01
-3362.712
-3399.02
-2235.773
-1919.67
-3650.351
-3548.737
-3166.994
-3142.971
-3051.645
-2553.246
-2629.154
-2891.566
-2994.976
-3216.48
-3426.355
-2242.561
-1018.902
-1338.017
-1686.673
-2027.8
-2869.834
-1908.801
-1117.989
-2402.571
-2149.899
-2062.7
-1581.843
-2213.586
-2016.957
-2346.651
-2430.038
32738.58
2432.52
1807.166
1332.744
-610.5614
146.0427
-293.8505
-710.2194
-786.672
-862.1878
-1752.06
-1730
-1372.821
-160.2751
-1669.261
-1837.831
-15077.05
-14275.94
-13221.94
-11621.39
-11465.99
-9998.034
-9205.277
-8432.265
-7911.952
-7328.298
-6772.996
-6541.546
-9000.392
-7336.126
-6529.216
-17914.08
-13903.17
-13129.33
-11886.45
-7747.978
-6850.594
-7006.025
-6454.797
-5222.534
-5810.629
-5508.783
-4666.791
-5420.092
-5400.563
-5386.322
-5011.371
-4651.384
-5863.833
-5088.17
-4827.291
-9985.076
-9421.604
-12435.71
-12334.68
-11427.38
-10197.63
-22564.46
-20300.51
-17758
-15084.56
-13565.45
-12501.31
-13632.38
-12641
-9840.504
-9647.795
-7806.41
-7196.202
-6887.21
-6465.334
-5844.725
-5144.654
-5064.41
-2204.046
-1454.111
-2206.379
-1421.908
-1796.234
-1697.811
-1791.607
-946.6121
-843.8893
361.9489
131.8426
2764.307
2174.086
1897.492
1890.93
1475.29
1790.618
4071.434
4053.976
3810.989
1692.041
-149150.8
-134287.9
-121820.5
-109670.1
-98373.37
-88508.33
-79106.96
-77996.29
-71018.32
-64487.76
-58343.29
-52099.53
-47281.89
-42747.69
-38181.77
-34032.9
-29863.15
-34498.01
-31171.94
-31079.85
-28268.59
-27265.83
-24460.74
-21306.06
-18637.02
-17201.06
-14525.46
-13759.13
-13299.73
-11955.03
-10871.71
-9808.482
-8112.928
-6943.567
-5920.61
-4952.986
-4562.149
-3903.97
-3938.394
-1965.599
-3244.353
-7562.487
-3776.36
-3751.076
-4242.424
-2913.682
-3667.836
-3463.201
-4628.29
-4061.692
-2875.932
-2640.143
-3144.541
-3000.615
-2420.238
-3173.766
-2961.505
-3321.326
-3153.454
-3017.812
-1297.225
298.0808
384.9692
-174.104
-550.1547
-703.9839
-963.863
-1296.626
-1387.123
-823.8819
-954.2244
-175.9508
-685.2049
-575.0758
-83.77902
-1620.088
699.0739
829.0358
661.6398
641.4858
206.7972
-828.7617
-2348.581
-7237.54
-6647.793
-8397.641
-7692.704
-6192.984
-6557.033
-6628.159
-7083.575
-7515.915
83659.48
75046.36
59853.31
53658.49
48009.27
42871.07
39243.28
35048.74
32044.24
29276.89
26109.85
23288.66
21249.22
22323.46
20234.14
18198.63
15767.23
14221.79
11644.8
13003.46
11295.63
10256.25
8965.745
8328.539
7131.54
4772.158
7373.877
6589.694
1817.019
1342.875
993.1689
-284.2008
-1268.404
-1657.815
-1734.844
-2062.609
-9464.415
-8037.391
3139.323
2045.726
1195.087
1382.509
679.6407
788.4831
-98100.21
-88599.16
-80354.04
-72395.89
-63719.63
-57405.53
-51503.88
-46444.71
-41842.7
-37788.25
-34419.31
-31180.17
-16763.11
-16108.24
-12126.58
-5189.433
-2472.825
5183.71
4313.638
3279.225
2790.184
2340.983
1758.726
1762.677
547.5297
293.5619
-275.0655
122.8569
-124.6136
-18620.4
-16659.82
-15197.51
-7821.732
-7173.044
-6250.526
708.9434
10507.48
9254.03
7444.623
6550.983
5890.886
5451.981
5386.041
4297.519
-6125.493
-5698.453
-5285.011
-4627.878
-3990.311
-4432.796
-3656.164
-12520.95
-10624.79
-173671
-156376.6
-142112.2
-127654.6
-115527.1
-105220.9
-96196.85
-86618.99
-78912.7
-71438.94
-65082.2
-58085.08
-52043.72
-119086.2
-106838.2
-96056.99
-86628.69
-78560.97
-72154.46
-66206.14
-59204.22
-53601.62
-47925.56
-42715.02
-35688.84
-31516.29
-30042.66
-27037.31
-24381.9
-22387.48
-21262.99
-20082.53
-17934.77
-16521.32
-14981.34
-13860.1
-13761.67
-14280.52
-13232.36
-13198.65
-10965.4
-10167.68
-9389.608
-8670.014
-9581.549
-8547
-5801.358
-5918.088
-6212.113
-3932.291
-11150.82
-9024.661
-8209.944
-7462.921
-6885.256
-6086.026
-5979.135
-5394.563
-4961.261
-29337.93
-26554.08
-23874.77
-19074.02
-18002.78
-12504.04
-11325.29
-9845.911
-10392.68
-9336.693
-9424.304
-9134.629
-8726.795
-54624.97
-50530.74
-46238.56
-41809.06
-39238.33
-33679.91
-30356.74
-27486.25
-23905.65
-19697.53
-18507.18
-16954.77
-15379.73
-24387.54
-21123.7
-22230.41
-20276.2
-19200.43
-17256.78
-15578.76
-14059.54
-12607.76
-11715.37
-10915.51
-10269.06
-9275.261
-8553.792
-8353.324
-3832.523
-3749.716
-4161.55
-4146.844
-2269.949
-2079.735
-2107.793
-1691.979
-2574.985
-2514.527
-2706.857
-2439.782
-2427.314
-1643.101
-1263.755
-1074.571
-3965.569
-3063.308
-10608.96
-28389.66
-28148.96
-25475.67
-23058.79
-16980.34
-15728.76
-12861.75
-12116.89
-8749.596
-7446.455
-7032.662
-14616.65
-13453.73
-12240.75
-14595.71
-12043.99
-11314.58
-10273.36
-9807.5
-8545.608
-8489.104
-8655.6
-51413.18
-46342.38
-42228.86
-36751.39
-31359.39
-29024.4
-27250.34
-24254.71
-22210.7
-22880.79
-20713.1
-18507.04
-16509.41
-13912.84
-12431.63
-14144.67
-13398.73
-11970.07
-11065.23
-12402.69
-11169.26
3350.782
3031.076
2295.488
3756.496
4328.789
3245.636
2219.386
1707.071
939.2119
556.2992
427.1731
-235.4318
-583.943
-2657.232
-2939.412
-2815.684
-3312.021
-3053.719
-2668.19
-2292.17
-1620.59
-3355.101
-5025.79
-5748.024
-5749.382
-3871.6
-2998.751
-3046.284
-3188.499
-2923.59
-3685.859
-2718.187
-2004.585
-247.5703
-436.5639
-670.3509
188.3677
578.4308
-446.2445
-980.9781
-651.3563
-911.1605
-946.8672
82.1757
-10758.24
-9997.733
-9873.541
-9225.57
-8992.708
-7783.873
-6915.73
-21665.72
-19513.08
-18673.55
-13769.83
-12351.11
-11419.71
-8507.626
-10223.92
-9982.905
-8963.316
-8163.533
-7557.478
-7358.318
-7060.7
-6782.318
-6994.717
-6345.462
-5592.016
-5464.706
-4946.348
-4728.156
-4707.207
-4673.453
-4691.166
-3022.899
-1178.117
-1485.223
-2175.716
290.8456
-159.3128
687.784
556.6328
-4069.074
-4545.451
-4128.009
-4358.88
-3914.598
-1955.95
-3188.188
-4496.133
-3926.763
-3421.403
-3455.95
-2847.57
-2301.953
-2348.077
-2244.207
-1846.838
-1614.613
-1100.91
-1870.024
-1701.067
-1262.971
-1022.213
-1676.673
-3926.79
-7237.206
-6481.053
-6704.361
-6213.442
-4182.842
-4597.322
-4301.733
-4309.582
-4017.546
-4267.893
-3833.526
-3254.503
-3072.625
-3788.664
-3799.097
-2940.145
-2375.991
-2865.882
-2207.364
-2657.596
-1300.989
-2538.447
-2221.135
-2125.726
-1936.746
-1805.317
-1334.687
-1122.226
-856.8126
-727.274
-954.1559
-5089.433
-5045.544
-7021.304
-6663.154
-6898.093
-6501.972
13121.49
11625.12
9215.401
7404.302
6313.749
7878.829
6887.205
5452.265
4715.639
4094.574
4950.108
4180.568
3366.655
2209.091
1959.142
1602.728
1364.663
822.4274
643.7468
2812.67
3284.857
3893.85
3192.816
3352.29
2198.14
1311.211
314.3579
17.50844
1519.208
1407.845
802.9553
1199.441
780.8208
292.6223
-2542.768
-1907.181
-1492.121
1765.826
2289.747
2053.121
1630.308
1039.69
1436.235
934.3195
1357.746
1558.093
1629.746
2235.413
1719.943
2659.799
2139.931
1873.813
812.7032
-2129.936
-1174.56
-1015.72
-1269.995
1077.138
919.1662
591.3749
-258.0807
-782.8227
-603.6469
-692.9652
-1013.313
-972.5465
-2704.97
-2476.244
-2606.91
-3073.197
-5258.221
-5363.162
-1347.46
-676.2554
-2153.684
-1360.028
-1498.334
-407.4751
-1105.954
-1140.518
-3837.95
-3846.25
24388.75
21285.18
19088.44
17430.14
15812.38
13727.37
20247.19
27479.03
24602.01
21584.58
17996
15600.23
13886.34
11156.74
9790.949
980.6609
764.6604
-22.82896
-340.064
-445.7179
2408.388
1965.656
1398.734
-39937.95
-36538.1
-31271.37
-28715.17
-26303.5
-25036.17
-21803.66
-17939.71
-16631.04
-15499.07
-14170.04
-14046.76
-12954.14
-11348.06
-10702.46
-8804.676
-8171.687
-7407.623
-7080.646
-5165.432
-4049.241
1373.521
1324.553
-900.4996
-735.1498
-1995.131
-1928.598
-1173.277
-1047.144
-944.573
-1111.503
-1394.303
-1673.017
-1777.707
-3959.701
-3742.976
-4152.82
-5089.523
-5592.13
-4023.484
-2961.287
-4279.617
-3482.817
-3875.172
-2552.969
-3794.463
-3819.159
-3918.343
-3351.684
-3862.919
-3018.894
-3355.484
-2826.884
-2274.022
662.0086
606.3857
531.6473
-173.4426
-245.5063
-95.46857
86.86352
-4396.051
-5356.002
-5891.574
-8187.157
-8131.967
-7769.406
-7759.913
-8236.537
-7238.758
-5711.772
-5798.833
-5573.781
1893.504
1544.278
1157.199
10900.74
10781.43
9448.288
9229.684
8513.112
7522.916
7683.48
6468.893
6575.022
4725.016
3815.383
5156.811
4869.668
4541.252
3738.695
3149.995
1643.154
1469.578
1604.821
1798.06
689.7474
-722.8584
-670.2908
3736.979
3263.073
3200.632
713.973
-2908.854
-2956.458
-4595.202
-3964.971
-4569.126
-4778.625
-4248.661
-3842.495
-3669.005
-3374.213
-1698.968
-1598.136
-1517.121
-1974.641
2865.659
2422.819
3197.343
3523.237
2748.868
2614.567
1919.906
1823.711
1925.102
1933.447
-3379.434
-3840.286
-3704.4
-3467.379
-5022.419
-4886.898
-4699.164
-4617.443
-4219.599
-5087.268
-4753.701
-4816.715
-3970.436
-3563.81
-2886.858
-2544.156
-3574.039
-3710.673
-3228.425
-2639.206
2432.482
3509.303
3069.539
2369.444
2730.942
2375.864
3068.802
4912.178
4577.737
2717.671
2817.562
2541.986
4146.151
2778.239
2258.141
1167.556
-1702.292
-1662.12
-1366.463
-1217.656
945.1735
2279.321
1393.237
933.1124
395.317
845.7794
-4571.56
-4461.016
-3708.238
-2639.291
-2876.434
-981.2354
-1332.942
-974.8727
1139.742
1017.413
904.2943
1493.188
1278.187
5853.563
5810.149
3902.498
3417.883
2662.602
2280.134
4396.866
2927.565
2014.096
1789.195
1158.4
705.8262
363.778
120.4854
-1201.691
-2416.354
-2640.708
-2789.797
-3582.108
-99.51338
495.8883
382.7723
-344.2883
176.602
-770.9563
-924.7463
6374.007
5319.09
5347.369
4168.01
5064.609
4303.647
3879.123
3326.884
1675.339
1454.243
2468.808
1529.656
848.4278
141.1781
-1363.409
-3310.033
-8217.298
-7967.545
-8337.312
-7181.732
-6357.539
-5957.985
-5258.077
-7173.505
-5739.896
-5856.37
-5845.459
-5219.444
-4829.692
-3982.661
-3606.459
-2785.265
-11787.47
-10655.21
-9398.228
-8353.425
-7950.33
-23953.79
-21180.6
-20005.88
-18366.96
-6750.904
-5531.994
-4880.386
47681.91
42158.3
38167.64
35097.21
30697.77
28081.24
24579.07
22865.24
20437.1
17564.1
15789.81
13764.49
12135.4
10898.68
8969.585
8501.925
7083.725
5745.49
4577.09
4523.296
4760.544
4093.773
4723.674
3954.629
5632.026
3941.951
3153.983
2468.696
2108.336
394.5226
-271.7771
-533.5685
-3712.531
-4035.665
-3951.644
-4287.277
-3851.579
-4102.194
-4592.514
-4102.685
-3998.497
-8410.746
-8931.19
-8490.562
-8037.175
-7680.416
-6905.079
-6954.433
-6469.386
-5403.922
-5856.504
-4956.918
-4905.483
-4945.776
-4877.943
-7743.188
-6189.181
-5694.209
-5539.864
-5848.89
-5543.936
-5320.694
-3978.694
-3682.65
-2847.253
-2013.404
-7240.876
-7310.102
-7303.494
-6639.632
-6508.037
-6379.557
-5961.589
-5342.892
-5836.188
-5390.387
5818.802
3491.471
3065.565
2300.901
2869.058
2096.026
1592.206
2260.98
1442.792
942.3125
31.39224
-550.5516
-638.0273
-313.6249
-262.5081
-863.4078
-1721.136
-1174.192
-453.3943
-773.4956
-333.3476
8473.304
5914.101
6262.811
5350.076
2006.569
1185.954
660.1893
903.3851
-467.6919
-271.2274
-873.8564
-2676.157
-2210.623
-2232.016
-2121.661
-1652.861
-1782.553
-1840.23
-2169.592
-2244.887
-9116.104
-8850.955
-11166.81
-6480.603
-7219.445
-6857.32
-6510.866
-4413.923
-4102.056
-9451.041
-11757.26
-9331.796
-8981.397
-10864.02
-9491.885
-9145.528
-8748.097
-13200.66
-11674.82
-9964.567
-9182.277
-6538.365
-5637.619
-4740.405
-4911.307
-4374.643
-4220.034
-3772.382
-3445.895
-2892.045
-2643.196
-2690.989
-2635.289
-2613.279
-2180.804
-2657.664
-4124.251
-3917.13
110081.6
98987.83
88551.77
80078.12
71427.82
61168.18
54777.84
49756.67
44503.2
40320.24
100934.4
90764.71
81506.98
73269.35
57917.67
52364.27
53852.45
49111.56
45946.75
40762.23
36601.22
30597.15
27060.02
23062.25
21265.09
19387.48
19497.56
16980.65
15325.21
13662.72
11758.09
10460.56
9035.806
8813.295
7463.46
5945.381
6105.647
5584.701
5780.76
4586.781
3778.889
3418.017
4607.352
4277.39
2067.814
1320.468
1208.87
687.3053
988.4669
1297.314
1833.703
1356.181
1254.706
788.4806
678.4548
8533.968
8325.14
17316.67
15757.11
13408.44
12220.49
10890.05
9622.623
8359.285
6572.693
5382.372
4810.288
3997.079
3306.332
1126.639
-526.125
-897.4537
-2191.248
-2380.832
-2184.309
-6232.422
-6250.193
-5476.214
-5732.177
-7199.621
-7399.398
-5709.032
-7352.108
-6836.928
-2884.31
-2697.7
-1365.918
-848.556
-335.9668
-966.163
-2120.869
2606.771
-819.1592
-1337.788
-1940.187
-12275.75
-11519.08
-14138.76
-12755.07
-11511.95
-10925.33
-9323.687
-11157.41
-11398.05
-9361.698
-8251.879
-7059.118
-6369.19
-6097.235
-8525.088
-7416.079
-2166.062
-2098.778
-2705.248
-4035.226
9849.341
8844.331
7805.603
4979.62
4731.242
4931.275
4132.695
3766.779
3039.602
2742.748
2438.054
2023.681
1795.341
1502.42
660.0985
-1564.065
-2087.99
-2136.285
-3169.594
-2942.261
-3183.662
-2661.328
-2083.812
-2282.966
-2495.31
-7801.834
-6825.67
-6382.305
-6313.825
-5208.726
-6198.401
-5461.895
-5843.401
-5479.703
-6119.808
-5803.919
-4350.931
-3989.079
-3454.755
-1300.125
-1361.015
-480.8133
1199.253
1136.782
635.8919
1834.799
1984.713
3358.832
2930.772
1764.446
1440.627
617.7024
4137.482
3449.774
3034.664
2512.806
1622.145
954.8474
-5840.412
-6773.638
-6392.893
-5511.907
-5011.846
-4266.862
-4175.757
-3646.27
-2411.891
-2076.414
-2208.868
-921.7882
-960.741
-1210.987
-978.3635
-862.9576
-1298.491
-169.9698
-325.6205
92.70617
-204.1985
-223.4124
293.3523
34.75153
-439.2218
-2028.93
-602.0817
-1045.103
-1049.685
-1223.154
-2393.325
-2410.604
-3605.731
-4579.455
-4205.461
-4486.537
-3893.594
1066.149
1361.234
1949.224
2089.542
203.5156
-226.4109
-152.5516
-781.486
-967.8006
-1987.736
-1731.437
-2299.676
-1446.613
-599.1841
3692.046
-819.3783
3723.05
754.9479
1160.764
764.6813
496.2951
91.34766
436.1819
49.49546
-661.2462
-1331.915
-1793.352
-5899.573
-5869.563
-5434.407
-5198.784
-4972.905
-5164.614
-4846.794
-1949.115
-1559.829
-1041.435
-1858.505
-3185.507
9060.064
7435.211
5737.525
164263.9
148340.8
133255.8
121372
109012.8
97998.41
87156.56
78919.84
68403.8
61190.87
54083.29
48052.01
42466.55
37712.44
30303.64
27485.17
24185.95
21898.75
19338.02
15549.7
16050.05
13586.45
11579.54
9600.764
8695.334
6727.279
6022.874
4848.798
4045.802
3781.081
2622.314
1994.704
3326.232
4640.1
4137.494
2934.084
3257.301
6962.057
6939.803
6120.623
4941.936
12149.65
11211.2
4562.741
3835.534
3612.425
3138.572
2286.461
1043.256
376.6895
-327.0345
-225.3832
-92.1315
-911.1292
-1409.03
13455.13
12751.79
11512.11
10702.55
9313.38
7987.161
6688.752
6134.978
5089.59
6341.088
5885.177
5175.128
5723.045
5293.561
4511.447
3283.072
3175.821
3061.703
2718.239
474.4098
-1670.7
-6588.202
-6689.188
-5956.101
-5633.132
-5529.365
-3708.557
-3989.952
-3845.787
-4016.108
-3277.646
-3073.289
-3601.367
-3487.998
-4243.5
-2984.615
-2985.126
-2832.262
-2397.952
-2383.548
-2577.874
-3619.833
-3421.087
-3324.457
-6398.296
-6456.635
-5774.212
-5664.948
-5520.075
-5316.621
-4442.529
-2920.139
-2632.14
-3215.182
-4161.513
-4106.611
-7515.05
-6513.672
-6425.647
-6720.295
-6339.806
526.7857
920.8841
-261.7417
1569.812
1927.871
785.1251
1548.93
794.3835
-1565.184
-2059.662
-2465.653
-2733.941
-2595.735
-2410.814
-2452.403
-2571.781
-1991.405
-2489.708
-2207.255
-1934.301
-1773.517
-28646.4
-26000.97
-23577.14
-21562.69
-15089.79
-21127.36
-19969.42
-18421.7
-16292.49
-15181.19
-17178.79
-13666.55
-11324.58
-11703.07
-5828.78
-5152.136
-4832.345
-4171.026
-4709.346
-4629.501
-6937.535
-6752.159
-5909.793
-5113.889
-4054.811
-8674.039
-8011.219
-7138.925
-6310.471
-6988.734
-6361.997
-18289.97
-16053.34
-10522.91
-9958.56
-8833.01
-30341.48
-27475.59
-24188.92
-18879.04
-15864.92
-14317.6
-13387.85
-12114.1
-11106.14
-10639.94
-9816.855
-7423.551
-7334.381
-7592.184
-6827.874
-6623.6
-6442.477
960.6487
571.6747
1531.895
1078.822
6905.558
7247.684
6125.748
2288.572
-524.5265
3817.758
3193.238
3616.526
2070.801
827.3154
8906.763
8102.165
6661.327
6042.184
5614.709
4714.031
4033.355
3064.13
3678.292
2675.365
1834.421
1193.17
519.0381
-87.05403
-370.6289
1249.98
759.438
1423.082
1051.617
392.8957
-49.84951
-1014.149
-1225.329
-690.3013
-289.7341
-1075.401
-1353.778
-2328.312
-2817.398
-3195.178
-3459.75
-1043.434
-1359.507
-1683.538
-1966.847
-1872.884
-2320.539
-2598.344
-2402.861
787.0764
-1540.378
-1471.898
-3008.288
-2789.783
-1920.702
-2501.697
-2595.367
-2648.522
-989.2036
-1708.806
571.7334
864.7534
2211.596
3641.4
2836.395
1509.753
1628.797
948.6466
-459.9355
-916.2827
-1572.774
-745.7834
-860.738
-830.4138
-290.8748
-864.055
-1005.357
-425.0003
-683.6152
-865.7088
-1697.758
-1416.716
-1430.306
-1672.734
-1837.859
-2072.004
-2359.657
-2364.122
-2546.019
-3397.198
-3909.1
-3449.215
-4744.332
-4937.494
-5436.906
-5806.685
-5731.037
-5697.944
1725.842
2881.625
2116.527
2944.467
2922.13
2141.371
221.9999
-897.595
-374.8052
-307.1307
203.9733
-574.827
4916.288
4511.026
3698.708
2961.062
2409.939
1787.545
462.7278
572.2153
-91.01477
-182.2006
-302.7297
-290.905
-916.9052
-1637.157
-6285.187
-6405.503
-5680.852
-5415.952
-5249.64
-3351.94
-2908.44
-4585.809
-3462.356
-4422.655
-3351.657
-2307.362
-5230.751
-4679.255
-4061.098
-3775.364
-3523.488
-3523.094
-3372.436
453.3114
-869.5047
27254.45
24663.94
22160.91
20759.64
49324.09
44033.44
41313.31
37315.07
-14512.11
-11441.58
-465.0857
-2874.279
-4062.304
-4045.45
-4200.282
-3974.086
-4062.771
-4343.942
-4352.733
-4651.146
-2692.818
-3867.867
-4428.207
-4827.392
-4896.498
-6741.155
-6707.077
-3655.556
-4167.214
-3708.914
-2765.46
-3033.695
-3223.653
-3237.492
-1877.677
-1394.429
-1480.959
-515.6956
-687.1649
-1180.029
-228.8812
-1153.435
-536.5003
-722.8583
-650.4971
6059.326
6009.211
9373.442
8207.711
7151.824
4860.876
4740.927
4490.207
2459.34
1681.786
750.0019
-1091.527
-1017.374
-1692.797
-1541.084
-2002.321
-2502.537
683.2343
-3640.636
-3803.154
-3439.707
-3568.874
-3559.63
-3550.767
-3013.154
-2843.628
-2867.309
-2407.279
-2022.429
-2152.337
-1938.444
-2894.089
