176.2159
-33.41936
373.9045
-442.0886
117.9703
-102.5332
52.69747
276.0761
237.0079
95.90667
138.1371
208.2298
69.27689
104.2499
252.1783
228.3496
119.7666
308.6537
-247.253
108.4377
174.766
662.4906
112.3253
89.00933
64.21115
147.1127
614.6112
-299.1702
-49.13302
207.3077
283.0736
224.8931
187.1616
188.2176
378.1056
-1314.672
-288.5347
83.6325
-854.0433
-382.7798
-127.705
7.274486
51.44582
563.1607
394.1404
-7.14788
196.5171
-264.18
96.80506
66.0453
133.5103
219.3705
168.0674
172.5635
66.10181
47.58852
-63.57588
314.934
254.4965
67.15763
274.6602
410.2615
-437.5198
-90.41132
95.13093
127.2882
253.2976
237.1636
130.1692
194.0696
-211.4613
108.2844
220.0262
-13.36829
-220.9377
111.2594
-112.6733
1.112061
-617.0819
-45.76188
146.8305
39.09295
2244.768
1173.905
566.511
334.1429
368.197
102.977
250.8842
392.3451
177.3469
-4436.697
-1062.834
-743.05
-84.63869
104.1447
-459.3577
-57.55401
-341.7518
-117.1973
-243.3747
-101.5586
-1175.381
474.7273
192.6804
270.9656
140.1741
370.3225
97.53237
-3750.992
-864.781
-335.6618
-363.1903
-319.7962
437.5665
549.5647
197.41
261.72
155.1999
-49.36542
-22.81494
-102.6421
35.21294
102.1449
393.7228
-870.1362
-286.5816
20.56312
77.38819
58.9606
-76.26301
-161.4142
-8.580403
-58.33996
-35.7371
50.52432
176.8482
139.1146
87.07681
4026.563
1243.193
508.7108
369.5402
93.8855
-83.41286
-291.4315
-233.1033
-449.0072
5689.438
2059.091
586.5709
455.0152
142.6796
-99.8231
465.7181
568.2475
92.36525
136.2303
-609.1174
13140.81
2224.495
458.0337
219.2092
4.918587
972.2704
381.8938
10.41249
144.0038
103.928
-46.17799
536.5514
299.1722
62.3556
-186.7175
-4.599293
-327.1634
-280.4617
-279.5838
198.6901
1219.58
650.1763
568.1085
-15.33237
-67.11034
-137.8061
-98.1753
174.2571
-65.01816
-130.1177
-206.2181
26.42124
453.0684
48.23707
150.1764
-401.8663
-199.697
-479.9445
2304.694
253.4299
533.7784
-57.84441
-88.02843
15.46964
-7812.319
-2151.383
-647.3768
-212.4631
-257.0854
-1187.564
-362.5572
-364.7171
-123.0885
-450.0449
-4.132605
-99.32365
-165.693
-391.0817
-107.7602
118.4373
-22.32957
656.4305
108.4188
8.008592
-202.2984
-104.757
-434.1121
-349.8654
-385.9205
-201.16
73.99512
-263.6971
41.42466
-141.3721
-296.6898
-713.4093
-444.4155
-287.9049
-202.8725
130.3589
312.3527
38.41992
-154.6348
-504.0456
-169.4265
107.0082
63.36892
382.0226
53.26558
1108.338
313.4771
-193.1919
-156.5214
-19.1351
-160.221
-300.9811
19.49746
29.58158
638.1206
327.9826
-16.86303
-176.547
59.52948
6827.649
1857.018
462.9367
-155.6664
-1183.564
-426.9934
-69.4412
-156.8563
-66.72389
-64.16259
-122.344
-310.1152
-305.9616
-72.07841
-30.52752
-161.5073
-226.6023
-440.7882
-424.0526
-28.10505
-27.98578
4311.634
1029.297
94.51483
321.5306
-89.21002
-240.6504
-410.8469
-412.8143
-417.3567
-250.7946
-256.9555
-212.0399
-1118.482
-1011.661
-625.4217
153.1877
1535.642
574.6771
1371.272
52.64142
-220.2867
-344.3268
-559.6235
-252.3811
-346.615
-4522.213
-1639.489
-996.9968
-196.9328
-245.2839
91.23857
-233.6671
-647.0473
-255.7935
-100.6528
-306.6697
-153.8007
102.7349
-256.6619
-312.5329
-760.7239
-522.9018
-840.0999
-327.5446
-453.2141
-219.5729
-202.2216
-219.2684
-332.4255
-477.8029
-212.0564
-447.3284
-513.1993
-462.0098
-603.1114
-364.296
-422.272
-324.9408
-419.4582
-74.98601
-450.6757
-498.4961
-560.0427
-301.3277
-351.5424
669.3379
-71.35533
-299.9092
-287.1405
-913.0042
-552.6927
-415.374
-1343.083
-771.7276
-1015.193
-572.8486
-485.9147
-2202.188
-1668.996
-866.5479
-662.7965
-842.8558
-680.8578
-693.5539
1386.25
352.5308
-4735.851
-1923.477
-876.3954
-472.5792
-322.549
-486.2843
-512.0186
-578.4993
-593.486
-659.9371
-1242.985
-800.7889
-1560.248
-797.1373
-461.3071
-523.6282
-470.5724
-625.6906
-602.7645
-951.7107
14143.12
4421.32
922.1412
-120.1924
-234.7966
-417.2062
-335.1836
-429.8981
-537.1743
-275.4183
-445.315
-389.3111
1271.734
-45.60954
-540.7461
-563.2353
-801.0681
448.5163
-227.4261
-617.1957
-681.8594
-531.3756
-551.8446
24540.43
7271.838
1496.374
240.7923
-436.5431
-545.0954
-550.6536
-895.7361
-2068.79
-919.363
-864.1025
-958.3365
-782.6857
-609.4435
-633.2228
-664.3934
-735.8344
-888.0759
-777.7287
-617.8779
-703.3813
-921.8569
-789.384
-1134.652
-781.7439
-833.3012
-722.4514
-821.1334
-830.1666
-860.4193
-4.643091
-1597.32
-1085.516
-1012.133
490.0241
-408.4106
-649.8537
-812.1554
-616.0078
-423.952
-757.6144
-67.20684
-653.9543
282.6498
-352.9646
-613.8707
-676.2964
-809.4483
-930.4257
-1851.048
-676.6163
-1018.84
-922.9334
-907.334
-852.8355
-817.4494
5113.18
1273.347
-130.2635
-862.0624
-2073.643
-2401.911
-1305.348
-796.8489
-651.6228
-785.2187
-695.9324
-805.0718
-747.3777
-947.2505
-596.0848
-1196.796
-790.7245
-2164.939
-1301.755
-1240.518
-647.3996
-949.0846
-666.2098
-642.3777
-739.8995
-848.7266
-666.5705
-1394
-1087.808
-691.255
-816.8309
-781.9523
213.6358
-1076.029
-1419.127
-1222.471
-836.3643
-1003.772
-7184.895
-115.9824
-931.6409
-1213.633
-961.7426
-570.6993
-1197.095
-1343.644
-1156.681
-1162.997
-3690.217
-1800.118
-1313.091
-1082.45
-1075.73
-1077.759
-1154.849
-1156.154
-999.1003
-2937.982
-1554.122
-37.30798
-692.5788
-616.2053
-729.6724
-376.4557
-818.7151
-1150.886
-958.551
-1036.594
-1368.79
-935.3507
-949.8681
-1097.718
-1142.001
-1289.463
-1225.919
-1282.407
4321.726
763.674
-1080.22
-442.4552
-926.2184
-971.2311
-850.3656
-962.8994
-1892.228
-1379.015
-1071.716
-772.4326
-841.1984
-1345.043
-1169.047
-1138.771
-1194.338
-503.1883
-930.6665
-1349.946
-1176.493
-1093.77
-972.5144
-2904.285
-1211.436
-1781.295
-1370.103
-950.522
-910.2288
-941.9688
-526.2636
-1024.578
-199.2556
-653.3911
-732.9063
10672.51
2313.95
-46.01351
-477.46
-990.5282
-1293.938
-1125.918
-991.8672
-1254.651
-1134.179
-623.2088
-696.0051
-675.2107
-849.0474
-1259.099
-1036.956
-1291.549
-1082.743
-1065.874
-906.3665
-893.6774
-1075.69
-1022.915
-2099.052
-713.6807
-1002.071
-1074.931
-1032.178
-886.7653
-992.2783
-1295.302
-1108.393
-1379.008
-1132.771
-1368.578
-1077.603
-1063.822
-1440.25
-1079.05
-1194.148
-1142.86
-1154.113
4371.963
190.9836
-733.9708
-253.4784
-1169.375
-1305.809
-974.8833
-59383.16
-19861.8
-7136.016
-2993.553
-2154.7
-1146.563
-1062.396
-1200.845
-1125.897
-12116.09
-4656.724
-2223.873
-1410.938
-1093.855
-823.8837
-1089.473
-1180.783
-1229.289
-734.3938
-1005.923
-1077.255
-724.3263
-943.8927
-1447.411
-1564.291
-1941.466
-1392.827
-1277.148
22597.84
6373.881
1240.73
-327.0406
-1026.396
-1118.703
-1054.17
-1166.013
-1463.488
-4999.482
-2871.732
-1818.339
-1767.028
-1261.6
-1323.51
-1274.289
-864.0118
-287.4297
-980.5321
-1343.854
-1422.394
-1263.166
-1684.774
-1347.308
-2621.925
-1711.575
-1222.479
-1165.008
-1322.78
-1291.707
-1034.233
-1154.574
62.61082
-1139.654
-1046.402
-2721.85
-1709.376
-1607.642
-1353.209
-676.0064
-1315.818
-1145.604
-1192.141
-1328.991
-1194.257
-1239.333
-1554.451
-1880.508
-1427.149
-1339.396
-1219.269
-1261.423
-1118.555
-1359.928
-2614.16
-1715.693
-1087.43
-1568.671
-1327.585
-1098.773
-1134.15
-960.4779
-919.5148
-977.0229
-1428.682
-1722.291
-1295.137
-1174.149
-1235.719
-1357.256
-1551.699
-1717.642
-1254.11
-787.2219
-1247.502
430.4793
-528.5908
-374.4909
-1130.366
-1257.555
-1257.157
-1275.271
-1092.989
-1433.946
-1362.512
-1541.784
-1482.284
-1283.041
-1675.611
-1247.795
-887.571
-1086.506
-1040.172
1477.169
386.6205
-167.2214
-950.4376
-1068.833
-877.9591
-1089.842
-1203.524
-1470.624
4528.078
400.699
-1515.215
-752.1831
-1882.593
-1293.029
-1380.791
-1161.805
-1164.351
-1092.598
-1322.021
-1642.087
-1197.396
-1874.019
-1243.89
-899.9492
-976.3251
-1309.723
-1422.497
-1485.731
-1400.681
-1364.791
-1333.93
-1113.064
-1099.664
-1258.199
-1042.255
-722.6364
-1134.003
-1314.835
-1891.485
-1778.138
-1276.91
-1272.054
-627.5145
-1182.865
-1100.046
-1447.002
-1188.931
-1049.028
-1110.682
-1150.032
-1148.288
-1526.419
-1260.971
-1317.143
-1334.49
-2256.285
-2312.861
-1602.325
-1361.077
-1076.007
-1150.195
-1443.27
-1455.575
-839.3846
-1113.181
-2293.341
-1565.776
-1953.544
-1485.019
-1480.351
-1001.174
-1047.321
-1247.234
-1306.576
-192.4101
-860.5789
-1892.169
-1415.95
-1292.279
-3021.432
-1840.971
-1568.546
-1474.329
-1435.944
-1372.307
-1254.587
-1145.552
-1269.565
-1302.042
-1144.533
-1500.932
-1374.389
-1429.732
-1590.645
-1289.806
-761.9179
-1921.05
-1363.419
1533.096
-512.8943
-943.7549
-918.5223
-1357.19
-1352.835
-1204.776
-1121.11
-1178.741
-666.8671
-931.4494
-1380.846
-1329.8
-1212.176
-1473.487
-1263.953
-769.0558
-2814.055
-2002.662
-1715.482
-999.648
-1332.209
-1274.476
-1107.25
-1328.577
-1253.084
-1392.98
-1307.641
-1341.425
-1276.916
-1293.337
-931.0592
-1218.14
-1283.635
-1158.436
-915.1079
-878.4483
-632.1894
-706.5651
-850.1865
-1370.415
-1420.376
-1001.596
-1492.593
-1700.415
-1448.74
-1327.843
-1327.104
-216.0553
-1346.141
-1306.239
-1291.902
-1373.503
-1190.378
-1320.444
-17183.26
-6569.868
-2961.137
-1477.242
-1698.648
-1645.432
-1302.917
-1232.984
-1061.696
-1151.396
-1154.338
-790.3304
-2152.873
-1681.712
-804.0553
-479.9834
-813.9455
-1083.723
-1163.698
-1416.682
-1415.374
-1211.058
-1041.527
-1274.359
-5110.364
-2412.228
-1588.406
-1168.396
-1316.276
-1292.666
-1156.162
-1119.592
-1798.789
-1277.847
-1238.028
-1578.821
-1521.223
-1335.015
-1295.949
-1244.971
-1323.069
-1786.651
-1398.274
-1603.723
-1959.899
-2098.734
-1644.934
-1196.433
-1045.508
-1119.662
-1329.514
-1197.26
-1332.117
19244.93
5233.954
900.7528
-542.8194
-1524.987
-1491.145
-1319.904
-201.1447
-952.8554
-1398.952
-1145.29
-1288.251
-1267.958
-998.3437
-1172.87
-895.4971
-1257.427
-1275.2
-1344.852
-1327.356
-1236.253
-1286.781
-1178.76
-1234.372
-989.6174
-1278.633
-1471.63
-1185.417
-1254.165
-8944.672
-3764.88
-1817.294
269.9692
-761.7067
-757.6568
-1192.3
-1181.788
-1296.181
-1370.386
-1086.727
-1319.818
-1239.629
-1176.298
-1523.566
-3380.623
-2312.427
-1954.617
-1120.663
-1552.962
-1195.099
-1245.53
-2032.797
-1198.782
-513.8178
-20.09976
-816.9594
-911.7172
-1225.716
-1199.2
-1317.57
-1235.538
-1236.967
-1244.374
-766.896
-991.3211
-1393.77
-1312.237
-1574.678
-1472.653
-1585.786
-1530.059
-2612.557
-1144.391
-1560.097
-1360.182
-1355.885
-1499.014
-1623.991
-1483.872
-1813.233
-1111.685
-1275.758
-1241.108
-1284.398
-1454.063
-1282.111
-1341.395
-1050.769
-3576.182
-2043.369
-1676.976
-1559.345
-1471.071
-1289.955
-1202.764
-1142.593
-1251.57
-1507.481
-1416.977
-1275.086
-1387.79
-1878.571
-1425.698
-1152.298
-1011.284
-1261.768
-1295.535
-1278.031
-1233.585
-1045.286
-1946.304
-1423.623
-1343.738
-1141.87
-1297.195
-1354.74
-1350.065
-1533.38
-1621.374
-774.1023
-991.7383
-1263.994
-1207.338
-827.3644
-1328.518
-1489.818
-1220.476
-1160.368
-852.7298
-1158.205
-1433.217
-1426.378
-1268.998
-1350.818
-1264.433
-163.9794
-912.8042
-1069.472
-1278.546
-1421.182
-1499.638
-1666.981
-1846.827
-1818.482
-1373.986
252.9188
-962.0984
-1257.844
-1379.228
-1371.64
-1159.979
-1366.127
-1165.756
-1352.558
-1930.457
-1366.921
-1373.832
4394.253
613.6218
-429.9657
-1091.185
2362.128
237.665
-1082.496
-1338.163
-1433.903
-1317.871
-1242.419
-1289.502
-1294.107
-1352.043
-1740.141
-2116.872
4215.562
568.177
-409.88
-1012.535
-1142.55
-1348.237
-1252.063
-1555.118
-1624.544
-1382.612
-1512.33
-1406.196
-1568.491
-1420.051
-1169.5
-1432.328
-1352.64
-1555.956
-2226.215
-1919.452
-1761.788
-1493.226
-1546.758
-1479.753
-1957.102
-1581.467
-664.6233
-1572.843
-703.5938
-1258.996
-754.2375
28250.56
8060.401
1681.082
-465.1887
-1045.743
-1956.953
-1583.235
-1850.787
-1329.099
-1144.094
-1574.343
-590.5635
-1245.362
-1343.901
-1282.136
-1220.045
-1148.783
-1229.398
-1495.198
-1831.051
-1284.075
-1433.371
-1503.115
-1603.389
-1644.479
-1596.152
-2377.714
-1851.455
-1412.015
275.58
-2808.465
-2104.062
-1725.469
-659.5688
-1085.64
-1320.901
-274.9105
-1007.371
-1012.197
-1297.673
-1363.204
-1559.487
-1784.788
-1346.347
-4269.602
-2438.942
-1890.066
-1807.085
-1623.411
-1559.85
-1504.939
-766.2097
-1586.993
-1526.238
-1584.822
-2609.578
-1954.949
-1203.175
-1441.437
-1576.139
-897.3695
-1267.527
-1409.565
-1637.117
8499.786
1446.597
-716.2282
-1301.237
-1572.493
-1501.213
-1269.291
-1534.555
-1617.721
-1586.401
-717.5553
-1206.57
-1587.134
-1973.319
-1947.041
-1801.541
-1351.747
-1557.407
-1722.711
150.2654
-51029.05
-17371.43
-6889.42
-3368.89
-1893.095
-1736.757
-1958.337
-1820.681
-1078.097
-1683.06
-1438.063
-1676.577
-1643.876
-1688.342
-1514.837
-1351.716
-1597.242
-1713.173
-872.4765
-811.7265
-1530.792
-1643.676
-1432.248
-1595.939
-1774.249
-3214.972
-2418.174
-1936.224
-1833.161
-1725.738
-1819.918
-1874.989
-1949.481
-2512.933
-1955.359
-922.7908
-1432.435
-2038.281
-1901.64
-3042.091
-2217.188
-1857.65
-1460.052
-1669.764
-1662.271
-1577.152
-1763.788
-1641.812
-1755.493
-2659.286
-2180.821
-2116.101
-2026.602
-1658.166
-1807.836
-1766.292
-1625.554
-3104.279
-2244.189
-2071.522
-1915.238
-2016.262
-1888.021
21976.2
5816.884
543.8494
-960.2913
-1837.163
-1731.348
-2040.396
-1987.144
483.712
-1304.036
-1638.475
-1880.488
-2033.552
-2296.87
-4988.994
-3171.166
-1999.265
-2094.759
-2039.506
-2090.949
-1739.015
-1858.326
-1890.106
-2142.522
-2268.933
-2018.02
-2089.196
-1982.98
-2060.401
-2073.063
-499.6403
-1449.079
-2279.778
-2106.425
-1908.74
-1956.306
-2086.497
-1972.517
-2637.984
-2309.363
-2161.417
-1996.219
-2696.504
-2412.484
-2205.817
-2095.756
-2066.987
-2136.882
-5015.984
-3009.906
-2982.521
-2411.931
-2113.649
-2849.502
-2354.385
-2305.682
-2105.313
-1968.15
-1997.001
-2551.207
-2156.572
-12066.86
-5128.521
-1585.369
-1784.523
-1926.277
-3679.521
-2931.799
-2326.165
-2248.474
-2494.369
-2611.345
-2157.964
-2158.467
-2069.833
-2157.607
-2402.462
-2648.24
-2019.938
-2025.089
-2026.95
-5290.554
-2886.839
-1129.452
-1896.606
-2288.749
-2245.232
-2215.721
-2648.222
-2354.441
-2172.728
-2702.705
-1872.832
-2171.298
-1825.831
-2193.45
-2081.326
-2297.948
-886.2331
-1683.826
-2101.022
-1906.706
-2171.706
-6777.908
-3551.38
-2565.456
-2874.059
-2515.384
-2322.603
-2497.487
-2374.265
-2297.309
-2191.758
-5470.291
-3166.257
-2115.168
-2134.386
-2089.789
-2121.231
-2050.203
-2196.246
-1707.274
-2152.133
-2529.162
-2253.979
-2405.113
-2017.704
-2230.203
-2909.973
-2700.756
-2343.804
-2481.327
-2425.506
-2638.03
3502.431
-563.6862
-1811.849
-1889.052
-2221.552
-2621.896
-2067.121
-2906.862
-2404.563
-2581.661
-2382.157
-1433.431
-2298.124
-2296.296
-2314.87
-2325.877
-2220.073
-2439.75
-2536.714
-2433.745
-1586.511
-1999.793
-2157.526
-2454.197
-2351.283
-2412.73
-2605.105
-2463.942
-3296.199
-2881.624
-2206.433
-2464.414
-2659.662
-2435.727
-2982.884
-1900.538
-2161.921
-2279.095
-2187.747
-2349.94
-2737.961
-2951.423
-2732.078
-3069.932
-2483.311
-2707.172
-2502.696
-2401.409
-2633.026
-2737.761
-2345.188
-2233.871
-2142.267
-2137.044
-1121.327
-2081.481
-2107.966
-2297.265
-2451.092
-1349.72
-2478.081
-2086.959
-2508.355
-2378.08
-2346.764
-2667.698
-2181.174
-3791.487
-2941.126
-2293.695
-2317.177
-2644.231
-2649.737
-2486.992
-2492.648
-2567.612
-2576.582
-2688.863
-2517.687
-2403.863
-3648.243
-2859.118
-2516.827
-2245.735
-2370.161
-2484.179
-2481.142
-2709.993
-2555.403
-2365.229
-2540.746
-2278.422
-2396.74
-2445.51
-2441.078
-2634.437
-2366.892
-2476.519
-4156.72
-2921.608
-2868.242
-2947.796
-2719.322
-2700.125
-2660.806
-1535.499
-2827.12
-2832.491
-2443.574
-2325.123
-2414.718
-2646.932
-2944.058
-2611.062
-3004.83
-2696.524
-3088.68
-2745.386
-2304.784
-2433.332
-2512.685
-2343.382
-2368.052
-2605.63
-2598.729
-2807.553
-2633.832
-2585.188
-2486.513
-2785.396
-2707.444
-3321.88
-2513.18
-2249.903
-1081.055
-2072.176
37.14832
-1435.957
-2264.181
-2691.667
-2620.858
-2549.273
-2475.162
-6508.248
-13345.29
-8473.465
-2654.448
-2638.403
-2605.79
-2539.406
-2481.322
-2510.387
-2628.389
-2541.906
-2372.745
-2665.028
-2661.977
-2796.479
-2661.345
-2531.4
-2443.208
-2509.532
-2531.724
-2358.324
-2789.657
-2633.3
-2630.036
-2380.473
-2514.456
-3139.024
-2290.717
-2403.402
-2577.542
-2841.981
-2778.318
-2409.184
-2700.807
-640.4276
-1768.529
-2036.247
-2387.286
-2187.168
-2466.773
-2248.009
-2907.778
-3042.342
-2902.883
7853.306
573.9552
2939.421
-904.1669
-3663.073
-2814.003
-2665.448
-2127.447
-2603.832
-806.1994
-8584.506
-3645.21
-3392.565
-3020.031
-1580.617
-1489.374
-1845.615
-2220.597
-2448.251
-2983.153
-2282.855
-2570.692
-2327.743
-2223.724
-1560.928
-2366.884
-2454.264
-2241.527
-2856.965
-3453.043
-1660.132
-2121.768
-3037.783
-2756.099
-2808.598
-2395.393
-2725.25
-2895.028
-2758.402
-3288.758
-3178.597
-2800.075
-2565.691
-2305.543
-2560.319
-2525.991
-2576.483
-2728.151
-2829.527
-3036.941
-2210.551
-2267.97
-3466.853
-2765.692
-2695.961
-2565.375
-2687.362
-2866.805
-2562.009
-2340.125
-2724.858
-2789.361
-2369.9
-2199.181
-2454.3
-2690.967
-2742.162
-3090.566
-2781.96
-2801.451
-2195.92
6681.388
351.5171
-1604.694
-2255.274
-2463.486
-2406.672
-3226.295
-2655.45
-2514.676
-2676.133
-2207.956
-2485.743
-2526.294
-2827.845
-2592.866
-2589.298
-4835.209
-3766.076
-3124.649
-2288.737
-2422.706
-2544.811
-2335.563
-2599.374
-2749.342
-2483.171
-2520.376
-2668.193
-1308.87
-2603.304
-2663.129
-2308.211
-2408.874
-2661.819
-2680.723
-2568.793
-2586.495
-2746.371
-2728.127
-2807.293
-2487.521
-2660.22
-2848.71
-2968.84
-2734.126
-2429.032
-2429.77
-2206.456
-2453.488
-1238.589
-1912.611
-1776.94
-2332.515
-2007.407
-2242.981
-1643.433
-2165.776
-2421.798
-2578.941
-2626.534
-3346.422
-2711.541
-2254.681
-2480.057
-2620.814
-2529.736
-1876.797
-2350.223
-2456.255
-2577.392
165.07
-1555.72
-2259.651
-2358.458
-3039.123
-2766.047
-2609.966
-2827.645
352.3503
-1566.814
-1830.732
-2557.663
-2626.898
-2341.515
-2583.69
-2528.989
-2549.37
-2882.766
-2729.276
-2618.944
-3902.418
-3018.395
-2859.799
-2471.542
-2522.951
-13083.2
-5818.163
-3508.367
-2814.215
-6151.913
-3638.13
-2938.418
-2651.858
-2571.422
-2712.901
-3352.577
-2926.679
-2204.372
-2388.341
-2464.268
-2118.905
-5528.698
-3738.929
-2998.583
-2912.896
-2689.931
-2802.145
-2503.236
-2459.629
-2908.526
-2656.974
-24379.69
-9397.298
-4837.64
-7994.581
-4596.155
-2860.972
-2641.564
-2461.265
-2458.953
-1638.226
-2424.363
-2560.135
-2570.016
-2566.714
-2651.525
-2696.351
-2566.368
4.538541
-1505.433
-2247.73
-2294.101
-2977.207
-2507.767
-2467.554
-2637.971
-2638.33
-2538.013
-2650.141
-2488.16
-2818.401
-2757.588
-2544.057
-2212.523
-3035.727
-2785.267
-5829.184
-3619.688
-2957.913
-2611.945
-2860.947
-1472.376
-2221.468
-2301.663
-2556.468
-2651.235
-2532.061
-2683.571
-2526.592
2794.009
-825.7243
-1888.362
-2410.912
-2486.199
-2550.67
-2576.094
-1996.284
-2440.657
4108.052
-407.1866
-1824.285
-2006.952
-2343.733
-2623.575
-2663.529
-3251.43
-2878.558
-2907.552
-2704.014
-2831.878
-2843.555
-2896.624
-2591.695
-2676.01
-1657.891
-2295.442
-2384.832
-2462.427
-2539.868
-2449.293
-2309.182
-2608.298
-2531.628
-2518.589
-3077.314
-2905.042
-2734.059
-2371.485
-2522.625
-2467.767
-2520.154
-1531.771
-2243.434
-2483.066
-2534.32
-2447.351
-3401.658
-2396.287
-2518.134
-2180.604
-2561.589
-2710.41
-2620.766
-2515.072
-2486.515
-2651.526
-2632.871
-2729.276
-2400.546
-2538.807
-2296.173
-2741.31
-2200.463
-2380.085
-2008.675
-2472.987
-2626.295
-2426.732
-2441.125
-2145.632
-17991.93
-3891.154
-2971.494
-2217.303
-2059.033
-2369.426
-16195.12
-6710.88
-4314.428
-3655.379
-2793.404
-2652.47
-2402.007
-2487.682
-2768.909
-2471.635
-2518.464
-591.1653
-1798.159
-2279.986
-2704.2
-4218.489
-3103.088
-2899.305
-2705.572
-2777.309
-2423.647
-2312.128
-1534.517
-2308.099
-2542.267
-2512.763
-2769.737
-2568.902
-2457.289
-1857.746
-2252.649
-4538.159
-4040.379
-2931.029
-2465.136
-2912.599
-2694.026
-2582.228
-2758.631
-2755.6
-2602.102
-2669.712
-2797.269
-2753.656
-2874.748
-2962.052
-2898.604
-2670.675
-2742.142
-2549.663
-2663.926
-2539.178
-2696.534
-2521.686
-2421.852
-2479.448
-3626.39
-2912.991
-2939.147
-3796.392
-3574.898
-2850.537
-2653.26
-2428.707
-3055.586
-6119.541
-3825.997
-3031.519
-2764.734
-2459.933
-2613.279
-2414.591
-2406.395
-2850.761
-2109.211
-2898.481
-2871.539
-2724.32
-2747.677
-2807.946
-5825.47
-3080.942
-1428.254
-2229.609
-2668.839
-2206.128
-2187.022
-2683.013
-2674.157
-3185.595
-2234.293
-2858.707
-2748.858
-2834.218
-2748.823
-2718.148
-2628.021
-2770.979
-2702.223
-2467.184
-2588.959
-2645.2
-2679.531
-2486.082
-2713.906
-2656.064
-2713.68
-2505.838
-2747.953
-2966.956
-2881.063
-3432.401
-2943.3
-2680.37
-2959.453
-3126.669
-2945.392
-2986.697
-8612.59
-4719.93
-3554.299
-2825.251
-2783.667
-2754.046
-2550.007
-2005.965
-2490.369
-2479.329
-2429.795
-2556.09
-2500.557
-2624.563
-2051.034
-2687.124
-3073.663
-2972.217
13203.16
1468.233
-1896.505
-5930.09
-4050.779
-3156.454
-2998.783
-3107.103
-2300.824
-2758.511
-2947.859
-2882.052
-2519.67
-3621.441
681.3169
-961.1181
-2390.877
-2298.526
-2515.836
-2922.83
-6079.947
-3394.187
-2053.55
-2665.763
-2674.763
-2815.168
-3042.937
-2899.834
-2916.539
-2932.42
-3525.01
-2847.889
-3052.607
-2758.62
-2622.172
-3099.99
-2726.426
-2741.152
-9337.165
-5063.96
-3615.47
-3313.711
-2956.264
-3092.655
-3115.638
-3202.589
-3001.59
-2883.182
-2880.606
-2752.809
-2705.417
-3149.151
-3001.703
-2908.147
-2019.778
-2697.493
-1745.845
-2575.952
-2785.544
-3164.621
-3818.878
-3327.368
-3162.094
-3123.452
-3120.876
-3510.578
-2792.738
-3053.867
-2899.861
-3068.14
-3091.821
-3210.657
-5425.974
-3852.539
-3282.106
-3102.92
-3233.831
-2590.198
-2764.697
-2908.751
-3003.802
-3453.554
-2935.901
-2872.757
-2131.482
-2907.542
-3022.863
-2616.269
-2683.153
-3273.892
-2286.556
-2814.394
-1069.58
-2420.063
-2762.845
-2916.419
-1993.029
-4156.708
-3354.477
-3219.79
-3043.853
-1817.483
-2755.566
-3054.208
-2137.225
-1942.12
-2633.337
-2015.698
30.80001
-1844.348
-2783.84
-2576.301
-3019.721
-3329.622
-3399.755
-2900.165
-3005.596
-3137.065
-3371.134
-3243.075
-3200.798
-3149.579
-3072.357
-3156.654
-3741.307
-3728.695
-3003.041
-3061.941
-3150.313
-3295.424
-3456.697
-3241.484
1983.456
-1511.844
-2664.757
-3014.523
-3289.345
-3156.423
-3214.67
-3201.127
-4902.919
-3741.064
-3435.595
-3413.289
-3130.761
-5015.34
-4316.046
-3604.529
-3388.732
-3296.113
-3633.907
-3423.094
-3782.939
-3366.651
-3285.792
-3235.011
-3388.919
-3313.231
-3323.34
-3363.307
-3225.496
-3130.827
-3199.825
-3295.054
-3150.822
-3180.138
-2957.225
-3427.596
-3229.263
-3262.799
-3025.799
-2998.678
-3306.515
-3371.122
-3273.128
-3233.309
-3980.614
-3491.453
-3274.356
-3311.94
-3367.416
-3637.454
-3370.869
-3649.177
-3704.865
-2059.416
-4013.884
-2550.97
-3552.212
-3151.504
-3328.853
-2988.645
-3218.342
-2902.77
-3401.634
-3219.861
-2541.813
-3127.425
-3319.392
-3369.014
-3723.961
-3453.255
-3492.937
-3557.414
-3393.11
-3736.733
-30434.66
-11917.31
-7645.053
-4339.472
-3897.841
-3833.606
-3615.488
-3624.139
-3448.589
-3545.46
-3493.37
-2917.513
-3721.969
-3403.872
-3537.987
-3566.431
-3528.776
-3564.383
-3745.735
-3539.481
-3544.332
-3498.535
-2972.698
-3206.512
-3773.472
-3242.466
-3435.012
-3281.727
-3656.54
-3650.798
-3242.813
-3463.752
-3195.998
-3240.453
-4324.081
-4926.912
-3275.016
-3592.172
-3639.889
-3437.829
-7281.806
-4538.245
-3571.577
-3529.201
-4373.438
-3868.27
-3645.329
-2963.421
-4009.507
-3754.282
-3168.498
-3451.112
-3662.027
-3533.004
4511.064
-1131.862
-2837.158
-3256.152
-3004.576
-3283.024
-3461.874
-2331.352
-4203.101
-3169.706
-3131.227
-3321.46
-3486.053
-3775.161
-3666.721
-4402.387
-3768.797
-3597.118
-3596.044
-3953.787
-3571.739
-3404.998
-3634.162
-3440.122
-3685.864
-3106.183
-3707.65
-3179.855
-3382.773
-10936.36
-5580.106
-4157.947
-3690.583
-3527.934
-3654.133
-3408.85
-3589.546
-3498.851
-3964.975
-5776.201
-3794.556
-3583.177
-4220.945
-3826.132
-3931.065
-3734.316
-4223.311
-4213.314
-3834.204
-4613.701
-4172.169
-3956.079
-3828.539
-2734.228
-8503.368
-5184.422
-4147.072
-3872.737
-3839.309
-3861.882
-3927.024
-4008.109
-4163.878
-3896.845
-4005.392
-9602.147
-5580.909
-4551.175
-2730.55
-3513.597
-3725.329
-3877.386
-3860.123
-3776.218
-4778.21
-4020.54
-3807.969
-3926.558
-3456.602
-3520.284
-3651.044
-3779.997
-3869.73
-3674.717
-3758.459
-2951.292
-3563.688
-3533.798
-3718.235
-3674.384
-3790.329
-3276.269
-3885.215
-3851.899
-3923.037
-3850.535
-3209.017
-3895.165
-3851.426
-4122.459
-3847.268
-3898.887
-3787.802
-3674.864
-3410.549
-3770.991
-4207.159
-3945.948
-3879.436
-3685.793
-3756.865
-3800.29
-3785.906
-3765.408
-3808.677
-3803.358
-2484.035
-3324.974
-3681.293
-3715.846
-3834.405
-3524.595
-3808.537
-3501.003
-3812.725
-3299.924
-4004.345
-3927.765
-3894.597
-3821.702
-3686.239
-3784.665
-3766.276
-3767.675
-3942.788
-3911.453
-3749.986
-2808.447
-4281.512
-3976.67
-3973.818
-3777.112
-3800.539
-3436.775
-3861.646
-4452.119
-3827.909
-3932.561
-3945.357
-3908.917
-3791.68
-3861.447
-3736.041
-3763.101
-3813.127
-4090.599
-3359.541
-3828.528
-3950.963
-4327.774
-4361.219
-3903.975
-4576.171
-4037.904
-3247.454
-3570.752
-3782.505
-3688.871
-3918.528
-3268.678
-3511.01
-3814.871
-4058.357
-3366.555
-3687.084
-3669.078
-3805.122
-3755.996
-3738.786
-4019.188
-4006.089
-3543.582
-3699.869
-3783.079
-4144.604
-3878.084
-3376.184
4589.776
-3474.991
-3956.207
-4481.558
-3926.137
-4688.72
-4058.276
-4062.966
-3872.027
-3879.476
-4599.149
-3780.977
-3895.326
-4186.3
-3900.687
-48.8898
-2771.399
-3368.489
-3718.822
-3941.794
-3736.835
-4180.239
-3363.525
-3720.57
-3363.723
-3687.598
-4831.749
-9000.637
-5595.491
-3617.225
-3986.792
-3677.611
-3870.508
-3785.802
-3681.545
-4171.509
-4052.201
-1432.093
-3616.051
-3875.957
4145.783
-1262.92
-3686.085
-4757.03
-4217.146
-3460.74
-3573.726
-3619.021
-4161.808
-4083.28
-8150.655
-5409.76
-3877.916
-4025.161
-3894.735
-4628.003
-4185.318
-3429.638
-3844.709
-3615.478
-3866.377
-3787.707
-3818.894
-3902.379
-4837.585
-4095.093
-3053.175
-3237.401
-3856.217
-3896.218
-3537.097
-3865.095
-3958.718
-4027.121
-3402.003
-4078.468
-3948.388
-3564.604
-3517.569
-4096.483
-4064.185
-3670.983
-5061.898
-4147.763
-4137.624
-4195.26
-3911.155
-3894.713
-3990.227
-3908.283
-5709.446
-4576.9
-4239.218
-3969.897
-3926.017
-4301.346
-4152.528
-3620.781
-5005.184
-3764.467
-4393.071
-3907.291
-2829.278
-3694.275
-3949.941
-3705.919
-3866.976
-3993.943
-3954.081
-3882.746
-3934.618
-3976.171
-3842.889
-4050.074
-4129.543
-3961.621
-4607.372
-4324.78
-3951.921
-2555.135
-5185.216
-6760.26
-4862.241
-3954.991
-3765.604
-3770.909
-4221.331
-3916.017
-3643.287
-3645.812
-3355.48
-3691.222
-3753.566
-3974.046
-3979.943
-3745.168
-3631.565
-3755.096
-7306.301
-5005.169
-5080.391
-4420.233
-4114.777
-3881.498
-5999.843
-4600.234
-4149.684
-4031.367
-3855.529
-3937.521
-4034.776
-3616.069
-3308.001
-3983.738
-3780.129
-3615.466
-3961.079
-3469.411
-3676.929
-3825.24
-3463.377
-3959.651
-3547.577
-153840
-52186.62
-18809.48
-8474.316
-5088.376
-5591.654
-4452.809
-3747.984
-3694.998
-3208.122
37598.77
8998.742
168.0488
-2524.216
-3214.711
-3467.97
-3782.346
-3763.8
-4062.684
-4017.726
-3919.4
-3926.308
-3887.332
-3762.355
-3876.108
-4165.741
-5241.07
-4401.727
-3885.657
-3097.79
-3730.976
-3978.54
-3704.163
-3707.261
-3524.118
-3715.441
-3940.285
-4213.729
-5100.929
-4080.135
-3733.825
-3635.997
-3854.085
-3914.802
-2402.021
-3767.582
-3728.883
-3835.284
-3891.894
-3858.399
-3866.963
-3567.291
-3546.197
-3757.194
-3881.037
-3116.425
-3726.841
-3931.42
-3382.76
-3620.614
-3863.928
-3791.607
-3893.994
-1419.698
-3102.559
-3759.932
-4083.292
-3851.668
-3737.409
-3757.707
-2636.717
-3437.356
-3781.967
-3778.89
-3881.212
-3978.309
-3867.362
-3856.765
-3516.143
-3684.118
-3737.659
-6762.452
-4696.977
-4457.178
-3800.747
-4054.544
-3814.46
-3845.378
-3944.802
-3976.185
-3993.07
-4028.935
-3840.08
-3846.501
-3863.664
-3692.807
-3899.101
-3865.35
-3844.641
-4028.381
-3900.112
-4067.298
-3944.117
-3918.86
-3622.978
-3758.137
-4070.306
-3765.114
-3822.227
-3532.848
-4711.957
-4283.783
-4105.867
-4119.483
-4051.767
-3994.08
-3874.877
-5038.856
-4236.418
-4112.816
-4219.178
-3978.863
-3826.928
-5488.166
-4988.447
-5071.471
-4365.452
-2817.47
-3544.487
-3973.118
-3950.009
-3979.31
-5011.427
-3938.141
-3891.41
-3923.582
-3952.007
-8348.558
-1373.756
-8007.125
-4608.395
-4553.526
-3703.027
-14250.07
-7307.737
-4968.237
-3951.378
-3976.914
-3998.728
-4106.232
-3923.689
-4080.413
-3664.853
-3964.693
-2555.514
2044.118
-2042.875
-2650.504
-3437.38
-3597.604
-3796.161
-3763.122
-3689.91
-3823.449
-3957.879
-3862.42
-4741.242
-4228.298
-4003.102
-3961.026
-3125.054
-3414.87
-3754.448
-1380.166
-3152.098
-3537.171
-3709.522
-3305.99
-4085.068
-7186.097
-4795.021
-4314.34
-3935.651
-3972.122
-5710.22
-4534.298
-4449.153
-4795.555
-4232.694
-5038.719
-3870.102
-3979.182
-3908.995
-3475.195
-3800.399
-3748.476
-3850.493
-4816.23
-4276.845
-4249.118
-4119.269
-4823.427
-4265.276
-3985.732
-4234.514
-4112.42
-5771.133
-4676.94
-4215.597
-4348.819
-4102.734
-4134.198
-3970.99
-4011.219
-4078.215
-3855.02
-2974.057
-3339.736
-3688.362
-3830.765
-4456.347
-4032.594
-4116.218
-3939.661
-4115.723
-410.1439
-2845.092
-3574.834
-4006.633
-13019.97
-6716.274
25047.87
5550.994
-922.272
-2424.147
-3566.506
-3739.775
-3904.439
-3730.454
-3004.763
-3825.817
-4069.896
-3912.076
-3774.878
-3942.119
-3937.323
-4077.337
-4013.971
-4059.913
-3979.177
-3554.217
-3775.649
-3846.479
-3806.087
-3931.938
-3984.163
-4019.306
-3865.957
-3979.723
-3862.568
-3769.33
-3523.217
-3723.336
-2863.788
-4479.79
-4131.493
-4427.563
-4172.781
-3931.604
-4043.42
-3875.62
-3808.765
-3114.536
-3974.538
-4259.271
-3998.041
-4291.804
-4176.288
-4050.163
-4098.953
-4391.364
-4195.429
-4050.063
-4101.55
-3978.136
-4240.742
-4079.777
-4120.764
-4020.545
-4168.999
-4103.614
-4295.932
-2600.285
-3677.771
-3838.749
-4158.163
-2573.053
-3753.409
-4940.831
-3588.474
-3720.324
-4233.525
-3929.357
-2120.167
-3497.879
-3955.832
-3920.87
-4039.103
-4075.901
