171.172
242.2095
-18.35883
18.95889
1345.453
714.2427
201.5612
53.99354
37.85529
-80.02499
-19.9961
-2.435245
694.9952
309.9949
240.2104
-689.3779
-852.6453
-376.3466
-105.1472
-134.0976
-98.01965
43.67271
260.183
-96.06383
-217.14
153.7888
-46.94082
-128.3658
-26.22402
-453.5146
-89.51733
90.41184
205.3806
28.0523
70.01981
246.1494
-156.4033
-89.6324
11503.12
4902.708
1817.215
554.1801
66.18009
-481.5812
264.3167
-40.53933
41.28773
72.65817
-32.19976
60.69216
113.621
204.1857
51.77481
-204.679
-135.0827
-76.58197
26.04146
260.0118
128.728
-83.50004
-17.52412
-123.7117
-194.4625
368.9201
338.0528
350.3308
166.5651
264.6297
-70.56587
89.58412
299.3481
231.3426
19.78182
170818
63675.78
24761.61
9512.282
3224.807
1165.199
373.4013
104.609
-276.322
24.07083
-28.9377
212.0425
-1621.213
-1060.042
-204.8641
90.10743
-4115.04
-1797.13
-616.0635
-24.64004
-54.09043
60.72517
-121.7034
-4.987242
77.61713
-155.6995
-313.9561
-230.1618
775.407
150.8397
-88.3096
-247.4352
15.12608
-135.8761
89.64022
167.003
163.1343
-570.7888
-179.9764
49.02546
19.15317
1362.931
874.7023
685.0387
431.2568
120.3452
-16.38827
-562.9529
-474.5627
-244.8463
-30.18598
72.95982
363.3609
149.6034
-17.45994
-78.67015
-167.2189
-44.01956
-284.4718
-329.0013
1860.163
552.4252
-1165.204
-227.7496
232.492
65.73132
339.8976
123.0925
-34.34268
41.79514
37.59953
-358.8559
-167.9989
-246.7136
-190.168
196.2312
407.0638
-199.0656
29.05749
-91.93422
-309.5666
164.8108
-436.3977
115.4052
517.3403
152.422
64.25062
-66.22451
-266.3527
-101.5618
-193.2747
-12.87687
44.20618
-47.74607
-93.49166
104.3718
103.1668
-227.6621
-211.2009
-5518.66
-1966.14
-1081.622
-578.6277
-218.3053
-269.3
254.4091
41.68049
516.4914
-213.1743
-346.6859
19.37401
971.3589
443.0358
-254.8801
-448.9019
-249.4713
-553.6595
-405.139
287.9768
-156.5834
-189.7575
-283.4954
-488.7907
-737.0861
119.2228
-135.4902
-202.9721
1130.375
213.0918
241.8716
-36.86393
-2422.697
-1094.772
-805.4057
-120.1934
-215.3571
362.5561
9.553804
-606.8217
-404.0042
-208.9072
-528.5062
-339.8643
-130.3483
-549.087
-368.9908
-358.1632
603.8796
10.96183
-622.6504
-2437.344
-1081.008
-835.5879
-425.7029
-2813.566
-1247.06
-588.3261
-361.9335
-423.345
-480.1829
-285.1433
-1147.761
-640.7069
-346.9292
-415.789
1088.301
-110.2928
-133.9234
84.06081
-162.288
-2507.877
11.8552
-219.7132
-255.4413
-287.3066
125.7506
-189.3962
-267.0649
-235.468
-315.1763
-615.1737
-619.58
-613.5309
-318.8529
-339.6715
124.3901
-315.5537
-106.6135
-960.6384
-557.8025
-426.8069
-529.742
-399.2606
-425.5605
-384.1892
-586.3511
-420.0418
-370.5997
-640.6751
-446.0886
-2152.216
-1619.36
-977.0025
-670.6727
-392.7118
-357.418
-536.1379
-383.5696
-332.5268
-430.4112
-612.9224
-471.5069
-443.8655
-453.0591
-981.8356
50.21627
-411.5102
-382.6027
-523.7957
-404.1557
-549.4416
933.7511
-227.4119
-420.6179
-504.2921
-371.0255
-539.1791
-330.8274
-2569.49
-1710.997
-1080.973
-748.1735
-658.014
-802.1321
-594.6444
400.9668
-253.3193
-418.3703
1481.333
71.66063
-278.345
-505.24
523.1199
-2308.844
-1377.333
-842.7117
-812.8211
-598.7336
-437.78
-547.4178
-663.3645
-448.6894
-637.2412
-632.5987
-651.9884
-519.5889
-404.0742
-735.94
-505.4807
-935.3056
-717.2592
-977.1911
-701.1123
-1594.571
-918.1049
-779.7263
-688.3166
-574.1671
-642.8209
-744.2768
-629.4024
-594.6987
-503.1258
-526.5411
-806.6556
-852.3554
-233.0229
-559.2258
-856.2505
-628.4367
-2694.245
-1513.497
-894.8696
-1118.1
-336.1679
-623.9103
-571.0761
-701.8345
-578.4712
-409.0363
-518.5439
-650.4464
834.896
214.2815
-338.3227
-550.7104
-671.0485
255.8856
-159.1291
-488.0415
-927.4983
-692.3161
-732.1236
-1269.184
-1041.392
-641.3567
-538.2542
-524.7968
-1090.741
-834.9633
-811.4478
-603.5556
-793.4231
-775.4443
-445.7347
-550.9119
-670.5714
-758.3494
-667.9341
3388.572
429.2484
-341.7327
-583.6984
-606.2485
-1887.564
-420.8184
-875.7986
-857.0923
-708.046
-82.01703
-265.2929
-702.917
-844.6487
-892.9744
-1258.26
-808.685
-4398.883
-2102.6
-1331.882
-894.7166
-703.9519
-785.2931
-910.5439
-789.7056
-998.5636
-796.1695
-923.6217
-2229.519
-1576.114
-1332.511
-714.4531
-2578.802
-1456.332
-1121.041
-993.1344
-874.5031
-1878.266
-1171.921
-1143.555
-727.1143
-849.8861
-776.5353
-961.4853
-1189.724
-993.6949
-836.9313
-317.5058
-706.0156
-896.113
-815.6789
-983.4534
2142.663
238.9795
-37.68001
-580.1211
-839.9227
-1285.959
-1434.484
-579.5059
-435.4513
-776.1138
-777.0853
-306.0144
-572.0639
-1256.331
-1154.014
-3092.812
-688.4377
-899.6581
-1035.96
-1022.094
-1259.132
-74.06272
-455.586
-747.4394
-1055.412
-1457.399
-1097.42
-1228.12
-1809.443
-1314.279
-1159.654
-1221.458
-1208.469
-1054.991
-1118.568
-824.7902
-1510.576
-1099.402
-3003.172
-1732.394
-1295.154
-1307.075
-885.8145
-1135.323
-1025.003
-729.7845
-4413.76
-2238.879
-1332.039
-1203.36
-1020.85
-1135.34
-838.5616
-964.9567
-1104.448
-989.1188
-1260.398
-1095.553
-923.8572
-843.9067
-915.3963
-841.5508
-1059.685
-1373.291
-1104.233
-1022.149
-4136.624
-3374.143
-3275.164
-1941.973
-1518.276
-1834.224
-278.3695
-728.1018
-1217.961
-993.8702
-1209.614
-1039.882
-1734.568
-722.281
-846.3357
-1113.354
-1490.939
-2041.1
-1531.433
-923.3715
-1207.916
-484.069
-685.7883
-884.5084
-1351.507
-1168.109
-120.918
-713.1737
-582.8083
-798.7064
-830.8975
-903.0512
-1005.383
-1000.756
-792.1204
-839.0076
-862.6117
-931.9304
-1842.544
-2142.306
-1512.172
-1221.759
6797.286
1622.789
-135.9146
-596.1382
-241.6153
-763.7498
-1034.095
-1003.268
-700.9064
-1008.129
-1143.314
-4026.923
-1752.167
-2097.952
-1447.285
-999.7377
-1120.178
-1044.316
-1170.53
-1527.813
-1303.337
-1276.945
-1396.892
-1332.405
-1128.491
-1096.519
-1059.637
-783.858
812.4781
-943.8213
-1259.046
-3780.64
-2270.941
-403.0613
-742.905
-1018.981
-1228.689
-970.2738
-1251.924
-1175.553
-1149.638
-1500.084
-1066.221
-1049.511
-713.671
-2268.745
-2097.784
-1675.302
-1381.277
-2328.385
-1660.705
-1486.487
-1847.481
-1366.158
-1276.548
-1072.071
-1202.562
-1557.772
-1292.334
-1237.382
-1061.888
-1145.788
-1187.098
-844.6418
-962.415
-841.1221
-1466.039
-726.9284
-1033.349
-1071.3
-1302.83
-1023.284
-723.0727
-1153.037
-1145.502
-1169.424
-1223.288
-1582.876
-1074.245
-2829.75
-1268.766
-805.0749
-1102.899
-1078.867
-1027.227
-1287.487
-1093.086
-1254.394
-1253.9
-1076.008
-1388.306
-1587.248
-1110.924
-1096.464
-1166.76
-1097.887
-910.5958
-1271.47
-1157.847
-1059.032
-1906.523
-650.8114
-855.2321
-1051.136
-1141.489
661.0782
-896.4567
-948.7913
-1212.141
-1177.348
-1178.794
-1032.254
-1224.073
-1251.211
-1424.109
-1274.82
-1643.966
-1320.259
-1090.58
-151.9926
-685.0872
-962.7465
16049.42
5370.111
1066.502
-293.015
-731.3191
-907.9142
-1077.006
-1162.328
-1330.175
-1233.716
-1140.426
-1669.469
-1445.895
-1183.488
-1303.623
-1530.928
-1214.894
-1628.624
-1684.068
-1120.554
-1219.729
-1046.307
-689.8378
-1080.243
-1148.213
-1174.636
-1481.503
-1436.137
-1325.26
-1311.186
-1220.439
-1103.555
-1228.694
-1127.33
-1074.449
-948.2024
-1157.902
-1356.995
-1306.091
-902.3859
-491.7876
-927.7831
-1157.678
-1227.252
-1230.729
-1331.928
-1265.745
-1210.639
-1425.488
-1062.805
-1194.745
-1219.377
-2813.992
-1861.053
-2010.722
-1865.917
-4924.324
-2492.484
-1826.185
-1356.202
-1213.16
-1211.316
-1076.252
-1184.089
-770.984
-1091.476
-1146.151
-1067.388
-1101.269
-1235.055
-1084.448
-1167.3
-1376.363
-1303.291
-1265.728
-1010.643
-1223.334
-2622.062
-1660.976
-970.8973
-1172.156
-2072.394
-1590.755
-977.0027
-655.8811
-787.9025
-1897.791
-1569.718
-1408.726
-3443.996
-2110.561
-1654.606
-1273.647
-1067.49
-870.6915
-484.4947
-982.1514
-1188.359
-1394.292
-1616.154
-1570.316
-1427.437
-1135.841
231.7939
-613.2293
-1048.012
-1062.116
-1283.461
-1552.9
-1507.241
-1354.651
-10500.15
-5829.012
-2983.112
-1786.58
-1450.575
-1436.09
-6669.437
-3304.932
-2055.603
-1000.342
2239.549
-24.23676
-1173.049
-1423.994
-1629.1
-1427.478
-1402.331
-4355.131
-2154.26
-1566.714
-1419.757
-1112.693
-1125.406
-1096.217
-1134.638
-2248.642
-1829.65
-1562.887
-1471.749
-7987.815
-3390.731
50.31446
-805.2751
-1061.581
-1204.127
-1123.452
-1089.473
-1332.558
-584.6141
-1152.349
-1155.094
-1559.308
-1414.356
-2789.864
-1921.662
-1524.405
-1410.136
-1003.756
-1156.791
-1396.631
-1306.281
-1255.602
-1285.776
-1401.147
-1342.766
-1344.463
-1271.203
-1424.471
-1522.487
-1796.437
-1392.657
-1199.547
-1261.248
-1209.877
-1296.922
-1666.641
-1308.086
-1323.444
-1272.95
-1378.163
-9676.087
-4548.068
-2545.11
-1935.867
-1590.438
-1417.164
-1397.26
-1316.699
-1463.825
-1489.391
-1724.021
-1560.213
-1371.092
-910.717
-779.7252
-1367.404
-1834.402
-857.0156
-1116.63
-1309.602
-1469.872
-1297.775
-1355.883
-1322.297
-2306.822
-1465.372
-1616.137
-677.7058
-953.7089
-1219.191
-1103.137
-1310.04
-1385.653
-1680.416
-1445.532
-1554.71
-1683.537
-1532.626
-1489.184
-2376.836
-2022.355
-1707.356
-1562.061
-1720.797
-1523.812
-1548.035
-1546.511
-1876.812
-1616.743
-1445.468
-1369.914
-1366.066
-1500.417
-1368.133
-1487.07
-1330.529
-1412.017
-1379.622
-1396.752
-1439.373
-1500.562
-1423.494
-1851.851
-1445.929
-1233.833
-1441.294
-1380.529
-1463.198
-1587.267
-1562.413
-1466.303
-1565.716
-1352.551
-1429.301
-1533.26
-1520.911
-1594.495
-1544.582
-849.4849
-1555.509
-1432.274
-1480.336
3107.89
165.9839
-633.0118
-977.0116
-1363.99
-1396.265
-1428.003
-9614.877
-4477.229
-2490.535
-1882.799
-1446.67
-1404.869
-1534.096
-1651.534
-1594.897
-1357.101
-3236.75
-2159.522
-1751.788
-1835.922
-1629.072
-1343.313
-1515.213
-1340.38
-1296.4
-1069.266
-1353.5
-1535.57
-1411.767
-1496.721
-1290.235
-1513.578
-1464.244
-1541.095
-1683.691
-1471.737
-1763.057
-1452.84
-1275.558
-2451.255
-1764.723
-1524.911
-1529.393
-1526.07
-1598.695
-1576.66
-1541.16
-2398.605
-2087.407
-3019.126
3256.728
-463.9906
-2043.81
-1660.376
-1057.96
-1841.508
-1599.939
-1668.267
-1647.954
-1259.295
-1420.978
-1511.631
-478.6154
-1089.237
-1873.972
-1810.479
-1888.989
-1417.458
-1654.291
-1718.145
-1260.089
-1644.257
-1628.368
-1072.806
-1544.772
-1505.102
-1653.342
-1644.083
-1885.766
-1982.438
-1846.799
-1488.671
-1504.876
-1603.73
-1638.75
-1231.997
-1715.957
-1506.541
-1713.559
-795.7155
-310.6311
-1285.413
5439.334
517.6428
-691.0891
-1255.942
-1498.525
-1762.062
-1893.425
-2181.877
-2410.374
-2230.751
-1907.584
-1807.415
-1760.315
-1776.732
-1768.649
-1736.181
-1879.942
-1564.964
-1555.134
-1714.113
-1713.596
-1782.54
-1734.376
-1731.329
-1329.349
-1524.97
-1459.932
-1652.29
-1648.423
-1789.146
-1549.659
-1557.102
-2104.106
-1821.014
-1712.539
-1697.504
-1737.833
-1705.993
-2072.155
-1632.552
-1831.581
-2307.37
-2310.481
-2069.02
-1713.958
-1731.148
-2298.076
-1966.949
-1897.613
-3720.816
-2467.563
-1220.614
-1367.31
-1626.655
-1882.362
-1693.896
-683.3079
-1328.342
-4465.61
-2839.092
-297.6315
-1452.451
-1884.475
-2051.07
-1705.802
-1655.149
-2123.285
-1920.997
-1574.945
-1597.89
-2853.558
-2338.323
-1952.317
-2407.256
1819.797
-466.6332
-721.5839
-1450.957
-1439.981
-1746.204
-1624.228
-1736.084
-491.4834
-3367.419
-2462.976
-2201.096
-2051.447
-2012.933
-3388.767
-4018.573
-2444.71
-2572.795
-1949.761
-1460.546
-1620.094
-1782.624
-2114.633
-1950.273
-2325.917
-2238.364
-1994.158
-2079.309
-2009.581
-1955.767
-2043.747
-2039.592
-2135.696
-1983.375
-2172.169
-2300.644
-2051.584
-1935.282
-2033.855
-928.1074
-1729.398
-39047.5
-15750.63
-6996.452
-2843.658
-2282.131
-1989.474
-2468.058
-2119.806
-2088.143
-2088.12
-2170.595
-1804.632
-1864.887
-1900.557
-2280.749
-2120.495
-2020.95
-1504.125
-2289.596
-2173.598
-1916.332
-2172.572
-2007.221
15408.38
4395.394
529.0915
-2056.145
-2186.032
-2115.451
-2117.823
-2056.128
-2155.129
-2175.781
-2105.651
-2276.736
-2227.878
-1428.519
-1853.415
-2074.836
-2039.348
-2283.988
-2292.243
-2404.339
-2456.438
-2253.164
-2349.242
-2201.275
-2289.037
-1444.906
-2044.463
-2310.2
-2140.973
-2477.45
-2219.19
-2083.041
-2149.521
-2222.874
-1974.431
-2151.544
-2375.23
-2312.361
-1995.612
-2071.219
-2600.725
-2352.487
-2296.449
-2234.025
-2227.597
-1756.054
-2049.253
-2250.138
-2211.338
-2213.647
-2280.005
-2203.751
-1944.937
-2056.902
-2179.945
-2387.812
-2388.015
-2476.915
-2169.052
-1851.979
-2998.782
-2613.208
-2510.303
-2318.224
-1818.796
-2800.379
-3156.014
-2386.396
-2062.328
-2077.618
-2437.961
-2318.91
-2202.207
-2239.001
-2031.999
-2216.257
30584.43
9623.356
2610.487
-480.3347
-1481.73
-2030.294
-2218.278
-2026.674
-2163.089
-2288.835
-1917.616
-3334.791
-2481.889
420.0718
-1413.375
-1871.674
33166.44
10626.47
2912.615
-333.8987
-1481.135
-5040.111
-3288.19
-2838.345
-2271.335
-2145.782
1253.893
-665.819
14053.28
3727.631
-97.94519
-1472.951
-2129.761
-2515.452
-2407.361
-2463.364
-2542.441
-2323.651
-2412.827
-2358.798
-2884.875
-2754.343
-2388.169
-2328.51
-2224.507
-2762.275
-3406.568
-2762.085
-2506.598
-2125.459
-2329.647
-2429.03
-2319.254
-2473.169
-2480.895
-2329.163
-3719.913
-2884.551
-2471.076
-2278.398
-2320.187
-2517.774
-2269.508
-1921.748
-2225.235
-2305.99
-2691.847
-2709.704
-2480.889
-2446.865
-2411.769
-2538.293
-2245.006
-2374.313
-2181.746
-2631.03
-2403.321
-2358.474
-2095.482
-2059.539
-2286.349
-2446.533
-3076.843
-2649.676
-2605.319
-2450.401
-2499.719
-2528.266
-2386.151
-2469.19
-2422.189
2196.88
-572.7054
-1768.815
-2615.092
-2292.209
-3054.809
-2661.914
-2549.488
-2316.297
-2663.681
-2546.459
-4480.387
-3296.156
-3037.238
-2762.804
-2875.292
-2623.487
-1967.621
-2363.502
-2547.372
-2538.75
-2656.37
-2422.434
-2415.589
-2445.107
-2757.246
-2535.502
-2442.685
-2445.122
-2864.328
-3260.208
-2678.49
-2714.172
-2565.873
-2740.272
-2625.533
-2327.787
-2506.941
-1925.724
-3085.201
-3039.821
-2374.613
-2450.548
-2737.624
-2954.976
-2635.055
-2510.801
-2573.126
-2675.73
-2652.669
-2337.439
-2280.543
-1469.172
-2179.185
-2407.851
-2313.389
-2454.973
-2447.574
-2464.335
-2501.355
-2637.187
-5948.002
-3818.932
-3125.977
-2568.278
-2375.07
-2545.295
-3177.084
-2962.039
-2465.385
-1617.37
-2450.976
-2540.693
-1619.99
-2243.357
-2407.857
-2320.322
-2596.031
-2550.111
-2412.366
-2378.268
-2778.689
-3275.823
-2985.929
-2965.525
-2624.943
-2668.527
-2542.156
-2602.198
-2676.953
-1789.679
-2098.016
-2496.568
-2589.399
-2270.932
-1971.006
-2098.262
-2403.123
-2457.828
-2785.936
-2843.642
-2785.07
-2776.888
-2456.554
-2457.782
-3771.504
-3118.993
-2805.618
-2560.309
-2598.516
-2386.295
-2667.6
-4373.469
-4925.632
-3096.015
-2563.19
-2398.672
-2540.964
-3047.503
-2819.198
-2692.344
-2661.022
-2492.139
-2563.478
-2571.162
-2570.222
-2131.736
-2461.394
-2737.17
-2693.013
-2515.16
-2700.634
-2517.979
-2684.076
-2731.169
-2662.683
-2745.104
-2638.689
-2569.634
-2029.51
-2555.527
-2597.258
-5296.014
-3386.253
-2478.548
-2650.786
-2392.919
-2622.51
-2967.678
-2724.024
-2752.457
-2738.91
-2380.139
-2506.934
-2486.459
-2655.769
-2579.244
-2624.285
23912.82
7168.659
1183.079
-206.9989
-1670.181
-2467.278
-2775.505
-1306.934
-2467.777
-2557.91
-2526.332
-2585.66
-2501.072
-2688.01
-2614.433
-2608.838
-3038.152
-3785.259
-2507.396
-2870.063
-2225.422
-2758.819
-2419.215
-1862.633
-2119.659
-2368.154
-5588.314
-3576.108
-2788.564
-2642.228
-2598.155
-2532.451
-2630.133
-2296.298
-2148.297
-2550.283
-3153.7
-2381.536
-2445.031
-820.4798
-2152.917
-2430.753
-2421.191
-2501.065
-2524.957
-2733.426
-2684.402
-2293.482
-2610.43
-2699.731
-2844.263
-2374.869
-2371.128
-2550.26
12399.49
3155.043
-489.9695
-1815.84
-2098.935
-2328.285
-2502.491
-2532.324
-2520.778
-3576.647
-3054.77
-2761.245
-2601.356
-2611.868
-2144.569
-2655.904
-2537.561
-2885.667
-2922.407
-2985.519
-2726.749
-2601.951
-2672.194
-2833.912
-2791.918
-2517.117
-2619.833
-2737.178
-2519.215
-2628.41
-2730.512
-2546.538
-2599.144
-2676.849
-2436.734
-2766.799
-2776.251
-2729.291
-2668.294
-3276.581
-3006.284
-2993.479
-2306.438
-2600.078
-2673.096
-2208.679
-2553.041
-2668.688
-2782.206
-2646.38
-2748.451
12136.81
2878.705
-664.0904
-1870.817
-3086.023
-2783.198
-2544.891
-1930.76
-2372.936
-2564.516
-1764.484
-2239.188
-2563.219
-2555.575
-2267.456
-2641.827
-2479.341
-2654.38
-2779.215
-2506.759
-2844.865
-3055.451
-2968.846
-3116.41
-2786.797
-2916.079
-2817.966
-2879.072
-2412.233
-2687.301
-2637.993
-2709.682
-2901.352
-2670.8
-2687.741
-2942.012
-2943.803
-2740.414
-2629.97
-2452.664
-2769.637
-2847.343
-2755.561
-2660.28
-7126.489
-4319.431
-3257.671
-3110.671
-2857.21
-2733.208
-3798.188
-2941.091
-2404.081
-2531.663
-2533.128
-2753.939
-2306.627
-2632.567
-2819.622
-1533.04
-2244.64
-2636.27
-3366.456
-2907.627
-2806.477
-2886.308
-2808.162
-2866.802
-2699.749
-3071.677
-2573.053
-2673.494
-2748.023
-2784.294
-2941.941
-1068.074
-2745.071
-2737.533
-2576.797
-2965.132
-2836.256
-2465.048
-2508.308
-2690.521
-2861.288
-3228.764
-3091.759
-2670.366
-4187.46
-3406.398
-3106.045
-2671.966
-2641.602
-2731.802
-2794.972
-2821.27
388.5096
1242.072
-1425.885
-2072.466
-2381.897
-2716.641
-2831.565
-3539.256
-3243.472
-2343.29
-2843.272
-2878.522
-2682.059
-2422.841
-2661.635
-2627.136
-2906.233
-2805.448
-2623.292
-2641.77
-2884.578
-2920.73
-2843.989
2299.873
-910.2109
-1834.32
-2911.672
-2870.779
-2785.132
-2960.751
-2903.219
-2742.512
-2763.554
-2823.993
-2879.546
-2935.64
-2712.56
-2682.568
-2814.811
-2470.205
-2513.59
-2837.728
-2836.03
-2936.406
-1782.811
-2422.566
-2580.609
-4519.526
-2566.907
-2895.813
-2730.989
-3011.823
-2790.567
-2823.982
-2797.834
-3176.284
-2810.876
-3031.802
-2766.546
-2808.36
-6401.005
-4029.488
-3331.501
-3554.941
-3045.446
-2820.379
-2753.026
-2934.499
-3270.663
-2965.201
-3386.01
-8352.582
-4900.735
-3690.727
-3109.628
-2705.17
-2998.268
-2992.427
-2854.9
-3120.143
-3023.955
-2948.36
-2951.096
-2846.655
-2826.822
-2787.163
-18835.2
-8864.006
-5051.022
-5049.359
-3799.613
-3315.697
-2994.611
-3028.309
-3155.735
-3137.647
-2939.846
-3029.121
-3225.452
-3151.706
-2821.29
-3139.994
-3078.993
-1723.149
-2237.084
-2223.929
-2644.463
-2751.425
-3062.282
-3034.969
-3761.561
-3169.979
-2614.573
-3133.159
-2669.671
-2830.033
-3204.895
-3183.633
-3026.693
-2909.386
-3205.518
-2759.772
-2982.082
-2543.641
-2691.625
-3084.521
-2776.246
-2991.054
-2907.564
-2659.359
-2782.655
-5571.919
-4577.704
-3736.661
-3580.617
-1989.767
-2426.115
-2950.221
-3041.128
-3194.154
-3067.739
-3595.897
-3371.364
-3472.564
-2967.759
-3114.905
-3861.155
-3183.629
-3026.04
-2907.392
-3053.779
-2722.691
-3129.851
-3115.633
-3357.302
-3185.827
-3261.874
-3120.362
-2916.669
-3109.626
-3139.027
-3185.497
-3056.434
-3047.284
-3172.463
-3062.123
-109.2305
-2126.612
-2774.351
-3332.761
-1994.695
-2777.217
-3659.314
-3420.742
-3258.902
-3258.739
-3762.811
-3651.769
-3445.339
-3363.049
-3410.562
-2888.897
-3502.06
-5805.826
-4221.248
-3568.036
-3179.932
-3200.266
-3285.613
-3341.583
-3441.164
-4482.527
-3651.495
-3400.7
-3330.057
-3450.999
-3383.383
-3027.317
-2905.479
-2923.097
-3012.978
-3184.085
-3299.011
-3401.658
-3471.809
-4251.854
-3292.911
-3276.514
-3196.212
-3125.883
-2880.658
-3374.979
-2903.904
-3148.534
-3400.521
-3121.477
-3069.353
-2881.75
-3202.394
-3217.392
-3053.008
-10887.44
-6145.097
-3895.284
-3579.113
-3434.547
-3416.7
-3288.752
-2730.941
-3290.29
-3426.882
-3398.998
-3703.222
-3531.728
-3464.184
-3567.34
-2621.206
-3000.672
-3215.91
-3383.499
-3150.003
-2873.345
-3280.406
-3044.649
-3586.642
-3486.188
-3956.835
-3446.824
-3354.248
-3238.494
-3499.392
-3645.959
-3633.646
-3297.316
-3169.42
-3327.59
-3876.37
-3705.765
-3636.371
-3628.596
-3317.644
-3400.483
-3274.97
-3388.54
-3566.932
-3524.48
-3921.094
-4064.927
-3624.61
-2855.76
-3227.804
-3386.985
-2821.589
-2681.569
-3149.287
-3425
-3427.16
-3547.485
-3451.147
-4262.075
-3874.346
-3428.238
-3401.546
-3466.5
-3660.697
-3681.669
-3290.413
-3426.346
-3499.563
-3571.599
-3870.063
-3688.809
-3471.627
-3546.872
-3748.719
-3732.923
-1491.358
-2776.45
-3046.35
-3308.459
-3459.62
-3686.095
-3633.957
-3491.234
-3596.405
-3310.371
-3451.127
-3454.604
-3499.361
-3563.654
-3834.214
-3678.77
-3669.128
-3603.467
-4018.767
-3399.51
-3395.449
-3282.088
-3648.522
-3788.11
-4202.62
-4312.653
-3755.718
-3592.044
-3525.397
-19523.51
-9155.326
-5814.889
-4472.018
-3949.949
-3619.545
-3670.892
-3893.817
-2971.637
-3449.318
-3572.255
-3238.545
-3619.014
-3397.139
-3297.722
-3430.33
-3544.665
-3474.446
-6985.531
-4870.774
-4150.662
-3895.23
-3836.774
-862.2102
-2672.809
-3202.696
-3358.683
-4506.514
-4049.534
-3795.541
-3643.934
-3764.471
-3281.977
-3444.147
-3710.552
-6862.956
-4901.945
-4212.199
-3872.62
-3667.247
-3650.577
-456.8166
-2247.702
-5589.458
-4498.565
-4151.62
-3918.576
-4947.569
-4198.954
-3877.713
-3661.889
-4018.923
-3490.164
-3732.605
-3327.038
-2331.225
-3196.304
-3495.389
-4242.364
-4749.98
-4700.583
-3035.07
-3555.895
-3659.038
-195.199
-3771.719
-3680.489
-3726.794
-3669.247
-3953.974
-3843.399
-3836.504
-3117.036
-3625.248
-3506.98
-3611.888
-3538.725
-3594.919
-3865.854
-3811.91
-3666.414
-2360.339
1093.234
-1741.817
-2782.568
-3582.813
-3648.87
-3938.021
-3838.606
-3892.349
-7204.911
-5041.625
-3771.626
-3670.078
-3666.222
-3411.611
-4115.954
-3907.442
-3071.019
-3369.821
-3787.396
-4002.039
-4002.917
-3963.933
-3917.366
-4139.479
-3674.335
-3816.936
-3897.877
-3885.814
-3782.263
-4093.288
-4131.047
-4249.315
-4067.851
-3549.571
-3569.686
-23327.71
-13779.75
-6822.804
-4992.683
-3972.528
-4411.383
-2848.751
-3394.588
-4159.049
-3632.448
-4194.558
-3933.178
-3961.019
-3730.547
-3910.82
-1210.783
-2777.701
-3266.582
-1315.309
-2897.559
-3399.837
-3818.12
-4710.198
-4192.594
-4080.404
-3396.414
-3728.958
-2699.888
-3284.371
-3635.043
-3843.267
-3883.092
-3921.613
-4007.485
-3608.683
-3937.801
-3756.861
-3808.59
-3880.842
-3766.242
-3960.217
-3502.462
-4173.234
-4185.572
-3714.476
-3548.702
-4033.756
-3194.162
-3608.071
-5424.522
-4637.163
-4077.178
-4458.134
-3954.634
-3933.75
-4114.577
-3753.503
-3636.552
-3515.651
-3723.484
-3739.891
-4270.949
-4165.682
-3996.94
-3833.17
-3825.131
-3603.389
-5110.658
-2966.513
-3643.709
-3540.489
-3701.77
-3689.482
-3654.041
-3899.809
-3929.331
-4060.654
-3902.366
-3964.833
-4109.953
-4347.725
-4348.138
-4076.893
-3953.454
-4008.73
-3953.723
-3848.199
-3992.191
-3875.084
-3808.971
-4150.8
-4143.01
-3979.773
-3665.732
-3635.422
-4028.225
-3976.263
-3603.763
-3794.217
-3905.924
-3872.36
-3800.87
-3973.258
-4005.33
3151.349
-1414.785
-3186.978
-3715.837
-3927.819
-3987.671
-3982.835
-4122.731
-4062.182
-3996.031
-3592.211
-3387.097
-3713.017
-3706.655
-3427.538
-3830.618
-4001.367
-4139.02
-3990.349
-3848.734
-4137.795
-4073.325
-4172.717
-4098.734
-4010.76
-4038.115
-3627.041
-3857.207
-3940.353
-3879.475
-3973.019
-3825.338
-4058.519
-3846.053
-3763.678
-3415.365
-3472.468
-3531.781
-3758.567
-3829.009
-4114.854
-3546.133
-4021.797
-4094.84
-4002.722
-4070.478
-4356.141
-1055870
-395309.2
-149563.4
-58155.74
-24886.94
-11685.43
-6545.084
-4821.378
-4136.9
-3949.119
-3958.898
-2992.429
-3622.655
-3893.854
-3795.734
-3892.681
-3913.018
-3939.065
-3953.881
-3789.561
-3847.065
-4274.762
-3564.251
-3701.713
-3917.703
-3893.801
-2797.395
-3067.337
-3775.442
-3636.825
-3630.547
-3945.575
-4033.626
-4229.586
-4077.536
-4213.318
-4299.966
-4136.383
-3949.37
-4144.518
-6114.599
-3467.082
-3780.221
-3884.17
-4143.332
-4129.424
-4053.833
-2164.198
-1349.062
-2960.456
-3768.491
-4121.617
-3966.753
-3862.077
-3827.901
-4487.353
-4234.617
-4156.324
-4284.363
-3854.649
-3983.835
-4055.577
-4155.71
-4407.957
-4400.568
-1570.181
-3194.662
-3698.446
-3946.354
-4359.675
-4367.962
-5579.083
-4303.634
-4183.06
-4095.709
-4421.075
-4083.997
-3859.502
-3526.21
-3733.092
-3833.964
-3890.881
-3597.598
-4088.654
-4038.458
-3746.959
-4294.083
-4036.025
-1322.363
-2846.982
-3626.467
-3719.71
-4366.392
-4412.583
-4277.014
-4040.461
-3906.192
-4111.153
-2709.133
-3402.661
-3773.278
-4146.789
-4022.76
-3822.967
-3481.68
-3907.054
-4992.909
-4788.022
-4237.525
-4287.227
-4136.311
-4047.347
-3951.11
-4396.528
-4069.615
-4565.695
-3962.913
-4155.24
-4027.554
-3933.477
-4077.676
-4334.049
11913
1924.034
-1708.564
-3362.122
-3832.686
-3979.223
-2096.391
-3353.512
-3788.672
-3662.448
-4149.939
-4157.822
-4116.575
-4255.112
-3789.303
-3980.331
-4110.334
-4100.08
-4243.78
-4061.46
-4203.143
-4081.779
-4191.269
-4151.779
-3941.643
-4071.43
-4441.554
-4693.226
-4315.482
-3912.702
-4058.914
-4007.717
-4384.777
-4207.388
-3976.812
-4032.455
-4056.961
-4108.018
-4191.053
-3953.427
-4048.628
-4051.061
-4147.147
-4316.928
-4438.156
-3971.959
-4046.724
-4314.487
-5568.301
-4604.917
-3118.154
-3849.076
-4137.188
-4385.153
-4090.796
-4026.68
-4711.489
-4595.909
-4184.094
-3965.757
-3757.59
-4043.103
-4231.294
-4565.159
-4597.707
-4209.904
-4259.741
-4259.071
-4031.827
-4163.75
-4549.271
-4663.057
-4575.09
-3623.542
-3913.421
-4109.377
-4323.616
-4100.185
-1571.264
-3202.729
-4044.074
-4128.201
-5367.039
-4447.216
-4237.089
-4385.632
-4291.183
-4023.213
-4059.378
-4101.198
-4298.126
-4457.802
-4716.142
-4112.95
-4310.064
-5552.92
-4288.641
-3982.184
-3784.281
-4132.542
-4279.015
-4283.757
-4255.437
-4098.494
-4064.29
-4364.535
-4141.421
-4840.049
-4406.603
-3690.201
16340.56
3251.499
-1580.47
-3300.725
-3998.44
-3884.097
-4044.641
-1661.933
-3290.722
-4278.936
-4636.194
-4336.381
-5187.182
-4633.937
-4327.401
-4245.728
-4135.064
-4149.871
-4256.739
-4335.863
-4475.607
-4422.849
-4262.433
-3662.01
-4111.024
-4218.521
-4073.727
-4267.221
-4363.21
-4571.512
-4387.783
-4298.423
-4565.607
-4363.315
-4805.43
-4440.042
-4161.02
-3990.494
-4061.925
-4092.23
-4035.454
-4150.028
-4166.739
-4093.85
-4239.943
-4084.83
-4384.385
-4226.937
-4574.916
-4498.437
-4324.822
-4359.448
-3693.274
-4377.671
-4174.205
-4353.405
-4274.435
-4253.06
-4305.153
-4031.3
-4230.838
-4412.335
-4485.844
-4253.487
-4523.6
-4380.93
-4325.768
-4731.591
-4574.842
-4230.367
-4335.763
-4437.915
-4030.416
-4181.63
-4505.332
-4367.629
-4986.463
-4694.906
-5254.42
-4801.893
-4465.577
-4406.902
-4193.538
-4286.769
-4520.335
-4431.575
-4424.277
-4484.57
-4339.947
-4421.652
-4369.219
-4498.036
-4502.417
-4576.248
-4525.592
-4422.697
19551.73
4451.962
-1438.849
-3070.156
-3903.981
-4395.304
-4415.658
-5340.601
-5040.728
-4832.133
-4763.117
-4946.046
-358.0764
-2313.029
-3692.936
-4301.651
-4401.893
-4398.512
-3434.075
-4229.079
-4223.44
-4415.745
-4268.696
-4654.49
-4835.17
-4477.3
-4421.547
-4890.778
-4653.476
-4605.147
-4503.74
-4326.585
-4348.063
-2720.094
-4170.749
-4039.605
-4244.348
-4727.757
-4700.389
-4521.817
-4358.817
-4505.125
-4287.278
-4579.542
-4688.328
-4593.746
-3577.838
-4150.927
-4573.069
-4714.965
-2959.646
-3677.591
-3712.931
-3500.74
-4120.511
-1739.567
-3600.207
-3797.177
-4325.723
-4613.025
-4801.162
-4613.451
-4181.382
-4417.552
-4168.788
-4352.713
-4542.627
-4777.193
-4777.79
-4735.447
-4599.049
-4596.401
-4993.91
-5124.661
-6793.24
-7042.132
-5326.52
-5133.842
-5001.653
-5204.168
-4899.742
-4427.9
-4721.235
-4607.203
-4793.803
-4821.065
-4751.851
-5791.252
-5275.029
-2499.573
-3716.856
-4485.727
-4874.004
-4578.513
-8238.764
-5995.84
-5032.58
-4719.602
-5384.849
-5132.181
-5008.072
-4802.81
-4719.898
-4698.343
-4868.113
-4652.773
-4683.226
-4552.246
-4830.812
-5614.708
-4945.513
-4832.771
-4898.513
-4892.453
-4933.345
-5264.913
-4784.09
-4760.076
-4855.829
-4860.279
-4357.786
-4682.16
-4924.748
-4862.387
-4890.402
-4492.95
-4619.139
-4806.904
-4709.284
-5058.229
-4869.055
-4829.797
-4878.973
-15210.34
-8579.661
-6193.65
-5508.229
-5084.041
-4791.164
-5141.766
-4681.644
-4944.741
-4888.923
-5382.532
-4875.902
-4740.004
-4887.832
-9647.257
-6740.692
-4685.994
-4715.588
-4778.812
-4864.343
-5238.316
-4874.718
-4975.503
-4812.96
-4726.947
-4918.75
-4903.997
-4729.044
-4812.438
-4791.17
-4739.928
-4405.621
-4679.43
-4806.912
-4765.327
-4735.553
-4939.998
-9332.411
-6701.769
-4274.36
-5692.946
-5108.117
-4974.713
-4939.693
-4917.888
-4784.983
-5637.879
-4934.451
-4891.967
-5295.816
-5110.46
-5012.007
-5882.954
-5636.269
-5326.525
-5030.266
-5432.565
-5183.39
-4780.854
-4874.576
-5308.556
-5022.893
-4966.58
-4948.499
-4849.895
-4452.451
-4789.733
-4909.863
-4874.185
-5097.553
-4972.546
-4962.432
-4915.508
-5270.354
-5137.845
-4875.708
-4757.799
-5269.886
-5172.417
-8906.555
-7503.056
-9666.488
-6632.788
-5600.774
-5214.36
-5038.34
-5030.325
-5006.279
-5005.327
-4185.584
-4806.246
-5014.964
-4217.916
-4702.683
-4798.805
-4896.968
-4740.2
-4906.442
-4987.693
-5103.11
-5113.932
-5258.576
-4995.516
-5235.902
-5212.181
-5187.041
-3685.55
-4398.618
-5043.342
-5397.335
-5441.144
-5192.492
-5100.893
-4464.803
-4953.826
-5055.441
-5174.589
-4710.069
-5065.196
-4368.145
-4951.146
-3137.293
-3886.971
-4408.748
-5149.944
-4892.231
-5106.583
-5103.029
-5181.697
-5096.509
-5068.864
-4926.21
-5104.293
-5180.137
-5981.357
-5553.827
-5360.608
-5982.506
-4833.799
-5053.076
-4950.538
-4893.268
-5244.67
-6201.374
-5651.727
-5309.53
-5276.529
-5315.338
-4991.182
-5204.586
-5276.049
-5244.914
-5166.538
-5137.093
-5118.415
-5140.911
-5630.021
-5358.234
-4684.119
-4872.605
-116799.6
-46489.22
-20537.98
-10939.61
-7522.867
-6050.33
-5452.137
-5369.108
-5525.252
-5103.369
-5207.256
-5847.885
-4709.047
-4527.122
-5371.168
-5191.425
-5361.875
-5748.053
-5364.36
-4955.282
-5030.607
-5155.937
-5122.725
-9217.362
-6743.145
-5914.543
-5517.763
-4916.318
-5145.756
-5201.217
-4923.272
-5283.785
-5235.69
-4133.916
-4771.768
-5684.962
-5484.934
-5434.154
-5309.346
-5383.115
-5443.245
-5632.05
-5735.363
-5476.913
-5400.341
-5095.827
-5316.729
-5251.555
-5252.147
-5193.001
-4958.978
-5124.683
-5234.64
-5136.92
-5216.77
-5335.156
-5335.85
-5120.747
-5320.216
-4787.89
-4339.535
-4855.723
-4563.465
-4968.901
-5156.283
-5487.173
-5314.077
-6614.53
-5777.046
-5383.446
-5490.811
-5294.673
-5084.622
-5252.547
-5292.45
-4608.094
-3700.833
-4623.55
-4775.525
-5221.134
-5145.194
-5254.706
-1581.169
-3751.405
-4646.5
-2318.498
-4689.908
-4972.146
-5387.392
-5548.812
-5454.275
-5318.544
