-48.40869
-111.4986
-188.1884
-320.7869
-116.6506
-206.4376
-448.3623
-350.6891
-199.702
-33.71127
-139.318
-1177.694
-270.1175
-880.1661
-171.3591
-150.9734
95.40668
60.2532
143.5463
32.72995
-456.3195
206.9254
-117.4118
111.6645
271.78
269.3926
141.6907
203.083
109.5715
90.93091
160.3702
25.66387
46.94736
157.8132
-13.76816
-38.95052
73.14366
247.9
692.238
-47.65125
-76.67235
-176.6813
-119.161
127.7451
-386.3738
-231.1412
-173.7412
-161.2316
-253.225
-45.19049
-32.12088
42.33822
602.8651
282.3838
157.0957
238.9106
224.0434
286.9843
286.7618
338.5304
358.6813
563.7665
435.8624
309.873
179.8127
1881.496
472.3186
305.7318
199.2777
230.992
247.6285
126.9172
13.17389
-23.9324
-12.11147
-87.91142
-395.453
-108.9157
-194.9763
-11098.5
-1951.794
-345.2576
-187.4823
-129.9625
-33.6602
-281.7666
16.20791
-30.35086
52.74093
204.962
234.9235
54.26063
722.6753
-1008.136
-159.9538
363.4028
435.4534
372.1522
403.1095
1477.969
1539.954
406.4491
468.9419
358.3954
361.1341
536.7207
187.6658
216.4371
75.0693
66.12328
7.632738
39.55567
-110.9248
-103.9399
-134.0831
-36.32331
-51.72726
-131.4075
-156.7463
-1518.387
-254.3646
-115.0857
-11842.81
-1647.671
-420.2041
48.31221
2421.934
546.9398
354.1795
299.5901
840.9854
435.7035
202.6896
287.8862
410.4042
459.0362
223.8196
492.6975
288.2598
314.6806
365.8187
369.1257
332.8719
2760.98
536.3172
209.4355
146.9144
53.49924
34.30099
715.6239
83.12823
-56.93777
-110.3775
-18.06254
-21.4967
-232.701
-93.62336
-65.71912
63.56888
107.9858
207.2576
163.8516
188.4061
254.022
158.0194
385.9416
435.234
427.947
478.6354
410.5855
516.6135
652.4159
598.3783
537.5981
411.1979
462.3798
578.1402
-24.76556
-1131.264
178.1493
247.0778
514.859
342.1444
107.2973
-445.0312
-21.68237
18.90375
283.5214
125.1696
32.3314
252.0709
160.0227
24.21989
38.01526
-212.0382
362.9522
110.921
132.3116
59.73245
260.0073
333.1942
681.1064
421.3756
349.9524
443.9882
473.4523
723.8614
1005.16
570.109
548.8931
523.1725
-64.68694
96.15415
882.7293
582.0742
335.4126
439.9204
353.182
50.70814
76.50779
310.9301
167.8581
42.04487
-6133.573
-718.7699
33.16327
98.46371
-780.0209
184.888
-1036.795
3.514083
-98.96463
181.6397
-5.030375
101.486
182.3765
341.1783
426.3211
475.1703
252.8697
521.6407
526.3527
553.7009
222.2064
438.2861
566.9125
676.4662
622.9748
209.3834
574.5846
812.8693
580.7829
603.8691
461.4519
563.3735
465.3006
313.7883
313.869
2452.448
444.0818
292.5235
157.7574
185.7857
146.9992
21.25663
-34.26669
25.20823
331.687
193.0142
338.9012
427.4196
124.7546
332.5802
207.2363
353.9127
246.1952
448.0657
330.0476
478.7993
940.7926
-628.0163
1064.535
800.0136
84.11418
641.4937
914.0178
10500.73
2448.465
814.7529
780.027
946.1519
551.8514
1450.177
765.2035
398.8335
412.1998
1400.452
434.2936
341.9967
277.6016
201.9591
168.3352
154.2699
88.21287
334.2771
-167.1181
86.15466
263.7167
175.9863
1132.717
588.1767
457.6668
275.35
471.9301
1858.695
822.0841
786.6131
673.391
626.3038
687.4464
708.355
734.8543
950.128
803.2085
782.8412
807.3023
673.0522
547.4934
-10348.39
-1196.472
272.2396
384.2104
239.5775
413.8222
326.8255
296.7624
293.6269
99.01667
332.7718
194.6977
329.6702
246.8925
289.5631
-446.5381
196.9671
510.4207
403.253
83.7832
423.8926
995.4106
1052.778
542.851
634.7057
756.5122
503.7838
777.9846
694.2333
781.6304
795.2084
991.0577
786.3697
881.448
839.0729
617.3442
597.1725
725.2541
-706.887
438.8932
505.8603
393.5395
421.7511
393.4448
360.0301
2374.163
579.1831
396.81
282.9647
256.7676
256.5466
268.898
344.1338
363.4241
491.2148
447.8643
371.2536
631.5567
651.9739
686.8461
581.8459
736.4439
801.1827
1507.029
1020.804
874.6388
768.2448
918.5176
1122.646
894.8027
1127.931
930.4401
895.1012
1076.007
776.7723
222.3087
928.3361
565.3954
-1755.021
148.6109
193.5058
312.0691
575.6103
899.7035
494.455
454.7621
489.5801
424.3251
360.0264
516.7928
452.2408
468.239
684.0588
6725.676
1460.904
343.1132
571.8368
501.1493
509.6201
843.3405
911.8878
901.403
121740.4
18948.9
3890.447
1265.408
977.3663
942.1275
543.9366
990.7381
663.1472
671.9009
2713.03
1060.195
383.5873
520.3972
670.1345
453.1958
241.1931
-949.3302
726.8769
451.698
1042.333
538.5229
-13.99839
287.3864
660.2249
420.0762
3371.106
1106.063
-3051.272
187.477
589.2718
985.9097
489.7965
290.3045
721.9845
940.9517
1060.636
900.2611
942.2675
818.67
982.4506
834.6363
548.3422
1026.22
878.8019
866.3738
667.4877
661.7684
818.6227
692.7057
389.5193
619.6
-106.2155
363.1539
486.6081
530.0917
464.569
354.7982
485.698
477.6474
-65.4846
897.7886
659.6962
608.3167
516.8889
698.9553
423.3474
765.2698
768.1118
646.666
834.3519
862.8735
976.6349
916.4261
1875.481
1054.857
984.9503
973.8816
995.7379
1058.078
1134.214
896.4703
807.3061
788.9408
281.6905
969.6613
1254.334
664.3172
549.4544
382.707
496.825
492.8457
159.1504
546.8041
301.8934
527.371
729.1917
658.2068
554.0609
606.3066
678.9843
633.0109
655.7103
324.1122
679.4321
803.6693
923.1418
956.299
886.0382
919.4301
1071.581
1068.217
1126.056
1009.136
919.9946
1054.017
806.4631
978.5589
-14.41804
977.4127
879.613
616.6762
709.5507
751.5745
595.0191
633.1354
762.5131
923.4061
591.5407
593.7252
581.7141
602.5945
600.1391
780.6559
624.8939
635.0895
677.7971
589.8779
739.5748
11513.43
2276.542
246.5361
1227.271
1207.116
1089.698
1123.491
1419.438
1183.258
1035.407
1187.852
965.8591
1654.39
1199.643
1067.215
843.4585
968.7887
947.8906
934.0907
926.3575
715.2155
815.8808
719.3121
695.6882
613.694
779.5585
715.4465
877.8971
879.5072
833.4048
635.2478
625.1923
1198.439
974.6297
840.785
800.5157
812.8518
-927.4906
648.4723
763.5789
979.6231
1076.573
1002.653
1126.62
1206.894
1142.164
-298.7451
812.8906
1142.248
722.7098
782.8086
2014.919
1376.951
673.0339
907.5
894.8284
1027.945
923.1056
933.606
652.2087
584.3619
1106.398
1322.942
774.9123
374.6371
632.7984
644.7382
777.1736
560.574
725.0482
789.5458
217.4172
696.5324
394.5088
-767.5589
815.3255
1155.285
1073.748
1577.585
1170.217
1333.886
1196.899
1227.464
1210.797
1376.756
1240.979
1584.838
1255.136
996.0324
1588.757
1291.698
1056.727
353.0072
1821.908
1075.219
1226.246
1025.673
1837.557
1138.102
820.4108
880.8092
758.0214
820.4323
757.7601
1125.53
1313.926
976.219
-1248.784
-321.4288
677.4233
933.109
932.7139
909.041
1009.171
1114.193
1042.974
1174.197
1597.738
1156.173
1150.179
1274.211
-309.1861
618.4787
995.1217
1283.636
1505.094
1187.839
1321.22
1096.155
1170.329
968.6134
895.3015
993.5073
937.7601
872.6791
873.6644
745.9839
835.4145
736.392
878.5268
771.7788
543.2677
865.7614
838.9102
872.5996
952.5368
944.0552
703.9763
28519.33
5217.827
2031.342
1289.792
1191.587
1216.335
1284.824
1307.62
1251.857
1385.329
1402.595
1692.213
789.573
1318.399
1403.298
1160.922
2323.973
1343.297
1270.552
1388.363
1110.489
-2593.259
372.9208
873.9252
908.5284
945.4725
-636.425
1806.001
1165.538
867.2936
824.2003
934.4823
910.4955
879.6944
960.0955
928.2809
992.6852
1046.542
1182.26
1187.147
-23225.39
-2456.619
745.6018
1180.308
1494.7
1379.481
1383.304
1554.731
1261.829
1840.008
1427.897
1261.97
1242.773
1095.114
1211.07
1294.409
1072.977
1169.339
1061.455
1023.937
924.735
917.1191
955.3353
-394.3392
757.9064
287.2537
870.9069
1008.576
1005.831
1034.869
812.8859
979.5551
1073.278
1276.114
939.6289
1186.732
1234.767
1304.896
1226.219
1295.759
1189.136
1403.395
1434.844
1000.724
1576.518
1757.406
1464.705
1377.842
1496.339
1208.538
1273.271
926.384
1208.934
1217.029
1318.81
2300.124
1249.721
954.3162
986.602
975.4948
863.6942
895.0889
-256.7171
800.5962
859.6254
1256.595
-1380.7
758.6987
1066.917
1192.321
415.2561
950.3343
-1534.3
735.9115
862.5363
1529.543
1437.006
1373.317
1477.801
565.7005
2082.019
1660.157
1288.772
1524.448
1495.021
1565
1367.544
1491.944
1411.75
1376.237
1286.112
1331.371
1311.233
1127.564
1127.774
1483.263
1076.647
976.6192
833.0761
1217.451
1173.3
1209.695
1061.748
1010.08
1018.019
1082.22
1183.03
1139.949
1173.81
571.9332
583.1764
1356.45
1309.868
1559.392
1561.779
1514.408
1041.642
1354.891
1559.821
896.9912
2071.039
1502.643
2775.246
1376.824
1444.008
1476.203
1388.126
1014.167
1240.545
1055.054
1256.321
1148.43
1242.918
1060.704
1094.196
1041.16
480.4352
759.8369
1315.437
1096.361
2298.743
1394.728
1136.63
1408.665
1265.506
1238.295
399.2255
1191.507
1736.329
1467.993
1518.383
1431.677
1477.229
1563.17
1710.641
1528.429
1397.807
1235.183
1381.935
1476.642
47.95658
1350.607
1193.261
1385.642
1263.562
1262.708
1858.443
1182.215
612.9084
1076.047
910.212
1132.184
1087.53
-471.4642
1037.945
1084.481
1071.202
1173.824
809.6841
592.3459
964.1304
1247.057
1280.507
1290.893
1125.891
1405.863
1473.906
1444.295
1542.411
1698.445
1641.911
2047.847
1573.579
1597.033
1553.707
1625.466
1602.45
1565.778
-851.1905
1110.632
1293.503
937.7758
1338.83
1310.164
1286.323
1184.606
1194.079
1365.19
1199.449
1276.792
1072.449
1111.81
1071.859
1073.602
1164.516
-17053.29
-1399.077
-11574.74
-488.506
1087.977
1427.684
1795.049
1715.942
1538.203
1556.294
1475.329
1494.507
1618.903
1722.215
1058.265
1527.634
1617.666
9217.978
2124.652
1684.174
1374.824
1649.796
1530.414
1482.443
1430.924
1346.419
1307.121
1376.348
1353.426
1406.062
687.3257
1149.482
85.61724
1143.529
-1568.252
810.5405
1101.727
1339.118
1177.88
1271.881
1767.917
1505.763
1508.215
1581.014
1602.843
1227.678
1537.096
1422.338
1671.5
1678.466
2144.998
1708.454
1780.759
1813.612
1733.547
1300.148
1609.273
1706.363
1563.374
1557.706
1680.22
1741.448
1365.468
1412.628
1092.002
1345.08
1222.444
1250.624
1178.221
1255.732
1236.481
1299.576
1239.657
1276.263
1351.84
1955.03
1515.813
1462.046
1425.139
1539.14
1595.105
1578.565
1629.284
1667.964
1567.654
1703.278
1857.306
1795.416
1809.379
1780.873
1808.931
1908.297
1727.619
1713.904
1727.581
2653.286
1803.095
1638.546
1724.655
1445.466
377.8296
1311.614
1432.287
1283.55
1372.687
1358.065
1291.585
1584.707
1324.239
1236.197
1460.083
1410.678
1255.311
674.1766
1429.689
1485.278
1549.842
1567.398
1609.092
1721.906
1879.862
1896.325
1659.469
2073.486
1857.112
525.4095
1683.382
1632.439
1762.309
1802.072
1827.202
1576.682
1598.593
1611.988
1504.975
1462.501
1539.739
1451.763
1482.446
201.8209
1587.617
1265.219
1313.917
1180.734
1395.374
1481.44
1460.084
1278.157
1460.155
1414.465
81.49864
1421.012
1605.175
1806.759
1699.247
1764.183
1803.617
1895.771
1925.336
1861.14
2011.805
2027.658
1756.525
1905.942
1879.689
1871.496
1900.373
1632.284
1699.163
1833.26
1832.82
1680.649
1457.37
1778.882
1625.403
1858.927
1585.824
1364.094
1509.591
1463.116
1496.849
1447.616
1680.79
1506.926
1188.966
1497.544
1570.236
1613.367
1602.421
1920.832
1773.233
2320.641
1731.295
1781.064
1837.604
2287.42
2001.666
2035.634
1980.603
1346.498
1847.414
1955.02
1942.882
8585.033
2894.083
1982.368
1843.83
1734.909
2397.759
2216.95
1679.423
1575.159
1634.087
1530.28
1598.606
1547.689
1179.7
1370.122
1497.925
1429.775
1500.973
1580.104
2522.215
1710.815
1683.278
1596.135
1614.686
1748.991
1853.939
1877.047
2312.499
2128.674
1697.753
1380.011
1913.246
2103.598
2030.458
2068.787
2055.219
2156.167
1906.976
1906.564
1877.638
1832.991
936.3164
1638.778
1953.081
1808.041
1700.388
1635.497
1779.262
1577.735
1633.644
1501.035
1604.05
1396.418
1535.363
1502.121
1669.419
1853.104
1676.783
1617.603
1520.418
1647.45
1799.629
1821.534
1848.424
1516.504
4491.469
2334.735
2134.185
1934.175
2137.503
1393.928
1941.997
2202.289
2067.446
1997.045
2124.013
1998.405
1979.702
1879.353
1842.36
1908.677
1742.989
1743.29
1730.648
1543.015
1756.903
1737.049
1617.393
1692.117
1091.989
1563.61
1586.133
1471.489
958.2815
2030.218
2031.836
2113.495
2211.232
2544.119
2193.357
1624.234
1502.371
1948.731
2026.056
727.4652
1814.58
2314.394
1964.752
2091.371
2040.984
2159.315
2110.085
1955.258
1909.948
2100.739
1969.386
1929.423
1975.348
1918.65
1626.477
1750.445
2247.766
2104.102
1720.649
1547.584
830.182
1504.347
1680.043
1536.62
1714.925
1549.648
1863.941
-2858.488
2708.138
1958.495
1958.458
1979.399
1844.094
1999.822
1769.52
1609.154
2410.433
2173.742
2176.597
2190.876
2162.272
2183.421
2003.603
1866.336
2011.165
1953.716
64.68266
1665.263
1896.6
1879.906
1977.884
1793.837
2493.299
1757.595
1704.107
1534.606
1711.291
793.5925
1773.756
1677.253
1792.233
1690.116
1767.282
1785.893
1870.74
1871.584
2037.783
1522.539
1918.266
2092.193
2211.016
2400.395
2383.393
2648.123
2323.572
3468.981
-1348.984
1190.894
2043.793
2265.876
2173.592
2015.87
1963.837
2066.34
2008.107
2002.554
2060.585
1981.528
1898.411
2540.313
1783.213
1838.533
1763.324
1792.432
1786.918
1947.165
1589.444
1997.184
1757.53
1274.285
-19593.72
-1311.307
1442.183
1935.891
1906.978
2135.007
1926.884
1982.533
2135.827
2303.077
2295.501
2322.798
2449.691
2279.906
2855.485
2362.644
2243.986
2420.512
2125.409
2245.935
2112.424
2138.277
2171.036
2093.267
2642.804
2069.096
2006.574
1721.16
-3530.138
1062.512
1744.883
1800.232
1974.148
1829.217
1767.974
1497.922
1648.006
1783.501
1920.2
54443.4
9718.903
2913.458
2234.298
2120.45
2038.692
2239.154
2999.945
2345.819
2318.527
2949.998
2662.051
1788.627
2380.437
2280.073
3912.997
2472.077
2275.44
2193.581
2179.064
1863.741
2116.861
1991.554
2157.355
2059.76
1957.193
6922.701
2609.281
1937.67
1915.698
1962.093
1937.947
3209.262
2058.061
1915.539
1964.959
1746.874
1879.378
2382.661
2162.145
2125.943
4014.599
2808.986
2294.818
2314.542
2256.78
2312.194
2416.19
2198.559
2295.109
2376.777
2410.883
2293.772
2258.384
2283.336
2239.414
2148.805
1522.805
989.6909
1869.645
2044.206
261.4453
1860.419
2134.404
1940.789
2032.628
1883.689
1898.258
1875.619
1943.094
2102.561
1979.246
2195.436
2179.699
2079.176
2292.8
2158.737
2095.148
1047.316
2141.203
2388.886
2144.103
2371.583
2567.584
2597.1
2742.659
2474.413
2161.478
2560.391
2551.373
2244.684
2191.829
2270.367
2218.846
2595.515
1818.64
2082.974
1918.263
2029.765
2146.544
2193.383
1979.977
2009.683
1987.077
1885.213
1907.575
2202.814
2217.628
2075.288
2105.577
1958.635
2113.791
2061.892
2496.184
2315.577
2430.782
2352.333
2361.388
2409.847
2410.084
2274.253
2512.028
2496.722
2665.407
3064.182
2524.678
2647.707
2170.68
2467.093
2331.374
2747.773
2391.174
2233.501
2202.051
2311.47
2034.838
2280.243
2170.22
1992.676
1901.315
12787.1
3655.533
2244.866
2008.599
2108.978
2083.896
2081.778
2132.948
2295.53
3741.55
2546.022
2467.151
1510.04
2148.157
2509.076
1202.419
2172.675
2390.997
2535.563
2618.496
2463.044
2657.368
2618.234
2471.539
2824.128
2575.515
2373.186
1262.174
2295.969
2242.634
2501.576
2387.51
2185.091
2314.369
1736.286
2102.934
2177.887
2130.229
1838.135
2269.177
1979.06
1478.873
2163.753
2255.838
2150.537
2309.298
2325.885
2190.729
5808.135
2819.535
2580.104
2560.984
2665.876
2459.42
2703.366
2608.761
2548.567
2854.578
2078.161
2581.335
2681.108
2461.175
2561.125
2354.585
2736.035
2384.22
2309.631
2854.65
2790.433
2271.042
2291.695
2002.483
2472.963
2121.468
1591.757
1858.781
1851.377
2095.378
2320.984
2189.874
2218.994
2304.047
2937.661
2328.208
2298.656
2306.088
2603.934
3068.417
3068.786
2637.74
2700.443
2585.817
2681.142
2518.258
2637.825
2064.526
2576.762
3008.891
2706.218
2594.513
2558.732
2650.526
2227.858
2383.187
2382.837
2465.703
2338.831
2237.984
2249.823
2268.552
2208.65
2050.316
2106.054
2078.845
2338.206
2289.767
2257.904
2280.868
1344.977
2291.506
2444.888
2429.28
2442.99
2430.665
2614.929
2706.478
2741.195
2605.097
2805.028
2735.637
2672.431
2773.076
2679.148
2486.177
2630.973
2873.739
2691.169
2596.317
2534.062
3967.519
2601.175
2385.217
2277.238
2392.795
2070.627
2259.354
1998.139
2254.432
2200.118
2564.92
2156.051
2162.939
3024.361
2463.816
2629.254
2270.647
2477.576
2676.217
2404.137
-6037.426
1182.777
2184.638
2660.135
2668.83
2979.327
2905.884
2827.407
1784.273
3745.666
2926.451
2683.478
2737.805
2710.074
2211.199
3859.204
2408.02
2398.757
2884.473
2374.28
2386.862
2463.558
2464.103
2420.693
2311.243
7344.794
2992.402
2259.059
2313.127
1905.249
2269.169
2425.665
2413.938
2542.13
2583.34
2646.138
2627.291
2414.09
1872.529
2610.774
2753.168
2906.624
3054.656
3494.738
2999.804
2825.661
2927.074
2865.567
2835.923
2713.262
2741.278
2953.986
1965.801
2309.851
2257.286
2271.58
2442.728
2521.649
5354.576
2809.605
2416.063
2276.989
2359.635
2324.618
2305.45
2388.63
4045.364
2533.72
2649.607
2487.071
2396.893
2546.311
2600.944
2650.734
2685.413
2727.364
2597.267
2559.041
2802.91
2709.489
2928.889
2908.819
2502.449
2818.22
2845.212
2933.982
2917.003
2955.857
2742.037
1785.9
3105.272
2666.218
2555.213
2671.325
2685.521
2440.271
2423.07
2366.016
2200.574
2556.044
2559.795
2337.972
1534.05
2508.518
2435.104
2484.491
2473.864
2626.512
4042.902
2888.225
2732.806
2746.938
2676.357
2779.297
2800.19
2867.975
2918.314
2992.583
2924.773
620.8641
2626.727
2585.339
2831.727
3043.932
2895.6
2871.746
2749.524
2698.875
2691.421
2573.801
2664.942
3828.575
2868.369
2370.528
2559.858
2558.268
2430.708
2469.718
2480.688
2467.339
2682.502
2614.339
2511.965
2496.187
2838.176
2645.018
3434.231
3359.601
2822.937
2774.618
2748.495
2910.981
2949.587
3226.919
2859.001
3224.607
3025.633
3071.254
2953.189
2921.405
3086.227
3076.519
2852.155
2893.485
2846.536
2854.21
2746.603
2660.029
2114.011
2430.726
2676.653
2734.303
2614.396
2567.732
2523.246
2458.194
2613.435
3348.128
2611.451
2595.803
2553.408
2635.304
2642.064
2628.318
2823.533
2789.401
3074.268
2985.165
2865.201
3074.415
2992.049
2955.173
2910.211
3041.907
3168.78
2891.69
3021.783
3144.423
2969.324
3144.959
2958.351
2860.228
3004.093
2833.307
2589.82
2508.192
2757.799
2646.418
2697.681
2620.869
2440.698
2518.498
2865.069
2581.065
2817.539
2438.989
2532.955
2641.967
2565.335
2880.944
2761.721
2865.803
2842.079
2902.425
2945.904
3074.112
2959.019
3093.108
4258.166
3435.434
2862.787
2980.011
2931.766
2982.336
3144.024
2932.376
3362.516
2571.777
2816.558
2864.089
2824.226
3066.504
1482.665
2545.015
2727.118
2581.515
2720.511
2755.882
2598.971
2635.022
2780.453
2695.621
2716.465
419.7924
2398.993
3106.685
2862.5
3004.642
3495.134
2735.287
3020.697
3076.251
3080.357
3060.336
3145.549
3218.245
3162.723
3151.662
3243.755
3148.023
2819.502
2948.224
3067.506
2951.081
2475.768
2828.434
3103.668
2951.988
2660.455
2761.804
2704.836
2457.816
2624.664
2713.002
3159.631
3190.374
2845.799
2645.003
2500.239
2555.331
2687.45
2566.879
2808.799
2946.972
2890.612
2875.767
2851.672
2993.408
3056.193
3121.596
4171.279
3251.057
3332.386
4361.255
3203.166
3210.481
3462.677
2716.215
3045.656
3108.948
3025.964
2849.656
3123.349
2995.772
2949.172
2944.808
2604.049
2394.494
2715.437
2574.456
2637.126
2287.168
2691.519
2721.17
2280.864
2647.432
2751.039
2838.662
2827.676
2887.488
2984.753
2945.933
4558.809
3286.787
3001.468
3223.593
3181.027
3110.841
3278.94
3284.673
14539.02
4705.901
3583.105
3317.15
3245.341
3193.466
2779.556
3008.896
3084.01
2970.42
3044.264
2957.354
2995.339
2977.981
2781.253
2799.143
2765.824
2842.726
2928.18
3311.195
2733.714
2818.532
2727.916
2772.403
2991.443
2693.587
3919.414
3373.14
3011.846
2736.933
2939.533
3183.197
3148.556
3173.663
3255.079
3314.554
3263.759
3310.88
3401.66
3376.447
2643.884
3209.648
3095.763
3132.577
3301.309
3218.462
3100.874
3016.101
3115.605
3016.172
2988.399
3317.363
2953.055
2755.195
2838.474
2784.137
2892.668
2915.305
2791.528
4149.214
3038.657
2894.387
2717.475
2895.334
3024.443
3228.308
3110.721
3166.349
3121.446
2612.402
3235.004
1834.094
3495.401
3329.95
3309.281
3354.383
3424.549
3473.16
3173.405
3224.603
2869.088
3183.937
3989.285
3094.266
3496.388
3186.004
3168.14
2993.283
2992.086
2988.589
3125.333
2887.736
2795.37
3133.422
3008.196
2909.13
3100.978
2980.665
3748.4
3080.833
3067.699
3081.416
3191.42
3175.995
3216.058
3382.422
3176.104
3454.265
3519.329
3535.578
3609.324
3407.498
2969.618
3328.707
3295.324
3484.168
3533.467
3424.881
3411.985
3356.068
3265.983
3113.956
3176.829
3074.134
3098.084
3088.974
-765.3315
2356.577
2765.68
2908.898
2885.921
2919.345
2729.248
2804.596
3166.393
2901.473
2856.944
3079.952
3195.675
3101.361
3234.903
3202.879
3365.522
3341.09
3474.386
3394.838
3434.427
3563.696
3442.615
3486.042
3274.659
3435.675
3429.294
3435.419
3502.495
3362.194
3447.331
3324.49
3480.764
2666.578
3124.873
3823.873
3217.397
3121.541
3091.895
3058.475
2976.71
3062.246
3767.716
3039.989
3057.06
3051.494
3026.464
3106.836
2978.585
3348.817
3238.7
3110.694
3287.161
3450.564
3410.076
6095.944
3765.71
4283.155
3635.214
3665.847
3554.606
3725.657
3677.448
3507.716
3501.064
3421.771
3405.81
3229.545
3204.218
3374.602
3217.114
3182.127
3173.801
3143.019
2749.434
3014.25
3234.853
3070.338
3233.301
3150.693
3011.477
3160.946
-579.7992
2630.868
3057.206
3156.459
3224.742
3230.353
2512.083
3334.449
3391.047
3469.463
6868.983
4066.743
4026.704
3643.053
3560.35
3579.447
3678.136
3630.774
3739.797
3624.664
3508.83
3333.42
2970.6
3718.27
3459.305
2888.96
3129.588
3219.168
3042.177
3198.49
3010.313
2741.409
4166.741
3248.459
3111.96
2966.065
3076.111
3089.742
3139.901
3271.054
3208.209
3495.133
3335.727
3564.904
3538.607
3485.838
3635.213
3372.786
3386.321
3546.121
3652.588
3588.194
3665.411
3810.519
3728.26
5496.676
3704.277
3545.866
3454.774
3482.912
3138.78
3236.353
3113.772
3309.999
3498.997
4215.504
3428.898
3214.9
3196.96
3165.574
3094.119
3169.415
3228.595
3184.895
3162.716
3216.492
39428.77
8732.687
3067.691
3314.843
3630.848
3705.872
3543.355
3511.565
4215.716
3658.758
3727.914
3694.803
3771.608
3574.91
4051.974
3728.366
3711.458
3393.231
3758.36
3567.359
3517.424
3447.041
3564.003
3309.98
3286.033
3289.84
3329.649
3396.893
3230.015
3325.526
3304.374
3347.863
3154.902
3194.999
3196.353
3212.821
3531.124
3579.819
3317.637
3396.979
3353.881
3471.821
4519.416
3433.647
3231.346
3746.077
3739.754
3592.694
3684.468
3880.129
3664.05
3652.035
3668.636
3645.051
3529.034
3713.576
3674.669
3656.121
3598.76
3579.145
3534.027
3401.979
3459.509
3446.388
3325.007
3220.932
3175.059
3535.145
3340.413
3307.423
4210.901
3149.28
3375.293
3321.271
3268.653
3459.687
3551.487
3440.994
3701.572
6755.82
4172.591
3061.481
3689.325
4353.975
3810.799
3773.807
3766.654
3707.858
3854.291
3695.772
3785.138
3634.148
3478.272
3487.475
1960.344
3254.107
4520.258
8501.773
4201.79
3565.593
3442.115
3334.547
3554.379
3371.778
3348.198
3357.492
3562.217
3202.525
3312.218
3325.703
3380.37
3367.679
3374.555
3342.491
3534.59
3663.77
3232.128
3657.164
3770.005
3771.489
3779.899
3880.136
3833.021
3852.686
3745.37
4076.448
3954.516
3980.943
3775.347
3741.658
3858.914
-956.1221
3256.679
3555.628
3639.96
3501.324
3764.857
3492.348
3217.658
3372.679
3438.769
3529.087
3358.913
3408.167
3368.291
3402.814
3478.877
3530.935
3260.682
3463.838
3402.444
3640.842
3585.963
3627.401
3598.506
3719.593
3729.735
4176.241
3994.732
3875.672
3974.368
3868.138
3824.922
4056.226
3980.136
3802.74
49215
10509.42
4567.319
3850.688
3732.237
3876.8
3659.493
3514.218
9006.477
4212.126
3667.104
3393.377
3448.295
3225.312
3413.619
3469.178
3424.3
3457.947
3466.994
3316.535
3455.358
3526.225
3613.394
3783.132
3795.854
4184.388
3870.554
3651.867
3865.199
3969.805
3994.127
3979.871
4125.361
4018.147
4069.92
3830.508
4056.284
3934.641
3689.554
3314.632
3770.998
3936.733
3764.414
3736.82
3544.885
3582.068
3478.776
3446.856
3537.217
3485.121
4175.18
3401.554
3476.643
3530.038
3523.551
3627.115
3750.898
3634.012
3217.078
3689.602
3627.811
3797.832
3928.298
4034.627
3885.594
4016.076
3855.146
4037.955
3942.552
4105.6
3676.707
3907.372
3954.194
4025.868
3910.383
3787.576
3122.356
3832.236
3864.101
3855.531
3683.476
4193.314
3898.917
3796.107
3673.221
3829.353
3521.445
3557.681
3237.416
3569.784
4080.624
3487.337
2948.969
-2368.908
2849.362
262.8841
3133.775
1794.313
3476.721
3947.634
4001.467
3919.253
4121.505
3657.704
3988.938
4052.433
4249.208
4070.468
3028.417
3806.269
3948.758
3260.668
4202.563
4091.958
3927.024
2555.61
3580.373
3966.632
3746.073
3711.745
2967.942
3601.538
3601.892
3452.137
5861.389
3893.24
3592.085
3541.293
3630.043
3846.512
3755.305
4069.345
4019.022
5809.469
4210.653
4023.987
3700.11
3915.643
4061.471
4204.946
4032.413
4032.005
3946.045
3908.105
4144.035
3946.383
4068.187
3925.97
3995.942
4067.952
4031.164
4200.698
4039.557
4005.151
3857.596
3743.447
3797.574
-1539.952
3347.468
3408.617
3637.691
3395.351
3587.801
3586.23
4877.472
3830.519
3503.811
3701.272
3785.537
5777.522
4202.534
3153.922
3999.163
4068.172
3977.987
3836.022
4063.389
4036.241
4177.28
4328.256
4159.577
4183.846
4114.886
4062.224
4087.404
4116.074
2778.306
3223.396
3786.189
3926.159
3927.599
3066.001
2329.107
3515.238
3814.701
3582.383
3800.625
5238.567
4182.844
3790.114
3872.726
3713.365
3754.241
3896.527
3806.24
3843.661
3297.156
3901.98
4076.509
3501.478
3953.843
3960.582
4242.921
3740.109
5793.058
4667.96
4207.328
1525.184
3820.411
4106.026
4601.534
4187.698
4143.206
4118.767
4114.816
3955.135
3992.368
3817.849
3863.476
4264.693
3029.918
3944.247
4497.951
3824.517
3794.108
3643.97
3540.55
3718.477
3699.065
3793.512
3816.64
3975.517
4211.029
3822.705
3988.949
3959.954
4278.984
4125.821
4872.241
4211.982
4289.799
4186.563
4398.417
4338.4
3811.457
4148.731
4352.918
4018.872
6150.439
4432.826
4303.653
4369.627
3191.78
3941.607
4098.92
3948.921
4006.493
3948.173
3699.637
4224.011
3700.965
3824.895
3710.093
3868.483
3775.25
4135.785
3829.606
3892.495
3914.512
3992.108
4081.584
3967.826
4032.195
4046.213
4188.713
4203.664
5685.757
4474.037
4372.823
4270.683
4240.433
4768.025
4426.033
4449.414
4653.397
4384.407
4202.35
4193.046
4047.394
4059.428
4071.948
4120.582
3894.908
3917.754
3841.374
3772.806
3966.851
3430.174
3727.55
3838.923
4000.175
3830.412
4121.026
4052.782
5681.709
4305.796
4073.256
4013.287
4130.19
-19507.79
250.3182
16211.59
5904.483
4252.91
4387.576
4293.163
4303.48
4297.416
4559.835
4390.285
4170.229
3789.607
4254.442
4239.766
4313.207
4491.326
4132.839
4121.094
4248.115
4728.775
4122.187
4181.799
4055.822
3951.615
3904.862
3968.309
3748.437
3928.2
3789.178
3731.259
3884.657
3805.769
3989.95
4175.196
3916.991
4414.143
2908.866
4026.413
4236.923
4083.495
4009.314
4221.383
4219.516
4557.174
4381.333
4104.942
4286.599
4393.626
4425.44
4381.71
4465.326
3414.24
4187.938
4179.284
4169.262
3832.229
4048.779
3563.027
3960.586
4055.268
4005.939
3983.074
13566.57
5014.051
4129.728
4102.897
4159.663
4004.092
4008.223
4103.726
4111.313
4158.201
4250.91
8227.377
4918.126
4417.561
4949.632
4412.837
4425.536
3598.496
4215.023
4380.432
4248.91
4625.126
4422.732
4637.084
4457.33
4547.12
4619.125
4426.716
4300.517
4233.137
4223.243
4089.003
4303.444
4136.521
4372.615
3994.375
4230.443
4024.884
3974.331
5963.775
4056.911
3529.81
3981.179
4023.54
4021.882
4122.094
4121.409
3984.38
4327.061
3839.31
4269.124
4445.763
4582.967
4433.284
5100.84
5198.554
4469.633
4671.896
4396.263
4542.741
4550.542
4646.621
4508.095
4352.244
4327.359
4140.14
4344.147
4439.839
4360.149
3110.959
3760.846
4897.28
4087.685
18731.84
6213.544
4510.374
4126.684
4080.751
4043.734
4087.084
4129.977
4155.258
4264.961
4312.602
4179.942
4408.392
4518.368
4460.14
4524.369
4321.377
4431.798
4500.825
4521.791
4356.075
4524.921
4662.128
4470.599
4503.975
4607.868
4548.67
4566.711
3217.081
4267.577
4449.766
4269.166
4032.571
4463.783
4102.527
4198.06
4152.226
