-7084.001
-3021.434
-19249.75
-9024.872
2078.585
2107.603
2436.702
2774.748
-741.3231
3272.891
-94.7163
87.97221
-2783.056
788.0138
1247.326
4622.149
3003.589
1998.536
1007.48
1542.852
10483.77
5604.532
-853.2252
-366.1515
-500.6084
302.208
-1082.428
734.7462
1095.588
3955.093
7704.357
6446.161
236.5486
-282.0998
600.256
-179.216
8741.719
10812.95
6751.915
9915.628
2648.028
1938.066
2095.125
1613.644
1506.821
-1264.427
424.323
963.657
1212.059
1130.208
1091.915
1181.786
874.8937
-33878.06
-17229.96
-7571.382
-5365.749
-2136.226
-451.0496
-758.5423
2732.8
2031.054
2892.713
1227.147
613.4661
-384.103
763.376
613.6174
2110.28
40924.63
20494.1
9739.354
5345.285
2178.976
49736.28
22009.55
9877.584
5351.185
3963.354
2690.689
-5135.638
-1121.589
61436.23
20202.57
9425.779
4567.571
30.46369
1075.01
1079.375
15328.84
8211.546
3336.371
1688.051
-2201.745
538.825
1159.283
2973.261
2428.471
1790.902
1016.355
1198.174
1093.199
499.6004
702.1752
2666.599
1117.694
613.8069
337.295
1639.286
1424.91
1068.719
876.5012
257.2544
9998.232
5404.056
185480
90746.3
45638.06
22964.86
12417.78
15351.86
7715.136
3096.292
1563.818
-358.0284
-622.1532
3034.79
1647.543
844.5783
1524.968
1541.206
740.9561
-307.2166
2205.835
1814.384
1462.472
-60.59688
109.8076
906.0484
-2767.787
3612.769
-517.4613
-893.4339
1373.276
1178.961
891.5296
8834.397
6652.883
-741.5694
-423.3996
-131.6465
-594.224
-61.19689
-163.3489
1779.167
1247.734
390.2974
1980.757
-3029.411
-1143.493
-77.41384
293.9708
475.0736
-2121.172
-868.2462
-414.6167
-453.5777
4013.163
2175.936
1057.038
2913.289
992.714
562.9059
-280.7179
365.323
-30.73192
298.2615
-4215.179
-554.3084
-1777.229
-855.2573
1656.373
845.4234
399.0556
860.7775
-221.4214
-4185.161
-2229.019
-655.1921
263.5759
876.0517
-1426.757
-1013.667
963.6785
-11.2517
-37.44705
196.9017
5404.291
2072.924
1086.398
556.2572
38.96693
403.792
-6065.017
-17740.64
-7043.619
-3249.798
-2446.801
-3188.816
-1791.422
415.77
-556.7119
279.3716
1193.292
838.1736
-912.1957
-557.0908
-344.9076
-791.9566
-1465.971
3093.628
1043.85
717.806
-1428.518
294.2768
494.0589
96.69931
-404.3851
-1588.714
-1255.76
189.2792
319.9471
375.2767
-144.0485
889.8078
539.5041
1116.805
119.6081
192.2067
-482.926
-1391.591
918.4708
607.3619
311.839
-198.2777
-3738.33
-1774.532
-941.4126
-269.3874
-345.6471
-30489.69
-15328.97
-15687.12
-8121.627
-8409.652
-1635.19
11.65365
-865.7891
4953.497
2048.276
-24269.57
-13016.73
-7429.318
-2470.286
-530.0925
495.4961
-4911.165
-2571.357
-1384.347
-2477.345
-3625.632
-725.4237
-2043.614
-2207.017
-1697.976
-17469.7
-8218.503
-4704.46
955.6649
-161.1036
-475.5063
604.9166
198.5877
-451.3591
506.9213
-1453.619
-117.0097
-864.856
-505.1763
-12846.33
-7085.992
-1183.413
-254.5874
5267.542
2642.412
1002.177
63.93829
-152.3508
440.0793
-273.1728
-3981.298
2159.848
989.9363
475.7737
-621.7253
3929.978
2120.893
1216.209
1691.425
231.8687
-490.2117
-1599.552
-123.4632
-707.5793
-673.7991
-253.6201
-1419.511
-617.6296
-623.3263
-39.5479
-474.1163
-811.5527
-288.9824
-1661.529
88.06698
-185.3177
400.6239
-9165.432
-3920.55
-558.8427
586.9882
-1338.241
-4040.328
-1994.313
583.7665
-312.5083
-26095.88
-14478.56
-23250.26
-13345.81
-8321.384
-3418.995
-3015.309
-2799.079
-1266.038
-830.64
-1915.508
-2210.732
-413.341
-1614.674
-287.8833
-1090.629
514.4389
-11.63359
681.4542
1215.345
192.2567
371.0572
-672.2894
743.8029
-386.3963
69289.01
26957.3
14479.16
7254.566
3342.706
16432.89
8500.262
4648.382
3000.115
1297.048
1373.968
1104.029
5205.815
2767.343
1493.603
399.773
393.1497
-1545.999
-3165.737
-1587.06
1511.916
-2112.461
11.11254
-2118.115
-553.6194
3945.722
3039.902
-43.92621
-754.9941
-576.8192
-423.2498
-34.37685
428.8625
369.3768
2102.197
395.8574
2760.743
1372.774
564.9105
992.4305
932.9102
185.2854
726.2577
-3696.099
-1023.259
-150.081
-5563.331
3074.332
3805.315
1869.128
1913.152
1227.019
2231.735
11045.04
6699.044
4043.023
1533.7
-12041.49
-4526.195
-2541.913
-1010.096
573.9717
2525.419
1736.637
1666.725
2227.463
1679.383
20737.58
10886.78
6278.395
3499.833
2843.257
2093.613
908.4802
1554.283
1790.937
308.9294
1811.794
261.0228
-4504.181
-145.6171
805.2509
-6773.121
-3633.723
-104521.2
-12653.52
-8395.617
-3354.145
-934.0509
7378.601
4118.848
3118.381
-112.9411
1628.698
1628.654
1093.657
324.7851
1247.479
1756.152
921.262
1152.004
-1370.24
1611.007
2770.938
2296.72
1809.469
1402.075
3154.175
2592.24
3530.593
1865.633
-13331.22
-5606.468
-5804.629
-2249.453
3492.052
2574.48
-518.8223
796.2848
596.1962
-5081.97
-2140.88
455.6333
1229.256
8102.836
2620.56
2499.71
1227.913
-535.8032
4049.524
3946.757
14382.94
6380.684
4028.419
-320.7563
1791.332
448.3045
1090.501
1411.379
518.7947
356.9044
2126.794
2875.586
2295.394
-2730.045
-4826.03
-1662.545
-529.0796
-29552.89
-13666.44
-6326.754
-3504.882
-2745.805
-181.756
1643.425
2187.47
1460.922
1087.983
1126.002
3985.355
7430.749
1219.359
467.0911
1538.28
1195.933
5608.94
2635.883
2446.92
1572.368
2386.469
1184.737
2330.768
3724.764
3247.39
-723.007
2065.985
1002.468
1813.395
1784.946
6293.834
4019.153
-10627.39
17789.03
8050.107
5003.688
5587.365
-8767.942
446.8904
-960.2511
-1204.535
-42843.76
-20654.79
-9411.556
-7113.99
-4459.136
-3025.72
-976.3217
382.9641
864.5673
1746.987
38.47128
2679.266
2538.887
2030.895
2126.992
4082.884
-103.6883
-1177.93
424.1347
1095.356
984.1195
1688.705
1197.874
1530.34
1271.694
579.3239
3243.522
1176.962
1506.637
469.6359
1226.866
-983.999
-1162.781
73.90439
-690.3526
1106.806
2568.114
1990.03
4848.242
-1840.494
-875.3417
1291.376
1646.777
2873.399
3523.526
2215.776
4458.54
4336.207
-1179.766
-890.5795
2635.898
17212.56
11045.8
10512.73
5978.359
5556.56
3605.849
1957.148
-29574.95
-13784.43
-6137.745
-2445.961
-577.3689
389.1904
5312.177
1101.795
241452.2
118445.5
59753.23
28594.23
12732.24
7211.117
2903.428
10150.88
6661.261
1441.601
8844.379
5284.347
3460.696
3449.671
670.4297
1173.192
1696.193
-552.2961
632.3109
2210.173
662.1937
24680.94
406.3486
141.6285
1707.562
739.3196
808.526
935.6959
2501.646
759.3281
2111.996
1663.496
1158.247
1281.459
502.2875
1209.451
918.1558
940.1564
2594.763
1730.627
829.3722
-6164.946
-2843.214
-4592.87
-2709.62
189.3322
2254.648
1331.34
4072.613
20.96145
-487.4067
508.3102
445.6963
-979.637
-369.6629
-1552.154
-753.4948
-653.1453
188.104
-31.28604
-127915.1
-62766
-41408.61
-19133.1
-2931753
-1441177
-707843
-346661.8
-177911.1
-86865.63
-45417.83
-21529.41
-10526.18
-4865.761
-1845.891
-790.6807
971.8427
101.63
8.618307
1037.413
506.2775
1408.173
1417.23
-2871.669
-1694.466
-346.7989
36.96237
176.0549
2663.936
2683.21
1773.304
5188.843
2887.04
1724.047
12288.48
6874.42
3521.637
1366.323
1216.042
2283.984
1210.999
1796.092
1538.161
-28545.96
-13223.57
-6670.099
-1125.532
-236.1522
-70.4543
-84.412
1045.493
-957.7667
181.9295
-644.1719
-49.01565
-55.90356
-415.0101
169.0111
533.6497
4427.063
1778.905
860.466
-606.4824
14294.45
5404.42
5046.741
669.8017
528.9028
1050.41
1717.461
199.4087
8.081537
414.572
-52.14348
1142.222
73.20661
311.2298
-488.8846
-13739.77
-7972.361
-4464.901
-2398.164
83.5322
-1299.438
-1429.345
2336.237
418.8943
-100.0241
2036.142
2989.112
1168.133
365.5658
-356.0347
1517.166
-2087.394
-654.1351
415.8472
6557.381
3605.119
1852.165
637.0671
5452.856
-5898.479
-3597.133
-1419.456
-1748.134
-1104.353
157.4242
10480.79
4448.241
2922.153
1611.758
-1721.371
-2102.305
-1709.974
9341.792
5153.573
-74649.75
-37170.83
-17940.54
-8331.358
-3448.043
-1567.413
-68.41848
-519.7095
598.1382
385.499
-826.6792
-496.8899
-967.351
700.4958
-302.8823
1472.01
3463.602
1395.781
327.4528
-1322.067
487.8615
1614.349
1212.472
96.33953
7542.494
8334.634
4514.521
2932.1
4296.831
1254.703
1462.062
1999.956
1985.816
57.75223
-763.2336
407.7317
3449.565
4069.578
2726.631
1424.873
1963.283
1049.098
749.0501
278.4801
-1944.739
-732.8033
4233.199
-1087.521
-465.1839
3644465
1789762
879410.3
432845.7
212345.2
100070.6
48725.13
24073.41
13351.34
8922.895
5052.682
2636.518
-29070.4
-14159.39
-5507.473
-1097.545
-158.6013
-270.9509
503.9313
126.2279
570.8119
1176.267
-1026.571
1780.189
3010.656
20909.28
10138.1
5967.529
2879.339
2160.632
2074.128
1720.982
-17413.51
-5714.814
-2255.65
-2815.754
1177.858
-372.753
1106.179
1429.8
2239.411
1939.021
1164.594
1758.775
917.6064
1525.855
-37.34797
1925.345
870.284
141.6874
1395.554
634.239
-768.1302
303.46
1173.517
1956.239
1120.593
-2118.495
-1581.818
-733.1504
94.99835
-314.0443
923.6283
1656.394
2560.649
2830.932
3704.469
2736.508
2126.669
-3472.239
-1706.09
14.56875
-610.8118
88914.91
44852.09
25293.43
11947.13
8200.955
4528.985
4278.318
2813.342
2739.962
3780.299
2168.665
1587.795
1155.768
1035.756
1241.628
499.9033
2289.762
1559.373
2547.16
4975.188
3711.265
2870.062
2709.435
-1195.111
1306.02
1607.823
1057.864
1361.702
688.4372
1708.041
3757.733
4298.358
4258.923
5500.083
4438.544
9028.478
5251.543
-13048.58
-5598.671
-971.3067
102.6986
-238.6063
1063.092
2290.132
-4803.317
-3047.171
-1360.405
-6540.287
-18275.79
-6383.209
5946.852
2723.477
2329.298
1668.396
2163.702
607.2957
1034.806
9410.004
5370.881
1372.857
1396.615
-5158.702
-4334.471
-1075.267
502.4273
1330.472
1885.793
2550.337
2521.238
-6564.822
-6458.223
-2367.909
-194.5832
1594.655
814.8829
1434.103
302.5287
1362.052
-399.5977
690.6136
1938.259
1816.327
2655.216
3089.809
3517.639
2914.547
-730.0959
281.4038
-1755.915
-4810.524
-1701.152
327.2112
-153.3972
1031.903
995.8982
1728.956
14739.42
20254.59
10399.46
10956.63
7295.922
4303.497
2742.561
3306.005
2055.37
1472.446
2887.508
-523.3594
674.7407
1630.347
1796.551
1927
2213.909
2360.252
2972.818
3410.642
2730.442
2138.421
512.4378
207.1063
1089.52
4462.795
3027.821
2302.145
2272.698
2465.633
1380.627
613.4407
1773.718
-304.8401
2651.07
1067.419
2422.382
-20463.14
-9219.411
-5432.44
-1785.876
1049.042
1744.172
1560.2
30319.37
14394.43
7400.175
3792.825
4030.541
3257.804
3777.868
1499.532
3340.982
2211.101
3366.982
2433.895
2363.472
1516.632
2381.494
12359.44
-12411.81
-5156.974
-1499.56
60.94953
1354.128
763.2522
3507.769
957.9842
3791.696
1995.176
-101347
-61072.43
-26192.33
-12312.75
-5316.836
-2419.445
-2293.065
-366.4311
368.9199
-25.42108
2564.723
-5236.859
-2136.755
159.0676
207.9936
-2553.819
-169.1466
-64.71515
-2160.982
-88247.3
-43238.52
-19280.37
-8234.511
-2441.315
7383.308
3998.99
4276.436
2108.366
10822
5078.696
3290.347
64491.65
33344.71
13376.99
7245.392
4508.337
22157.61
12464.58
5688.417
-806.6029
11389.91
5546.45
6098.812
4102.728
2635.207
1767.365
2030.709
1061.021
-1162.26
5444.198
4759.922
-7452.713
-3020.809
2286.401
43600.69
22583.75
11815.52
8466.272
-6280.195
-7182.022
-2478.869
-3894.374
-2126.878
-206.1614
8338.608
3722.394
12532.96
6979.344
3827.477
5934.572
3694.998
-655.2278
492.6321
696.3573
690.7218
799.4936
-1070.3
-2637.49
-388.2887
-153.0059
-224.6067
-29891.28
-18012.33
-9149.827
3218.948
5332.94
3955.025
-8461.07
-1642.456
10526.3
4972.525
2799.643
1635.77
330.2718
9331.146
5794.027
2529.922
3861.685
2352.423
3742.947
1826.008
4552.632
3636.88
2501.407
121.2551
166.4782
-5415.562
5341.912
3827.093
2909.835
2514.213
-1694.396
-424.9459
952.0698
1976.982
3393.634
721.6498
1287.14
1191.044
-10874.25
-4904.48
7486.612
3683.106
6234.468
18013.34
10745.41
-8980.376
-3319.761
-1437.25
-54.16119
1829.135
2785.361
-954.6001
-203.0867
360.4665
1128.183
1853.644
-835.6569
1988.975
1877.467
1650.059
3039.879
2141.927
-2175.01
-1083.071
1699.096
789.8543
-120.1881
3622.508
1969.234
806.4702
2446.455
1189.095
1844.855
1431.211
1862.771
1082.186
-2864.043
-463.0873
1722.695
895.8745
122.1741
-160.6982
1033.237
-405.7929
-537.5655
4287.419
2657.718
4139.399
1992.888
426.7277
1386.959
1302.527
-5502.709
-2361.318
-1217.088
386.6109
-2722.658
12057.58
5890.232
3047.878
4735.334
3299.377
4958.895
7210.035
5946.197
5238.668
2019.3
818.6555
-105.0662
1452.683
5326.696
-2304.594
485.8593
4388.93
-10165.96
-4392.413
-967.3185
211.2766
-70.94267
1141.674
-108.6041
-3434.719
1640.776
1882.953
1209.711
15760.87
8873.213
4080.326
2213.988
1787.998
4582.688
2059.504
-775.2666
108.6943
587.0299
1195.294
2813.252
2114.599
5959.87
5127.757
3351.17
2777.211
2223.665
2089.13
1551.982
-3144.174
9948.979
5744.719
270.5576
287.5844
5126.816
3431.453
2744.388
2215.731
4074.09
3842.903
3034.382
1970.852
1037.162
1308.003
930.8348
3056.46
3345.356
439.5953
732.7716
2307.097
1546.903
3384.506
2331.459
-11007.73
-5182.835
-1704.195
120.8912
931.0022
1206.561
1951.166
1816.849
1437.792
2047.411
3827.218
3806.338
4384.712
2921.632
1721.305
3317.017
2795.904
2509.402
-860.6806
583.9953
2663.661
1801.467
267.9301
1463784
720172.2
353730.9
171982.4
89602.31
44677.35
23540.05
13636.35
7788.232
4687.056
1041.368
2542.451
1702.049
1640.764
1123.901
213.0667
979.4577
7417.111
4765.014
3654.218
2462.928
1644.229
1366.147
840.8716
-397.6859
4255.777
1821.272
-5539.388
-10690.23
-3803.751
19270.23
29077.51
20089.6
9819.585
5870.18
3612.922
2683.941
1630.239
1434.209
1530.192
1514.726
3453.594
2032.1
1463.259
2459.723
2128.05
2014.88
-1107.497
278.082
3362.113
2739.424
2598.247
13413.81
8230.975
4104.281
6372.439
1612.679
1515.782
2531.657
17768.38
9414.152
4756.835
3165.422
4366.541
-12479.86
12831.4
6788.931
3966.545
2269.272
2233.475
2570.248
-7545.622
-2088.035
1731.916
2457.094
2700.918
10089.94
7106.071
3139.387
7106.503
3131.038
2511.186
3344.801
2714.182
4942.393
-134481.3
-64196.88
-30219.71
-15857.37
-6300.763
-1630.605
1564.228
2200.389
7563.471
12801
7462.864
-16812.32
-6565.415
-3026.736
-13546.02
-11109.03
-4009.28
-2113.413
1124.878
2392.765
3214.481
2013.538
14584.05
9006.341
6302.839
5156.181
4561.464
2751.013
907.1157
1536.436
-2356.837
-14360.8
-6719.945
-1623.928
1157.814
9801.981
5948.883
4821.173
10360.29
5931.816
2433.845
1653.157
2087.064
3417.088
1028.961
363.2137
1890.271
2908.604
6546.805
4725.965
1931.489
3763.618
2762.837
1819.188
3158.231
2991.658
2311.158
2815.377
2619.821
2221.877
2399.696
2486.401
13473.76
7515.934
-55685.96
-97581.55
-47886.46
-22829.04
-8873.403
-4162.29
217.8468
1307.833
-2304.71
-161.1512
953.4086
1920.621
3304.306
1974.214
1710.291
984.2857
984.4
34583.29
17666.58
9599.118
15557.88
8591.384
12494.54
4773.684
4412.802
2087.269
2668.283
3062.654
2390.449
2273.54
2333.65
1864.493
5516.133
4536.927
3951.346
2359.796
483.7296
-5131.576
-1552.717
-271.2255
31.01159
379.8931
4465.721
2721.322
3393.701
664.5202
2488.603
2355.66
2519.953
2971.164
2837.739
2509.4
2915.42
8142.815
8125.428
5549.701
2892.956
4548.468
6988.668
4133.776
3883.379
2287.031
2189.451
2238.453
2245.548
1919.473
2907.959
3219.429
3596.375
1749.364
-1002.163
-2247.193
2936.15
2092.736
1956.753
1789.898
86.66491
2.863336
1921.274
-1977.117
103.1557
-1202.144
969.3852
1825.925
3765.577
2909.765
3013.777
2729.52
3047.616
-5324.406
-658.9705
-970.4752
8214.327
6661.017
836.3266
1444.323
2281.202
-339.0954
1989.237
2143.854
1263.611
1251.62
8096.84
5083.555
5245.528
3319.034
2001.56
1233.59
5.188732
1526.094
1259.131
1752.613
2607.181
1549.298
3218.784
2826.898
1942.573
2297.707
5009.147
3956.567
3687.035
3564.619
3776.388
2481.089
1874.42
-6944.703
-1763.234
292.2772
2884.527
1863.123
2027.309
749.5443
-10138.43
-2318.405
-2213.939
-223.0828
-366.7353
1365.362
-4217.147
-1222.104
-3117.257
-561.7972
6239.545
3252.821
2133.171
1732.654
1006.401
1153.883
-942.3394
-453.7334
951.8787
551.9653
1072.445
3060.428
-461.5095
7231.624
4602.459
8770.346
6321.368
15810.09
8290.016
3193.83
2954.793
-13157.03
-4707.191
-872.7362
2479.993
2049.515
-51916.19
-24446.74
-11168.11
-4422.958
-67.2344
1335.523
3680.746
4423.153
2626.648
450.7857
866.9853
-542.3674
1543.541
1684.725
811.2205
337.2731
560.1754
1149.017
-1318.349
-394.9834
2602.715
-10196.38
-4929.659
-1157.719
1978.656
1238.297
941.2394
1473.681
1008.274
1130.48
-365.0568
-907.449
3635.577
2578.97
1921.832
1867.053
1623.628
1914.036
2310.489
1911.502
679.002
586.0786
8164.385
4186.376
2728.235
3221.618
3074.796
1743.631
5979.176
9260.415
6174.856
22319.1
11797.95
5940.801
5649.902
4633.086
4277.671
2925.634
1154.826
2932.099
1822.895
1793.955
-1775.243
83.09021
1778.443
2348.866
2910.533
810.9165
1063.364
1571.044
1398.868
-1856.52
767.0274
2379.997
1631.836
1466.657
162.0029
473.1211
1932.457
301.6671
3123.976
-3489.52
226.163
8245.276
6107.171
3188.522
2979.652
2282.4
2299.482
3712.001
1661.726
-254.8331
237.1974
-8822.331
-3159.52
202.0989
569.3324
-17378.56
-8415.515
-3786.293
-1472.164
328.258
2902.977
2079.099
5159.009
4384.059
3150.5
9489.281
5086.379
2969.514
2745.252
2695.767
3454.695
3753.985
2597.832
2853.255
2053.118
2058.512
1483.076
1480.299
-1619.13
372.6218
508.5035
2425.935
4648.057
3694.963
3226.83
688.5407
1495.759
813.7875
2254.785
3451.122
2537.57
991.9546
2088.725
3160.403
1542.583
2092.013
1257.489
377.3796
323123
159275.3
83130.76
43318.59
23479.6
13886.1
7679.537
3186.56
2045.832
-1977.733
2197.381
1892.245
5363.897
5708.449
2976.604
56872.34
36028.76
18760.9
11910.88
13058.58
5781.989
-42166.52
-17925.9
-6759.759
-2313.558
-840.7478
1592.73
2757.888
3612.379
4974.176
3088.065
3532.271
3337.158
5133.78
3962.755
2049.434
12008.13
6502.862
2763.542
2453.546
2228.592
1638.724
1992.955
654.0659
2937.505
1811.065
2124.598
834.6226
4629.954
4359.5
2174.183
2150.123
2532.021
2021.867
1312.626
1431.027
1281.844
-3213.978
666.8172
5727.451
4651.017
3599.58
4416.958
14781.6
9144.514
5559.456
2002.641
3054.464
4539.955
5091.653
5924.88
4313.329
5108.16
4078.776
2469.41
4329.703
5032.643
57872.1
28254.19
16057.81
10319.43
7463.096
9170.7
16698.27
16782.24
13544.33
48650.59
31449.08
16620.29
10032.58
6640.628
3470.45
-5554.334
-548.2419
-4431.64
-1099.045
-7237.113
-419.414
760.7225
2311.285
-7204.876
-250.3995
-1215.694
2026.575
2361.056
1775.474
1941.423
7265.328
4416.745
3751.483
3159.403
3640.738
-570.7617
2368.623
2529.169
1247.717
3630.224
3217.576
3304.045
-1245.523
737.5025
3879.154
4892.991
4787.875
3861.504
3181.77
2169.482
1581.623
2772.265
2909.582
3351.783
3334.894
2541.079
2528.498
2327.031
2504.886
-32070.2
-14376.66
-4917.257
2841.304
3444.296
3725.699
5337.843
3766.491
3606.737
2225.868
3812.541
5780.159
3819.801
4913.777
3227.175
2754.295
3456.128
3602.612
4473.938
-4401.417
-1064.586
3615.112
4099.345
3927.798
3682.511
4021.007
2796.054
3132.68
5703.814
8807.016
6692.15
5415.46
-776.1322
4029.535
4545.162
5638.599
4015.018
4561.189
3677.932
5294.486
3150.366
2787.365
-9698.387
-27350.95
-11054.14
338.6553
85.60592
532.3734
2406.76
274.4108
2248.377
1409.303
557.5584
1784.535
3857.916
3189.752
4056.928
2776.122
11622.67
9765.964
6885.702
4989.698
3121.218
-11695.89
-2524.516
-2517.186
516.5975
1788.005
875.908
3376.038
2256.439
3527.621
-1944.512
696.0035
1340.931
-421.966
2210.184
2404.878
8645.397
5931.487
4506.727
5012.309
2768.805
3381.097
2203.443
3741.172
3339.305
1851.302
10538.72
6693.137
5522.493
34656.77
19978.19
11255.26
7343.28
5090.669
3621.844
752.8655
2154.963
2175.906
2672.819
3202.285
3268.715
2492.046
625.2851
1905.724
3707.853
5216.497
3524.121
-6174.23
-1843.668
-11802.22
-3468.183
734.5903
2366.814
661.5658
55.93341
15015.35
9284.992
7482.323
2339.534
1709.186
3709.484
2304.849
5164.002
2158.068
1581.523
2068.87
154255.4
77485.13
49147.07
24330.49
13957.26
8496.677
6277.463
-31799.84
-10825.1
-4812.256
-386.5868
176.0207
1403.501
1200.419
-840.0403
2865.472
-6330.939
328.2658
257.8231
1640.443
3335.072
1260.337
-4404.064
145.0245
1005.287
1956.61
2351.879
3216.179
2274.156
13788.11
7965.16
5140.005
5157.74
1491.956
3274.396
-767.9063
9406.71
4330.203
3530.98
1536.577
6001.389
1774.69
-1113.142
345.4281
2332.517
2094.785
3139.09
2029.548
2279.704
2830.514
3306.071
1475.028
1930.991
2921.676
2488.792
2211.3
4054.856
-5019.39
-1320.355
2280.095
2011.11
6721.311
3676.15
1391.69
7957.652
5346.021
-94602.9
-45456.87
-21584.96
-10903.73
-5256.595
4565.307
2720.938
3224.381
3495.005
1986.047
1626.967
1643.745
4148.474
3773.56
3677.638
222.3683
1365.525
1521.071
2096.055
2126.184
1179.332
1686.47
1681.844
3211.351
536.0386
2228.474
2499.86
3542.889
1760.497
1930.261
2254.394
1230.872
2608.334
2545.963
50383.85
25043.59
14259.04
8183.608
11346.78
6596.123
4123.621
3814.872
1617.925
3568.864
4168.55
2109.423
2328.412
1370.628
1510.03
-12.4794
3271.575
3824.73
2981.642
3232.231
2441.959
-1116.221
1464.227
887.0161
540.357
1439.905
2226.711
2286.186
444.9923
1208.594
853.5283
2148.978
1834.043
1000.376
-11648.39
-3914.35
-5314.896
-4964.219
-3288.555
-32.35751
760.2748
182.8036
3411.528
2439.748
2904.01
-643.2746
1352.043
2407.223
3481.362
2603.508
2850.101
5867.591
3894.484
3278.381
2111.925
530.8559
-677.5832
1898.635
3690.644
1204.295
2339.283
1979.218
3278.036
1741.536
1665.313
550.4674
746.7326
630.9132
-1917.126
3127.406
2830.939
-210978.7
-102844.8
-50069.93
-22522.11
-8275.59
-3127.777
293.8062
1766.877
-14063.78
-8547.127
-2898.687
391.2772
2431.26
4962.127
2105.237
1340.435
1998.71
499.4019
2155.335
3020.798
2663.711
3291.077
3646.501
3365.218
3964.385
3200.189
2892.863
3713.098
4657.052
4355.019
4257.602
6701.879
4829.902
3629.329
2023.166
2151.537
3771.47
4544.444
3875.307
3855.344
4125.338
3847.659
2394.853
1713.833
1199.378
1817.055
2300.141
3408.043
2080.821
2246.552
3308.55
-81.84132
2818.138
2407.661
4178.224
5581.753
4830.736
3633.968
4706.801
11452.35
7301.792
102765.4
51489.06
28039
14484.36
6962.224
4894.381
3327.251
4507.239
-257.6922
582.3552
1759.151
-2717.487
376.6857
-841.3727
46.18637
1459.815
-397.4009
1300.098
1636.795
2458.318
-5376.992
-1244.394
509.2632
1450.906
8334.08
4817.565
3165.984
3427.353
3132.06
4157.652
3903.064
2346.812
2718.236
23004.56
13748.83
8660.894
6753.316
6053.369
4950.602
3426.405
3383.302
2593.637
3056.239
3479.877
3473.475
3340.048
5778.785
6062.337
6661.864
5449.41
23109.87
12348.32
6767.897
31894.61
-7574.533
-4926.146
-498.4386
2599.43
3374.089
4226.01
2733.831
3240.034
1438.27
-1315.072
21663.84
-66.22226
-1272.626
1204.952
3258.423
-11919.64
-2026.43
675.3301
-113.9793
-2138.618
6960.621
4206.935
-64524.29
-27953.92
-5246.493
32659.53
17445.08
10352.35
7817.97
5342.006
4785.191
7046.374
7524.748
10423.11
7472.657
5630.661
4764.802
5017.135
4463.583
5084.841
5036.334
2974.245
3951.914
4227.431
12401.08
-32882.16
-14091.45
-5191.057
154.532
-1207.395
403.3139
3148.715
4555.203
-71854.28
-33199.67
-13408.54
-7230.239
-1698.469
2940.118
4660.635
7244.946
5548.313
1240.729
4678.363
3301.918
3234.031
14618.77
9052.601
6809.59
6844.312
4532.28
3003.391
5058.821
-1410.532
701.6521
2538.816
3349.846
2133.657
3052.918
4350.329
3728.314
4652.166
1041.106
1683.185
4057.714
8915.659
6261.651
5400.039
5905.425
2797.827
2513.105
-6833.033
-1385.876
3097.014
3788.683
5426.248
3844.872
5773.545
5502.577
4544.326
3212.019
3352.506
2636.851
2204.198
-1809.685
7822.942
5434.164
3829.745
3852.574
6828.91
5744.575
4168.986
5097.525
5721.411
3920.872
3684.139
3761.04
668482.2
332061.8
163995.4
83391.3
43262.9
21864.98
179146.4
89367.18
45708.93
24239.7
13757.68
9125.398
5277.926
4231.072
3937.209
3290.414
3763.546
4389.77
1055.033
24500.92
14139.86
8705.968
5882.441
4260.965
2929.865
2365.896
2866.388
2698.553
3237.76
3848.074
3255.066
3414.849
-1629.662
1244.217
-229.5117
-2623.943
-3280.799
18.07394
2923.149
3550.768
-17192.58
-5921.769
795.694
1581.122
-17087.73
-6436.684
-2454.415
716.2577
2267.871
2551.526
5880.89
4661.17
4643.991
7095.374
3752.582
6410.07
4739.778
7911.944
6646.398
6593.542
5534.61
4213.26
3979.117
3429.132
754.1566
27820.8
15251.87
8374.751
7489.308
-2269.256
1195.908
1953.481
4005.631
3815.675
3374.174
2954.856
3037.525
3228.466
1487.734
1455.678
3304.204
4379.024
9033.339
6088.379
4825.242
9023.487
6193.606
5192.188
5530.224
6020.209
317.2726
2733.205
4647.6
4332.243
3613.021
4137.286
4729.211
-2716.751
1263.816
2216.087
2478.083
252.659
1456.923
2054.654
6127.339
8546.489
1761.91
2133.838
10535.52
7100.097
4765.845
3572.651
9866.084
5097.214
5074.903
5693.291
4788.013
4267.092
2391.898
3769.511
6598.633
4172.022
6405.561
4745.114
5166.812
3682.576
3180.817
2064.091
2980.691
3939.612
2688.671
23113.2
13744.09
8434.326
4801.105
2760.476
2458.582
1399.572
2490.338
-85610.79
-40352.41
-18914.74
-4736.865
3031.216
3177.594
3008.496
-1656.766
962.7082
1828.233
1846.821
2346.128
80.14661
1293.835
2707.9
1995.809
2837.748
3861.216
4333.084
2357.934
2827.509
2220.008
364.0835
1802.319
-1239.359
542.3251
7443.448
3799.388
2433.041
5161.917
6976.775
5156.246
5023.319
5372.977
5720.82
1911.194
2129.591
9126.893
5351.106
5666.605
6763.003
3676.051
4068.215
3812.392
3167.96
3650.552
3096.416
3675.603
3563.12
1918.013
-195.941
752.7455
878.185
1530.986
1876.24
7294.351
5150.807
4703.334
3453.759
3397.09
3785.295
1770.632
1733.151
2204.56
-439.4096
-292.1947
-13742.24
-4736.303
-1007.515
-331.2171
3649.168
-1766.637
-5415.648
-1149.68
744.3583
-1703.331
443391.3
220618.2
109709.2
54982.38
28725.59
15641.07
10571.55
6793.178
4714.174
-420.0791
2871.006
1020.285
559.3152
1754.83
-7446.256
-1486.325
352.4141
9502.086
6172.456
4137.394
2723.399
2603.921
1529.466
-2185.968
-7961.065
-1104.47
559.7877
6387.057
4901.472
7949.458
8977.667
6255.354
3734.689
3428.224
2902.312
-3127.482
262.0122
-712.6434
226.6708
297930.5
149208.2
73155.53
34089.17
16596.36
10927.45
11389.67
7490.591
10428.55
6441.079
4755.066
-13735.38
-5392.806
277.7733
1544.22
1843.458
1934.109
811.1201
7090.495
1388.511
2963.577
4026.222
3353.237
5920.322
3349.121
2256.371
4365.981
2450.036
978.5954
2136.677
1543.009
347850.8
172243.1
86792.3
43395.54
23349.76
12714.35
8439.362
5694.632
5549.44
3848.288
4364.179
3475.13
6900.29
5121.148
-4510.075
515.2005
2304.726
3420.051
4012.797
9773.247
6024.247
5147.411
7920.485
5327.437
3649.294
3517.038
1545.619
3183.775
1733.611
3659.82
4811.903
8387.986
3453.95
-7416.681
-726.1937
1770.241
2747.264
2241.785
3540.517
7389.482
5421.989
2146.59
3841.835
4464.573
2547.968
-1194.777
1535.685
-199.6308
-3735.454
-296.0302
1752.772
2315.869
4609.564
6420.097
6039.74
5128.468
8091.31
6948.509
6076.12
6145.013
4158.707
29449.66
13635.5
9452.755
7563.739
6447.008
5349.806
4284.963
-37.11335
5165.822
3778.047
3588.71
1635.741
2991.751
7699.235
6778.984
6624.521
5512.132
2323.738
1107.7
-2799.664
1278.083
-746.6115
1003.801
3272.985
5276.295
10922
7335.235
7012.4
8051.426
5964.621
4469.265
4294.223
6745.594
7685.672
5201.507
5636.792
6558.92
6307.42
5921.466
5432.276
5847.509
2250.202
4361.671
4935.885
4517.612
5091.814
6157.004
-16036.91
-6336.041
-622.8619
1555.422
3588.459
4129.202
4311.092
5303.639
4652.733
4259.955
5435.128
5061.063
4008.331
3575.686
3154.781
4395.917
4408.734
5234.349
4906.948
3972.338
4827.254
4722.457
5119.895
5230.438
571.753
2547.764
3066.913
3584.025
4640.368
3962.94
11057.93
5161.747
3692.285
4034.741
4210.594
4632.336
5027.154
4614.111
6585.98
1173.172
525.0941
1934.874
8395.925
6056.83
5641.253
3281.071
2875.262
3786.469
2242.625
2456.227
3079.353
4205.476
4249.559
4894.389
5309.104
-4678.699
-256.1381
2777.953
3703.281
955.587
3881.187
7363.176
6497.56
40158.84
22489.63
13937.64
2801.673
3695.653
4836.285
13769.62
9226.695
7016.133
7253.024
1246.22
2422.776
3810.832
11905.75
7597.164
6654.958
3708.474
-18110.11
-5856.992
-654.5503
3223.742
4539.355
5551.226
4003.82
1975.476
4381.897
5953.021
65205.75
31200.84
18218.36
11244.34
7697.385
6712.275
4771.425
3078.356
4288.469
5371.225
5487.493
1251.772
2474.038
10072.8
6906.645
4567.848
4740.702
6017.229
5644.665
15494.7
9579.846
13909.81
6184.093
4320.315
5209.768
4222.357
4675.748
3826.593
-2266.135
2950.22
3627.742
1703.783
-8117.559
-2331.502
9307.18
8233.922
5849.003
4585.222
