261.514
-1042.024
-354.9424
668.6361
-39760.4
-26910.23
-15801.61
-7856.459
-5280.755
-19123.89
-12334.43
-9284.587
2759.028
3447.297
3421.446
1995.024
897.7926
1990.392
1225.272
2226.561
1847.828
1680.111
1868.997
1298.054
470.3919
689.1315
943.2407
935.2435
-88.77441
-61.72796
-385.7881
-432.0485
533.0378
-960.9918
-2634.862
-2506.241
-4132.73
-3505.266
-4209.286
-2295.397
-1258.651
897.5448
727.7847
497.3115
2020.306
1727.201
1133.876
1612.894
228.7457
8.342483
-282.4273
215.5396
878.3168
1126.351
1508.796
1362.371
103.0416
1083.956
1999.845
1654.155
988.8134
1246.047
5102.64
3998.533
1082.193
955.4402
1472.247
1116.742
-1923.762
21510.27
15516.48
7211.518
7013.797
4709.878
3292.626
2849.192
1633.548
17351.53
11877.62
7674.133
11481.96
32600.53
22509.44
14880.64
9755.774
6756.802
4878.584
8716.298
6071.383
4498.043
3502.85
2473.524
-504.1215
-420.0746
-1068.993
-915.3501
-796.9959
-1026.668
-274.2043
-427.7897
-250.6065
643.5742
657.4245
514.058
1274.203
1599.433
973.8469
2386.547
3082.197
990.3844
-859.4591
-525.0815
-30.94755
-1479.481
-542.6391
26579.02
17057.09
10471.02
8071.156
5231.954
3538.969
3757.361
-881.6301
-4663.981
-3069.722
-19450.3
-13293.28
-8955.09
-6377.774
275.2921
6785.983
4303.522
2434.527
1655.211
-2.307274
-4834.747
-3554.788
-1605.119
-554.8774
-386.2652
814.8218
1357.923
286.5009
186.5723
-1332.877
-944.2089
1042.603
1468.09
399.1855
682.2416
734.4172
879.7651
-598.231
-1475.438
-1355.747
-2031.992
-5042.174
-4070.407
-141.3041
190.3608
2350.214
3257.042
3926.44
2617.504
7417.272
5045.342
13568.52
9436.966
5888.464
4710.581
4180.057
2195.373
1608.835
1333.062
5157.844
3406.296
1551.395
734.1446
-1068.879
-8787.848
-5621.54
-3942.569
-2800.953
-2852.888
-2312.171
-1034.582
-147.9499
-2260.845
4163.898
-442.7715
-337.5162
-6405.762
-5162.111
-3880.391
-2158.862
-1723.897
-1236.196
6706.531
950.6844
426.4855
-785.8922
85.59023
596.1922
196.0021
94.42878
531.6014
-221.1794
-26.79452
-7648.079
-5354.977
-4200.758
-3099.976
-2454.773
-1468.536
-234.7492
-1594.698
-1548.944
-1700.889
-1546.944
-4409.106
-3215.824
-1698.305
-344.5713
-1289.996
-2659.636
-5732.604
-5150.219
-4395.619
-2878.585
-2653.445
-1717.428
-1847.779
-2647.656
-943.1326
-260.9311
-881.7447
267.7292
-51.66625
-346.1677
56.79876
-3914.36
-3698.901
-3178.292
-2679.961
-1645.773
-15813.9
-11510.3
-6663.133
-7044.26
-4535.817
-7670.81
-5099.165
-4388.521
-1283.392
-940.2875
873.3135
-1327.623
-1576.188
-2139.878
-1774.902
-4304.236
-4598.708
-3550.961
-3236.08
-2348.333
-2536.243
-2169.228
-2454.467
-1835.102
-7490.224
-6313.895
-3486.615
-3675.324
-2361.58
-1826.665
-3372.69
-2258.472
-2845.686
-2379.852
-1856.344
-1523.108
-832.6667
-6065.254
-6134.337
-4293.508
-3767.314
-2138.682
-1550.177
-3599.538
342.8759
5707.022
4221.03
2703.226
2120.127
3326.029
1444.234
529.9966
112.6397
1380.222
-40.94676
42.42285
-115860.9
-81554.72
-62188.62
-44527.2
-32750.53
-23072.78
-16648.09
-15615.05
-11357.7
-8469.23
-6961.802
-5004.56
-665.8768
14.86729
-430.9257
-616.6938
3310.74
1712.219
739.8957
1869.542
871.7984
957.8081
581.8731
2731.643
6829.744
3664.319
-34036.25
-23836.2
-17128.45
-11333.47
-9271.698
-6586.793
-5221.766
-2952.664
-4873.167
-3595.36
-2050.823
-1333.601
-1333.922
-3525.511
-2357.213
-1793.563
-1980.068
8.221967
-298.9588
-3538.7
-3017.927
-11530.55
-8083.377
-6356.974
-3689.133
-2072.792
-1621.011
-1086.621
-1244.077
-2022.498
119.4065
-464.9968
-1545.57
-2081.141
-1947.657
-2106.601
-1076.916
-1529.573
-926.5379
-989.9324
-270.5613
3752.234
3057.285
3110.867
3431.643
1468.153
2645.744
1323.051
1518.023
4339.911
2974.338
2291.342
4237.978
3720.629
2226.129
3625.79
4204.677
-9520.043
-6722.831
-4590.67
-3327.801
-2209.207
-1620.934
-1034.592
-1637.405
-1295.018
-1136.53
6821.762
5073.245
3710.53
2326.16
-4521.47
-2005.839
646.4173
-1003.6
-3905.529
119.7842
48.85703
-51.7795
468.209
1012.877
1311.831
910.3009
1049.143
3852.829
3536.546
1984.95
4840.1
1972.097
1231.598
995.3829
2834.269
2666.827
2140.594
1789.221
3994.594
-1758.707
-2555.053
-1894.41
-2098.597
-1300.428
-2111.916
-1086.548
-117.545
-157.8707
1219.772
1407.674
2257.586
2554.098
2194.343
1011.901
641.0637
1353.946
-114.3454
328.1998
211.5181
107.9801
1165.145
785.754
17915.74
13260.66
10117.61
8287.196
6561.401
4558.854
4338.61
2613.263
3572.032
-983.6885
-43.78186
-1670.184
-667.9784
-5226.459
-4727.483
-2979.205
-1977.566
-9659.345
-6448.997
-4251.14
-2476.093
-5926.336
-11805.49
-7232.935
-4462.457
-2556.455
-1692.553
-1163.701
368.7112
395.4344
241.562
290.3177
927.5878
761.9384
818.3511
599.2943
327.5311
661.4031
1183.785
-4305.377
-2388.204
-1032.369
-799.6516
975.7982
573.877
1004.063
1784.852
1858.357
1599.144
1431.594
1765.122
61.89283
424.4488
-1220.354
-1132.653
-3274.25
-2427.046
-2759.612
-1114.63
-531.8751
-6318.946
-4129.747
-1569.171
-3608.302
-4931.543
-7240.417
-5170.199
-3687.087
-2704.183
-2576.128
-1593.484
-1052.649
-470.7954
2933.84
3428.675
2757.156
1987.386
1490.069
1452.975
1899.793
478.0553
283.1929
372.2107
1606.24
2113.374
-5393.475
-3736.183
455.9245
580.5436
735.4889
1172.42
761.4142
1381.515
685.2666
244.5878
0.8249104
44.39905
-567.3997
2751.414
1910.107
2080.851
-31148.41
-21434.87
-14719.74
-10396.8
-7821.94
-5454.865
-3229.066
4136.895
2135.02
1644.08
1374.532
353.9694
423.3774
-4567.148
-3739.731
-2289.358
-1252.2
-9160.253
-5992.185
-4138.626
-3090.806
-1889.885
-1367.128
-1215.215
-1815.441
-1383.912
-1420.214
571.5453
197.4068
1518.877
1720.789
4185.416
2621.896
2034.302
1562.494
2897.222
505.9369
780.866
5.241048
-570.9524
-477.0454
1247.05
347.0122
451.997
1033.625
5445.849
2736.71
5283.612
5543.473
2679.98
1871.425
2002.239
1003.747
293.3861
146.3499
431.4509
199.3443
4533.823
2166.796
1721.369
1055.841
-1459.306
-1529.304
-1148.329
-887.5503
-877.397
-5729.837
-5817.184
-3937.316
-2572.07
-1164.704
-808.8634
-1648.651
-4336.56
-4175.657
-6620.896
-5090.676
-4058.814
-3024.824
-4401.841
-3239.985
-2643.127
-1538.431
588.7588
34.33616
-809.6209
430.4194
-423.3642
-636.466
-597.8817
7080.274
4365.552
23711.42
15953.37
12444.76
8047.914
5276.833
6394.129
4835.475
2949.412
2185.765
2282.524
1139.931
676.3774
131.0356
-294.558
909.4776
-853.1804
-359.7734
22.49677
-418.9425
339.2062
1137.765
245.5466
-696.3456
-6140.746
-3464.628
-2791.222
-1900.046
-0.6934692
-1028.697
-1346.605
-959.5386
-820.0216
-353.8692
-4797.496
-1380.957
-1437.697
-1226.41
6359.894
4159.33
497.6253
47.22051
-302.638
-709.9265
-269.872
778.5386
852.3007
709.6053
-3181.185
3425.682
1541.869
-355.1076
-801.9354
-2634.423
-2319.522
1353.071
1069.993
-369.1822
-519.9149
-311.1146
-409.4452
-740.0539
-925.289
-693.6735
-785.1303
-1265.979
3179.458
-732.4651
2824.447
476.1371
-8800.488
-5449.915
-5526.653
-4184.142
-4307.408
-2574.74
-2349.346
-1743.193
571.6615
145.8843
9615.727
3186.976
2944.17
9773.535
1066.445
584.2457
-1664.558
-1918.062
-1319.46
-1543.882
-666.2014
-3427.73
-2965.039
-2711.175
-2086.01
-1418.225
-410.6438
201.324
-1180.512
-1361.512
-377.0179
-516.2892
-562.5996
-1596.875
-2041.149
1305.274
474.1553
851.3162
441.816
2550.486
1511.558
904.1697
-45703.15
-32388.15
-23644.14
-16564.4
-12613.1
-9187.292
-7227.809
-5116.916
-4147.854
-2495.99
-1245.116
-1905.311
-636.9444
-583.8771
-398.778
-706.1442
-1010.048
-933.0126
8686.097
6604.021
5491.384
755.5184
232.7813
904.8956
201.0582
-7432.619
-4043.561
-2289.447
-2811.261
-2089.75
-1913.292
-1455.02
-627.0228
-660.1746
-7174.909
-3786.899
-2978.312
-2347.265
-195143.1
-136315.8
-95725.66
-67118.77
-47628.84
-35975.45
-45453.41
-32909.17
-23320.46
-16618.86
-13251.73
-10611.77
-6372.395
-4180.214
-3491.796
-2891.244
-1644.134
-340.8759
419.6588
-1370.601
2451.72
1779.085
1930.823
820.3207
467.3194
1914.744
1535.888
350.8277
142.4407
-92.65637
204.7267
603.3996
2921.198
4855.737
3465.051
2531.612
-10063.38
-8301.581
-7024.333
-5116.059
-4410.327
-2576.021
199667.1
146836.4
103297
72428.51
51338.54
26573.65
22147.09
14932.35
10144.17
6936.626
6268.094
5544.671
5570.751
79.59049
1973.061
1286.411
664.5524
502.4657
-623.7002
1679.611
1413.498
3275.794
3747.935
2807.236
750.7785
1916.751
5174.669
4259.351
1026.657
-15.97171
339.8357
904.2587
1979.309
1280.813
1777.45
1581.782
1380.125
-217.1363
197.2455
502.663
931.6319
282.9606
1204.706
877.5727
957.1578
814.018
2176.68
1370.541
2163.826
2148.011
2161.08
25667.99
18546.57
13497.69
14081.21
9261.753
7726.163
5236.238
4109.865
3383.473
2251.585
2456.459
2113.099
535.3605
1224.416
159.6072
341.9153
328.7261
-959.8243
-951.3487
-90.44233
-258.034
708.9709
1150.002
-723.2111
174.5115
170.3715
869.3104
828.1203
489.6103
584.3003
-1792.085
-1501.627
-401.5257
357.1396
964.8351
1068.207
855.2612
168.4742
307.0497
-561.2812
-663.215
-389.4408
-269.0555
-6971.348
-4290.832
-5266.046
-5075.78
-3955.866
-2695.019
-1834.749
-1404.966
-125.3078
806.4421
526.9589
327.4598
297.284
159.9314
189.9373
19501.48
13301.88
9295.189
6321.714
4000.359
3873.78
3071.011
3958.799
-4300.911
-2058.193
-1039.853
192.2118
143.7897
710.2725
1397.537
539.5723
526.066
1612.064
1805.434
2347.01
2609.155
1824.663
2084.985
1402.314
752.2736
-2352.094
2141.946
1995.451
1654.693
831.1023
-418.0088
10173.87
6948.542
6645.803
4809.761
-3396.087
-2417.619
-9966.775
-7074.509
-5175.663
-4135.551
-2959.25
-2673.619
-2102.967
-3800.562
-2813.367
-2867.847
-8184.048
-6208.939
-13391.07
-8814.896
-6578.572
-3174.039
-1938.439
-1352.307
-1307.34
-402.023
-570.1792
11466.38
7598.597
4975.897
5031.892
4697.964
3373.236
1669.644
1687.224
-18570.82
-13070.81
-9569.587
-7231.048
-5795.48
-3559.355
-2380.606
-3623.162
-2332.419
-2212.674
-2518.528
-1687.142
-3382.086
663.1431
-47.46438
-1613.367
-565.1103
-1335.033
-609.691
-4220.922
2324.41
1817.132
-263.8066
-2109.658
-1393.734
2127.279
1600.178
202.3031
-2585.473
-4684.37
-3702.927
-6191.381
3316.441
1513.048
741.3976
175.5295
-333.7922
-729.2434
-1560.268
-608.5667
-726.9669
-719.7583
180.9305
-339.8996
-1975.958
-1334.041
406.7111
527.2187
1080.044
364.2685
340.947
160.0132
360.8017
-4051.263
-2775.996
-2362.506
-1674.183
-1478.698
-1464.822
-3069.737
-2239.333
-33983.82
-25324.85
-18701.6
-13689.38
-7076.57
-5450.973
-4625.233
-3534.934
-1744.511
-1689.188
384.0007
547.0509
-268.7629
239.4453
3511.51
1587.575
1286.837
901.2362
1335.015
516.5103
-14.84084
994.1923
-1095.073
-701.4272
-411.6335
2320.188
1377.105
-523.357
-1154.846
55.44068
826.8972
68.51576
427.2039
-392.8026
205.1969
12804.2
10472.31
6834.597
4239.43
86.91906
1112.463
1461.994
1977.812
1385.12
1219.869
471.312
-282.5527
-194.3711
-342.3788
-1300.384
-669.2623
-2762.256
-4110.791
-3840.389
-4316.517
-3246.246
-3506.711
-2175.85
-1928.144
-1196.286
-1196.552
-1219.649
-1168.419
-914.7765
-1694.034
-715.3965
-2400.626
-2464.818
-2389.291
-481.6922
-424.0876
-1787.214
-942.0223
-602.6578
-1235.16
-1403.87
-1232.204
-1141.874
-1111.11
-1494.065
-1125.457
-2271.127
-2857.718
16109.83
5722.823
2627.176
2517.552
-155.7062
-917.1585
-276.177
-1476.328
-663.4369
-1325.791
-1537.775
-1519.242
-1747.606
1589.915
177.1831
-47.56087
2115.789
14481.33
9930.622
3098.737
1702.819
1686.199
-1696.269
-1101.982
-1615.569
-2901.721
-2102.215
-7995.47
-6129.946
-4563.027
-3691.432
-2651.35
-3714.292
-3409.633
-4585.965
-3733.424
-6339.156
-4796.493
35155.55
21301.58
15218.01
11244.45
7213.467
2092.124
1193.788
872.8853
-235.4312
1135.661
164.072
-45827.07
-32390.56
-22475.12
-16419.24
-12199.81
-36359.26
-26109.4
-17979.61
-13077.37
-8707.243
-6445.905
-4813.042
-2809.511
-1466.431
-952.4623
-439.1095
-797.1795
-1253.856
-1612.501
-832.2548
-649.8572
44882.49
31274.31
22491.77
15458.58
10461.31
7876.035
5463.675
30247.14
21404.39
13755.4
7267.014
6886.588
5074.929
3531.954
1174.637
253.0843
-2746.783
-1931.495
-432.2918
-1746.975
586.3183
-1672.258
105.5753
728.6182
170.3789
-30.76422
999.5613
1446.725
255.8996
957.8318
448.5615
-329.4244
192.3631
-788.9156
-110.7275
-2671.875
-5616.521
-3384.82
-1089.23
-499.6729
-1172.774
-56.66014
-338.4864
-703.2297
-218.8729
-954.1658
-376.4409
-751.5451
-1095.387
-614.9326
314.9135
303.7966
-124.9358
-823.947
-899.0197
-45.57218
2247.301
995.8062
747.3614
728.0216
-115.0463
1558.865
-470.0588
-194.9872
911.6842
3402.05
2806.355
2472.463
2054.214
1201.703
1282.154
1789.846
1188.842
803.4454
1331.671
1080.264
1538.019
1352.993
1900.162
933.9418
540.1844
-8904.398
-6221.958
-5116.29
-3890.038
-1765.115
-856.6073
313.2946
2706.751
2733.362
1583.991
1206.813
-3488.798
-2797.122
-1086.923
-887.4424
-693.643
-58.3603
-4041.77
-2762.089
-2107.494
-1179.527
-898.4162
-525.8295
-672.1848
2252.965
1841.702
1410.167
-278.3877
-510.228
-275.8532
-2685.507
-2424.061
-2334.373
-1630.064
1290.492
153.8492
250.8295
-4947.819
-5109.082
-3573.568
-2090.428
-1519.684
-1080.268
-1928.095
-437.2129
339.3826
-868.5277
-410.8617
-3850.108
-3737.235
-2206.167
-1768.148
-1629.335
-740.0203
-859.6605
-335.2968
-1838.455
-420.3609
-76.89845
-219.2572
-14.90516
-118.5941
346.926
1104.005
-153.0362
806.6074
2116.602
858.2836
1476.036
1710.002
1678.334
1439.601
1138.613
-1526.414
148.8774
-429.5466
853.1141
299.92
692.2404
1115.556
1733.528
1378.138
865.6662
-43483.3
-30737.5
-20753.73
-14280.44
-10271.15
-7325.349
-3897.611
-2357.306
-524.5497
-4752.8
-3659.124
-3299.08
-1946.605
-1397.805
-824.5159
812.2483
-1566.273
-2448.536
-2692.346
-1628.934
-390.6606
276.004
-81597.81
-57592.81
-61067.66
-43261.56
-31336.3
-23258.86
-16019.78
-10695.36
-8010.378
-6161.113
-4019.068
-3393.951
-1326.448
-910.0971
583.583
479.888
-320.0251
14.04538
1580.115
352.7642
-429.3298
-1805.152
487.6759
-4177.168
-3095.542
-1714.844
-1908.228
1185.991
-565.6438
1385.422
347.5463
-1914.101
-1307.838
-1736.017
-1732.036
-1859.26
-501.6636
679.779
-1571.521
-1159.892
-764.5693
-471.9935
1006.977
-407.1177
-578.8886
-4693.609
-2018.755
-1683.053
-1583.256
170.9195
10949.48
7971.701
3476.748
5316.237
3353.64
2312.006
966.5598
374.5083
-82.79606
-932.4361
-2043.698
-2958.454
-2905.007
-2481.39
-1422.424
-1281.908
1236.497
941.7166
475.5393
41.46739
-935.7234
-553.3141
-1029.226
-1255.525
-1635.947
-1266.215
-1412.317
-1507.453
-1831.041
-4523.628
-4938.294
-2877.28
-1474.251
-5208.144
-3954.014
-3256.254
-2218.404
-2065.541
-367.8245
6286.183
4434.33
3477.602
-9361.124
-51929.19
-36162.94
-26050.58
-11257.07
-8959.681
-7218.741
-5025.142
-3602.353
-2692.952
-3211.029
-3640.362
-4896.444
-4393.381
-3417.988
-2560.872
-1937.707
-1961.754
-6788.91
-6512.401
-5031.08
-4315.008
-3896.263
-95.42854
-111701.5
-80416.83
-56775.89
-44199.23
-32734.61
-22900.62
-16934.33
-12412.51
-9890.798
-8576.837
-6639.512
-4674.327
-3860.979
-3184.935
-3232.765
-1141.614
-1844.151
1033.792
562.0258
-664.3007
141.3475
-2162.547
-1659.099
-5802.784
-22628.77
-15947.61
-11908.23
-4951.523
-4089.759
-1760.567
-1540.56
-912.82
-3001.186
-1721.239
-887.7556
-1243.927
-967.4731
-1050.04
-325.0265
-780.2937
-1107.364
-1040.778
-797.5108
-1020.877
187.0023
-263.804
97943.61
66678.75
46882.77
32948.6
21831.24
15166.06
10339.18
6980.108
3245.074
1890.833
557.5451
541.728
-6070.99
-5528.369
-4592.262
-3550.987
-3854.833
-2586.262
-2841.643
-2572.726
15229.02
10131.4
4418.365
2144.83
993.1316
752.561
226.7592
1027.775
265.7681
16871.53
10131.06
5933.348
3324.769
2747.024
2596.969
2385.933
-1285.048
-1543.026
-898.6711
-1656.331
-1857.341
-418.4977
-652.9075
-633.9296
-1073.845
-1534.015
-772.6335
-1586.311
-860.3176
-707.1741
-2015.464
-1125.065
-1357.722
-1524.295
-1121.712
-1223.036
-432.8985
4322.706
3224.898
1712.947
326.0869
961.6085
2457.887
4888.436
3135.077
2437.418
1691.87
-809.2187
-540.4624
-815.3196
-1156.772
-1714.758
-2870.479
-2621.96
-1737.792
-1771.311
13835.31
8963.607
5344.089
3425.175
2275.831
2775.834
1128.176
498.3767
1692.507
599.8463
1050.556
607.793
744.5494
812.7579
1054.822
315.3066
208.1016
329.9875
-149.6391
-1452.906
-1590.082
-15716.94
-10981.64
-7582.054
-5970.221
-4015.293
-5123.934
-66.57115
-953.2363
779.3646
-918.272
-764.8181
-115.1533
-596.2242
-789.754
-1027.574
-1514.656
-695.1781
-201.0569
-1077.376
-1057.816
-1710.464
-1415.192
755.5047
2018.844
1380.648
238.387
306.2253
-727.0203
469.0325
766.3394
-2140.193
-1609.414
-575.2248
-9412.465
-9484.229
-6698.314
-4907.977
-5225.915
-3852.101
-3019.985
-2301.034
-1292.728
-623.0982
-0.2126949
-228.5951
-31511.01
-20911.45
-21291.93
-15306.06
-10563.89
-6298.531
-4091.405
-3578.428
-2490.783
-1790.39
-2584.801
-2059.486
-1038.793
-557.8656
-498.371
-1302.481
-1191.052
-306.8288
-282.565
563.2487
-1382.579
-623.2146
-21.55834
232.2962
-381.5257
-106.2857
290.0168
158.8701
1501.19
799.7266
742.2576
-315.8171
-866.0629
-2094.004
0.3110411
283.4835
1459.486
1143.108
68.21924
-1417.871
631.5077
5432.946
4794.59
3726.085
2711.85
1604.28
-3177.49
-3098.718
-1865.951
-1689.574
-1358.935
-1511.28
8219.519
6144.663
4984.281
759.9069
637.819
-1903.492
-584.6095
-432.2081
2109.723
976.9487
239.3602
260.2871
0.5435938
-204.6236
188.8616
1510.872
4330.614
8481.15
8034.771
6370.996
5287.681
4863.373
3369.862
2265.302
1270.154
-1987.278
-1210.734
-739.524
597.6138
32782.41
24182.1
17736.14
12700.24
8011.041
5830.5
4107.543
3726.856
2048.559
2961.462
2380.39
713.4782
-13131.56
-11013.71
-9483.506
-3288.463
-2289.993
-1565.038
-1336.369
-1603.554
-953.3009
-613.162
-769.2803
-382.9419
-2600.852
-777.0951
-519.1378
4650.36
3535.915
435.2094
784.3632
957.8594
970.4153
1902.732
1923.876
80.17336
-92097.74
-64190.87
-46828.02
-32412.43
-34156.59
-21533.8
-15104.54
-10108.1
-9476.289
-6184.711
-4226.295
-3119.505
-1328.739
-70.18724
845.5317
-2274.809
-917.6952
130.5631
801.3718
-59873.7
-40319.08
-27375.56
-19987.98
-14690.18
-10989.62
-13299.55
-10717.06
-8131.761
-6440.647
-6629.197
1122.344
611.9519
140.4653
9870.209
10054.54
14018.69
8966.213
4798.838
8272.785
-226.5987
615.2928
828.0115
787.6908
398.8342
-989.4311
-1700.902
1914.778
1148.708
-997.9617
-1166.554
-1061.924
-2116.846
1267.779
2149.25
1060.773
214.084
-195.911
414.3898
-109.8062
1527.012
518.0847
-710.0564
-940.1655
-1215.993
-6875.401
-5008.038
-3423.895
-1855.452
-1664.858
-5388.654
-4381.78
-3547.664
-4179.951
-3065.084
-2115.965
-2262.63
-1780.309
-2255.244
-241.2652
940.8436
3452.838
4181.683
2348.544
917.2797
1511.965
888.1913
-10588.14
-7494.065
-5246.126
-10003.45
-9363.661
-6944.816
-4826.782
-4067.879
-3667.242
-3364.256
-2305.881
-1525.584
-1539.701
-50.9259
-13648.87
-10504.73
-8531.153
-5588.149
-5012.375
-3438.246
-939.7044
-224.8862
149.8591
386.5389
699.5626
8309.465
5593.089
3602.919
1193.261
-31.99114
1086.985
16745.63
10428.67
6878.69
4270.348
2529.404
-2260.148
-2330.459
-1163.397
41490.58
28401.87
18837.59
13694.57
9290.411
6544.765
5576.431
4258.666
2192.598
223.5882
125.7335
-470.7338
-1403.801
-1496.147
218.5815
-204.602
-1330.578
17760.28
12215.76
7454.148
4797.354
2977.036
1241.673
609.2143
44.62022
-15.94308
623.1066
-2121.648
-2032.991
-1728.618
-1519.207
-1624.879
-2027.061
-3248.758
-2367.925
-3179.89
-3481.41
-1959.732
38.93304
-9.160874
-283.7617
-399.0965
-967.0645
-901.1946
-1590.6
-2234.837
-2137.864
-4158.389
-3046.553
-2341.104
-3268.206
-6345.997
-4854.797
-3157.143
-2109.48
-3008.877
-1956.25
-1715.001
-3543.025
-2257.251
-1931.71
-2507.843
156.5961
-590.4552
-1408.671
-1917.659
-1796.931
7916.805
6053.709
1326.167
2719.291
1670.772
767.6356
-304.5967
-112.2849
-447.3643
-902.884
6098.778
-50055.24
-35962.53
-61853.18
-44222.3
-31467.87
-22793.44
-16015.84
-11624.34
-8845.596
-6393.471
-4534.236
-3099.412
-1959.18
-17177.9
-12432.9
-12833.33
-11169.54
-8272.273
-6453.867
-4411.679
-3590.19
-2287.61
-6927.025
-5199.136
-4786.332
-2683.625
-2675.88
1310.086
6322.863
3933.772
2281.113
1147.098
1091.388
1043.965
-1109.22
-1064.363
-805.3207
-2381.562
-1150.31
-1379.546
-3489.011
-3463.879
-1808.622
1064.37
1784.312
1547.312
1083.162
6140.691
4299.898
766.6114
325.7678
2677.037
1607.306
1878.927
1080.025
1528.027
808.5699
-1576.138
-161.417
-428.2839
2226.938
2077.929
1501.813
1719.856
1144.616
282.8253
297.6813
-0.3006046
-538.0332
238.6217
112.568
-57.01254
-3966.38
-4457.452
-4259.397
-1778.437
-2594.844
-2608.99
-2102.075
-9480.065
-5823.783
-4061.319
-3100.11
-2119.445
-3892.059
1754.387
2988.518
-1690.015
-1641.775
-2112.697
4192.387
9484.871
6002.599
6321.855
4384.272
3128.971
2274.056
-5113.117
-3111.46
-1604.903
-1408.936
-1035.829
937.6735
4196.721
2720.272
1793.831
1178.543
994.8401
549.4124
1646.886
1196.846
-3016.226
-2830.212
-2757.814
42.72838
-6757.562
-5545.111
6378.553
5445.702
4547.7
5675.549
4363.747
3236.671
2112.979
678.7131
1308.775
1692.806
1307.037
1070.721
-1720.248
1912.089
1433.174
1669.885
29130.65
22261.43
17409.74
12497.7
9072.517
6268.474
-1261.492
-869.0096
-844.6144
-299.8472
1349.336
-321.4505
-749.1451
-671.8649
-198.0747
-68.41323
-40.39121
992.0969
-544.3374
72.83911
921.9977
2413.335
2048.828
484.9168
396.1536
-107.0636
1761.768
1646.543
612.2305
-677.4592
-6300.391
-4311.695
-3016.805
-2198.964
-1038.144
-1664.132
-1093.266
-297.8007
5112.234
2016.597
839.1841
-1504.636
-1314.971
-662.5917
3457.718
1705.903
2006.442
721.4739
314.5441
1240.76
501.7002
350.8129
172.817
253.1722
137.1736
-293.5881
526.4691
-4514.861
-3272.723
-2322.519
-2465.739
-861.0548
-747.0057
2345.465
1374.125
-50.67651
504.8533
392.0204
-1376.809
-291.3207
517.0465
-224.8475
-308.6891
27.53323
2204.486
1533.431
1327.253
625.5811
611.8464
5604.15
3854.073
2592.279
1486.527
1689.934
1577.185
-14417.57
-11744.51
-7978.642
-4626.403
-5723.122
-4109.323
-3867.42
-2742.577
-3591.471
-2509.829
-1292.689
-1001.525
-828.2196
356.0201
-629.7515
914.938
727.4407
-7374.446
-5026.357
-2333.219
-8163.009
-6307.107
-4399.517
-4305.913
-3137.399
-1793.571
-4217.898
-3743.252
-3052.603
-2367.653
-1343.497
-1057.3
-2108.929
-1386.73
-939.5459
-761.1452
-1702.19
-1131.866
-828.5041
-735.4766
-2901.918
-2148.502
-2684.874
-432.0468
174.0281
418.6006
-688.0269
-1360.677
436.8248
-53.57614
-1916.909
-2355.572
-3088.752
-1740.902
-3746.303
-1433.96
-1445.093
2099.978
-40000.11
-27949.62
-39794.72
-28532.86
-18935.73
-13685.6
-9938.447
-7364.447
-5425.864
-4575.975
-4461.106
730.0088
275.5594
-2060.491
1676.423
2958.407
10596.85
7301.107
4538.411
4860.591
3230.407
1974.337
1259.395
407.9535
-758.843
-118.1079
539.6666
1268.377
445.429
-169.682
-571.1182
3044.923
1802.385
1201.12
998.4243
1490.451
-29.11543
-144.9803
-232.3612
-660.3435
-731.3426
-212.6984
-701.9958
-1626.246
-1130.651
-952.8069
-818.3563
-747.1412
-918.7891
18.34678
-114.3487
-238.9683
-2562.95
-321.7635
-1612.865
-2264.725
-2157.639
-1128.29
-2287.15
-1603.91
-1690.117
-2035.576
-1798.996
-1598.504
-1695.872
-1704.924
-2332.126
-1908.626
-1446.508
1003.935
1071.506
720.3682
-5636.495
-4403.327
-4015.412
-2092.786
-1605.218
-1678.315
-1743.883
460.8117
-339.529
1366.03
130.4172
-465.6687
-1771.818
993.1115
-103.9067
469.2859
-116.179
62.88856
-759.9181
-923.3691
384.5668
-662.0149
-812.1643
-443.2108
-1237.177
-1797.25
-1289.539
-2239.776
-172.1098
-326.2906
-1290.628
-905.9344
-1330.779
-1628.33
-2073.332
-1352.8
-33.38758
-2661.559
-2334.713
-2056.959
-1723.637
-557.2104
-1079.992
-1270.762
-1111.199
-2396.9
-5501.829
-4460.232
-3328.695
-1249.133
9.889336
-12573.8
-9594.601
-3964.079
-2285.6
-2149.872
-1449.312
-122390.9
-88174.34
-62026.7
-43286.57
-29876.91
-26310.73
-19098.67
-13212.01
-10230.38
-6778.457
-5198.167
-3455.346
-3236.871
-2812.999
250.9688
-54.99576
217.6634
-1955.539
-2780.753
-2065.221
54279.06
37449.1
27507.67
19016.23
12557.49
9082.109
5711.635
3502.385
1644.027
134.7016
659.3317
159.5511
-445.8431
-940.8594
-1708.782
-5131.965
-3035.41
-3900.647
-3903.255
-1806.097
-1047.287
-4330.639
-3854.02
-2996.363
-1899.745
-2033.036
-2468.453
-1371.505
-2640.284
-2455.055
-1839.331
-1957.573
747.2075
-96.68406
-148.595
-2723.568
-2185.629
-1506.102
-1784.584
-2854.016
-1363.257
-662.4314
1568.679
1115.972
-1291.459
23.49496
-799.6616
-1116.562
-1804.674
-647.4791
-994.4748
-449.0619
824.1932
805.5428
446.4994
-608.3654
-644.2256
-424.115
-4908.239
2593.487
2169.342
1456.345
-3291.635
-1201.389
-2.246012
1445.597
100.2838
-717.596
-1385.188
-1484.004
-1116.363
-2147.592
-1069.253
-631.4473
-2322.531
-2909.504
-1639.022
-1526.21
-2986.248
3281.614
2009.944
747.9989
153.434
-719.3463
520.1693
-206.778
-227.5448
-15972.53
-10611.71
-6113.161
-4994.456
-2575.034
1954.044
1136.109
703.5268
1585.202
-2052.176
-1377.115
-720.4821
-130.051
-5268.85
-3311.549
3789.295
4918.127
2636.822
3542.524
2995.103
2342.979
1536.215
1216.787
981.0802
822.6855
-3520.5
-2184.161
-1296.824
-705.6937
-138.2325
-297.5096
-395.8541
41125.19
29881.24
22045.81
15147.29
8401.409
6727.014
5109.173
2847.508
2694.351
1734.542
1589.22
-3755.571
-3046.179
-1757.854
-2889.745
1826.557
712.6573
1011.415
-4231.32
-1927.642
-1604.537
-1191.036
-1548.458
-699.5421
-15780.88
-11053.69
-8655.803
-59292.84
-41503.39
-30593.37
-21410.68
-14301.58
-9860.655
-4597.399
-2415.79
-759.8999
1177.455
671.9227
2688.995
3216.65
-823.7402
-1898.317
-832.08
936.0588
793.1557
64.45464
5.503681
13.01304
68.86492
-188.2532
2641.026
2079.653
1286.973
1325.642
836.0091
2343.37
12275.88
8900.162
6501.824
4980.7
14406.35
10282.89
8791.214
2858.591
2954.081
8551.191
6814.448
5579.47
2405.665
3086.915
1579.613
-1084.43
-2908.114
-739.7754
1057.886
658.5109
920.2642
683.3727
-1581.672
-875.5299
-512.8027
-368.7443
-303.8312
-308.2814
289.0681
-723.6629
545.0578
583.5663
634.1575
-2470.948
766.2456
-6716.507
-4973.116
-3656.523
-843.5272
-634.1352
-1027.756
710.5607
470.2251
1051.295
7939.298
4341.886
1707.377
1022.341
994.2799
1480.229
1554.793
1284.353
993.4041
1005.858
-10402.76
-7548.63
-4735.923
-1814.641
-857.6073
54.99908
612.1316
154.4749
237.5295
445.2171
1342.577
778.8193
1174.883
1112.431
-15.39309
-2982.793
-4533.162
-3573.958
-5194.925
-3730.84
-2941.961
-1846.3
-1055.179
-2108.644
-1520.697
-1336.378
-1307.461
-846.4543
-1418.18
-644.87
-1361.542
-1552.871
-1222.029
-1215.226
-1137.467
-560.3133
-335.2409
-4307.205
-4585.999
265.1164
974.3287
2638.887
-2413.705
-2831.244
-944.7602
-75118.18
-53170.99
-38830.42
-28068.17
-20196.14
-14305.01
-16756.31
-11617.48
-6848.679
-4414.498
-3693.587
-2522.909
-4348.134
-3836.483
-2481.096
-1561.151
1088.792
-598.3126
-239.7171
-11.46875
-913.3129
-525.0772
-1920.143
-1558.126
-630.491
-787.1506
-809.9937
-626.8591
70.87974
-1426.701
-2083.25
-2135.912
-2020.221
-386.1333
2238.573
2344.183
1132.852
1145.462
1346.911
1121.109
-188.4423
-566.5334
-2639.907
1575.626
2217.01
610.4969
-246.4946
672.1554
527.5663
-2055.951
-1902.756
-1432.767
-964.8297
-1177.482
-721.3039
-795.8293
1581.631
-906.7972
-697.6728
-831.1564
-948.5794
-1163.361
-1606.528
-1104.41
-1271.337
-376599.6
-264695.3
-186686.7
-131849.4
-95211.5
-67519.73
-47913.1
-36044.83
-25054.86
-18815.34
-12868.41
-8565.486
-6167.897
-4389.337
-2747.978
-2370.675
-2837.729
14008.91
-53463.4
-38292.17
-26683.72
-13985.07
-10767.47
-6498.746
-4855.223
-1917.435
-2353.297
-1552.212
-1235.052
-1620.495
-91.93495
-1433.457
-2530.542
-4212.679
-3181.695
-2592.143
-7307.505
-5394.909
-4336.604
-3553.62
-2205.82
-5882.656
-9512.137
-8148.641
-5692.695
-1854.606
-2059.506
-2286.296
-13951.3
-11070.82
-9885.374
-7054.62
-4507.097
-3380.449
-3144.394
-2890.945
-2249.155
-884.7873
-905.18
-1399.588
-1077.038
-4101.791
-3153.019
-3035.822
-2550.437
12768.85
6805.462
4443.183
2824.252
2171.523
856.7414
825.1063
1568.8
940.6842
220.272
-1166.212
811.5023
-492.4633
-807.6781
-6533.345
-5107.933
-4094.57
-2985.268
-2689.579
-1788.472
-1491.014
-1184.976
-1491.003
-2050.412
-1116.134
-1097.553
109.1743
-2042.977
1528.699
3304.737
2840.383
2578.12
540.2778
-1850.675
-2102.3
-1790.332
-2165.563
-2663.978
-3230.76
-1929.188
-2469.445
-1587.857
-1686.001
-1126.735
-2208.173
-1765.695
-1640.039
-1936.76
-400.1803
-1339.928
-878.373
-922.1844
-1754.731
-1478.177
-2145.795
-936.5032
-1280.09
-3495.62
-3973.506
-4140.738
-2804.813
-2624.583
-2250.875
-2702.357
-2142.654
-2362.044
-1628.191
-2218.829
-1817.236
-2667.334
420.3664
-803.3557
-1510.431
-1809.718
-972.7824
-2037.206
-3183.445
-3484.982
-1048.201
-1282.338
-1236.203
-1274.816
-16819.65
-19578.31
-9409.225
-6749.137
-5108.447
-3008.521
-2109.816
-3972.152
-2497.153
-3867.452
-3390.868
-3075.458
-1918.675
-1217.098
-479.0282
-84.14003
460.0903
-165.9626
167.0626
5949.389
5522.368
4029.651
4833.261
2855.575
1722.969
1465.243
-2676.617
-1903.196
-475.7277
-1082.777
-190.1429
-437.6895
-1008.435
117.3457
3776.852
2693.541
1891.177
1297.164
954.8927
707.8343
878.3963
1093.906
-1117.845
-3152.608
-2766.842
380.4235
-11749.39
-8765.164
-5746.898
-4468.41
-2749.059
-1681.052
8233.235
6279.14
5435.388
6383.484
3537.179
2217.225
495.288
307.7907
