5.187732
7.145962
8.77477
-42.38509
-61.40162
-30.07547
-22.33961
-105.0887
-56.22921
-39.09647
-26.24122
-10.43494
3.577194
18.17472
22.03679
-9.083036
-6.868618
41.66123
51.02297
54.44108
54.45041
49.95082
28.58244
31.26926
41.84806
-4.015874
1189.677
752.7547
469.4034
323.9285
216.8039
154.2481
126.4227
88.84796
70.52902
59.39418
25.4966
38.07425
51.02329
47.88556
72.57669
59.42162
71.91892
414.7244
281.2539
189.4873
982.7083
641.8087
-1616.15
-977.812
-577.1136
-177.9101
-77.30031
6.951458
35.54985
-246.5675
-116.7527
-41.75671
80.28462
-1327.345
-846.0329
-475.1642
-244.7423
-130.9669
-73.35933
-15.93162
25.05111
45.50941
65.25142
73.15617
90.0165
101.7899
-83.65212
-10.16241
47.8235
64.08355
138.8122
-43.26623
-66.01785
-11.00038
28.1701
43.66353
67.87054
77.30114
53.69128
71.43476
99.0135
107.3149
175.6795
155.1008
144.6683
136.342
122.5796
100.3716
114.7102
116.5456
120.6271
107.7048
109.1148
119.776
118.6026
102.1996
128.3982
148.4409
146.223
151.6718
137.0569
150.4623
157.3863
293.7712
251.1161
235.2758
201.6355
183.8388
169.8874
169.1963
165.4317
171.1266
166.343
166.5036
160.9798
158.7828
160.8063
154.1749
152.9165
23032.45
14303.31
8894.303
5549.331
3497.483
2257.887
1455.251
965.75
674.0961
492.8485
399.068
314.2164
261.4931
237.3638
202.3822
213.5042
245.9705
240.4717
224.3227
214.2376
193.5297
193.5374
352.9461
305.0465
270.0687
231.5942
238.8707
220.7061
275.9701
243.2301
224.946
217.9409
195.0331
221.3408
136.8107
161.4146
189.4961
194.1831
248.5445
255.2814
239.3351
234.234
155.7995
185.3101
198.2282
196.073
214.8943
220.5252
223.0302
227.994
220.0291
223.8792
224.3705
219.3536
208.3405
243.4444
235.5229
47.0144
123.1438
153.3189
50.46871
127.1593
172.447
167.5712
190.0578
185.608
183.6423
213.0336
224.0911
233.1474
223.1459
237.9087
254.7001
219.5692
222.1312
233.5136
247.3773
248.7917
242.8761
329.3751
291.9378
287.8396
273.4716
311.5808
362.0065
322.5488
299.9252
272.2237
258.2855
258.3929
264.064
264.0422
313.0503
291.312
281.4606
272.6989
270.4892
269.7821
291.607
283.9015
273.15
276.6938
280.5425
140.8885
174.3469
216.9236
240.3722
257.1879
229.9495
256.458
254.2437
247.3348
275.857
290.3402
287.6851
288.1309
285.0565
227.6184
250.6751
257.6027
279.2481
253.8029
291.1716
306.4175
299.0881
303.1967
401.9085
369.7022
344.9324
331.0278
326.0727
346.8302
341.9111
331.7885
325.4155
337.1108
342.0802
328.3321
331.4185
331.4304
364.683
354.4845
373.5411
360.2346
360.8019
351.3183
344.1384
323.9545
323.7528
328.3125
376.5393
982.3578
726.5074
577.6916
481.1372
418.9802
386.4075
374.0217
359.2077
342.918
337.688
328.7828
334.3161
333.2182
340.9117
363.8311
360.3555
353.9284
357.9765
319.5541
330.8433
344.2258
351.8963
364.334
357.3035
364.3939
355.3197
361.0837
426.9226
343.8449
361.8185
363.0045
361.917
362.2869
365.3771
371.7757
373.0283
370.6555
372.2336
418.0811
404.414
396.4701
388.892
400.4672
396.9699
433.8199
401.543
389.4713
389.7064
381.1076
390.7722
397.1437
398.348
315.497
349.3273
369.6906
366.1883
275.1813
317.9145
353.5801
362.4943
378.5851
391.0687
390.3192
392.9527
399.7791
392.2813
386.0006
391.6372
383.3318
439.2818
411.8336
415.0132
399.9321
370.5152
381.6482
412.8751
419.2183
429.0495
429.5209
432.4291
423.9836
425.7228
413.9197
414.7571
414.4742
426.4205
423.9461
429.7366
541.427
501.7342
473.8845
448.3009
443.3599
444.5646
422.3251
362.9982
391.1291
409.9014
438.798
457.0416
448.7052
178.4602
270.6546
329.4494
370.5075
468.4672
447.4782
464.231
482.361
469.3547
473.0437
466.0561
450.6082
441.7647
443.6838
456.366
469.3556
477.9818
548.3102
467.1043
470.092
466.2283
538.1562
567.4204
981.9671
747.4394
639.6371
557.1975
517.9248
485.2776
483.702
482.8969
510.114
489.6515
480.8554
518.3847
412.4449
465.1487
470.0557
471.4228
489.5224
490.4417
503.1637
496.7706
467.4828
473.4089
461.7121
525.1239
553.4401
518.6424
556.4545
531.0811
532.5864
513.7433
469.8863
478.7022
486.0141
491.7776
493.1724
486.4986
609.1405
564.9544
536.2349
553.3552
539.1319
523.1948
517.9048
515.9577
535.5369
522.8702
529.1467
503.4852
525.8935
514.3923
508.6945
364.3497
414.5802
690.6589
619.2365
591.6913
553.9362
515.5041
514.4522
531.7381
533.9324
532.1582
528.4562
524.8526
529.0054
529.6602
531.1602
530.269
523.7462
493.3355
505.4855
530.0318
542.0491
541.1067
538.2929
546.0083
453.7496
493.3256
509.7264
520.8034
516.4802
525.8834
503.0741
517.1377
533.8103
545.9578
522.884
527.2507
539.1364
548.4146
551.1785
557.2567
555.4342
551.8087
555.9526
553.0792
557.2776
534.6224
384.3016
457.7617
488.6093
519.0177
623.7307
606.9713
593.6835
590.8294
582.6805
570.301
571.6538
561.5127
715.7996
715.6125
660.5503
649.0528
621.1777
604.0525
590.5772
586.2841
587.5093
589.6951
595.8579
571.9705
582.5935
584.2212
593.2839
599.3674
602.8891
609.3387
594.3989
590.3225
590.256
616.5444
609.8576
550.3851
568.9481
595.7422
596.3322
595.9815
617.6013
622.5357
618.5107
597.5281
620.9685
620.7353
619.9742
618.6577
612.1681
610.7031
650.9133
635.9226
679.5402
655.6476
618.9835
619.7124
624.7204
631.5969
630.5701
631.4639
633.0492
632.3633
638.2534
634.4488
623.2248
629.3497
764.0377
715.5954
686.4342
672.2318
660.5228
665.3996
665.5316
655.2185
655.0045
664.0386
654.656
650.1938
653.5153
665.6237
676.4414
756.5588
706.8607
688.3619
684.2402
693.4314
673.7006
674.062
664.0478
664.6102
672.4992
669.3951
671.9685
667.554
668.6447
678.2726
656.8111
661.3563
665.4013
669.9262
667.7365
666.4686
672.6113
673.8921
659.8263
680.1261
690.4368
682.1558
671.9207
709.0829
699.6711
678.6122
506.9591
622.7335
647.6966
666.2216
669.1295
688.305
692.3252
673.0052
665.3757
692.7398
693.8524
685.9646
698.1014
651.95
672.7444
683.7209
699.7034
704.6439
707.7579
699.5219
702.7477
681.6473
707.6474
714.2376
720.3633
727.3998
744.4012
746.1531
754.6731
739.5891
1419.08
1152.602
993.6633
894.7786
833.5842
793.5097
753.032
744.1524
656.2966
682.3134
697.6229
640.3783
658.2461
694.5854
713.5177
712.7881
748.4649
658.3784
699.2273
719.4847
707.3721
731.0281
733.6272
734.1894
743.0706
749.4802
671.768
702.2612
717.0595
737.3856
733.045
735.8263
747.755
755.7123
752.5817
756.3832
755.5796
760.0551
767.7408
768.9469
762.3255
764.8262
774.4116
768.3463
762.9648
765.3895
803.1709
773.0951
763.7561
775.5943
785.0448
790.4865
788.3066
779.4002
784.305
792.7277
796.2563
794.6112
787.6863
786.3982
778.4324
778.2481
770.252
791.9323
792.6117
798.832
804.8954
801.204
790.3403
804.2873
809.4285
803.9568
817.5397
819.9794
821.2184
-7595.459
-4422.661
-2422.262
-1785.193
-794.1559
-176.6787
199.1651
412.7586
574.2351
652.7679
715.9627
763.1655
1538.193
1271.824
1123.677
971.8976
933.314
892.6032
876.5733
964.8375
930.012
890.1398
872.4173
863.5769
977.8456
911.9752
894.9039
874.7713
858.4258
946.4256
920.9939
891.0965
878.8142
878.9202
873.4832
864.4372
865.2196
874.7509
876.782
873.342
866.4238
857.1761
862.4375
837.7925
848.2606
848.278
852.2507
858.0372
876.202
879.5067
880.0751
876.1102
878.7552
881.5548
878.3795
867.8982
873.2463
882.2963
882.351
885.7411
844.1669
860.2958
869.5168
872.2673
883.5625
889.9239
900.4972
902.6635
895.2215
880.3151
858.3911
871.8633
901.2916
897.9223
896.4044
895.911
898.3046
897.1079
881.2768
891.5113
872.1616
889.6513
897.3006
909.3414
916.2252
925.9724
919.3033
945.6551
937.4685
953.255
1563.618
1322.762
1214.371
1091.443
1026.151
988.7186
955.9363
948.5607
910.614
920.5179
964.5889
964.2234
944.5013
975.4259
967.9848
1005.929
974.3141
958.7643
956.1106
952.0123
944.4839
943.5358
960.1515
967.6928
988.3219
977.6646
979.6004
980.2364
994.6631
980.6221
986.1005
987.7247
984.9172
994.9036
998.29
1003.871
1000.264
976.0135
970.2867
972.7258
977.3022
967.6765
999.9899
983.2685
964.295
991.5213
993.0543
983.9731
996.4619
1012.502
1002.406
1013.432
995.0902
969.6822
979.6508
967.6708
975.9118
994.6951
1022.958
1033.46
981.8768
992.0311
998.0957
1001.923
1009.065
1008.728
977.3454
984.9601
964.5144
1026.408
1059.823
1044.287
1039.507
1027.371
1020.073
1027.593
1030.738
1025.565
1021.442
1032.16
1044.468
1038.873
1039.955
1038.118
1043.902
1114.246
1087.306
1066.03
1028.283
1027.017
1017.353
1026.494
1033.062
1030.22
1046.965
1017.571
1026.422
1012.462
1032.787
1015.098
1014.036
1023.773
1036.214
1046.751
1043.537
1050.894
1054.835
1057.839
1041.575
1031.162
1035.791
1051.032
1089.967
1079.834
1062.794
1067.655
863.0701
908.1563
971.3966
1033.768
1040.674
1059.071
1078.879
1070.432
1068.222
1073.311
1060.281
1077.183
1071.045
1075.326
974.2399
1025.882
1048.184
1068.727
1082.707
1083.515
1086.488
1105.634
1103.227
1107.759
1093.114
1078.196
1085.204
1094.965
1061.748
1080.983
1101.888
1072.066
1094.006
1107.662
1116.001
1121.228
1121.995
1118.834
1123.26
1125.224
1117.993
1108.404
1109.45
1122.688
1124.683
1125.069
1123.843
1124.055
1163.969
1141.945
1128.436
1121.663
1129.813
1128.576
1124.984
1130.257
1132.881
1131.842
1125.51
1134.733
1138.062
1139.756
1134.262
1144.551
1149.212
1154.837
1149.382
1144.258
1140.772
1138.615
1156.213
1149.634
1155.948
1157.672
1147.904
1146.791
1137.553
1157.847
1165.777
1150.111
1148.741
1167.244
1193.185
1188.596
1091.666
1128.584
1137.376
1152.087
1175.557
1177.5
1182.853
1165.487
1186.814
1214.114
1193.152
1184.057
1155.548
1171.224
1182.419
1187.039
1195.567
1201.438
1197.994
1205.643
1204.601
1203.91
1225.715
1217.998
1210.188
1204.479
1208.055
1208.096
1268.642
1242.546
1237.764
1249.762
1224.46
1223.316
1216.465
1216.419
1222.778
1238.069
1228.369
1220.786
1220.1
1221.666
1224.062
1219.165
1216.461
1214.67
1197.809
1225.379
1227.378
1230.415
1237.859
1243.602
1225.345
1255.165
1243.126
1254.867
1250.153
1265.561
1256.682
1256.262
1246.752
1236.916
1243.885
1243.304
1244.018
1257.359
1238.878
1241.278
1264.693
1261.306
1267.45
1263.512
1258.753
1259.877
1260.337
1309.223
1302.582
1300.007
1290.791
1286.798
1188.308
1207.968
1237.018
1245.364
1286.881
1885.193
1627.677
1487.078
1404.369
1373.459
1333.7
1310.679
1301.122
1296.627
1420.669
1348.854
1326.776
1314.13
1733.227
1454.83
1347.059
1330.082
1302.095
1289.329
1276.211
1277.972
1285.421
1296.135
1291.311
1304.369
1304.196
1260.766
1289.278
1296.815
1308.324
1315.42
1313.875
1277.281
1289.423
1421.037
1381.015
1357.849
1337.36
1325.478
1130.908
1203.56
1240.31
1263.007
1250.198
1282.137
1304.72
1295.781
1304.362
1326.391
1336.942
1327.998
1360.692
1350.787
1345.504
1393.579
1395.669
1370.577
1361.65
1352.22
1353.233
1338.218
1336.742
1308.066
1336.911
1335.707
1340.262
1337.542
1333.525
1317.711
1328.335
1343.589
1332.066
1343.546
1351.69
1347.233
1333.388
1341.042
1342.216
1380.007
1230.99
1277.146
1303.314
1323.021
1317.421
1326.333
1343.732
1358.117
1353.461
1356.188
1370.176
1400.885
1438.031
1409.275
1422.586
1399.271
1388.433
1386.886
1375.808
1378.313
1380.986
1386.901
1404.214
1389.946
1511.971
1461.47
1425.864
1405.063
1396.449
1403.211
1397.384
1393.55
1393.327
1417.759
267.8017
702.6056
2022.755
1783.426
1630.637
1537.161
1482.269
1450.782
1446.006
1426.831
1436.888
1422.069
1410.369
1405.115
1383.505
1389.377
1399.728
1382.973
1397.609
1408.203
1396.156
1406.578
1407.667
1404.804
1412.333
1386.857
1359.06
1487.502
1466.069
1448.05
1437.822
1436.583
1438.058
1434.04
1404.717
1408.448
1416.249
1425.004
1428.234
1395.365
1393.526
1415.672
1419.535
1427.052
1648.432
1571.461
1532.833
1489.869
1484.304
1473.777
1498.476
1342.821
1388.047
1407.736
1422.456
1434.338
1423.544
1413.023
1404.178
1421.705
1428.418
1443.932
1437.678
1443.68
1457.381
1458.612
1470.632
1458.181
1425.532
1429.553
1452.756
1460.243
1465.543
1448.724
1452.138
1455.322
1462.757
1465.42
1456.956
1253.742
1341.402
1397.722
1435.158
1466.509
1504.442
1494.726
1465.12
1440.79
1467.305
1470.283
1454.731
1467.103
1470.859
1472.873
1539.909
1519.262
1508.685
1498.549
1461.393
2356.081
2045.98
1834.958
1866.386
1714.522
1631.54
1565.168
1676.309
1611.963
1573.261
1547.437
1531.112
1521.085
1520.275
1502.571
1522.404
1520.117
1517.663
1515.669
1543.592
1527.057
1530.338
1527.492
1453.893
1473.636
1508.617
1510.193
1557.128
1623.551
1585.787
1564.377
1615.697
1579.902
1571.328
1541.67
1545.849
1538.499
1533.481
1536.101
1530.191
1550.058
1540.441
1537.433
1530.1
1539.189
1547.639
1544.923
1548.73
1540.277
1547.238
1544.373
1544.835
1535.711
1545.113
1528.728
1507.538
1429.943
1479.076
1524.017
1539.894
1550.721
1546.978
1554.458
1558.569
1552.692
1561.059
1565.27
1560.422
1544.333
1564.272
1508.683
2982.312
2441.91
2105.39
2008.948
1839.52
1741.931
1713.944
1656.651
1621.857
1598.966
1592.184
1427.073
1497.647
1532.063
1562.639
1582.714
1599.638
1595.458
1594.528
1585.201
1584.738
1589.914
1596.271
1606.097
1601.699
1603.401
1606.007
1662.639
1403.579
1481.99
1527.717
1544.06
1568.361
1576.619
1586.192
1591.56
1597.619
1642.253
1624.676
1615.51
1531.762
1588.679
1608.926
1611.018
1618.887
1647.05
1636.03
1653.925
1644.448
1641.558
1655.825
1644.666
1655.463
1657.962
1635.681
1588.29
1609.4
1676.244
1659.692
1650.117
2726.724
2314.74
2068.182
1908.748
1813.689
1642.108
1642.931
1620.108
1625.783
1630.236
1633.011
1633.771
1654.879
1623.275
1635.733
1644.709
1647.07
1644.833
1649.698
1651.212
1654.778
1666.988
1669.312
1714.109
1657.868
1661.226
1678.09
1674.481
1680.008
1674.809
1670.51
1666.125
1727.924
1713.398
1694.436
1704.366
1688.737
1678.303
1674.704
1688.844
1688.136
1663.235
1729.763
1710.124
1701.963
1702.625
1702.422
1690.396
1687.074
1686.211
1703.529
1694.109
1692.771
1687.947
1683.641
1678.903
1675.782
1681.032
1679.191
1784.043
1742.958
1703.378
1703.405
1808.709
1752.878
1730.702
1720.269
1719.039
1717.307
1717.718
1704.798
1725.083
1715.435
1706.682
1712.738
1629.394
1655.785
1680.126
1666.879
1710.795
1705.282
1711.485
1722.843
1750.975
1748.069
1739.046
1729.275
1717
1725.277
1727.87
240.6784
812.4309
1159.092
1384.706
1512.98
1608.372
1604.826
1694.224
1721.118
1748.946
2102.325
1971.567
2019.774
1899.804
1831.263
1799.533
1788.679
1808.249
1790.597
1775.016
1778.818
1778.533
1859.327
1843.629
2288.682
2148.626
1999.872
1911.533
1854.75
1807.421
1807.405
1792.709
1765.061
1751.786
1751.439
1748.437
2160.841
2013.291
1923.468
1882.056
1855.704
1854.6
1824.585
1806.387
1801.362
1817.738
1806.554
1794.705
1795.962
1796.976
1795.18
1804.683
1800.827
1858.742
1875.971
1863.92
1843.865
1820.593
1827.203
1828.515
1820.415
1822.042
1819.442
1813.733
1795.696
1819.388
1818.787
1792.122
1779.674
1796.138
1775.555
1783.72
1788.712
1804.04
1813.27
1768.315
1794.409
1811.014
1827.922
2872.219
2457.761
2224.207
2061.769
1985.124
1930.385
1896.816
1875.751
1855.821
3266.342
2723.028
2388.761
2180.469
2052.965
1966.132
1899.453
1883.804
1901.793
1876.715
1872.798
1865.595
1868.558
1990.058
1986.932
1941.217
1908.252
1876.967
1872.842
1877.828
1866.127
1865.785
1866.922
1877.857
1880.406
1989.682
1952.028
1929.821
1927.444
1901.383
1898.839
1879.464
1914.862
1901.609
1896.014
1866.233
1875.771
1885.05
1883.841
1895.444
1905.654
1902.774
1896.759
1915.663
1908.317
1907.433
1909.622
1905.626
1915.426
1834.541
1857.96
1882.655
1879.842
1863.959
1876.437
1896.085
1916.627
1925.101
1946.985
1928.242
1910.872
1924.754
1925.861
1926.653
1893.827
1909.8
1925.595
1914.37
1928.954
1923.046
1604.243
1727.863
1805.304
1856.341
1892.913
1909.64
1921.887
1927.543
1931.648
1927.937
1935.957
1911.871
1937.795
1936.76
1935.39
1949.66
1951.458
1953.341
1946.147
1949.9
1949.578
1957.658
2019.862
1960.704
1955.349
1945.832
1963.58
1965.479
1988.332
1983.075
1978.778
2013.639
2005.703
2018.412
2008.061
1992.93
1984.137
1986.079
1991.084
1934.462
1942.94
1961.278
1965.977
1964.866
1971.776
2047.699
2005.974
2001.824
2000.931
1899.933
1944.892
1982.763
2019.739
2006.487
1996.794
1991.272
2000.618
1998.899
1980.84
1880.717
4737.271
3697.335
3049.497
2654.653
2406.209
2275.753
2171.397
2089.199
2044.325
2035.274
2036.05
2033.664
2036.606
2034.751
2029.992
2032.656
2028.972
2028.057
2039.762
2033.387
2044.704
2041.804
2041.484
2037.805
2018.225
2023.059
2031.392
2041.257
2054.945
2050.649
2056.541
2059.285
2077.203
2062.652
2060.375
2059.133
-1461.509
-125.5679
751.9291
1252.799
1431.986
1676.533
1825.337
1935.281
1992.735
2012.999
2057.616
2062.213
2069.408
2060.632
2018.575
2098.204
2102.447
2086.879
2183.389
2148.496
2102.827
2090.218
2086.602
2085.323
2093.118
2093.36
2204.134
2167.028
2136.383
2117.381
2100.487
2106.727
2056.516
2088.653
2071.397
2078.919
2090.576
2091.665
2110.007
2104.291
2111.288
2093.577
2080.493
2075.68
2089.187
2084.66
2102.887
2108.205
2108.381
2094.436
2101.7
2111.744
2110.032
2105.918
2114.063
2133.13
2326.947
2235.115
2200.761
2172.02
2176.667
2158.801
2112.89
2109.401
2150.734
2150.22
2144.166
2160.873
2139.356
2137.024
2132.028
2093.132
2110.627
2117.414
2122.376
2129.711
2135.02
2140.468
2069.502
2110.076
2129.068
2129.281
2140.956
2140.113
2137.059
2137.793
2142.164
2140.811
2163.794
2166.796
2164.783
2191.29
2186.223
2185.492
2181.554
2192.348
2188.222
2187.849
2173.224
2229.848
2217.921
2186.92
2160.486
9526.727
6716.342
4996.315
3921.264
3254.284
2849.251
2608.443
2449.834
2348.838
2286.951
2257.5
2225.592
2210.557
2202.883
2225.668
2216.943
2204.012
2203.992
2200.372
2155.929
2155.17
2158.85
2220.187
2226.715
2215.699
2181.304
2185.382
2195.856
2200.61
2205.84
2236.784
2242.882
2216.761
2218.083
2227.467
2528.482
2407.635
2330.366
2288.481
2245.596
2240.776
2230.53
2226.434
2227.421
2215.532
2230.756
2235.991
2241.973
2241.17
2248.726
2245.602
2240.2
2236.483
2224.835
2231.087
2238.316
2244.829
2249.167
2249.461
2244.64
2235.434
2257.016
2261.348
2249.487
2239.126
2186.943
2198.017
2234.188
2238.032
2266.294
2242.523
2244.204
2238.526
2251.78
2262.55
2267.584
2267.97
2269.062
2277.113
2275.888
2274.777
2267.952
2262.928
2269.865
2272.834
2274.005
2275.982
2275.2
2272.006
2271.671
2255.108
2273.603
2273.628
2279.859
2283.65
2349.926
2329.898
5233.613
4102.821
3413.666
2964.116
3336.587
2949.294
2703.976
2544.465
2442.337
2385.036
2355.731
2343.844
2405.635
2373.102
2352.352
2342.183
2331.818
2341.651
2320.594
2329.748
2336.664
2322.542
2331.995
2336.142
2338.486
2324.888
2330.731
2326.531
2667.557
2545.421
2471.384
2400.756
2375.754
2355.944
2343.302
2310.232
2353.508
2349.519
2355.638
2227.389
2266.129
2281.999
2314.7
2332.789
2343.479
2354.69
2354.056
2353.203
2331.302
2330.967
2329.915
2327.29
2340.097
2335.788
2333.426
2354.895
2371.837
2357.073
2429.094
2402.322
2387.911
2376.897
2370.845
2380.954
2367.668
2352.532
2368.109
2372.434
2366.639
2330.887
2344.617
2352.662
2342.765
2362.945
2370.696
2416.645
2405.172
2388.762
2324.958
2351.075
2354.776
2363.106
2371.26
2363.55
2357.577
2362.415
2357.933
2365.311
2381.017
2367.452
2373.38
2440.109
2424.703
2415.625
2406.218
2794.117
2649.623
2550.965
2496.72
2453.861
2433.302
2859.651
2703.981
2585.916
2509.713
2519.941
2469.602
2468.696
2471.198
2425.916
2408.431
2408.911
2398.591
2366.944
2384.171
2287.973
2337.671
2359.624
2380.215
2399.131
2397.223
2408.968
2410.349
2395.726
2409.062
2336.035
2508.414
2489.388
2377.239
2394.823
2417.384
2422.567
2330.449
2319.157
2359.638
2382.494
2372.898
2387.836
2376.692
2403.506
2412.94
2428.34
2337.018
2387.621
2402.874
2420.779
2430.654
2463.137
2444.451
2445.379
2446.582
2436.173
2375.98
2418.021
2442.098
2449.69
2462.145
2462.839
2496.795
2521.543
2497.35
2458.761
2459.431
2470.041
2466.281
2464.632
4346.865
3608.687
3170.622
2901.968
2708.232
2681.23
2612.556
2552.088
2515.243
2497.649
2601.077
2551.176
2526.225
2502.035
2498.048
2495.874
2489.237
2487.126
2166.779
2285.782
2359.384
2423.573
2446.829
2461.26
2476.15
2485.41
2486.893
2550.889
2534.207
2517.096
2504.106
2489.772
2495.165
2495.548
2462.124
2474.693
2493.929
2482.643
2491.801
2533.426
2530.001
2547.168
2532.662
2532.764
2529.841
2517.811
2518.81
2512.38
2548.029
2393.302
2424.309
2469.301
2497.071
2493.473
2518.167
2522.297
2454.488
2475.327
2505.308
2513.718
2509.35
2510.595
2542.312
2527.893
2530.539
2520.39
2527.232
2565.899
2554.577
2624.229
2582.06
2567.813
2544.798
2538.625
2536.151
2530.988
2539.325
2533.097
2538.762
2544.681
2540.197
2597.208
2584.996
2569.218
2554.007
2583.711
2546.748
2545.432
2534.005
2542.58
2550.894
2569.458
2571.849
2569.723
2507.374
2436.512
2511.126
2523.569
2543.307
2544.322
2563.077
2563.61
2573.206
2560.45
2566.333
2573.468
2591.662
2570.715
2560.25
2568.675
2691.305
2639.143
2622.899
2611.379
2605.475
2589.684
2587.549
2581.445
2585.337
2585.491
2582.001
2590.932
2503.731
2571.327
2584.776
2583.638
2388.634
2456.553
2524.96
2551.833
2575.321
2591.436
2533.131
2561.241
2578.137
2582.207
2581.851
2597.254
2605.262
2609.453
2622.328
2530.222
2558.333
2556.559
2584.882
2596.559
2619.403
2622.287
2612.151
2616.785
2583.18
3834.377
3373.272
3104.44
-312.9543
809.5923
1517.993
1946.513
2212.761
2367.587
2476.106
2545.861
2596.232
2605.641
2623.312
2631.991
2637.602
2625.987
2630.572
2627.476
2640.21
2645.342
2656.51
2666.662
2662.21
2664.531
2634.764
2639.308
2631.934
2639.625
2629
2623.136
2853.084
2736.296
2719.336
2662.983
2664.007
2683.906
2681.862
2744.706
2711.513
2690.528
2684.789
2670.031
2670.851
2658.86
2662.312
2666.357
2673.932
2666.283
2665.551
2674.315
2682.529
2674.861
2631.278
2526.092
2569.339
2614.268
2643.549
2659.806
2664.18
2762.228
2727.518
2701.091
2702.811
2639.69
2686.376
2695.782
2693.714
2705.268
2697.107
2697.557
2704.279
2702.513
2706.575
2700.786
2705.61
2703.88
2705.142
2678.065
2694.131
2710.305
2717.88
2714.336
2716.846
2718.064
2725.784
2788.515
2766.724
2752.604
2737.098
2733.221
2738.703
2730.815
2722.14
2695.168
2710.698
2727.201
2762.989
2749.376
2755.236
2747.705
2736.98
2736.383
2746.801
2789.564
2762.699
2768.174
2756.305
2750.326
2752.738
2865.757
2823.252
2796.388
2783.755
2764.205
2757.965
2754.442
2761.199
2773.226
2905.002
2850.15
2816.343
2880.072
2835.81
2814.436
2812.562
2784.894
2774.178
2769.777
2774.153
2768.057
2782.665
2774.958
2775.134
2783.251
2779.261
2558.303
2665.79
2698.868
2733.851
2754.443
2757.727
-16384.94
-8977.309
-4480.603
-1699.738
22.46401
1082.598
1728.331
2124.207
5043.437
4194.204
3660.652
3333.037
3142.113
3001.438
2879.279
2909.463
2888.84
2862.096
2874.907
2852.424
2841.738
2830.056
2826.664
2820.717
2823.052
2820.356
2821.711
2820.778
2823.642
2811.347
2819.043
2827.303
2813.364
2818.43
2820.851
2834.786
2829.042
2832.102
2880.716
2884.713
2867.542
2858.211
2862.532
2782.144
2769.69
2785.657
2800.419
2815.909
2827.198
2822.012
2840.432
2842.317
2831.379
2887.39
2865.197
3813.634
3453.522
3234.853
3088.661
3001.691
2952.722
2917.599
2899.469
2898.125
2882.859
2865.224
2861.861
2869.339
2873.647
2862.62
2863.921
2869.57
2869.817
2880.701
2877.213
2867.865
2890.697
2884.929
2901.361
2887.726
2886.776
2892.455
2898.253
2892.253
2887.541
2703.154
2773.712
2766.248
2820.144
2848.631
2853.584
2873.343
2886.65
2891.39
2848.625
2843.846
2872.924
2886.757
2906.679
2931.519
2928.428
2852.672
2877.591
2913.917
2923.082
2924.522
2927.976
2946.986
2972.868
2954.831
2944.091
2953.077
2975.617
3005.743
2971.642
2955.507
2948.207
2941.733
2922.695
2942.464
2936.126
2942.268
2936.753
2858.711
2892.744
2928.141
2856.221
2852.553
2886.061
2906.081
2918.287
2942.117
2940.534
2952.171
2957.26
2956.214
2956.802
2961.466
2949.258
2975.067
2970.19
2967.388
2967.411
2968.896
2975.852
2980.82
2977.776
2966.479
2967.615
2970.39
2976.546
2971.276
2987.567
2968.852
2989.308
2992.772
2981.419
2977.319
2988.491
2985.746
2991.516
3003.153
2999.038
3005.579
3021.781
3013.309
3002.349
3005.181
3019.576
3007.103
2993.809
2997.122
2992.7
2996.169
3002.614
3014.214
3007.037
3012.607
3007.112
3015.459
3020.563
3070.568
2988.309
3003.052
2946.348
2992.534
2988.616
3004.83
3029.529
3061.628
3050.326
2989.167
3008.967
3040.671
3053.632
3052.102
3051.485
3059.946
3836.694
3538.265
3307.364
3208.062
3124.952
3080.525
3073.681
3059.976
3154.889
3108.76
3103.066
3076.317
3068.334
3079.171
3074.255
3058.611
3055.983
3061.282
3047.157
2995.8
3034.613
3047.7
3019.245
3058.691
3074.913
3075.868
3063.266
3067.461
3092.966
3071.374
3050.871
3063.816
3090.092
3081.439
3115.472
3116.323
3106.708
3106.952
3092.539
3100.962
3099.786
3099.3
3094.224
3094.641
3095.918
3089.099
3087.629
3102.905
3092.858
3088.188
3090.423
3085.75
3125.001
3117.543
3113.156
3106.114
3170.783
3144.039
3130.849
3114.505
3149.469
3168.149
3158.651
3066.441
2938.542
3015.028
3075.529
3076.819
3073.667
3090.234
3108.124
3111.714
3112.638
3118.748
3128.632
3124.362
3095.839
3089.705
3111.649
3123.256
3111.779
3120.914
3120.612
3130.553
3138.279
3134.341
3144.801
3171.639
3159.405
3176.413
3163.071
3156.109
3157.885
3166.54
3154.326
3161.521
3161.427
3152.532
3350.809
3264.33
3211.925
3218.638
3214.967
3196.026
3183.127
3175.338
3179.17
3177.639
3173.725
3139.683
3145.588
3153.597
3160.379
3159.373
3134.603
3173.718
3107.774
3140.725
3185.793
3178.839
3181.453
3155.837
3181.349
3171.806
3177.89
3196.569
3216.774
3207.972
3297.316
3260.442
3252.339
3237.576
3225.121
3216.209
3203.443
4843.506
4210.057
3822.027
3603.261
3450.05
3344.699
3305.736
3265.397
3246.865
3229.163
3231.304
3228.382
3180.504
3069.598
3123.323
3174.956
3194.678
3209.507
3227.751
3229.569
3233.817
3221.957
3226.792
3227.622
3220.854
3225.895
3467.873
3382.228
3320.898
3287.113
3290.164
3276.344
3260.143
3261.021
3256.671
3253.016
3245.137
3235.488
3244.74
3169.812
3251.267
3252.81
3250.847
3241.568
3264.488
3253.323
3249.533
3242.328
3256.372
3260.153
3203.43
3234.147
3464.641
3388.233
3324.868
3347.684
3311.799
3293.169
3300.556
3032.676
3107.136
3192.324
3219.943
3238.889
3251.909
3258.785
3265.527
3293.76
3293.023
3286.298
3293.679
3287.106
3298.225
3297.293
3293.156
3289.47
3291.278
3293.831
3299.28
3303.309
3288.084
3385.839
3348.398
3375.654
3361.178
3326.953
3319.801
3311.089
3301.314
3297.861
3309.324
3311.258
3311.903
3315.372
14735.14
10446.29
7726.255
6026.855
4994.008
4398.135
3976.549
3721.832
3579.375
3487.969
3459.836
3414.286
4712.512
4207.184
3887.999
3694.43
3558.37
3472.036
3440.701
3408.151
3362.541
3357.78
3363.193
3347.048
3405.003
3268.711
3297.476
3331.013
3327.841
3310.193
3719.394
3566.299
3475.85
3417.755
3394.202
3377.783
3355.803
3339.677
3347.296
3344.197
3347.542
3359.729
3355.923
3362.037
3357.548
3348.92
3350.632
3352.477
3356.287
3373.958
3332.47
3343.5
3349.157
3353.141
3362.157
3363.15
3373.519
3369.071
3396.561
3376.645
3379.811
3413.428
3394.202
3377.19
3376.213
3381.468
3380.18
3382.859
3381.177
3376.912
3381.388
3396.422
3395.805
3381.954
3389.386
3403.546
3412.731
3392.853
3386.345
3380.793
3395.568
3408.064
3407.564
3408.43
3411.619
3401.218
3395.239
3400.112
3397.044
3325.596
3357.31
3408.155
3373.462
3377.424
3389.989
3402.838
3413.779
3471.25
3453.382
3439.061
3437.171
3411.766
3420.541
3412.372
3435.934
3428.898
3418.737
3392.355
3403.255
3413.169
3435.622
3429.106
3425.307
3428.33
3415.067
3417.357
3428.047
3424.461
3427.577
3424.168
3423.618
3524.274
3437.141
3436.105
3443.215
3471.49
3463.543
3464.717
3459.111
3456.856
3441.057
3448.631
3442.926
3346.753
3389.014
3404.211
3443.405
