-885.4089
-734.2874
-790.9078
-780.1961
-753.4609
-757.7971
-716.412
-694.5952
-527.3053
-91.92863
-284.8132
-284.9758
-321.487
-323.6784
-347.6662
-1284.554
-927.3877
-693.9868
-455.9681
-320.101
-214.687
-144.5574
-110.6206
-9.86796
163.8041
174.1389
268.5295
217.7206
295.9661
349.9743
408.6072
469.0677
490.5959
486.0401
857.7028
809.8871
794.4242
707.3853
674.0245
744.596
815.9661
849.5804
830.7224
945.0569
935.3454
910.869
968.1061
767.2998
748.6189
747.2394
758.1651
729.8729
736.0063
730.0987
760.6701
745.9697
681.0617
644.2004
502.2831
513.2585
468.2814
426.4807
603.5991
493.5999
396.2207
237.4335
184.13
259.0605
171.2636
95.12304
19.11339
-199.1094
-292.1828
-287.2396
-316.666
-368.1664
-445.6174
-484.2055
-547.4242
-576.6253
-590.4893
-607.9564
-637.7146
-941.0551
-924.8476
-859.3592
-825.6306
-605.7337
-720.4033
-833.3705
-861.4093
-878.4929
-907.5343
-923.3026
-924.5417
-956.2066
-968.2156
-953.5382
-1002.859
-999.491
-965.4167
-974.9595
-900.4147
-891.4426
-893.6926
-838.477
-831.5364
-760.151
-586.2611
-590.4255
-438.0475
-468.2877
-1989.463
-1479.22
-1121.772
-901.3563
-519.7299
-421.0958
-266.9095
-223.6425
-198.2578
-115.9945
-29.8243
74.31279
130.3806
181.8565
230.8153
300.0633
301.22
78.05256
201.6132
312.2616
433.3547
407.5962
455.1478
583.12
587.4717
608.0654
653.2313
721.9206
731.6817
751.9124
794.6386
1105.488
1004.307
827.7236
737.7115
848.4294
798.9886
770.0346
738.831
728.7253
744.1662
698.9424
476.6277
355.206
-339.2832
-205.2269
-33.30591
88.66101
139.1864
174.4189
167.0415
142.2262
176.9752
-29.97319
-53.65523
-66.76522
-103.4782
-159.9541
-53.97604
-19.07083
-116.8651
-51.8658
-182.7617
-324.7617
221.277
62.59722
-81.64005
-401.1374
-528.0737
-631.0556
-646.4581
-728.6291
-786.2797
-851.6924
-924.2994
-963.8675
-1071.723
-1074.421
-1078.684
-231.4597
-467.349
-400.7347
-582.0472
-676.8866
-767.2616
-842.9769
-678.4675
-666.3843
-733.7824
-806.542
-818.1792
-837.2527
-889.0381
-844.4057
-763.9405
-776.4267
-1709.638
-1384.291
-1118.844
-947.8965
-790.0324
-661.0532
-573.3646
-502.5036
-481.8293
-386.3845
-305.0032
-215.7111
-883.5456
-546.0224
-362.4794
116.3142
148.5906
202.0068
219.3813
278.4891
-6997.724
-4711.703
-3067.395
-1942.209
-1170.378
-616.806
56.88836
251.6656
368.243
395.1831
482.9197
503.3543
498.0174
487.4104
575.6984
555.217
592.0897
737.6579
764.4983
714.0341
670.4024
666.785
633.0681
568.1703
575.2226
535.9176
509.6563
445.8577
383.6976
355.3398
267.2298
243.2835
199.7407
158.6937
104.7225
166.713
87.41493
50.27483
-38.77761
-124.8948
-166.7462
-270.4106
-339.1176
-368.8084
-407.1894
-443.6051
-527.0644
-599.1837
-390.6492
-465.0895
-606.0438
-519.03
-422.6429
-635.8748
-776.1508
-1336.855
-1249.94
-1163.709
-1139.334
-1137.195
-1136.779
-984.2116
-1138.065
-1380.478
-1310.751
-1152.019
-1135.864
-1135.455
-1226.949
-1214.055
-1194.83
-1182.339
-1100.697
-1076.958
-1170.745
-1122.797
-1011.289
-969.3472
-904.7895
-848.1759
-794.1323
-744.4182
-718.4246
-633.9114
-615.9885
-591.6963
-517.2774
-395.6468
-354.2028
-308.0919
-303.6042
-451.8116
-321.122
-195.9631
65.7007
36.11171
86.82663
112.2314
-56.71768
79.76526
138.686
206.726
248.9303
333.8418
342.6627
434.3492
549.1779
551.0519
575.3556
401.3985
439.3497
527.3375
498.0954
524.2006
582.3945
578.8119
519.3358
589.2511
539.4359
501.3906
501.213
498.7065
495.3857
462.2164
1031.48
848.2456
654.5565
473.568
369.1503
324.8783
254.6748
223.0518
166.51
104.6833
-1099.145
-810.3689
-602.2058
-501.3026
-445.8049
-430.2999
-456.1706
-510.3276
-536.7356
-1395.066
-1263.084
-1143.52
-630.0555
-690.4156
-744.2662
-823.4698
-876.9386
-879.3611
-942.4863
-992.6753
-1023.815
-1064.325
-1035.524
-1058.042
-1133.976
-1147.122
-1167.729
-1182.71
-1169.325
-1179.923
-1186.57
-1185.534
-1269.513
-1222.903
-1215.305
-1207.571
-1161.995
-1159.273
-1115.683
-1130.361
-1110.72
-1057.805
-1031.191
-1006.363
-866.3715
-1440.058
-1229.733
-1076.399
-1954.926
-1519.507
-1177.438
-947.6179
-757.576
-604.675
-490.7221
-405.5719
-345.1345
-254.2366
-1026.391
-714.6247
-420.8177
-274.2174
-97.40013
-11.56516
-665.263
-390.9681
-176.9407
7.644684
91.97938
178.984
216.5714
293.1583
348.592
389.651
434.0586
465.4366
492.6745
576.6756
561.6252
412.0665
417.9653
385.6787
458.8361
467.9504
422.2026
420.2587
406.2304
404.4784
385.5605
331.6458
259.5924
251.2792
236.4962
216.8279
161.4831
122.2308
116.723
46.21802
19.70344
-60.03256
-160.0582
-226.7356
-324.7705
-332.9227
-398.6815
-418.2508
-448.0386
-502.1491
-515.2555
-606.979
-856.9657
-852.8003
-892.9605
-653.097
-767.5148
-848.9792
-996.5227
-1037.993
-1097.451
-1124.463
-1151.487
-1185.769
-1592.457
-1510.343
-1454.009
-1418.348
-1417.883
-1551.809
-1378.363
-1319.548
-1333.448
-1314.118
-1291.414
-1235.91
-1222.614
-1261.012
-1237.738
-1196.081
-1145.281
-1029.899
-1072.423
-829.633
-847.8732
-896.6504
-878.6099
-854.8087
-1956.292
-1561.429
-1310.456
-1100.04
-930.9453
-791.9253
-653.4712
-584.33
-528.1255
-449.9448
-521.9135
-500.3172
-357.7843
-218.4574
-140.4332
-64.95837
-20.81721
52.05369
83.94246
136.4701
184.4121
224.6456
181.7589
245.8329
317.3432
491.7684
299.9965
319.168
366.6007
458.6279
597.4773
524.1645
497.1493
425.6987
400.5783
419.8606
442.0177
362.9805
349.3606
343.5929
323.8291
295.616
276.0987
240.2254
226.1422
189.402
141.4879
65.96888
-181.2043
-341.7439
-291.4137
-279.5672
-232.355
-265.507
-276.4055
-340.608
-391.5408
-470.3575
-530.0305
-586.7117
-603.4149
-674.8087
-766.1512
-811.0776
-920.4984
-961.801
-997.753
-1099.795
-1086.967
-1114.42
-1125.891
-1197.881
-1218.811
-1243.953
-1526.142
-1473.168
-1429.931
-1381.656
-1415.228
-1377.417
-1395.355
-1399.809
-1378.527
-1332.937
-1322.054
-1495.108
-1441.931
-781.5781
-937.3422
-1058.676
-1084.068
-1143.136
-1382.097
-1276.734
-1219.649
-1160.139
-1173.6
-1096.648
-1050.742
-989.9743
-926.5019
-876.6223
-710.9575
-687.584
-668.1111
-609.2163
-568.6058
-463.661
-116.5852
-238.9808
-250.3297
-228.9789
-270.1228
-242.464
-244.998
-160.2945
-8.436646
57.74909
85.05228
120.1176
147.9289
193.6487
181.8521
211.0798
250.6735
245.0619
171.5097
105.6099
175.8036
236.5261
266.8419
274.6283
177.0528
748.9064
782.5757
624.9393
575.7517
493.6254
363.4025
294.0162
247.6402
170.6602
302.6281
229.1236
61.8269
24.63992
-51.33894
-75.0236
-156.1126
-182.7922
-70.38803
-140.8991
-248.7018
-343.6141
-475.2259
-491.9238
-523.1146
-616.1062
-676.9395
-679.314
-728.7198
-559.9233
-715.902
-763.3808
-858.9341
-870.0121
-953.5141
-835.9196
-972.2301
-1017.678
-1127.397
-1192.558
-1258.954
-1322.974
-1370.347
-1415.421
-1438.736
-1423.187
-1429.62
-1440.869
-2108.828
-1983.858
-1826.702
-1723.167
-1652.372
-1590.17
-1544.457
-1472.753
-1470.067
-1427.206
-1395.091
-1388.373
-1265.332
-1206.179
-1190.978
-1149.54
-1132.758
-1066.732
-1011.778
-1039.19
-988.9546
-934.5532
-928.9422
-683.4993
-642.427
-510.5943
-644.2264
-830.8614
-721.8085
-600.8133
-619.4292
-509.3688
-344.9605
-238.3337
-276.6129
-192.6095
-128.9387
-24.01354
-16.93985
23.20243
17.6572
47.67268
93.0753
53.02723
139.697
194.2328
202.8744
207.8346
233.1567
238.5984
334.7279
336.0901
303.9575
36.58161
71.82087
86.6553
113.1535
112.2227
106.6097
9.178831
-9.253759
-27.11484
-24.86003
-44.84354
-128.7535
-191.4456
-217.3054
-198.6331
-950.5621
-774.7346
-696.1888
-609.3607
-595.8419
-654.0657
-601.7157
-676.0412
-720.7097
-756.5398
-1348.204
-1238.547
50.35347
-275.7865
-543.0655
-749.2719
-871.8551
-983.2432
-1102.048
-1226.947
-1223.439
-1305.055
-1386.774
-1390.746
-895.3718
-1096.122
-1252.145
-1338.115
-1424.806
-1461.157
-1451.772
-1497.996
-1673.873
-1643.969
-1599.741
-1744.653
-1644.201
-1259.958
-1308.976
-1230.795
-1280.763
-1319.29
-1352.878
-1349.474
-1354.179
-1320.291
-1173.235
-1137.648
-1140.373
-1241.535
-1134.598
-1041.088
-980.2889
-896.3259
-819.1836
-770.5331
-679.0612
-615.9889
-621.7528
-575.3249
-513.8794
-483.8691
-95.55072
-141.8255
19.06162
19.57089
-51.05465
-97.43002
-73.09274
-15.51166
64.14071
36.4721
20.81261
57.68147
80.34317
79.11961
76.42276
88.21479
76.96735
-103.4637
-53.76288
6.846026
12.92865
87.67009
69.735
36.55912
56.48176
220.1755
145.0183
84.46064
-59.26012
-124.2837
-130.9056
-141.5323
136.3973
39.73197
-53.69092
-150.5827
-178.7731
-245.7458
-330.767
-576.996
-611.4466
-662.2986
-665.1484
-703.038
-745.7479
-883.1246
-954.2605
-1015.807
-1008.721
-1043.075
-1084.696
-1099.686
-1135.704
-1176.403
-1227.538
-1244.305
-1297.19
-1362.899
-1391.322
-1422.367
-1393.75
-1427.231
-1551.612
-1572.709
-1566.277
-1589.072
-1619.072
-1647.045
-1705.124
-1745.848
-1845.561
-1524.971
-2099.083
-1927.206
-1845.996
-1734.08
-1664.624
-1631.441
-1913.917
-1794.459
-1620.221
-1517.102
-1442.045
-1399.136
-1383.147
-1248.706
-1191.914
-1201.219
-1160.817
-1486.327
-1304.193
-1146.914
-1045.063
-1045.594
150963.4
104286.4
72025.99
49685.24
34313.01
23523
16195.04
11143
8037.44
5505.268
3812.447
2607.882
1767.603
1084.801
835.5184
622.758
423.392
308.185
193.3498
174.3496
163.2905
127.4185
85.50514
110.338
94.68606
92.58835
34.9577
-151.0359
-83.71798
194.6744
249.1979
141.4626
49.0935
-21.77559
-87.69561
-105.6143
-154.2748
-355.5072
-357.3212
-319.7064
-347.0391
-308.1314
-367.0912
-446.7543
-501.2031
-570.916
-509.5236
-585.9153
-669.9742
-757.1336
-822.3561
-882.7456
-915.7455
-1003.988
-1086.481
-1100.742
-1152.154
-1120.253
-1207.435
-1315.638
-1362.019
-1467.742
-1500.449
-1568.892
-1573.539
-1602.567
-1683.339
-1677.459
-1682.684
-1692.005
-1689.757
-1696.624
-1708.733
-1947.497
-1877.844
-1832.237
-1698.743
-1803.102
-1776.517
-1745.074
-1733.511
-1606.386
-1475.782
-1441.31
-1458.661
-1409.647
-1410.634
-1409.143
-1350.792
-1322.875
-236.4049
-544.0137
-694.542
-826.8423
-868.8944
-888.3648
-652.4638
-820.0883
-815.181
-777.8712
-828.3408
-794.6266
-402.4074
-622.1316
-570.7478
-785.4998
-651.0853
-547.8291
-480.9989
-407.7767
-324.0968
-291.223
-237.2186
-219.0833
-152.0966
-102.5127
-34.46226
45.29131
40.26699
-333.7612
-227.5683
-179.0852
-147.8672
-111.3242
-113.0977
-363.6803
-258.1
-146.8575
-136.0163
-153.4274
-162.199
-201.4336
-183.3191
-201.7035
-220.9361
-255.9613
-278.4555
-314.5527
-340.6777
-285.3056
-348.3439
-426.4523
-403.4851
-594.8277
-628.0242
-684.7003
-715.0812
-733.522
-830.816
-889.7755
-969.0106
-1088.142
-1113.456
-1160.552
-1226.128
-1255.282
-1292.626
-1281.725
-1325.894
-1399.078
-1351.495
-1483.485
-1582.405
-1613.789
-1600.011
-1647.799
-1907.166
-1852.707
-1861.544
-1972.5
-1900.962
-1899.526
-1932.807
-1875.234
-1662.925
-1754.384
-1751.817
-1774.966
-1763.852
-1765.923
-2078.822
-1944.212
-1874.849
-1793.312
-1743.089
-1650.858
-1578.648
-1524.762
-1304.668
-1301.097
-1231.928
-1179.248
-1172.587
-1165.204
-1320.538
-1228.502
-1107.672
-1021.773
-954.8334
-829.7067
-1740.969
-1367.028
-1088.4
-929.9546
-859.8738
-748.8412
-636.9039
-509.9076
-451.2097
-424.8026
-1367.337
-1026.386
-763.0292
-581.4601
-418.7558
-364.0529
-305.5479
-347.9287
-319.3869
-238.2895
-212.177
-513.0672
-372.5703
-415.9416
-293.7937
-256.5636
-138.5134
-143.7463
-122.0974
-159.792
-199.4968
-191.8608
-141.0124
-217.2638
-249.8935
-274.1171
-352.999
-411.7821
-473.3817
-855.2986
-786.2105
-758.4749
-719.0634
-758.9485
-811.9942
-835.0034
-901.5938
-968.5957
-1058.183
-1078.312
-1157.749
-1196.349
-1280.55
-1342.27
-1377.152
-1445.052
-1463.245
-1517.347
-1569.736
-1641.531
-1273.981
-1398.425
-1518.256
-1544.981
-1640.998
-1713.666
11758.84
7602.12
4678.923
2680.265
1275.973
314.9417
-411.4236
-776.7051
-1104.578
-1326.44
-1527.884
-1574.107
-1639.496
-1661.399
-1684.184
-1714.511
-1572.456
-1491.919
-1544.227
-1546.706
-1534.224
-1538.102
-2134.222
-2240.674
-1964.01
-1744.542
-1342.542
-1351.732
-1220.029
-1181.751
-1121.328
-1372.227
-1204.746
-1074.401
-947.3111
-897.046
-994.7275
-881.6321
-688.7462
-633.9093
-558.6078
-513.9242
-483.1914
-1454.015
-1062.987
-1026.665
-568.0679
-393.3977
-408.6468
-478.411
-431.8732
-741.7575
-674.6424
-542.7524
-469.3503
-333.4358
-612.7128
-470.9157
-391.4377
-416.4382
-359.5843
-38.92565
-140.162
-195.2367
-233.169
-271.5666
-380.9824
-472.1678
-479.672
-494.8649
-532.8845
-582.3512
-539.4905
-624.628
-671.4487
-718.1175
-750.5277
-763.5953
-888.4219
-922.093
-1025.705
-1039.142
-1097.596
-1164.572
-1226.017
-1282.046
-1320.633
-1399.923
-1461.543
-1539.596
-1560.827
-1629.624
-1640.847
-1695.933
-1686.634
-1745.593
-1772.915
-1883.393
-1900.602
-1915.988
-1955.604
-1931.196
-1870.362
-1933.205
-1993.908
-1984.384
-1980.265
-1985.404
-1958.689
-1816.452
-1859.139
-1803.91
-1822.893
-1671.635
-1722.983
-1767.444
-1789.081
-1734.124
-1689.319
-1659.28
-1614.631
-1567.127
-1522.643
-1493.704
-1451.463
-1385.918
-1321.062
-1224.893
-1078.484
-1067.979
-1033.439
-1060.915
-1027.472
-1007.87
-926.681
-905.26
-808.733
-758.3782
-745.0102
-671.0055
-621.8977
-583.9492
-536.9204
-509.722
-437.4443
-411.9699
-584.4355
-592.7675
-436.4643
-405.2665
-340.428
-298.7223
-294.5397
-267.7972
-240.5386
-215.0832
-202.4441
-228.3898
-227.9328
-449.7691
-402.6269
-376.5414
-337.5625
-364.3273
-454.4822
-474.6552
-470.8815
-539.8607
-611.4404
-625.3219
-751.157
-687.7303
-767.131
-870.8451
-883.231
-916.5777
-1000.289
-1063.805
-1068.093
-1139.267
-1263.297
-1124.943
-1198.161
-1317.694
-1390.618
-1513.06
-1535.988
-1569.994
-1634.971
-1672.823
-1724.193
-1745.945
-1887.937
-1115.434
-1478.978
-1626.834
-1794.385
-1866.521
-2008.332
-2031.531
-2007.733
-2036.639
-2076.896
-2059.904
-2067.759
-2053.072
-1986.802
-2007.165
-2016.537
-1883.204
-1902.432
-1944.732
-1925.623
-1919.887
-1820.945
-1838.072
-1826.177
-1832.137
-1768.137
-1729.466
-1544.386
-1560.268
-1512.396
-1469.295
-1431.697
-1400.532
-1339.379
-1285.377
-1239.084
-1194.044
-1139.217
-1094.046
-1036.09
-982.7457
-922.4288
-917.8465
-891.3558
-897.1091
-673.4128
-520.0962
-492.3227
-502.0512
-451.7947
-458.8829
-453.5754
-426.1746
-402.2259
-1346.363
-1044.99
-791.4277
-620.4099
-525.5221
-428.9187
-405.4365
-333.002
-105.1318
-191.2895
-138.8497
-209.5776
-238.9885
-364.2685
-364.7193
-441.4352
-507.1458
-519.7907
-576.5462
-586.6373
-649.5399
-690.2739
-644.5363
-724.4033
-733.4835
-804.4338
-873.4054
-966.9183
-851.8559
-1074.141
-1149.712
-1119.042
-1199.218
-1287.529
-1409.788
-1221.816
-1388.71
-1462.012
-1589.539
-1669.435
-1673.193
-1549.101
-1701.43
-1763.44
-1814.974
-1856.382
-1856.446
-1915.285
-2094.303
-2140.512
-2171.609
-2159.403
-2180.617
-2188.3
-2182.944
-2232.864
-2214.128
-2227.462
-2251.444
-2183.751
-1756.875
-1863.652
-1794.233
-1818.16
-1861.771
-1908.525
-1906.369
-1942.238
-1953.989
-1913.639
-1867.233
-1793.695
-1773.541
-1283.296
-1392.825
-1426.906
-1534.074
-1476.834
-1447.966
-1354.965
-1297.238
-1217.219
-1192.12
-1170.707
-1122.758
-1061.441
-995.6205
-943.3189
-931.402
-907.6777
-808.978
-666.0248
-559.5022
-561.1942
-1123.635
-898.7882
-907.7223
-774.9662
-651.2376
-574.6493
-534.7484
-482.5749
-440.7384
-383.5319
-476.175
-472.2199
-467.9048
-433.5367
-550.0916
-583.6525
-567.4641
-505.2292
-508.2564
-546.6264
-565.5043
-579.2226
-559.7129
-583.4504
-638.921
-700.5982
-732.0629
-796.3908
-839.0657
-887.3295
-896.224
-1011.671
-1029.297
-1084.789
-1148.774
-1191.132
-1269.591
-1353.145
-1402.351
-1430.09
-1501.193
-1546.438
-1600.707
-1653.588
-1731.055
-1784.505
-1691.549
-1748.836
-1837.906
-1915.316
-1967.934
-2051.415
-2030.321
-2398.165
-2320.766
-2213.658
-2216.503
-2200.569
-2235.688
-2030.845
-1974.362
-2018.292
-2056.167
-2123.371
-1925.081
-1990.816
-2132.776
-2287.53
-2238.9
-2082.118
-2078.717
-2050.433
-2086.449
-2034.791
-1978.639
-1949.502
-1778.335
-1790.777
-1763.805
-1184.247
-1302.139
-1370.422
-1403.445
-1381.183
-1333.59
-1271.264
-1272.928
-1280.936
-1223.679
-1177.722
-1122.741
-1095.306
1106.261
626.4317
170.8915
-164.4073
-353.6435
-485.4942
-557.0731
-585.987
-589.3305
-603.5089
-602.2461
-410.2046
-388.0051
-407.0307
-449.9768
-606.9676
-570.5825
-518.4536
-547.251
-521.2258
-538.5635
-540.7284
-556.4475
-323.5238
-407.7529
-415.2983
-454.952
-517.2983
-510.5623
-581.0042
-654.7581
-703.6355
-767.3723
-848.4023
-888.0329
-989.3629
-1036.656
-1091.511
-1100.735
-1137.177
-1184.634
-1243.621
-1491.963
-1804.438
-2581.511
-2317.059
-2117.319
-1965.514
-1931.302
-1896.343
-1901.59
-3402.339
-3008.686
-2712.858
-2513.966
-2368.328
-2296.032
-2258.035
-2155.701
-2181.701
-2253.061
-2227.207
-2242.144
-1978.363
-2063.16
-2167.565
-2277.298
-2252.472
-2500.767
-2440.295
-2042.041
-2089.053
-2139.771
-2161.549
-2168.551
-2279.3
-2236.355
-2266.419
-3358.429
-2966.34
-2672.226
-2529.245
-2349.652
-2248.738
-2134.694
-2022.455
-2279.077
-2091.83
7452.93
4571.67
2701.219
1480.358
580.5889
-43.31793
-413.3739
-652.035
-894.7842
-1030.881
-1050.926
-982.0665
-966.1792
-953.105
-954.5949
-911.237
-868.2533
-839.669
-758.4902
-2369.965
-1807.812
-1408.446
-824.138
-757.8534
-626.5209
-513.2876
-534.6549
-537.7867
-530.7389
-515.3507
-208.9276
-309.498
113.0652
-147.4229
-340.5093
-395.7133
-497.9416
-579.2565
-653.9806
-936.5415
-922.9647
-944.1364
-947.1684
-1037.399
-1055.422
-1047.15
-1120.697
-1104.317
-1208.139
-1191.558
-1240.696
-1267.008
-1336.476
-1411.268
-1155.779
-1311.851
-1540.087
-1568.454
-1628.619
-1705.538
-1819.22
-1863.236
-1905.603
-1960.896
-2002.555
-2065.356
-2087.062
-2125.211
-2178.81
-2244.884
-2265.84
-2333.992
-2357.47
-2417.551
-2371.9
-2372.011
-2277.638
-2302.146
-2366.472
-2347.009
-2379.989
-2387.572
-2364.396
-2364.857
-2356.886
-2347.038
-2716.886
-2609.685
-2507.954
-2409.201
-2306.802
-2238.898
-2326.263
-2233.47
-2075.197
-1790.458
-1801.3
-1905.319
-1881.478
-1853.012
-1775.842
-1729.571
-1680.531
-1589.625
-1546.579
-1494.031
-1462.372
-1391.837
-1344.596
-1292.183
-1224.926
-1127.573
-1092.947
-1048.005
-1012.475
-994.7488
-867.0255
-853.7606
-832.2222
-807.4607
-771.3844
-724.8704
-650.5174
-549.2432
-639.5428
-842.8964
-849.1778
-783.4584
-746.6888
-698.5354
-644.6536
-686.7019
-724.7705
-714.5441
-698.2046
-726.4806
-748.7576
-798.9576
-826.2867
-844.5983
-960.4379
-937.6094
-983.4445
-1143.33
-1139.332
-1471.615
-1696.241
-1603.282
-1607.384
-1676.478
-1635.212
-1565.09
-1563.597
-1619.461
-1634.321
-1733.687
-1691.577
-1604.176
-1698.01
-1807.081
-1896.901
-1902.694
-1967.312
-2078.153
-2106.227
-2102.007
-2170.159
-3612.052
-3264.982
-2972.947
-2864.201
-2716.665
-2295.738
-2505.718
-2421.504
-2472.119
-2503.204
-2508.718
-2474.018
-2503.523
-2454.887
-2165.494
-2250.718
-2298.804
-2428.58
-2407.271
-2364.463
-2305.752
-2315.249
-2433.969
-2458.185
-2040.628
-2101.219
-2093.894
-2011.521
-1997.612
-2009.528
-2034.015
-1888.265
-1840.872
-1773.766
-1729.521
-1744.708
-1663.66
-1580.231
-1510.33
-1419.873
-1387.282
-1423.517
-1350.093
-1276.388
-1220.383
-1174.745
-1169.386
-1086.363
-1409.222
-1213.252
-1116.259
-1094.304
-974.0688
-877.721
-886.0351
-848.0415
-977.4809
-2525.25
-1890.695
-1513.783
-1298.681
-1100.074
-1012.395
-922.8538
-883.0127
-860.8659
-924.1794
-876.5868
-873.2364
-910.1501
-921.7306
-968.6546
-993.7035
-1040.954
-1075.75
-972.6153
-604.1509
-858.9869
-945.8778
-1133.714
-1254.031
-1365.294
-1418.327
-1475.43
-1550.564
-1629.389
-1697.77
-1403.604
-1535.299
-1615.023
-1723.104
-1849.545
-1908.344
-2034.065
-2099.91
-2136.532
-2056.873
-2149.902
-2275.753
-2340.076
-2404.354
-2390.418
-2423.79
-2455.588
-2501.664
-2557.223
-2600.068
-2565.822
-2628.256
-2648.6
-2657.811
-2592.428
-2491.545
-2480.665
-2410.005
-2460.506
-2326.903
-2367.769
-2396.005
-2411.845
-2322.875
-2325.02
-2307.175
-2265.435
-2193.127
-2205.253
-2190.162
-2116.117
-2041.21
-1972.439
-1943.697
-1882.798
-1873.685
-1809.501
-1747.806
-1700.643
-1602.835
-1572.314
-1451.12
-1433.715
-1410.167
-1274.349
-1258.523
-1240.491
-1189.744
-1138.118
-1139.083
-1033.395
-1005.53
-947.7128
-931.2027
-857.5777
-865.4139
-887.1121
-1006.951
-968.1294
-928.1741
-1698.017
-1209.232
-1074.429
-993.0617
-1033.5
-942.5822
-1327.056
-1311.284
-1132.837
-784.1918
-632.6042
-746.8629
-842.6121
-928.7551
-1013.513
-1093.913
-1120.648
-1137.821
-1088.231
-1190.289
-1250.498
-1388.046
-1435.91
-1306.17
-1467.712
-1536.05
-1626.704
-1699.022
-1760.469
-1831.614
-1886.419
-1952.851
-1961.034
-2000.117
-2056.628
-2115.206
-2182.377
-2212.804
-2249.757
-2297.654
-2383.676
-2470.118
-2471.343
-2486.972
-2521.247
-2588.892
-2629.521
-2718.754
-2663.791
-2645.855
-2659.615
-2690.285
-2734.288
-2699.949
-2571.089
-2572.069
-2510.068
-2535.91
-2636.673
-2600.354
-2558.135
-2348.307
-2386.736
-2387.512
-2584.539
-2722.119
-2574.687
-2492.891
-2373.396
-2274.882
-2191.97
-2158.888
-2089.45
-2080.594
-1958.882
-1880.244
-1808.843
-1743.67
-1701.252
-1653.903
-1601.405
-1560.415
-1533.041
-1470.773
-1560.651
-1463.094
-1250.652
-1268.672
-1203.762
-1171.574
-1104.763
-1073.346
-851.1204
-914.8867
-505.1531
-654.2771
-690.4143
-709.4206
-1166.801
-1079.151
-1022.351
-903.7972
-895.3607
-903.6622
-906.5816
-907.9457
-901.7286
-951.9065
-1012.541
-1021.771
-1127.132
-1045.504
-1121.373
-1153.04
-1277.259
-1270.732
-1192.419
-1278.374
-1339.086
-1221.196
-1350.49
-1447.268
-1556.078
-1830.586
-1831.136
-1855.143
-1925.824
-1913.112
-1926.816
-1996.208
-2003.884
-2115.418
-2161.799
-2236.159
-2390.748
-2333.565
-2007.57
-2159.092
-2260.502
-2378.722
-2225.445
-2348.483
-2436.784
-2504.503
-2591.586
-1479.827
-1855.285
-2035.613
-2224.891
-2406.094
-2504.486
-2613.013
-2548.345
-2635.11
-2604.466
-2629.482
-2629.873
-2637.68
-2636.29
-2618.128
-2609.965
-2618.385
-2560.124
-2443.247
-2420.224
-2405.663
-2373.474
-2257.526
-2237.573
-2209.589
-2131.448
-2112.515
-2055.239
-2013.711
-1972.993
-1917.735
-1865.511
-1848.989
-1748.125
-1618.51
-1562.367
-1531.869
-1489.794
-1455.258
-1362.634
-1326.183
-1295.743
-1249.472
-1202.949
-1206.514
-1224.837
-1155.926
-1254.351
-1195.175
-1140.135
-1108.52
-1046.649
-996.0966
-998.9834
-999.9483
-1170.151
-1088.367
-1055.621
-1045.309
-1083.209
-1059.45
133.4865
-135.2317
-762.9829
-873.1545
-972.6534
-1035.519
-1296.262
-1272.47
-1354.757
-1387.959
-1235.657
-1577.149
-1599.471
-1629.241
-1662.853
-1647.131
-1693.098
-1721.023
-1759.016
-1593.976
-1758.595
-1734.84
-1905.574
-2001.669
-2156.517
-2184.841
-2246.185
-2214.429
-2347.712
-2430.048
-2462.279
-2488.866
-2518.986
-2603.924
-2636.434
-2711.904
-2753.497
-2760.848
-2832.379
-2834.797
-2835.543
-2952.089
-2937.646
-2906.782
-2883.222
-2845.292
-2857.289
-2842.642
-2797.24
-2840.69
-2830.992
-2808.549
-2760.592
-2729.746
-2701.771
-2700.483
-2636.196
-2522.356
-2490.281
-2449.545
-2422.354
-2358.408
-2325.257
-2313.179
-2203.65
-2135.839
-2089.577
-2044.173
-1979.173
-1909.871
-1879.139
-1836.775
-1731.337
-1665.342
-1628.26
-1947.187
-1882.113
-1740.667
-1603.169
-1574.956
-1673.122
-1602.645
-1474.076
-1387.883
-1326.948
-1260.227
-1227.933
-1186.92
-1471.964
-1198.418
-1086.768
-1092.987
-1060.429
-1076.643
-1094.34
13732.87
9133.145
6046.587
3870.359
2342.707
1255.231
485.7201
-51.29751
-428.597
-687.4945
-906.1884
-1127.64
-1203.865
-1373.8
-1192.157
-1622.419
-1636.869
-1672.961
-1661.772
-1733.579
-1776.273
-1922.711
-1915.661
-2003.332
-2047.84
-2062.616
-2066.242
-2245.327
-2288.009
-2368.455
-2389
-2439.47
-2479.966
-2528.318
-2574.602
-2590.908
-2728.999
-2734.405
-2770.571
-2857.721
-2873.913
-2881.179
-3091.083
-3024.1
-3018.315
-2979.978
-2968.116
-2965.388
-3082.649
-2956.32
-2949.548
-2924.641
-2929.705
-2894.053
-2889.299
-2844.134
-2820.789
-2771.721
-2933.379
-2844.876
-2780.161
-2725.069
-2622.531
-2478.673
-2655.262
-2548.801
-2499.71
-2398.782
-2347.757
-2289.407
-2195.589
-2134.255
-2101.109
-2088.459
-2036.628
-1979.891
-1675.849
-1697.103
-1608.53
-1584.555
-1568.73
-1579.827
-1657.988
-1565.945
-1522.203
-1431.854
-1432.572
-1405.623
-953.6064
-579.6808
-779.9515
-902.2946
-1004.752
-1161.106
-1171.539
-1136.044
-1217.584
-1191.89
-783.411
-1163.353
-1144.58
-1168.301
-1211.733
-1226.715
-1233.007
-1288.066
-1321.938
-1575.049
-1241.76
-1229.395
-1291.9
-1375.301
-1512.713
-1562.096
-1624.946
-1663.426
-1714.277
-1745.119
-1804.774
-1826.514
-1890.123
-1922.288
-2024.899
-2118.445
-2173.775
-2307.203
-2335.724
-2357.963
-2389.056
-2453.055
-2006.4
-2221.026
-2361.821
-2481.782
-2542.657
-2637.995
-2746.749
-2786.895
-2834.669
-2855.875
-2866.4
-2858.816
-2887.489
-2895.944
-9456.088
-7529.377
-6258.016
-5273.855
-4500.97
-4013.186
-3680.151
-3452.511
-3279.068
-3094.695
-2998.728
-2971.464
-2910.755
-2795.939
-2675.953
-2682.82
-2672.174
-2751.222
-2693.168
-2700.777
-2641.277
-2575.626
-2501.091
-2430.045
-2368.944
-2373.742
-2275.112
-2115.646
-2071.637
-2208.221
-2117.625
-2002.151
-1939.4
-1883.066
-1668.916
-1765.879
-1693.162
-1658.88
-1635.879
-1573.216
-1390.213
-1323.132
-1074.225
-1109.912
-1176.028
-1198.757
-1217.217
-1178.444
-1127.847
-1200.688
-1178.274
-1283.743
-1257.457
-1255.199
-1257.936
-1798.313
-1166.05
-1227.956
-1238.251
-1279.886
-1350.412
-710.8201
-954.5363
-953.3014
-1106.72
-1262.019
-1388.845
-1513.768
-1582.608
-1641.574
-1698.761
-1677.542
-1801.066
-2139.774
-2167.917
-2350.654
-1700.543
-1861.849
-2178.678
-2209.978
-2268.093
-2325.578
-2412.135
-2481.462
-2368.895
-2487.757
-2474.513
-2604.115
-2680.92
-2769.69
-2786.72
-2849.991
-2884.867
-2906.567
-2937.135
-2976.917
-3021.284
-3029.185
-3040.447
-2976.783
-3098.883
-3243.827
-3205.838
-3251.563
-3161.189
-3108.702
-3022.442
-3018.649
-3069.251
-3057.148
-3072.359
-3129.705
-3046.184
-2990.499
-2959.861
-2892.078
-2799.504
-3079.236
-2931.591
-2870.089
-2598.669
-2501.057
-2530.051
-2465.673
-2393.75
-2315.783
-2248.75
-2239.76
-2184.777
-2227.263
-2152.391
-2078.694
-2049.869
-1512.907
-993.9057
-1207.125
-1351.503
-1427.863
-1492.839
-1515.452
-1455.974
-1455.354
-1387.826
-1360.227
-1365.837
-1352.472
-1349.841
-1317.247
-852.2538
-997.5918
-1086.415
-1161.613
-1214.259
-1252.756
7481.595
4772.401
2994.225
1613.246
589.2604
-36.61337
-596.2356
-898.1406
-1097.499
-1420.347
-1512.971
-1614.329
-1657.85
-1720.554
-1787.993
-1838.942
-1847.908
-1922.394
-1990.123
-2120.451
-2176.68
-2210.532
-2147.025
-2240.849
-2326.251
-2092.474
-2269.008
-2384.393
-2478.115
-2552.599
-2663.595
-2722.88
-2833.927
-2860.686
-2853.982
-3107.341
-3116.217
-3093.527
-2334.824
-2560.43
-2754.967
-2881.454
-3015.371
-3143.611
-3167.04
-3166.221
-3135.128
-3141.39
-3159.224
-3150.25
-3172.002
-3147.329
-3121.505
-3066.878
-3088.182
-3065.696
-3078.196
-3016.735
-3181.444
-3086.568
-3000.576
-2936.473
-2813.841
-2785.246
-2663.629
-2643.846
-2644.74
-2589.516
-2544.675
-2485.816
-2459.502
-2401.19
-2340.325
-2252.577
-2266.372
-2042.799
-2073.252
-2125.264
-2040.172
-1979.639
-2082.402
-2004.164
-1951.556
-1838.573
-1763.826
-1662.32
-1614.782
-1603.124
-1620.787
-1576.552
-1849.721
-1736.368
-1638.886
-1578.035
-1611.89
-1546.918
-1472.788
-1431.375
-1405.676
-1402.453
-1440.083
-1474.746
-1447.694
-1505.67
-1497.778
-1580.296
-1595.862
-1048.449
-1205.587
-744.8259
-1716.571
-1782.966
-2000.94
-1985.03
-2030.132
-2043.448
39558.18
26716.83
17738.87
11513.14
7159.239
4193.679
2179.978
699.0778
-439.1563
-1209.484
-1779.333
-2087.285
-2365.263
-2540.267
-2920.287
-2588.29
-2719.601
-2808.371
-2922.054
-3017.495
-3060.69
-3157.307
-3199.032
-3190.25
-3193.246
-3199.008
-3221.696
-3112.013
-3146.961
-3154.939
-3197.689
-3176.279
-2966.827
-3033.39
-3094.005
-3132.016
-3132.832
-3129.196
-3120.302
-3091.537
-3101.186
-3080.438
-3034.244
-3007.941
-2997.434
-2940.983
-2879.061
-2812.35
-2750.256
-2721.347
-2671.01
-2578.817
-3064.374
-2807.456
-2646.912
-2554.151
-2470.799
-2301.442
-2243.388
-2177.002
-2160.723
-2112.866
-2094.673
-2014.796
-1862.683
-1797.448
-1753.214
-1875.789
-1759.979
-1779.174
-1699.883
-1615.691
-1685.873
-1645.732
-1611.982
-1633.765
-1585.365
-1525.447
-1499.321
-850.5419
-1108.68
-905.7667
-1108.267
-1262.43
-980.9821
-1509.266
-1586.961
-1625.173
-1628.774
-1548.677
-1580.183
-1819.924
-1806.654
-1861.868
-1847.746
-1876.048
-1925.366
-2023.912
-2392.045
-2369.369
-2311.744
-2302.095
-2331.219
-2390.59
-2443.122
-2468.816
-1364.325
-1779.105
-2169.427
-2317.866
-2474.699
-2630.019
-2708.062
-2849.714
-2914.342
-2967.104
-3007.84
-3049.177
-3081.568
-3139.111
-3149.427
-3200.742
-3216.777
-3214.835
-3344.064
-3273.337
-3341.879
-3328.145
-3237.824
-3325.984
-3299.866
-3307.747
-3288.015
-3335.578
-3216.161
-3220.633
-3268.297
-3285.16
-3343.627
-3272.705
-3185
-3133.821
-3067.187
-3017.91
-2990.052
-2971.992
-2944.463
-2879.106
-2953.569
-2839.755
-2725.279
-2650.127
-2571.852
-2548.974
-2348.839
-2346.483
-2371.183
-2278.539
-2244.134
-2275.809
-1934.171
-1982.105
-1923.167
-1916.977
-1918.283
-1874.46
-1802.154
-1884.046
-1718.061
-1718.313
-1669.422
-1648.86
-1441.441
-1511.699
-1555.352
-1562.753
-1581.248
-1564.581
-1519.238
-1531.273
-2189.99
-2022.169
-1894.938
-1796.164
-1758.673
-1749.975
-1747.746
-1756.968
-1923.12
-1876.349
-1890.608
-1908.836
-1910.376
-2046.476
-2095.623
-2045.418
-2057.527
-2123.665
-2174.539
-2202.3
978.9877
-118.5384
-846.4929
-1350.302
-1783.65
-2079.77
-2309.961
-2459.391
-2717.009
-2772.029
-2836.807
-2901.045
-3090.453
-3108.585
-3121.087
-3156.014
-3185.931
-3226.493
-3306.842
-3292.575
-3325.164
-3339.108
-3341.843
-3356.969
-3361.197
-3406.272
-3385.049
-3375.928
-3342.643
-3412.756
-2574.549
-2826.889
-2885.929
-3104.721
-3166.132
-3074.299
-3156.567
-3142.749
-3120.231
-3114.463
-3125.372
-3094.998
-3087.688
-3028.992
-2992.744
-2952.302
2565.167
929.5416
-191.3893
-955.2103
-1431.854
-1778.085
-2001.743
-2125.771
-2694.843
-2619.041
-2466.503
-2408.292
-2334.91
-2279.069
-2562.358
-2350.846
