144.988
144.0165
78.42001
52.62403
99.03002
19.02405
9.474705
-6.950335
34.66539
178.2944
47.72327
-547.9568
-130.5962
-112.6665
70.46564
121.3823
167.7622
100.644
85.29006
81.76625
303.6553
112.2298
98.04051
1475.112
624.6127
353.4891
136.8501
347.6261
233.0513
206.5837
188.6283
-1164.686
-356.8594
-18.13284
-61.57632
-62.75163
29.54675
267.2445
121.8333
-65028.07
-25030.8
-9703.825
-3599.661
-1102.777
-342.8227
-51.01782
147.9161
1956.263
670.6584
301.9277
294.2525
548.5586
280.4201
-140.0754
35.13659
133.466
182.775
191.1778
78.91119
8251.529
3286.986
1307.786
927.8305
450.8
212.0688
52.38906
210.0862
-21.95504
125.2297
121.0761
-448.6005
158.7331
32.43973
231.1338
1199.64
904.5219
435.9008
244.4915
207.2436
92.74892
153.4417
55.15334
176.0092
164.1443
287.7858
275.9877
232.949
143.2491
172.0973
312.0515
-70.01822
10.56286
-1814.265
-538.4096
-458.6132
-41.94922
157.5262
230.3088
290.0755
131.7324
1084.108
793.3118
425.6061
324.5242
274.0817
215.3548
220.1185
215.7752
-1740.506
-20399.46
-7698.742
-2795.962
-963.0425
-179.8823
281.6146
250.9474
11.82958
4.746412
215.6738
-56.62311
145.3666
346.5045
311.6591
242.878
186.1201
193.8996
235.608
232.2301
306.5937
360.6073
148.071
-371.7446
-258.3207
31.97943
186.1114
136.1699
274.4048
239.5915
436.5062
89.69664
387.3297
359.2985
333.8299
323.0735
266.4984
207.2032
265.7692
338.9888
954.6776
107.4973
202.9662
203.0526
354.3705
317.4362
511.6271
216.7317
-1361.96
-369.1866
158.184
370.3277
413.322
367.7692
432.1545
330.8024
308.453
388.8554
406.1714
-75.86254
34.3655
168.3467
286.268
587.2661
-2317.716
-5474.778
-1887.419
-750.2293
-272.0941
101.7468
226.8636
957.5361
562.309
386.8152
301.4197
207.6395
602.9337
522.6349
352.7293
222.1237
313.3393
-1372.642
-281.5889
30.37864
35.0524
355.2205
300.779
283.2038
348.6803
194.4397
319.5905
383.4097
375.0742
492.4883
356.8336
262.6642
2116.294
1267.77
628.2282
469.5039
400.7609
371.5252
350.4931
202.9864
-415.2426
-104.0028
145.9195
639.9817
449.9414
-51.62057
268.5407
341.6324
259.3271
313.542
263.9184
659.152
428.1409
326.9009
671.1133
386.0588
406.4542
529.1268
401.2852
353.0212
436.3382
366.9768
357.3286
339.0734
399.6406
317.5452
315.0237
284.6053
209.9604
1369.514
738.7327
730.0669
2860.33
1276.274
520.2851
448.0705
85.17037
261.2304
286.4919
258.4022
335.3176
191.5611
340.393
287.4483
286.1974
704.4495
512.1489
421.8733
384.8863
289.0198
273.9212
279.1223
246.3308
388.2804
163.9611
193.9336
13494.33
5629.788
2309.983
1035.97
554.4949
169.4339
409.8391
385.324
358.2191
386.6956
405.7723
376.304
-113.6867
195.4922
38.44116
708.4792
602.5476
452.6609
524.448
582.5188
432.9878
403.2249
550.2601
425.4666
388.698
339.8329
283.2763
362.4811
349.5774
325.168
310.6751
295.0093
354.3233
407.5585
705.4956
495.9026
489.9149
-208.4841
102.4643
264.1677
438.9723
41.77945
480.6991
687.0695
849.2046
874.639
581.009
421.3125
458.1627
-398.7073
92.10953
1461.667
712.3405
464.4875
404.7551
522.3206
416.5522
144.701
312.4433
302.7357
321.9325
440.2528
554.2054
429.7722
432.7685
151.3532
308.1844
366.0106
335.1201
574.9475
469.6428
396.71
47.15521
231.916
462.3563
430.2094
433.5448
678.4828
486.8
332.4873
409.0647
576.2231
668.0334
974.2945
593.5462
-15848.48
-5883.307
-1793.448
-502.4698
155.8661
526.8102
157.0566
301.2038
560.6317
685.0817
418.2846
444.9231
99.132
-76.89558
277.6872
383.4842
490.1308
397.4398
547.1158
494.5026
3636.059
1848.836
979.3772
1118.971
1567.745
768.5174
537.1745
683.8945
544.6426
517.3185
384.9199
437.1666
531.1926
477.2053
363.1551
691.1873
555.0736
488.8884
442.0593
508.1626
498.4109
517.8704
767.7569
368.8621
477.2791
528.5033
571.7943
957.0167
878.3826
527.1792
556.0637
-660.7984
146.5931
249.8167
402.1699
380.9975
452.0201
515.7308
522.7469
601.6719
774.7263
711.186
727.0499
486.485
586.0187
691.109
720.3175
640.9396
626.2205
626.2456
640.8595
715.9167
617.9787
652.7843
1773.871
1116.076
768.3941
743.7893
674.8449
673.5655
422.841
366.0988
1052.759
868.3059
720.1435
2236.113
781.3823
709.5295
624.5983
511.5155
604.2474
588.8253
609.6017
773.8762
631.4898
619.8192
623.0301
642.0786
631.6452
585.3825
667.9025
623.0348
862.6011
699.4867
625.5514
747.1426
1242.302
906.5165
343.3406
530.0688
283.2535
187.7574
404.2644
563.0153
730.9664
506.9039
586.1763
716.7181
742.4702
751.5507
851.5937
71.84703
172.6177
593.3129
811.6933
537.5846
615.6227
784.0579
715.8549
633.133
867.2845
3601.614
1838.396
1135.415
893.0175
823.4366
777.1406
704.398
764.9339
956.6359
830.577
741.8701
641.9057
752.2807
-2038.128
-189.3947
509.1513
400.9058
586.6452
754.0645
830.3111
785.1247
2537.096
1470.815
1124.579
888.986
956.6403
819.1815
-496.6121
306.9737
653.9969
916.4263
1040.145
1850.582
1235.54
988.3104
687.3089
793.3947
814.1365
880.8458
798.3002
796.7079
799.5305
883.9641
831.0472
-219247.6
-84229.09
-32166.6
-12159.16
-4495.382
-1104.603
268.5828
658.9962
989.2567
1277.602
949.5482
790.3041
772.1864
794.298
774.8419
833.6633
835.2831
798.0785
3948.701
1521.245
992.3309
927.6189
714.3232
621.5086
864.5186
1127.222
1108.816
1763.754
1307.508
1044.331
856.6502
170.821
535.2918
724.3185
858.1733
937.901
955.6468
1003.895
1000.595
936.3487
968.0834
999.242
997.3611
951.1648
867.1796
1170.266
1030.824
-1389.656
-42.96886
487.234
795.7737
896.4265
914.2067
1112.366
1024.499
876.3928
689.7466
692.924
848.4849
786.6474
784.2374
888.2308
-2729.781
-493.8861
462.4783
808.9739
892.3431
898.813
1044.698
1000.146
893.2045
1070.14
1030.27
935.4071
886.3817
764.382
651.21
829.4174
1087.475
1037.278
862.6594
819.8345
960.2262
906.8984
846.6281
946.536
1054.809
1003.983
1005.95
974.0458
1067.101
269.5902
822.3188
902.2446
1071.597
523.6712
766.8674
874.3
802.2248
742.1019
1684.444
1222.916
1072.492
1375.284
1155.83
997.7389
973.4952
1100.129
1062.139
999.3162
1116.971
1086.012
1057.446
803.0249
846.5317
943.0991
955.1852
971.6181
940.7468
951.029
941.2299
954.3685
1011.467
1290.597
1181.115
1079.326
1676.851
1219.761
1073.687
1074.253
1116.748
1072.331
1180.981
1197.957
1132.46
1189.806
1350.711
-197.3457
490.8325
822.7147
1053.622
1179.596
1831.965
1355.112
1166.965
1138.414
1091.04
920.6249
1092.027
1122.258
1411.695
1550.494
1046.238
922.1249
1016.565
1010.515
958.6922
-280.0101
643.7131
882.6395
1412.94
1405.982
1138.626
1205.168
1270.997
1099.553
1095.573
1021.421
680.6783
2143.528
1303.456
2209.402
1538.466
1231.168
1086.723
992.8572
1027.489
1445.604
1170.156
1044.809
1365.785
1114.833
944.2806
991.0808
995.1082
1052.671
1049.544
1024.152
1059.275
1023.784
1002.822
1074.113
1092.918
1027.974
959.1041
1249.624
1073.108
1127.07
1031.566
1090.381
1122.887
1093.482
1410.266
1144.256
856.7031
940.692
1638.156
1493.351
1496.88
1182.15
1120.649
865.622
1204.188
1061.546
803.1567
897.7632
708.5321
637.8268
904.5572
759.294
964.9922
968.1252
874.2217
1007.873
650.7116
822.8336
978.8818
1062.429
1052.615
1018.358
1034.374
1022.557
970.1019
1068.256
1012.084
-3853.755
-1047.392
108.1081
598.3886
920.8953
955.1866
1011.04
1041.081
1138.659
990.6156
986.5276
1056.377
1722.929
1256.941
1134.527
1438.124
1069.1
904.4161
634.6115
977.0388
946.4424
966.7507
1070.559
1024.489
982.0923
1183.864
1241.717
1133.816
1044.135
1213.273
305.8587
923.3813
1273.305
1438.445
1247.384
1254.963
1571.257
861.2085
1214.123
1118.972
989.4032
1130.326
1069.035
1256.898
1232.402
1231.358
1082.096
1053.372
1130.503
1140.105
1141.884
1023.768
1104.048
1094.264
994.7364
1231.226
446.9911
945.6463
988.2443
1308.413
1079.443
1081.246
-118.6542
683.1065
975.8611
1005.108
1124.174
1219.369
1168.528
1177.505
1097.976
1354.036
1223.049
1158.419
1524.367
1276.687
1158.284
1135.938
1198.087
1139.085
1093.927
1178.281
1165.892
3287.403
1316.621
1318.512
1250.119
1108.241
1203.992
1162.102
1565.242
1367.4
1133.103
1716.686
4089.767
2177.579
1582.014
1329.616
1239.993
1532.995
1171.229
1228.708
1272.434
1279.202
1234.649
1150.336
1285.226
1404.709
1340.982
1025.137
1172.823
838.1302
1050.362
918.4694
1108.96
749.6911
961.6337
1187.856
1249.826
1285.272
1233.07
1253.432
886.352
1130.057
1258.537
1152.241
80892.35
32098.81
13252.62
5974.151
3040.662
5964.531
3168.06
2017.037
1451.407
1311.692
1302.271
1311.879
1345.319
1335.82
1317.347
1315.143
1326.936
1739.928
1515.931
1512.317
1327.427
1382.283
1374.335
1305.393
1534.873
1564.246
1159.448
1067.517
1233.691
-1232.456
741.0294
1136.775
1216.199
1258.713
1263.044
1247.404
1330.947
1240.376
1382.365
1419.942
1186.547
1302.465
1343.216
1374.608
1422.448
1464.876
1441.135
1379.726
1436.431
1407.308
1191.789
1390.881
1162.243
1323.844
1417.18
1382.275
1378.535
1353.006
1805.427
1582.171
1433.595
1360.96
1458.694
1394.917
1354.187
1423.734
1408.726
1459.327
1594.266
1559.72
1483.148
1538.582
1550.48
1589.252
1641.781
1605.79
1535.167
1424.575
1453.2
2009.813
1587.974
1395.659
1413.951
1300.929
1322.387
1461.726
1151.379
1362.866
1410.502
1375.05
1412.59
1644.673
1461.904
1590.545
1513.087
-65365.83
-25034.36
-8871.167
-2711.994
-60.80296
5002.599
2735.716
2014.789
1675.835
1457.404
1507.84
1986.571
1755.206
1686.694
1546.121
1599.425
1541.838
1489.122
951.0091
991.011
1427.365
1845.949
1554.095
1460.274
1117.053
1396.207
1479.481
3820.138
2487.442
1940.218
1691.032
1634.531
1511.515
1494.347
1518.47
1539.084
1606.599
1528.952
1571.301
1543.876
2613.461
2075.77
1688.223
1587.831
1638.155
1424.672
1490.49
1631.694
1685.395
1628.38
4189.861
2784.789
1998.987
2375.513
1930.898
1770.408
1599.449
1749.954
2052.604
1881.709
1674.799
2171.682
1883.821
1790.642
2037.839
1776.581
1833.306
1380.865
1474.761
1565.61
1610.145
1852.453
1568.575
1210.239
1243.938
1501.972
1561.605
1722.351
1693.259
1588.407
1719.171
1807.619
1663.653
2241.197
1901.895
1731.917
1753.728
1750.2
1708.631
1736.462
1622.314
1656.454
1720.188
1408.461
1337.909
1443.233
1585.342
1388.548
827.7284
1567.418
1626.832
1507.467
1644.537
2168.377
1900.456
1811.99
1711.41
1547.99
1567.075
3114.917
2326.265
1945.256
1776.549
1826.903
1255.439
1545.257
1582.428
1613.45
1627.221
1646.496
1680.335
1717.281
1715.386
1687.192
1682.361
1265.099
1496.596
2186.689
1704.882
1869.629
1533.268
1687.796
1640.635
1461.73
1307.395
1544.877
1510.409
1603.982
1660.481
1646.197
1602.351
1679.842
1702.635
1622.801
1717.539
1777.396
1712.071
2043.777
1814.723
1751.086
1767.833
1443.489
1741.333
1669.637
1732.868
1939.076
1858.549
1827.322
1675.817
1658.911
1610.049
1641.675
2315.429
1982.023
1832.958
1769.419
1614.506
1748.142
1755.244
1710.635
1680.54
1666.453
1554.973
1654.285
1828.8
1385.768
1585.078
2034.343
1758.948
1802.683
1735.169
2115.672
1755.061
3575.841
2437.3
1968.343
1588.798
1473.822
1614.914
1614.689
1468.192
1501.666
905.1772
1411.796
1539.481
1431.785
1497.102
1667.029
1613.469
1519.402
1677.792
1757.185
1696.561
1573.15
1717.675
1627.384
1561.476
1679.44
2595.616
2145.204
1708.591
1671.062
2641.467
2048.005
1852.807
1951.17
1878.576
1901.726
1856.12
1701.905
1696.56
1755.007
1702.891
2026.107
1770.399
1620.31
1678.28
1752.851
1748.481
1731.427
607.066
1355.888
1662.656
1726.246
1653.348
1720.74
1676.478
398.1331
1132.638
1450.903
1596.857
1723.176
1739.244
1723.693
1797.662
1714.027
1726.589
1701.745
1716.686
1739.386
1828.517
1835.682
1784.573
1711.051
1623.644
1376.812
1632.918
1353.278
1606.888
1815.813
1753.434
1175.543
1557.452
1605.034
1920.37
1913.671
1609.068
1722.173
1492.373
1609.593
1698.192
1756.117
1780.925
1739.023
1726.448
1869.056
1823.428
1857.515
1907.159
1816.212
1602.59
1855.14
1881.808
1708.004
1696.719
1598.005
1594.854
3019.935
2089.955
2124.413
1794.268
1881.82
1911.857
1716.306
1715.522
1726.594
1714.793
1530.462
1587.336
2206.638
1948.239
1886.057
1842.868
1792.011
1807.051
1491.079
1693.944
1795.115
1963.527
1930.177
1806.353
2196.01
1966.732
1987.368
1820.998
1805.721
1884.762
1803.435
2114.035
1927.326
1791.027
1938.614
1827.936
1780.054
2230.126
1764.894
1871.148
1845.58
1740.862
1706.252
1791.304
1803.802
1838.766
1854.162
1871.68
2274.212
2109.318
1961.153
2012.709
1714.133
1767.376
1768.813
1899.833
-15672.44
-4901.899
-684.5144
839.4096
1405.494
1715.531
1829.832
2757.012
2215.172
2047.469
1967.66
1937.559
1880.751
1820.886
1876.16
1861.958
1507.201
1625.658
1948.557
1845.897
1222.654
1675.319
1876.666
1833.986
1906.815
1967.578
2024.178
2016.678
1793.744
1874.296
1927.2
2652.795
2112.803
2040.558
3285.068
2518.753
2941.191
2317.891
2184.36
2107.827
2040.514
2061.149
1842.897
1861.146
1958.198
2025.068
1989.196
2052.644
1995.087
1943.272
2017.156
2051.631
1973.901
1966.704
1879.355
1964.793
2103.309
1970.956
1998.709
2102.16
1894.57
1704.248
1868.514
2014.046
2070.765
2816.533
2247.126
2114.712
1929.172
2501.386
2207.857
2076.954
2083.632
1904.498
2088.758
1711.626
1935.189
1964.27
1935.951
1427.445
1680.898
1984.684
2024.571
1835.148
1966.467
1939.352
2028.069
2397.334
2206.118
2184.959
2236.367
2222.607
2147.599
2111.899
2085.778
2166.702
2042.683
2139.695
2111.816
2629.18
2241.227
2234.07
2104.246
2198.412
2089.101
2096.296
2273.41
2050.174
2083.523
2230.63
2240.421
2294.75
2562.035
2414.01
2227.152
2009.831
3116.324
2475.716
2350.374
2148.124
2193.466
2139.901
2164.992
2098.267
2151.717
2389.95
2075.867
2178.91
2147.035
1680.718
1944.558
2203.861
2115.616
2451.087
2369.335
2298.827
2408.018
2288.492
2249.64
2192.871
2165.313
2486.989
2341.715
2289.104
2285.281
2364.573
2248.17
2299.459
2265.798
2637.379
2439.439
3491.1
2906.866
2482.219
2363.424
2182.44
2277.74
2364.65
2282.956
2210.536
2482.997
2334.099
2172.571
2448.171
2292.225
2473.552
2331.842
2368.356
2249.466
2066.588
2184.211
2236.302
2210.237
2242.537
2258.594
2785.287
2446.425
2506.136
2436.376
2314.41
2453.352
2338.613
2284.855
2271.665
2187.545
2248.75
2261.38
2299.824
2329.062
2323.233
2342.011
2403.929
1956.913
2341.743
2373.944
2314.24
2257.437
2169.177
2233.598
2083.287
2379.354
2225.486
2209.729
3201.658
2662.564
2513.848
2440.101
2317.221
2344.272
2377.11
2388.061
2386.112
-3861.574
-27.50682
4405.466
3103.938
2750.995
2600.66
2399.543
3462.982
2895.24
2585.787
2571.918
2550.154
2323.394
2366.865
2378.013
2376.893
3479.998
2779.577
2584.34
2519.667
753.4512
1775.056
2181.798
2235.48
2813.956
2545.107
2422.634
2458.468
2617.014
2856.799
2504.03
2423.616
2387.031
2855.914
2627.963
2420.953
2316.865
2375.804
2377.861
2419.612
1891.332
2197.377
2346.118
2330.66
2324.585
1662.418
2127.919
2431.08
2377.719
2297.462
2364.208
6756.86
4013.63
3006.748
2630.473
2393.466
2981.534
2608.154
2484.771
2505.079
2290.75
3477.601
4259.148
3065.162
2660.236
2534.586
2479.856
2603.539
2556.379
2410.823
2294.936
2223.215
2336.859
1565.477
1561.339
2634.122
2482.59
2289.421
2291.512
2333.335
2361.549
2413.196
2877.703
1554.241
2079.161
2307.342
2272.228
2389.462
2835.036
2598.436
2475.461
2111.384
2353.694
2367.829
2352.424
2214.244
3385.614
2700.828
2526.234
2348.091
2436.633
2364.696
2394.592
2453.971
2491.638
7062.059
4312.012
3163.138
2731.056
2514.215
2418.315
2477.815
2670.9
2520.228
2324.696
2261.009
2507.091
2486.281
2479.067
3787.389
3210.651
2700.162
2509.754
2354.391
2420.058
2741.032
3508.157
2900.396
2726.501
2623.39
1966.424
2210.1
2362.516
2401.699
2914.122
2902.988
2904.225
2623.259
2457.827
2478.069
2400.983
2380.145
2090.001
2383.656
2398.777
2478.919
2517.463
2436.013
2481.442
2434.606
2487.714
2679.744
2598.857
529.336
1714.239
2388.808
2958.584
2596.536
2466.776
2415.36
2434.668
2540.382
2473.822
2266.476
2373.708
2136.659
2336.967
2582.717
2460.395
2485.755
2405.427
2448.008
2471.966
2459.209
2531.445
2489.279
2380.918
1932.805
2221.544
1934.888
2534.766
2500.734
2485.285
2440.914
2462.344
2488.14
2461.975
1693.84
2133.44
2740.824
2648.01
2545.508
2523.502
2466.254
2233.795
2864.059
2398.713
2601.565
2472.597
2525.179
2380.825
2465.57
2274.178
2355.651
2373.049
2390.29
2448.966
2398.252
2493.161
1837.513
2246.621
2354.149
2438.396
2483.397
2451.224
2581.908
-1249.185
982.795
1894.015
2263.672
2359.317
2323.019
1941.082
1690.746
2377.093
2439.303
2500.797
2465.047
2672.244
2554.942
2433.494
2429.734
2354.574
2491.367
2440.897
2585.338
2427.582
2554.812
2624.007
2533.716
2487.479
2541.872
2516.651
2489.927
2634.981
2747.395
2656.869
2633.515
2613.975
2549.359
2623.644
2632.844
2746.996
2626.179
2650.401
2503.047
2423.307
2382.864
876.9562
1974.935
2279.746
2460.689
2397.913
2545.618
2567.385
2703.796
2573.271
2624.32
2602.597
2595.519
2723.076
2817.663
2675.271
2629.955
2561.206
2887.061
2727.943
2478.148
2563.52
2520.961
2640.391
2959.599
2535.102
2530.16
2502.236
2510.139
2745.545
2550.643
2584.655
2673.526
2705.721
2593.753
2656.994
2986.881
2771.977
2754.27
2924.822
2533.688
3534.041
2971.933
2765.573
2704.739
2636.791
2613.712
4683.608
3460.844
2973.482
2979.8
2784.41
2552.212
2602.83
2670.539
2678.488
2753.861
2822.409
2810.764
2554.237
4063.541
3289.873
2998.609
3027.327
2716.445
2736.935
2585.909
2646.233
1736.253
3743.445
3097.086
2801.199
2698.299
2826.151
2920.013
2828.558
2878.582
2533.133
2604.838
2627.329
2617.054
2764.89
3749.496
2796.326
2555.582
2012.269
2475.944
2643.681
2762.348
2706.671
2897.311
2990.625
2900.031
3842.327
3149.943
2985.198
2871.857
3029.698
2718.378
2821.512
2654.846
2686.783
2729.508
2801.919
2828.388
2850.782
2701.276
2751.809
2707.011
7586.626
4823.481
3728.151
3490.464
3259.418
2918.413
2694.756
2798.146
2831.424
2610.375
2773.218
3019.932
3298.312
3014.399
3158.287
2925.583
2892.534
2759.709
2795.866
2829.818
2916.738
2929.972
2882.09
3575.475
3024.301
14411.38
7354.8
4664.447
3587.068
3265.901
3049.467
2768.22
2889.334
2954.847
2900.306
3276.302
2942.339
2935.578
3084.341
2963.051
2977.192
3026.976
3012.943
3102.117
2953.671
3414.006
3076.875
2929.878
2913.941
3010.978
2893.825
2892.206
2926.834
2766.372
2876.601
2364.015
3127.888
3039.344
3081.36
3046.49
2990.261
2993.868
2961.472
2977.321
3055.941
3012.193
2967.937
2950.749
2956.538
2998.48
3123.325
2974.926
2970.21
2976.276
3009.062
2877.773
2867.116
2952.621
2830.836
2975.139
2905.474
3276.337
3077.009
2974.128
3078.475
3021.983
565.4682
2019.792
2696.319
2843.316
1767.064
2541.444
2842.224
2925.211
3100.245
3027.917
2994.809
3350.345
3343.833
3094.364
2825.048
2900.215
3185.99
2951.628
2983.562
1390.877
2314.638
2817.651
2993.993
3022.709
3044.889
3164.324
3218.107
2361.451
2824.271
3080.508
3213.729
3147.978
3218.004
3176.364
3236.908
3156.949
3966.637
3441.518
2862.589
2939.646
4892.106
3867.595
3419.91
3383.006
3210.835
3197.114
3088.618
3013.2
2923.998
3171.204
3120.766
5078.008
3901.406
3393.41
3400.631
3125.416
3233.211
2785.584
2999.593
2872.409
3361.827
3231.643
3121.987
3006.691
3145.129
-207.0889
2759.237
2929.337
3007.023
3055.989
3085.986
3205.377
3145.929
2998.28
4121.668
3260.809
3168.412
3036.812
3319.98
3527.43
2707.871
3016.037
3126.61
4657.668
3769.575
3467.486
3287.842
3150.52
3213.142
2878.6
3000.677
3055.627
3128.689
3120.224
2417.464
2950.748
3143.109
3090.945
3178.262
3414.139
3216.105
3056.808
3094.306
2841.12
2929.155
3099.082
3331.625
3258.685
3088.219
3217.337
3207.963
2947.812
3090.827
3132.532
3142.972
3544.122
3293.007
3184.913
3143.129
3154.219
3020.192
2959.353
3007.05
3113.98
2960.028
3090.7
3434.934
3194.887
3665.082
3193.581
3052.488
3125.578
1173.447
2408.7
1739.417
524330.1
204831.5
81185.53
33353.99
14821.17
7555.605
4772.571
3743.901
3314.874
3215.303
3821.131
3352.047
3242.836
3138.078
3115.499
3193.264
2645.815
2918.256
3079.596
3128.161
3094.804
3130.796
3128.674
2770.04
3044.532
3411.755
3292.074
3218.12
3208.866
3306.959
3177.765
3000.11
3188.063
3192.089
3285.102
3254.752
3089.262
3162.707
3191.277
3123.711
6013.672
5006.285
3511.63
3273.868
2167.839
2401.763
2866.118
2997.82
3163.164
3202.487
3190.729
3269.424
3045.688
3014.018
2978.952
2701.426
2879.641
3069.53
3154.988
3235.358
3007.994
3165.778
3317.271
2986.557
411418.9
161035.1
64238.79
26750.77
12136.71
6591.709
4994.519
3867.759
3432.584
3228.443
3161.657
2869.83
3214.147
3472.99
3383.144
3217.264
3190.328
3206.332
3155.237
3136.001
3099.601
3169.098
3043.459
3242.382
3143.834
3053.438
3214.42
3246.235
3096.553
3051.706
3133.273
3278.019
3231.745
2900.666
3426.512
3314.715
3436.525
3280.45
3504.831
3054.165
3105.166
3262.082
3253.298
3567.544
3318.666
3437.227
3683.245
3396.657
2855.787
3042.683
2987.706
2860.812
3871.031
3452.571
3306.68
3247.908
3234.306
3316.502
3193.443
3172.331
3071.886
2938.373
3131.956
3230.984
3206.208
3332.321
3229.756
3209.226
3224.671
3119.34
3289.869
3132.938
4867.369
3904.731
3563.258
3650.322
3416.333
3366.563
3291.158
3278.539
3598.164
3558.641
3453.936
3254.365
3255.675
3322.707
-5143.281
33.97358
756.5978
2302.598
2953.735
3002.559
3215.252
3207.836
3078.63
3140.443
3223.522
3481.84
3282.637
3029.087
3190.104
3275.641
3081.235
3293.152
3231.912
3340.18
3153.639
3204.653
3282.068
3928.849
3410.323
3390.073
3446.022
3375.141
3917.181
575.8794
2176.146
2876.997
3131.843
3203.047
3303.591
3324.873
3183.497
3383.507
3389.962
3364.076
3361.871
3060.134
3249.997
3273.408
3318.408
3372.899
3425.376
3176.484
3299.277
3467.733
3397.855
3326.979
3260.547
3364.61
3401.363
3357.7
3351.711
3299.14
3419.638
3365.574
3191.217
3389.117
3409.545
3467.93
3416.512
3466.594
3482.531
3266.342
3388.441
3436.378
3345.24
3401.954
3832.689
3619.787
3516.693
3703.126
3533.621
3489.827
3394.27
3343.091
2638.342
3123.869
3304.559
3434.052
3395.1
3412.912
3366.233
3410.184
3556.948
3411.593
3852.294
3674.045
3662.199
4324.255
4050.402
3630.878
3545.875
4604.908
4440.029
3859
3639.008
3475.976
3472.787
3512.382
3492.382
3551.467
-45866.25
-15554.11
-3910.762
554.3128
2276.204
3167.072
3327.97
3522.978
3447.068
3689.111
3247.895
3432.193
3467.592
3519.234
3415.034
3513.217
3631.671
3764.885
3682.729
3549.762
3718.102
3620.39
3550.882
2864.091
3394.044
3503.524
3518.302
3614.464
3520.783
3510.615
3501.9
3449.338
3576.294
3558.757
2934.297
3243.458
3420.998
3554.27
3525.187
3537.74
8104.027
5587.647
4390.885
3532.85
3731.898
3795.346
3722.139
3663.297
3647.129
3565.375
3544.72
3725.699
3721.378
3333.376
3457.155
3749.757
3733.236
3818.622
3625.464
3748.539
3718.698
4172.231
4131.026
3943.139
3127.23
3533.819
3511.909
3631.11
3481.838
3590.884
3678.828
3632.351
39423.72
17706.82
9123.874
5564.65
4533.741
3983.731
3867.313
3627.68
3536.722
3663.079
3657.427
3612.619
3120.135
3553.196
3805.86
3764.515
3826.91
3781.934
3867.794
3938.044
4437.15
3973.719
3922.862
3817.572
3739.048
3674.745
3790.254
3816.229
3694.132
3804.026
3800.474
3856.603
3748.141
3735.511
3774.789
3756.019
3265.238
3455.061
3507.226
3774.939
3959.458
3886.033
3805.667
3747.406
3247.464
3647.334
3827.601
3716.626
3749.968
3831.794
3845.442
3968.783
3672.001
3711.671
4007.122
3881.839
3765.516
4131.038
3729.116
3929.061
3777.102
3803.75
3775.307
3653.243
3706.867
3866.288
3966.904
3903.074
3795.11
3854.108
4016.438
4063.039
3889.917
3789.75
3881.052
4107.208
3774.063
3962.039
3562.896
3453.736
3811.05
4042.488
4156.476
3935.034
3794.832
4177.005
3972.101
3915.325
3724.125
3216.695
4346.825
3991.096
3856.57
3742.062
3733.972
3769.403
3948.005
3892.588
3853.606
3646.436
3655.258
3664.811
3678.435
3755.481
3792.072
3719.68
-4977.124
449.7363
2602.982
3320.996
2829.961
3418.766
3791.131
3854.671
3729.322
4500.523
4239.968
4225.454
3937.945
3911.718
3809.046
3752.123
3817.987
5040.547
4192.307
4002.474
3870.647
3725.26
3805.635
3854.747
3834.103
3553.33
3724.487
3763.072
3833.094
3796.827
3557.813
3644.589
3793.15
3844.198
3940.121
3794.961
3318.212
3708.03
3814.843
3073.548
3664.992
4946.345
2880.84
3460.695
3721.609
3813.362
3880.545
3936.925
3913.627
4001.705
3981.787
3857.487
4065.657
3877.131
3852.673
3812.996
3781.481
3834.145
3814.492
3771.74
3923.319
2680.984
3260.588
3352.936
3669.216
4014.658
3918.57
4011.371
3842.919
3863.147
3680.615
3782.235
3671.116
3640.677
3775.219
3479.125
3813.641
3634.568
3772.633
3874.828
3708.4
3812.489
3765.869
3616.449
3811.81
3413.984
3703.72
4050.744
3054.408
3575.462
6200.027
4880.295
4219.277
4005.163
4086.492
3948.352
3827.464
3642.938
3869.999
3867.151
3794.036
3865.981
3866.694
3831.117
3856.611
3830.606
3735.895
3952.385
3903.494
3950.729
3878.453
3849.692
3754.982
3884.093
3919.398
2331.816
3292.935
3645.466
3754.058
3821.796
4172.748
4671.669
3576.239
3693.669
3803.45
3909.684
3857.667
4009.936
3960.237
3884.162
3953.468
3886.28
3847.152
4786.34
4148.683
3880.141
3922.762
3851.781
3899.987
3905.009
3930.158
3971.788
3866.928
3939.178
3991.084
3925.191
3823.527
3947.182
3930.43
4066.644
3786.84
3475.28
4111.174
4077.659
4054.64
4065.085
3929.209
3948.378
3698.626
3660.102
3859.447
3570.734
3265.582
3827.659
3240.476
3659.384
3954.206
3913.376
3915.504
4013.624
3987.853
3851.683
3887.482
3525.406
3715.775
3572.853
2631.369
3525.391
3809.674
3772.571
3888.271
3872.926
4093.603
4063.072
3813.868
3880.31
3919.222
3909.306
4012.623
3233.023
3653.535
3773.792
3918.065
4269.617
4575.28
5986.56
3840.454
3706.214
3865.888
3214.132
3693.356
3852.908
3978.949
3906.417
4187.134
4144.75
637.832
2850.792
3507.335
4006.189
3880.094
3809.245
3777.272
3938.531
3970.85
4015.219
4046.663
3945.459
3957.183
4051.15
3951.972
4004.541
4048.135
3986.053
4017.846
4029.301
3943.53
3959.678
3648.547
3929.482
3992.582
3997.136
4043.584
3911.359
3833.213
3910.165
4066.364
4165.746
4078.88
4076.724
4073.259
3982.254
5220.744
4317.694
2957.518
3696.761
4001.933
4130.965
4020.201
4089.944
4054.421
4187.372
4160.864
4029.282
4093.091
4145.325
4202.451
4160.199
4414.53
4267.07
4220.561
3389.32
3816.256
4301.949
4453.229
4229.088
4155.34
3634.497
3936.506
4117.136
5033.965
4562.994
4322.993
4788.595
4407.013
4321.366
7295.836
5235.269
4615.599
3937.87
3642.415
3162.263
3621.869
4009.445
4080.805
4307.062
4285.665
4206.07
4167.101
4252.635
4453.803
4115.872
4085.56
4189.585
4299.737
4185.658
4058.119
4024.059
4049.098
4176.228
4210.661
4379.999
3864.24
4160.774
4169.979
4454.782
4187.892
4099.531
4147.134
4161.699
4212.717
4286.282
4290.154
4188.039
4327.206
4224.903
4207.514
4013.817
4194.91
4447.656
4333.25
4365.227
4305.187
4332.834
4248.122
4239.597
4194.716
4089.494
4316.621
4393.145
4255.039
4241.896
4204.764
4535.41
4304.861
4355.234
4363.807
4453.08
4590.85
4336.518
4166.583
4224.102
4242.35
4075.744
4171.957
3966.825
4186.601
4347.982
4814.459
4896.314
4462.616
4497.367
4383.652
4406.99
4283.418
6016.631
4460.851
7140.295
5440.95
5363.513
4842.725
4476.367
4468.308
4415.854
4483.169
4606.181
4489.67
3728.091
3557.116
4091.161
4228.129
4295.883
4359.23
4359.392
3377.21
3886.273
5595.623
4881.7
4602.335
4292.155
4450.322
4501.888
5013.705
4535.45
4346.879
3990.371
799.5473
3085.711
3870.546
4239.116
4402.367
4435.396
4819.205
4639.221
4478.864
768.5231
3098.646
3864.122
4249.151
4463.566
4527.387
4408.74
4425.668
4450.173
4390.285
4455.575
4439.696
4519.083
4651.295
4490.821
5106.99
4795.599
4461.891
4505.064
4842.129
4627.804
4572.413
4481.54
4464.18
4398.205
4819.733
4574.114
4460.773
4804.805
4667.746
4471.728
4467.35
4701.104
4470.053
4483.636
4605.872
4592.413
4344.604
4415.493
4474.424
4414.471
5185.087
4757.294
4608.823
4497.583
