-15009.7
-11498.02
-9028.345
-6882.887
-5368.599
-3267.498
-1936.723
-1232.562
-512.7165
-1225.881
-411.3847
687.0306
647.6864
-1818.028
-797.4678
-404.5618
579.0376
279.8825
4848.092
4532.579
4364.958
3062.978
535.0842
654.7722
591.6872
538.6308
906.9988
3949.075
3923.52
3029.852
2976.491
3006.101
2512.167
2746.382
2236.162
4435.904
3703.753
3173.906
1218.19
868.3949
48341.22
35597.6
27351.16
-6497.025
-4666.999
-2923.678
-2691.738
-1952.535
-1587.815
-1659.242
-535.3005
94.88117
-40.74748
1070.358
-774.7194
9955.229
6893.153
5318.691
4119.856
3483.15
2999.649
3589.709
2294.994
1252.136
1476.028
1007.163
734.3724
1717.345
116.3281
1056.975
933.0476
998.6729
4083.461
2798.124
1800.446
532.9674
299.6293
347.0549
191.5397
16636.27
9802.935
8597.759
7087.472
5280.783
4069.115
1807.535
1151.64
372.4038
-611.8194
407.2648
-174.4162
43.00497
444.0951
-5213.173
26138.78
17744.91
11184.39
8195.538
5693.231
3932.435
2374.827
1847.354
1121.516
1244.738
-27.67969
-155.6564
127.9697
61.48885
-62.85805
-365.3826
221.1104
259.2417
-1656.19
-988.4785
-69.16501
65.36178
134.3429
81.18196
-5492.543
-3858.181
-3271.048
-2846.554
-2375.515
-3693.038
-1714.75
-1354.32
-1091.138
-1548.575
-951.6633
-2754.576
-2235.985
-1321.499
-1278.096
-693.0119
-417.5574
-664.6357
-800.9887
-697.4095
-748.9202
-9102.778
-6350.663
-4873.624
48904.43
35249.98
25700.2
17691.21
12998.1
8813.643
7308.764
6977.37
4740.563
-7420.073
-5977.521
-4563.183
-3499.198
-3228.303
-2611.309
-2156.782
1310.923
751.6053
477.9284
527.0693
360.0296
401.9315
2563.467
1499.526
1921.731
572.4571
-2679.835
181.3443
572.1458
121.9086
936.1385
4505.515
3200.661
2220.986
1731.692
949.9327
700.8893
163.7879
-104.3446
-7749.073
-6371.731
-5329.498
-4342.27
-2135.654
-2232.05
-1306.684
-918.3008
2231.387
1537.427
732.7051
44.3592
-251.5811
-611.9494
-558.6882
2092.377
336.6628
173.7288
311.0255
591.9877
-512.3732
-240.679
-414.063
909.3295
318.5839
1913.007
236.9149
-158.5995
-319.9046
-2147.154
-1924.379
-789.613
-895.4465
-649.6217
-483.0577
-1259.151
-1604.41
687.0781
-597.73
-545.6424
18004.72
10903.02
7592.369
5531.955
3912.352
1124.335
-459.9307
-459.8968
-118.9203
-366.05
-2287.296
-2063.767
-1457.5
-155608.2
-113783.5
-82452.25
-60917.14
-44908.75
-32422.01
-23835.95
-17600.09
-13054.49
-10063.64
-7182.483
-4993.534
-3606.375
111862
80508.48
62578.41
44739.53
33774.3
24266.32
19733.41
14164.43
10204.12
7378.654
4937.696
3109.942
1796.422
1387.881
1196.32
6355.165
5429.392
3919.03
4983.079
3947.458
3641.403
1993.075
9271.407
6973.609
4713.417
2977.088
2239.634
2734.137
2712.048
1412.55
928.7885
924.8416
-1280.344
234.8499
672.7573
867.8207
592.6812
888.7428
1597.819
1726.938
1491.789
640.9492
876.7094
-921.7832
-476.3511
-290.0557
-7876.195
-2494.675
-1992.276
-753.0172
-173.6364
55.73699
386.5114
512.5887
883.2742
328.3259
950.0181
-4074.367
-178.64
239.9347
686.9778
1205.368
1132.344
1194.055
1666.518
1702.44
882.4514
912.052
987.4107
1074.184
30029.81
21651.01
15909.07
14628.9
10979.08
7886.072
6293.835
4375.356
8264.339
11668.92
8679.582
6910.764
-32071.38
-24213.66
-18047.62
-12567.26
-10848.84
-7319.86
-4906.978
-2979.899
-1625.681
-2026.669
11883.36
7600.12
3078.848
2598.205
2208.635
1592.049
2072.993
-1106.876
-8628.6
-5752.551
-5902.949
-3299.924
-2112.326
-4796.449
-3541.665
-2005.658
-1527.87
986.5144
1756.149
795.6162
658.6353
347.3831
641.5913
454.8363
893.269
1107.307
508.4111
585.3608
-2484.782
-1401.342
-105.9128
638.3231
1126.895
879.7716
-449.1239
424.0019
6740.027
24317.75
18058.33
13528.89
9913.978
7587.276
8768.991
6815.754
5112.088
3267.598
2646.105
1642.186
3196.997
2278.546
3497.69
2759.805
2194.164
1724.97
1505.117
1400.78
-2282.163
-1267.477
-369.0227
-123.5921
458.3815
-2629.514
-448.1281
-382.2803
1819.934
1474.03
-556.6056
-13744.99
-9820.703
-6710.311
-3798.891
-3110.936
-1477.082
-570.2344
-3072.09
-2380.125
-691.5847
-580.5853
-482.3609
-346.3992
-666.7127
191.9507
1464.989
3050.909
2277.683
2098.143
4761.592
3596.196
3538.847
2595.854
-6087.491
-4243.885
-3365.314
-2434.446
-1509.592
-1142.861
-65.69333
19.54213
121.227
-535.5039
757.6479
3234.343
2241.157
449.1394
515.4206
94.31386
-33.75392
609.6328
491.4895
503.9949
369.1871
225.7758
339.967
12859.49
9418.111
5454.071
2201.255
1597.604
552.4261
723.9477
11539.01
48910.21
35024.3
25368.39
19518.86
11555.53
8947.168
6532.33
2553.5
1964.482
811.8134
1537.775
2925.994
-465.3856
78.51772
1053.519
1066.653
1495.888
585.8546
2080.857
43.92897
230.9386
-491.3096
-325.5595
-116.3885
1492.954
1105.675
1480.89
748.1302
945.3119
167.6031
191.6567
342.2844
53.34764
152.3829
-6111.136
-4532.826
-4832.178
-4204.118
-2965.35
-2315.735
-1787.774
-2204.366
-582.1151
588.9681
152.5753
1026.044
649.5036
-376.3743
-145.9783
159.5437
-211.4528
-507.6052
-1243.565
-1054.757
-1060.305
-1203.784
-1248.817
-2780.628
-2079.449
-2130.075
-1441.502
-2431.666
-1488.484
-1679.651
-1391.685
-4051.248
-2388.179
-2602.317
-1343.492
-1798.123
-9534.671
-8177.114
-6181.611
-4636.561
-6659.7
-4448.989
-2787.403
-2828.185
-15732.73
-13130.7
-9967.634
-6499.056
-4670.22
-3296.561
-2803.092
-1859.647
-1315.578
111.6208
184612.6
134470.5
97672.17
72572.54
52534
37218.03
26812.87
19572.88
17776.33
12824.61
9533.036
6657.911
3679.093
2627.933
2622.764
4834.797
4518.113
2842.047
1867.872
-539.4778
-799.8873
-740.6649
-145.8294
4268.227
3088.984
2664.066
2116.968
1665.04
1355.93
1143.425
1443.352
127.2253
-1526.296
-1575.343
-1654.971
-773.3294
-609.4052
-792.1732
-205.9684
-268.2033
-319.062
-170.7975
-8990.435
-6340.62
-3538.817
-2470.847
-1902.01
-1755.542
-1496.585
-1193.695
-992.6448
-534.5057
1943.933
2405.905
2164.086
598.5159
-1529.757
-2663.856
-1863.826
-1499.108
-14050.7
-10388.07
-6081.204
-3966.802
-2730.572
-1394.771
-1688.339
-890.4856
-98.08501
-301.4117
-1075.32
-763.2294
-936.3921
-1646.328
39.23507
201.4343
59.58301
-41.02401
321.1
118.0654
281.1861
4642.461
3416.616
104.0581
149.207
80.51206
709.5722
1155.751
1265.489
-1382.522
-874.7036
-399.1622
145.6872
188.0402
887.2383
746.6446
901.8095
971.6878
1050.108
2870.34
2781.104
8365.699
2790.37
2568.268
-2692.579
-1587.605
224.3561
735.6174
3722.092
706.6718
-2370.964
-2254.418
-1625.433
-975.2209
861.8937
998.6342
13739.31
2335.701
-25.14914
635.0799
6222.507
5575.003
4426.553
6254.333
5481.504
6737.913
5235.871
9271.998
5185.749
4074.273
4996.834
3724.408
5574.241
8828.319
-876.8596
660.2865
664.1676
1408.47
1272.852
1817.653
340.2546
-514.5157
295.4512
813.3371
728.3721
1036.497
1374.156
2184.687
1732.128
1614.531
4632.264
3748.994
3075.036
1647.475
1396.079
496.4533
830.2584
690.7184
1106.214
-2605.518
-1587.063
323.4371
982.6515
1231.204
1787.559
2768.947
3809.685
2663.051
9246.632
7390.07
5881.985
4710.72
4986.427
2600.814
1536.528
4224.889
6564.859
5251.433
4497.806
4774.776
3587.046
2584.561
1921.044
1758.406
1597.868
833.5858
714.9239
138.5462
140.0454
-4606.277
-3298.528
-1588.323
-1710.471
-1774.871
-1129.745
-590.1245
-1019.981
-17.81342
-1369.308
-172.1466
200.6025
111.936
48.71431
-703.1053
-452.9148
109.4179
64.37379
473.9905
1502.934
3862.926
3361.056
3138.025
3225.649
2677.663
1730.883
1697.394
1522.123
865.5727
4039.831
2953.562
2738.072
389.5868
171.9239
665.9932
1183.069
1189.258
1806.505
10094.69
7853.882
5646.403
4532.154
3701.924
2287.597
2355.219
2611.58
1377.256
1328.543
-41.80094
2606.58
-235.1283
269.161
-197.7211
-326.1515
-34.06131
-475.9739
55.51265
451.3004
898.1786
56360.94
41160
29859.57
21820.51
15798.75
8201.043
5767.102
3722.294
1681.941
866.2554
-3274.966
-2461.787
-1216.624
-1396.219
-822.4378
-273.8897
-384.3283
-171.8738
178.4132
1202.419
730.8862
-14492.24
-10950.99
-7457.941
-5727.622
-3476.198
-2306.674
-568.6253
-594.7447
-1704.263
-1140.386
-1146.983
-1586.018
359.8569
468.8917
721.1751
968.7598
771.8147
731.2305
585.6812
1421.117
-319.7362
2533.663
2124.732
1201.761
570.1191
746.4023
872.5109
821.753
691.2589
831.8473
835.5376
405.1044
-438.5508
-50.8054
-2527.429
-1765.599
-2327.068
-1840.854
-2555.587
-2071.667
-314.0308
53.22376
404.275
1106.334
5317.885
1508.702
7652.607
5978.78
4858.46
1823.662
2528.229
2009.516
1435.668
561.6794
526.0389
411.832
160.8661
-2904.047
-2297.598
-3544.135
-2011.756
-1118.41
-3811.349
-3262.152
89.56454
-1313.883
-22781.43
-16596.91
-12402.87
-9507.261
-6494.13
-5371.298
-3496.158
-2856.951
-1691.229
-2162.277
-1922.409
-3173.935
-2429.854
-2580.933
-2434.607
-1597.313
-2798.31
-1995.357
-1509.163
6812.901
4788.104
3458.3
3317.83
1259.771
3355.794
2293.912
2467.222
2174.063
1875.74
184.1518
251.3449
-967.2629
1500.141
18519.56
13284.6
9547.031
7161.841
4853.306
4155.552
2036.306
1450.701
1557.367
1002.078
199.2891
-335.4302
198.5942
148.7922
249.6634
-209.2403
-3223.26
-5414.753
-3950.268
-2665.369
-1512.782
-1461.258
-835.5848
-589.3492
-610.5861
-1506.979
-1910.11
-1210.955
-669.6832
427.1067
-436.9623
-273.4777
11644.08
8274.639
6146.764
4377.385
3392.245
2074.656
1974.189
1116.211
896.9716
716.2218
-3259.466
-2328.993
-1549.355
-1407.81
-1102.793
-931.5492
2914.742
2013.368
1484.747
1425.556
1609.62
2064.692
2008.679
1540.175
1325.323
-68.25513
6698.877
78.37662
97.33295
52.20057
-1125.072
-523.9106
5422.838
3614.08
2849.148
2134.141
2092.358
1776.349
2765.865
2264.265
1228.167
2378.137
876.0738
784.9382
1207.332
1325.437
1758.006
1696.265
803.9958
-9322.073
-6736.226
-3931.778
-2354.722
-514.5148
310.5641
2263.482
2005.323
1606.562
1672.567
1523.714
996.0783
2213.669
2025.904
1457.229
438.2879
-1373.087
0.1614918
5536.898
4219.535
3024.778
3256.836
2460.234
2606.968
2215.817
6313.37
4829.339
3941.863
3483.896
2894.977
3137.104
5284.915
3630.126
5037.078
3999.688
3158.228
4.602892
311.4557
3285.255
2866.954
2408.816
3010.053
2215.97
2439.775
2566.151
2761.236
2507.384
2781.627
2371.685
1929.843
1923.766
430.258
72.26712
250.8676
2180.209
1738.843
1596.855
2058.971
880.8134
1360.567
1722.241
-1938.442
-1175.037
-332.0014
-187.3883
-4920.707
-3072.358
-8821.179
-6077.372
-11956.1
-12059.3
-8540.418
-5417.319
-107828.2
-78090.93
-56213.09
-40884.2
-28762.53
-20386.28
-14279.12
-8880.606
-6532.441
-4530.41
-3057.381
-4446.839
-2398.026
-825.5672
-262.3136
33.45642
1032.213
1258.019
1364.992
1836.22
1667.292
1460.398
1254.048
1192.507
-324.4117
-1799.852
-566.5309
106.0565
2725.468
3071.217
3071.535
2996.16
1222.689
-3412.861
-1880.31
-508.3243
131.4547
799.1072
1073.241
1362.622
1431.513
1454.559
585.3876
515.1354
1256.599
1516.949
2256.273
1234.001
1679.271
1625.439
1233.902
1402.844
2440.633
374.9111
-45.51703
1064.988
938.1341
1352.47
1085.548
1539.097
1526.891
1361.866
1105.196
1159.45
1291.29
956.2211
22370.24
16601.64
2670.991
2524.681
2130.814
2106.694
2009.323
1257.829
1411.472
997.1921
1288.943
700.721
468.9199
-379.65
-527.2549
-152.4122
887.9571
3777.243
2862.982
3649.3
2562.582
1490.718
1019.092
799.6927
-15827.81
-11635.22
-6131.348
-4261.523
-3197.266
-2338.374
-1613.054
-4733.778
-3057.994
-3759.275
-7603.464
-5703.644
-1916.601
1964.568
860.8865
-92.35788
215.247
-693.8655
-219.8337
6041.706
4698.717
2142.374
3059.662
-12023.9
-8466.013
-4223.537
-2094.257
-1372.781
-632.7514
124.172
246.8726
-429.557
-25.9124
-471.7665
-34429.34
-16924.94
-11639.46
-8246.2
-6223.039
-4583.349
-4601.766
-4046.78
-2564.785
-2017.145
-1941.832
-1878.474
-2013.632
-507.003
-1957.112
-1515.952
6132.757
3962.461
28291.15
20824.13
16017.35
11678.46
8365.676
4767.471
3914.643
3050.184
2604.65
2757.254
2314.069
1527.334
1899044
1380118
1002960
730661.4
531332.9
388928.5
283475.7
207300.9
151023.2
109080.7
79615.18
57702.47
41639.37
30169.22
18066.95
12570.87
7134.537
4706.788
2440.27
873.4219
1005.242
977.471
315.6476
-302.0405
-1248.95
-925.9804
-818.9303
-82.03795
424.3582
295.5262
-224.8749
-604.5757
-493.1823
604.6059
656.5811
5101.126
-69055.32
-49563.95
-36274.81
-26708.93
-19718.69
-14595.55
-5635.426
-2968.956
-2946.918
-3544.938
-2963.811
-2002.609
-2161.238
-1422.621
-789.4072
-95.06269
-15.973
199.5068
252.6599
16235.38
3602.8
7889.342
5663.177
3947.403
2539.038
1775.402
1173.573
950.1429
168.0905
1350.939
752.369
-225.8724
-1931.967
-1148.05
-4549.475
-3161.78
-2324.108
-1648.603
-981.0511
-1343.048
2163.354
1582.193
1589.564
1802.614
924.3662
935.5765
775.3501
756.245
-14.80847
-493.0381
-310.9739
-528.4146
-48.65073
1225.138
-3376.108
-4945.694
-3963.836
-2850.489
-3167.065
-2408.935
-1603.605
-1042.093
-1288.456
-670.2399
-165.6224
792.0424
812.0911
900.6725
638.9917
-882.4086
-834.6691
609.4767
795.138
662.5986
721.0521
1230.179
1162.138
996.7048
3242.67
2275.489
1709.118
1307.553
590.3932
1029.873
205.9864
549.0932
407.7908
1318.769
1138.459
4371.81
2032.37
3655.646
6830.778
2787.895
1670.745
-2042.917
-456.7201
468.3071
761.8234
1108.825
3802.835
3015.857
4756.812
3320.512
-344.9674
-188.0331
432.638
767.7228
1450.694
7621.042
6391.947
6425.666
4406.814
3870.171
10163.63
7767.775
6927.939
4407.223
3929.918
2778.352
2646.295
2320.764
-4881.107
-3826.138
9416.433
7092.66
5777.591
4859.403
4921.814
3577.488
2469.846
3737.76
5835.749
5007.03
4667.906
4114.691
3618.831
3288.203
3056.049
2591.711
-551.2792
-50.83029
-1369.794
-372.0666
44.30317
2278.837
2407.377
2119.857
2932.223
1909.732
1117.477
1065.347
1376.508
464.1424
507.8564
-974.59
26.60543
736.2454
503.5242
1094.131
1279.799
3235.339
2254.654
1659.974
1725.927
531.1699
940.9149
698.2844
1145.223
838.5817
1527.095
1804.6
4995.019
3908.537
6303.088
4927.056
4450.735
4185.26
2854.395
2645.12
2868.709
2111.878
5407.336
5429.14
6782.268
-8091.903
-4337.961
208.7997
733.4358
1264.957
695.3362
529.2358
631.6566
1475.066
1457.527
3320.559
7609.613
7422.189
3202.249
2310.989
1920.705
2293.718
2198.604
2456.779
2806.577
1859.28
2113.512
3547.441
3687.84
3450.103
2908.355
2244.101
-3061.19
-1319.67
-2464.132
-960.3492
-11130.86
-7383.987
-6350.243
-4439.83
-1730.296
735.929
-577.2127
731.0965
860.9604
867.0784
11881.66
10419.36
18366.05
13248
9903.325
-17967.42
-12920.14
-8749.366
-5324.546
-3162.461
-2076.625
-338.7667
13232.38
11345.74
7666.777
7170.212
5832.86
4517.238
3695.919
9686.538
7629.982
5851.052
4715.217
3334.753
1709.826
-43.76449
-422.296
-2786.925
-1836.417
-558.2095
-427.1447
821.6744
-856.145
830.99
419.0331
668.8617
568.5315
2055.701
2285.505
2113.86
1093.609
699.4273
6136.828
-921842.5
-665577.8
-483300.4
-351023.4
-256537.6
-186409.8
-134765.9
-97601.74
-72362.01
-52161.6
-37937.27
-28028.51
-20527.21
-13942.17
-9782.551
-6762.283
-4562.624
-3000.672
-2054.374
-1684.094
-1397.722
-377.506
219.775
86.59843
200.9691
339.8662
628.3966
87.45202
-104.4709
-28.61168
-301.2311
1856.535
1480.969
2792.386
2024.605
4818.206
3417.235
2653.114
1762.939
80.27498
65.11182
310.9291
79.16117
-627.179
-575.1896
-170.9754
1096.63
755.948
-1542.528
-1965.489
-1352.185
-688.5537
-405.4105
-197.9415
-192.2075
-734.1256
-2719.094
389.9442
541.7289
364.159
202.1764
421.1373
178.4556
720.5177
1998.699
1085.952
1366.657
-665.2427
-316.8822
-885.6603
-477.1497
-937.7724
-1175.488
-1007.936
-671.8333
-456.5608
-81.11233
-7.60018
155.5883
533.2057
866.9119
950.0586
386.8504
176.8677
-36.52536
197.8915
2250.284
1716.558
3746.896
2459.682
19874.58
14829.51
10532.42
7562.339
6165.023
4894.041
3865.764
2367.523
2439.343
1459.793
1398.331
469.7785
2813.745
2303.457
927.8877
4639.987
1781.455
3566.442
27203.46
19709.29
14666.14
10750.63
7958.309
5875.089
3307.076
2525.435
2482.027
1667.178
592.714
391.699
575.6932
632.5309
1449.073
1570.689
157.8978
-267.3438
1297.844
2433.386
1752.483
1706.897
1565.174
-11502.41
-10836.17
-7892.826
-6580.651
-3796.993
-3183.881
-2108.933
-393.1793
-782.2138
-304.5528
688.8415
589.447
969.0764
1001.882
922.4496
834.7409
44.73027
348.8044
789.6522
1149.015
-66698.92
-48605.15
-35140.16
-25108.15
-17866.68
-11825.24
-8565.742
-3223.847
-2082.445
-1395.846
-852.1045
519.9807
632.432
364.2862
943.3466
168.1353
499.7992
1947.161
1642.413
1313.816
1603.613
1426.469
1170.88
271.5589
-855.9947
-153.9814
378.3368
1560.17
842.0742
1391.423
1546.297
1225.777
736.4671
400.8463
786.4393
1197.675
1205.963
1447.466
474.2623
5666.517
3861.894
4649.106
3855.696
-3558.026
-2742.575
-1966.283
-912.6373
-4495.341
-2867.167
-1728.364
-297.8668
-910.16
-3906.776
-2143.753
-700.5367
-748.9711
-120.8972
-15065.71
-10381.09
-7599.109
-4790.11
-3254.985
-1758.192
-959.5152
-60.5903
-15042.93
-13713.54
-9669.38
-6472.708
-4214.972
-2927.706
-1731.829
-701.2536
1262.659
-10315.58
-7806.016
-4919.476
-2029.071
-406.4533
108.6308
-3.400885
629.8003
191.9574
154.6932
-1413.642
-660.8235
577.9853
775.7112
1285.985
1283.071
1800.592
1995.467
-11755.33
-7912.104
-5204.229
-3629.961
-2083.419
-4016.192
-2053.557
-995.4642
869.6822
1208.939
1751.127
1473.976
977.0072
6221.076
5079.197
6535.768
5332.185
4845.912
3523.752
4063.846
3906.053
4487.59
3388.376
1673.028
2069.571
1914.686
4677.974
3666.337
3016.29
2689.618
3930.769
3642.666
22412.22
16879.62
13099.76
173928.4
127702.9
94152.22
69405.25
51095.26
38152.07
28394.03
21257.74
15703.11
12058.74
10737.06
7840.387
1545.662
2823.327
3001.281
4180.075
3844.296
3855.4
3301.809
3435.61
9388.81
7412.937
6651.027
5407.117
4805.687
3856.732
8788.879
7168.888
6017.971
6242.697
5378.034
4446.508
4251.116
3772.666
-51872.54
-36610.61
-25549.32
-18823.09
-13480.01
-9647.384
-6113.896
-3567.216
-2656.673
-1419.745
-351.4292
402.9318
1340.956
1186.17
1317.973
918.1713
645.8496
802.4502
3287.016
2843.457
2923.117
2856.451
2703.586
2449.34
-3557.313
-2090.98
1903.649
1335.445
1061.515
1725.454
4263.291
3451.363
3685.128
4052.445
3628.135
716.9799
1051.56
2041.514
-3242.245
-1024.978
774.8068
12707.33
10086.55
8042.636
6350.96
3505.911
573.642
955.3335
53.50034
-7180.332
-5389.39
-3473.055
-22956.44
-54007.54
-39328.15
-27654.52
-21525.33
-15389.61
-10560.13
-7937.423
-10078.69
-8242.985
-5494.333
-3065.606
-1978.213
-713.6842
-236.5286
-833.0737
-367.3034
-102.7367
382.397
1238.505
1805.365
5444.073
4151.94
3524.173
2187.157
2237.223
-332.736
961.0165
1201.54
2049.791
1292.392
522.9885
644.681
248.8648
1205.992
1075.051
602.0033
672.7497
919.3941
1226.881
991.0407
1344.591
1399.907
906.9892
-2433.584
-1816.756
8487.95
6107.698
5023.407
3802.118
3938.839
2955.032
3950.937
3693.084
3066.852
2090.104
1146.936
820.1831
709.7685
923.8203
-5987.281
-5973.861
-3151.721
-2027.203
-1734.918
-743.4045
-829.7989
-629.6309
-528.9435
2356.103
1593.972
716.581
656.8537
320.9879
-2023.044
-1290.534
-1585.696
-524.3428
429.5898
691.4361
-60.55098
-861.9518
-1110.263
-621.0039
-264.2348
934.1587
708.77
712.896
1013.891
552.2154
811.0205
312.0028
352.7024
185.5839
1714.301
1345.673
1073.966
1903.906
1569.857
1525.478
831.3978
-973.2535
738.2495
1135.207
354.8697
664.2786
-150.5104
-658.5932
-586.6741
716.0536
1812.403
-458.0565
-518.18
-410.0175
-261.0239
-1193.818
-674.8598
269.1527
-549.3329
380.9589
182.7913
1839.014
1360.674
1382.174
1319.578
493.0241
328.8263
617.4391
84.8756
-329.3742
-813.2443
-1463.732
-729.5399
-1283.967
-959.792
-68.88601
28.47747
-612.2116
-59.11175
1618.208
-473.3232
834.0331
1948.405
1904.728
1659.4
4315.74
3388.346
2590.659
1514.404
1674.466
973.221
1042.195
1960.515
-470.3683
-2007.402
3606.666
2639.218
2458.651
2052.134
1720.494
1467.136
3086.244
5534.143
3003.442
2995.517
10726.21
9337.463
7341.614
5940.351
5191.924
4142.746
3113.155
3273.337
2936.576
2505.968
2248.426
1835.782
4456.218
4744.75
3856.084
3081.403
3327.471
3693.131
2859.334
8947.104
6305.46
5261.044
894.4103
1955.74
2037.684
1610.543
901.0629
2282.475
2156.974
622.4829
1736.503
2035.051
-137.2212
669.9776
1214.953
-536.8557
97.65021
3525.416
1620.487
1752.513
2231.178
1144.909
1279.533
1262.257
1601.922
1631.252
4087.178
3321.542
2426.235
2305.145
7752.67
8353.211
9809.918
7991.79
6067.948
4334.369
5789.713
1790.52
2588.117
2193.914
2247.837
2407.663
2303.073
2151.044
1795.513
-252.8358
801.7943
1160.878
1929.999
2567.997
4367.185
3461.056
3332.783
11133.79
8522.37
10990.7
7465.417
6167.545
7189.772
6554.267
5422.081
4319.858
3994.372
3089.197
2993.904
3180.469
2943.038
2166.385
2525.295
4468.727
3386.356
3897.383
27039.3
20217.7
15906.72
12366
9454.559
7484.535
5761.92
6647.49
5805.438
4958.47
3415.435
3070.739
1286.037
2991.26
-1291.616
676.1167
1152.327
2785.479
2537.238
2492.98
3771.187
2827.946
2597.943
904.8357
3981.53
3543.131
2939.087
2044.36
2131.037
6328.089
5677.602
-6825.69
-4632.478
-3122.986
-10065.35
-7104.351
-4782.342
-2584.158
-1344.423
-247.224
452.1164
9098.399
7488.046
5858.54
4727.561
4450.19
3725.359
2213.071
2012.123
2707.164
4743.229
4019.793
3009.418
2789.06
3309.32
2960.968
3050.119
1741.372
1266.636
4768.735
4510.705
4875.503
4424.862
3786.492
3747.838
3402.277
1536.66
1785.976
1648.619
1003.264
-913.9587
-291.9769
258.146
1041.647
1169.356
3526.024
1389.514
978.5223
1793.443
-3619.81
-2237.006
-4804.869
-3173.004
10230.01
8729.862
7296.246
-1677.953
-78387.35
-56483.39
-39914.53
-29761.98
-20339.82
-14926.17
-13903.7
-9905.628
-7378.58
-5162.217
-4372.654
-5103.916
-3337.349
-282.9781
788.1379
1344.019
2080.539
-883.6002
-22.6483
560.4411
612.1252
479.0646
3039.708
2514.766
2338.341
1132.798
1477.066
1253.198
1960.127
1833.752
2112.215
-170.0067
-581.4377
-662.0404
-365.6588
998.1889
40.02056
410.3598
1563.127
1374.424
1472.766
-1107.652
-1377.803
-702.6834
-520.1599
242.6968
991.0951
1434.783
-1795.272
-1221.884
-1745.889
-519.1754
-48.09039
361.8142
1399.457
-752.4411
4.144845
-24.20679
421.5472
114.838
2626.586
2328.34
1524.624
1133.085
793.8985
190.2331
593.0307
473.2554
221.3166
693.0591
1390.784
1243.188
1643.737
1669.545
291.5081
237.2722
-315.5125
-677.4127
1539.054
-719.8395
-361.2798
-438.8897
-104.8348
-507.4196
142.8321
-577.8376
-561.0389
-215.8047
498.5436
1385.887
1205.652
5177.44
5178.623
4407.998
3780.274
3089.826
2283.165
1877.887
2242.298
1538.056
1099.609
503.5057
727.7518
2114.859
2615.275
1282.878
1317.956
943.5017
962.8818
951.796
1065.773
2083.142
1846.967
-2660.8
-1740.584
-3640.382
-2589.548
-1431.509
-446.7985
-231.657
-70.21347
198.3249
-611.495
-83.24049
584.5704
476.5467
465.7916
112.0514
2249.836
1667.735
4130.299
307.0957
-1505.83
-3596.547
-2294.879
-3147.391
-1808.702
186.9117
174.6779
-260.2176
-171.4742
582.7632
5774.778
4318.349
3536.763
2999.639
-833.4856
-1023.067
-1250.342
-417.908
594.6911
820.681
-48488.88
-35188.61
-63249.33
-45179.85
-31573.75
-22535.86
-15336.62
-10863.97
5472.952
4453.972
11161.02
7900.885
4520.722
2994.409
5518.703
5289.219
2129.719
-1211.498
-625.689
-16776.17
-13400.53
-18210.73
-16196.27
-11508.59
-8060.592
-3763.203
-2667.396
-70.40812
11584.92
6155.06
5638.321
4595.661
3828.132
3549.974
2365.573
123337.7
89807.79
62499.05
45617.29
33627.49
26508.88
18985.44
14694.92
11641.37
8590.246
2471.903
2105.961
2267.694
3493.802
16119.43
11401.04
5183.421
3893.685
3073.292
3750.08
4265.012
3374.212
3460.368
4391.178
3524.407
44.65985
481.1347
-7788.064
-4847.386
-3216.455
-1562.48
-843.5543
6.971321
1357.334
-949.9872
-811.7187
521.5016
117.2566
169.8168
607.2136
-21936.1
-15106.74
-8676.794
-5861.893
0.6651433
-1189.923
937.0737
735.6372
925.2014
2767.221
1893.011
1494.914
8392.678
7465.749
6037.242
5442.507
26224.96
20092.86
15218.29
10560.84
8558.152
-3339.616
-2254.395
-802.0097
752.6773
1270.488
3461.463
3006.031
3947.85
2973.604
3710.987
3660.801
1667.768
1695.752
2498.631
2675.467
3178.774
2870.999
3232.626
3587.166
4748.384
2019.758
2496.108
3671.309
2867.283
3197.071
48337.44
36512.41
25699.93
21647.9
15818.88
11104.94
9679.201
8011.98
6676.045
10402.29
12701.28
8862.507
7085.745
6150.497
5855.252
8023.564
6319.021
5633.463
4895.12
4198.091
6680.68
4085.225
3365.153
2624.445
5926.506
5135.758
4780.547
4923.799
4581.524
3529.772
3803.047
3001.826
2908.913
3765.529
3666.554
3584.947
3190.051
3605.024
3748.1
3371.888
1572.161
1538.041
1617.588
1622.663
2836.341
2831.017
3413.333
2274.156
2486.631
2425.704
3794.637
3348.738
1043.247
1300.57
1563.354
1773.279
3427.58
3552.271
4271.901
3729.486
-2103.737
-4228.684
-3247.025
-1454.909
-5835.232
-4415.328
-1810.416
-262.839
382.5413
896.4232
1547.324
1873.51
2447.855
1592.121
2236.3
1784.175
2238.679
3987.309
7564.432
6031.594
5324.35
4287.786
3691.696
3606.953
3246.888
983.4952
798.3524
1562.382
380.2553
2214.021
2318.685
-9579.763
-6519.101
-5872.134
-3313.698
-2862.717
-1624.726
-1034.786
455.1241
1366.536
833.1054
2333.638
2686.748
3514.586
2875.583
2272.041
2442.849
2194.78
-61925.27
-44010.48
-31408.46
-22386
-14863.16
-10013.25
-6863.57
-5097.424
-3079.078
-2098.149
-1459.82
-5064.937
-3712.343
-1588.811
-439.4381
54.17435
380.8081
904.2082
1495.426
1050.858
873.8138
1213.054
1031.222
1179.417
489.4898
214.2192
520.0966
2316.254
2288.577
474.9816
396.7892
733.8666
971.326
427.7235
1628.738
1206.106
1073.685
1584.679
3038.457
-580.2613
11.28378
387.8821
507.8325
-931.1888
-4556.604
-2936.378
-2039.206
-1118.039
-566.0416
-110.2513
100.1357
-1192.456
-831.5452
-414.0501
258.27
546.9724
903.6111
881.6846
1129.282
628.4429
687.6943
581.4927
3152.626
3876.367
4593.021
4175.903
3513.345
1624.886
505.0148
6260.408
4037.011
-11447.19
-9250.763
-6141.975
-4302.845
-2714
-846.5964
-6314.392
-4420.296
-8533.137
-5976.284
-4795.124
-2993.328
-2937.759
-2271.702
-5732.877
-3972.011
-2080.891
-909.2269
-7444.417
-4561.331
-1937.478
-351.429
251.9452
-426.049
-123.4267
-1322.068
-246.2328
-153.7681
171.1142
1051.859
858.4939
424.3394
1520.493
984.9576
-68.64023
17894.33
13386.64
-5965.303
-4582.198
-2237.505
-1288.167
-293.4427
471.2368
358.6403
-677.0903
111.2418
344.0036
783.2797
1445.346
-1600.132
-293.6879
-57.76741
-2444.755
633.5471
6798970
4942317
3595257
2614330
1900780
1382615
1004504
733464.6
533951.9
383808
278708
203355.6
147978.7
108146.6
79212.79
57576.19
43578.76
32742.61
34244.35
25852.85
19050.65
14275.31
9934.539
634.9336
871.7927
-6876.341
-5242.78
-4407.412
-2769.474
296.5914
727.5446
1334.993
1811.145
2437.371
2346.658
1799.387
1698.805
2422.918
2497.117
3222.697
2873.705
2510.046
-10801.69
-7408.938
-5303.73
-2624.22
-1667.09
-596.7936
1068.88
3028.361
1662.398
1236.31
1337.547
2039.64
2655.288
2389.852
2526.708
2556.672
2316.8
2047.784
2620.936
1907.51
3106.711
2598.467
2127.049
1928.134
-8146.508
-4958.04
-1706.589
9.775959
-904.9463
199.816
185.0413
975.233
1693.021
2149.228
2207.513
1228.455
3356.697
3326.559
2748.534
8644.987
6821.606
5958.787
4573.872
4244.931
2794.134
2830.724
4354.262
6139.376
6524.375
-10411.11
-6933.038
-4483.057
-3433.727
-1275.871
7927.427
6036.228
5616.092
5045.221
3413.64
2416.465
2081.355
1716.713
-4071.119
-2131.003
-1199.766
-46.15866
403.149
961.9694
7627.986
160405.9
115173.7
86414.59
63418.9
46809.22
34906.29
26891.28
20726.02
15751.23
14116.58
11107.81
8804.987
6909.238
6117.099
8198.97
15613.14
11689.37
9532.201
26102.87
20936.25
15860.95
12117.18
9435.379
6548.921
5655.639
3760.952
3377.183
4736.968
4854.766
1888.288
2773.188
2722.504
2328.804
1967.897
2756.87
922.6019
2116.814
2917.347
-3855.048
-1864.784
-731.3725
-366.973
908.2056
1320.197
1977.476
2981.138
4202.485
4517.792
4159.953
3411.6
2426.871
2684.429
3721.69
3523.272
3448.194
3501.474
25320.62
19395.97
14289.98
11162.69
8808.748
9369.944
8758.319
7401.017
7620.762
6152.712
5327.73
5565.297
4763.898
-521.9287
-1140.142
-124.8867
874.2416
1978.801
2003.115
1942.956
2990.344
1354.355
2379.368
2860.752
3168.25
2949.828
2343.021
2243.427
2695.837
3112.743
3702.781
3014.792
2801.723
2755.694
3101.037
2484.562
2105.73
1866.248
2769.083
2507.192
1769.624
1744.755
1699.908
1846.573
1550.169
5810.331
5576.593
4869.993
5677.744
3905.317
5256.422
5831.328
6176.356
5019.688
-1150.698
-1347.719
-409.8617
344.4889
-723.4299
163.2647
553.2472
2818.822
2300.506
-189.8032
-1042.473
1057002
768055.2
558098.2
405618.9
295586.8
213808.1
153428.1
112103.9
81709.39
59553.4
44990.39
32797.31
24312.05
18449.93
13944.98
10308.99
5196.385
4571.767
2792.832
434.9858
1380.737
2683.538
2136.959
2749.434
-6910.412
