34.29776
62.61442
20.61514
26.11749
-2.659984
-137.2163
-62.53901
-30.50656
53.89709
35.22411
111.1229
69.567
161.7439
124.9595
82.13777
53.87509
22.61787
31.70905
20.49375
41.50228
144.7247
143.6404
97.17475
0.5961432
16.63646
24.82866
16.25701
1.033197
106.0708
73.54503
59.92272
243.8452
167.9886
145.049
115.9512
76.5363
33.05572
28.22033
-7.498148
4.131091
8.4308
38.8185
240.8258
322.2191
353.0153
204.0175
144.4465
110.4273
-22.12032
-35.68816
1.294079
21.55306
17.54346
-80.05427
1.689305
-78.55283
199.301
155.0584
120.5584
86.17812
80.33788
4153.959
2636.637
1692.921
1117.251
659.5173
434.3861
297.2421
192.8327
184.5533
129.4038
113.4782
-36.43263
-17.96753
-99.80721
-16.51734
7.554811
36.87834
54.44555
43.52088
46.45494
-63.08248
-9.149789
16.5968
32.03566
50.25528
38.1542
65.55638
70.20897
170.893
129.0539
289.2623
278.0927
212.7065
-3699.564
-2280.868
-1401.08
-867.3141
-1025.763
-873.2253
-506.3762
-170.0436
-60.65765
-1.449083
45.76618
280.7846
193.5134
184.0988
132.2869
116.7975
77.40128
55.96555
-187.6496
-92.49749
-18.04354
-10.02727
39.99975
1.37489
153.1865
192.679
97.03343
105.6897
83.65263
73.362
55.26103
52.08006
76.47529
54.86389
72.21461
27.93303
38.7518
-61.21331
-42.52884
8.482259
103.1306
106.8992
95.06641
97.33113
119.3096
76.18019
72.56559
51.42892
57.57782
58.06548
54.74094
80.2948
69.52814
421.5307
-475.3539
-255.0097
-117.39
-46.53907
-239.1884
-126.9637
-60.3791
4.153227
25.58829
99.02452
-2.116547
23.22722
87.56206
62.02619
4.796815
33.22878
68.22539
63.12643
208.3138
-97.19997
-49.21355
-0.06414664
46.47369
45.19028
31.49978
-38.03292
-165.5993
-55.62717
7.197492
57.03941
44.33363
-53.63234
36.25546
209.3052
159.6879
162.6919
123.8103
105.6235
68.10053
67.94698
29.11522
54.48985
51.07209
43.91538
43.7337
74.42954
21.12087
-61.09152
-33.36267
-0.8444952
34.25732
101.7498
103.5425
69.96233
88.62186
54.93435
12.9596
763.4755
454.1694
284.7628
220.2773
164.1613
80.86412
97.20762
87.52045
57.43889
56.26066
1.995737
13.31188
27.36715
74.80565
84.97117
68.2472
47.33714
60.79491
45.35219
47.54215
31.26199
42.27401
552.6402
340.7105
220.4962
118.3058
112.6985
-630.9016
-390.5007
-231.2798
-127.6932
-39.58356
-20.95975
14.53172
134.7138
110.4514
61.35904
60.0356
168.7891
119.9219
41.30277
39.93206
75.36197
69.34224
59.28125
64.55324
17.27742
79.39096
72.17527
56.7101
112.3758
21.78941
-1121.14
-696.3935
-444.5949
-263.6175
-211.4175
-100.1262
-423.9124
-172.299
-103.2656
-71.91891
-73.40483
-40.00492
22.92707
14.30299
67.33786
100.5738
67.21249
139.6245
112.3092
320.1736
203.8831
158.4063
136.1241
119.4854
67.14918
57.07664
58.09414
108.8257
85.3149
52.91528
19.93549
55.03718
83.68704
71.03696
68.79674
304.933
226.9296
149.7426
119.9421
1764.521
1193.194
779.2298
507.2393
1069.35
675.4994
422.5071
81.7137
127.6313
135.346
102.3294
76.04597
16.07507
29.26634
-98.39658
-63.02081
-37.63294
-22.59986
-4.154623
-10.99632
-4.498575
8.825661
32.7113
21.28132
179.4875
134.3202
-210.5872
-73.39472
21.61088
26.89674
3.683774
25.25667
159.9024
102.1199
97.39826
64.01115
66.71233
54.68641
100.8496
65.33565
-313.8402
-345.8628
-212.1524
-148.1587
-102.0172
212.2845
135.8953
189.4968
132.3284
74.79603
54.04654
44.07066
51.16606
31.60615
24.64105
38.52592
-1503.479
-999.9453
-632.7632
-373.2257
-254.8843
-259.2775
-192.2372
-164.0689
-149.7298
-102.4172
65.21635
64.04674
45.21887
19.0618
12.058
54.205
-1796.538
-1095.554
-438.3869
-191.2845
-96.41465
-95.46244
3.55146
-21.78162
-195.3104
-67.16628
-221.5633
-120.2011
-23.6651
463.6837
333.8027
224.2727
125.4757
69.95442
63.84981
45.06985
23.2309
472.2406
281.3958
163.1831
543.2287
335.5532
198.2323
110.6279
61.16815
38.56391
1.238202
0.8840722
-22.60989
-41.4914
-30.86123
102.203
-96.46103
-85.54084
8817.877
5525.758
3459.827
2160.032
1347.769
877.2954
547.8565
299.9123
286.8878
177.8107
107.8872
94.92128
76.31267
-0.08810131
-210.7189
-168.713
-130.3798
-151.009
-129.2228
-129.0785
-155.981
-81.50237
-49.88559
-25616.87
-16199.33
-10224.78
-6421.897
-4036.583
-2538.88
-1626.244
-890.8734
-582.4563
-365.9202
-278.3944
-214.2031
-226.2712
-179.6092
-172.5137
-142.9161
-120.2417
-127.1221
-91.11362
-67.78862
-62.01353
9.772673
163.8911
73.96372
-19.83961
-26.70987
-29.23314
-153.3275
-90.39781
-70.75217
-60.13232
-144.0775
-124.5801
-97.04936
-97.5566
-114.7932
-95.84828
-14.29152
-48.292
-77.10821
-94.99315
-93.95892
-69.93704
-35.02554
-192.3749
-236.2208
-168.5988
161.2856
65.59668
22.81171
-14.36544
-74.30362
-59.84827
1213.799
754.9077
428.9759
235.7527
156.6416
63.52574
14.02704
-16.92908
-165.3074
-132.6784
-134.4321
-162.0445
-14.85248
-28.00396
-95.86924
-698.8465
-502.4727
-337.2661
-263.9781
-194.0143
-181.5792
-123.1646
-66.21251
-200.4212
-179.1675
-129.2151
-93.44745
-91.33862
-108.6294
-81.01348
-76.35389
-2.494609
-40.40528
-8115.849
-5120.428
-3189.311
-2074.543
-1356.038
-852.3148
-537.8424
-368.0045
-364.9768
-237.1294
-200.493
-116.6277
-198.2009
-157.445
-117.4118
-106.4135
-100.8691
-103.0885
-80.51937
-100.7932
-69.15392
17.40472
-20.2893
-63.45766
-89.13835
-41.04367
-133.9591
123.3228
48.40047
-19.91913
-41.7164
-64.21613
-97.59465
-228.6519
-184.6223
-93.68628
-107.3236
-168.5522
-116.5776
-143.3312
-62.81612
-72.3436
-83.943
-114.998
-126.6839
-129.6837
-115.7194
-172.3032
-153.066
-126.0175
-100.4618
-136.1388
-307.7152
-194.7851
-436.2913
-221.166
-168.5119
-372.0489
-291.8846
-160.8676
-156.1278
-131.965
-124.6769
-114.5376
-118.4582
-128.0516
-82.13141
-85.69245
-120.905
-117.681
-121.234
-88.94429
-79.64474
-116.2626
-1012.8
-648.5414
-442.6606
-441.1051
-307.6947
-262.6289
-188.5115
-210.5496
-190.0508
-138.4028
30.12853
81.56227
1.839427
-40.49823
-84.77032
-89.41839
-112.5764
-100.936
-72.44994
-77.65761
-94.63426
2.931883
34.24977
-49.2364
-102.496
-144.4316
-119.6821
-108.6503
-378.0268
-323.0071
-244.455
-187.9955
-148.2518
-193.8426
-198.3513
-190.3971
-168.9658
-163.6551
-175.3663
-198.8465
-160.7063
-155.4752
-135.1408
-102.7742
870.3076
508.9066
586.7782
350.8082
315.5948
166.8709
31.49055
-119.1223
-152.5033
-128.9684
-125.7947
-143.9261
-238.7692
-188.8312
-9.998539
-43.88503
-62.63354
-72.79298
-92.37906
-116.4912
-73.22938
-197.1183
-158.7209
-148.6355
-134.3937
-116.8367
-356.156
-277.42
-730.3753
-526.4901
-389.2074
-292.4617
-242.2126
1758.107
1668.298
1059.295
621.0218
411.3485
191.1415
61.33245
-7.778046
-86.83736
-113.4459
-75.40395
-125.6775
-87.358
-116.9588
-156.9447
-141.3396
-112.4533
-119.1445
-104.0662
-134.2937
-112.7066
-100.8254
-110.0168
-99.01225
-129.3676
-148.1001
-126.0073
-126.7946
-127.7609
-118.1887
-216.8474
-179.305
-63.99755
-99.23921
-88.2917
-193.0273
-143.4027
-256.2418
-182.572
-170.0682
-134.5831
-223.3884
-192.3039
-64.71303
-86.82465
-316.1459
-87.05542
-95.97212
-85.96071
-23.29683
-106.7161
116.5459
2.766978
-54.9004
-67.94629
-32.05575
-55.01166
-93.46188
-3.680368
-37.01551
-18.48474
-67.09783
-66.30917
-64.5725
-224.71
-207.4272
-133.5216
-146.2719
196.1468
17.00238
-170.7335
-180.6914
-114.9824
-231.6681
-174.0613
23.17912
5.929999
-38.21861
-144.5103
-148.5187
-151.6331
-126.5226
-93.00357
-86.75177
-68.4073
-104.5
-82.51186
-88.435
-100.2007
492.9707
270.7432
97.20618
-14.42857
-32.72304
-73.32741
-163.2307
-190.644
-168.4067
-145.4662
-130.3062
-109.789
-101.2947
-114.0991
-91.73668
-71.59157
-53.22031
-268.2301
-266.1102
-235.9517
-192.1275
-226.4845
-178.5426
-139.3047
-139.5419
-114.9098
-88.14599
-149.4901
-125.1051
-123.7578
-151.1148
-198.405
-193.0891
-156.3885
-114.5968
-127.7161
844.9259
496.8519
189.104
92.6423
607.4706
367.7743
205.6549
102.6148
-364.2003
-90.60891
-84.37222
-94.06604
-80.67611
19.70673
-10.99384
37.60609
6.517992
-24.04628
3.815072
-8.451062
19.92341
-9.972946
-17.14117
-75.4725
-75.99523
113.1617
48.75892
23.59596
6310.884
3936.376
2445.879
1402.414
803.892
496.1008
318.4399
160.2574
80.31839
13.93153
-18.04717
-42.35919
-25.2861
-107.5462
-68.4717
-69.71946
-70.45575
-76.62338
-124.7151
-105.9585
-130.5643
-131.5264
-92.24875
-69.92508
-396.6636
-303.2609
-218.9073
-160.6765
-135.4092
-129.0862
-178.5165
-132.7753
-151.2976
-219.8768
-185.1806
-172.0372
-51.92337
-49.30769
-97.88355
-72.62326
2.115168
211.2794
-491.2892
-316.2727
-192.741
-155.7254
-124.8524
-136.5905
-142.2264
-104.7053
-58.50032
-41.5323
-42.1325
-53.36033
-47.95864
-17.32552
-46.41467
-55.76968
-37.92055
-430.6855
-289.4522
-199.5767
-144.5324
-86.40406
-30.86256
-109.7528
-29.2747
-183.6119
-82.95535
-105.3492
-71.51491
-79.16188
-59.2283
-92.12082
-91.42901
-135.2064
-121.8673
46.72362
-6.130665
-17.45674
160.301
90.6038
70.21506
-23.35108
-31.30332
-39.60237
-27.53493
-30.82258
-35.56843
-513.4678
-365.443
-306.0445
-213.2971
-157.3588
-102.7105
-111.7384
27.86031
146.7208
81.89823
60.10043
23.32334
-10.28854
4.566316
-19.77399
-29.65114
-41.0362
-41.27116
-237.3599
-168.2663
-338.4521
-213.4542
-137.1065
-85.72099
-67.51849
-70.1216
-45.03036
-52.18326
-13.43031
-46.66474
-206.7056
-156.4444
-89.09215
-759.5745
-511.571
-350.8127
-16.34113
-88.32065
-57.56957
-25.15934
-37.11858
0.2040384
2.246273
-3.033109
-55.62808
-67.18661
-70.66832
102.4458
-19.57605
-36.94384
-26.11863
-45.27971
-23.85792
-42.67208
-53.04491
-37.60842
-57.90142
-42.35032
-54.24067
-91.62186
-63.06323
2.435963
-12.34761
240.5196
168.0763
143.7532
113.663
96.73595
32.85587
-70.2028
-44.74034
-25.71076
2.638982
-28.90646
-51.04085
-33.62459
-4.579703
-3.939249
-4.927533
27.68109
32.94576
-58.33352
-47.18781
30.65305
-27.03467
-37.48371
-65.39322
-67.12302
-169.6831
-91.7258
2385.832
1475.685
979.3442
578.4706
320.1532
195.1874
139.6195
72.63775
58.73299
-6.010657
14.11926
-2.492772
3.488645
-6.476804
12.82395
-43.14128
-79.55024
1461.178
935.3565
570.5773
445.3539
314.0916
186.2945
145.5516
79.38836
36.36804
37.56221
-47.64504
-22.58267
-50.34445
-47.82987
-73.51219
-45.17099
-15.9524
-12.85535
-0.433068
-117.8027
-67.41809
-37.16807
-23.69072
-24.16524
-35.15777
27.32432
15.51184
5.320493
21.10469
25.50776
33.67364
4.105349
3.528752
4.289197
3.956849
-67.1024
-257.4568
-158.7028
-104.9235
-6.20544
-88.51271
-50.57577
-102.2626
-55.55891
-44.91723
-62.99261
-57.84305
-17.02131
-2.603589
-11.13155
-19.9647
-4.19866
-50.93088
-55.94929
3.953241
-85.54304
-48.09712
6.420892
14.72789
-17.55807
-19.16541
-22.93865
-76.89249
-75.97449
-114.1838
-65.81088
-77.70945
-53.20801
-31.93125
220.5496
164.2301
83.32704
30.69966
12.22947
15.08217
14.00838
-22.86711
-5.748889
-131.8017
-63.72589
-56.68864
-41.86984
-45.55252
-41.25453
-18.64002
-26.26138
13.54198
-59.48526
-22.47497
2.77291
-8.040212
-0.7070269
-28.90273
-9.998191
-21.54117
-46.73864
-65.43928
-18.99779
5935.902
3736.186
2266.73
1495.445
859.0535
500.7355
271.0062
158.2677
105.154
-79.23219
671.4336
443.9498
303.1495
206.127
-20.24732
-31.36957
-71.67199
-85.3973
-71.4836
-84.16018
302.2086
170.0983
-32.33866
-43.54745
-66.4651
-122.7529
-63.1811
-35.6057
404.6819
235.7238
-4716.014
-2946.606
-1851.394
-1152.762
-811.0554
-485.3214
-312.69
-178.1536
-147.9509
-87.18039
288.7405
172.4242
-2261.648
-1456.066
-895.8604
-430.5025
-395.5162
-267.695
-181.9851
-128.794
-75.67105
-77.60702
-7350.734
-4639.415
-3368.17
-2114.437
-1421.425
-881.8028
-555.8629
-357.7972
-235.6402
-1096.717
-518.1272
-352.3103
-241.0037
-163.5167
-112.1003
-92.8342
-95.973
-64.72289
-39.37842
-72.19782
-9.49249
-2.668696
16.79695
20.15508
-26.55775
-0.4040577
-0.677028
-37.44685
-48.23194
-52.19583
-45.67041
-35.65607
-53.37335
-34.35863
-48.10666
12.7254
-25.15659
-29.30294
-33.26354
163.4543
92.39282
140.1316
130.7196
300.6396
173.9061
112.5733
71.91468
35.77114
2.466309
2.26781
-13.45607
-15.00568
30.07453
4.646301
3.834096
-27.55609
22.84021
-51.53659
-135.7536
-87.52339
-66.15092
-302.6024
-199.1026
-423.0386
-296.6663
-195.049
-161.7517
-122.7851
-110.4737
-255.981
-231.9629
-151.6311
-119.8392
-76.17301
-70.88288
-69.93713
-62.38549
-55.22302
-176926.8
-111298.4
-70052.7
-44081.19
-27765.97
-17413.19
-9229.959
-5814.294
-3667.738
-2352.556
-1485.244
-934.1251
-593.4536
-391.4566
-264.2197
-196.7989
-184.0358
-273.2946
-183.2756
-123.2891
-55.56785
4.75044
-10.73028
25.59106
-38.8921
-42.70281
-41.05536
-37.95089
-43.08211
-34.79937
-78.84584
-60.45087
-35.19011
-44.97597
-18.80349
-53.84821
-109.3431
-88.65998
-83.40932
-116.1362
-87.83232
33.54632
-12.44639
-45.06884
-48.48681
-51.07891
-54.59601
-35.43081
-114.5153
-83.62819
-82.0642
43.7415
1.928076
-14.07236
-31.49705
-50.39161
23.55264
-48.8181
-74.05719
-107.73
-105.8726
-120.8574
-94.82168
-92.50807
-51.57271
-157.9947
-136.3514
-115.1864
-98.09206
-108.9816
-100.399
-100.6962
-90.78284
-85.35578
-83.8849
-129.1494
-392.6807
-517.8481
-361.3037
-182.5338
-73.74856
-63.99614
-15.92382
-9.02439
-91.28268
-106.3669
-157.6725
-129.3367
-681.748
-453.7149
-240.0827
67.57964
36.15751
46.71428
165.1073
96.30176
22.61666
-17.89967
-60.7364
-72.2085
-65.93819
-86.96055
-29.49324
-25.9387
-93.62314
-37.26421
-62.24927
1272.151
757.9865
405.267
308.4797
168.9486
-6039.028
-3843.322
-2470.273
-1602.224
-1112.851
-786.0482
-634.6714
-450.0493
-293.5202
-244.3874
-228.5111
-165.2383
-197.8751
-203.3264
-156.8676
-198.6025
-217.5838
-172.3977
-178.3925
-178.9923
-172.9251
-152.8842
-123.4981
-111.969
-125.705
-148.8071
-213.6654
-178.4047
-192.4187
-199.6729
62.92504
-46.66353
-86.81696
-57.86707
-74.88245
-78.61466
-71.22104
-113.7829
-92.22081
-40.24333
-120.422
-134.7627
-110.388
-50.49048
-308.5933
-260.6843
-205.8755
-185.6391
-268.6954
-243.9293
71.46036
-3.982893
43.16189
-22.37776
-53.12304
-84.60701
53.27555
20.94511
20.14922
-48.77303
-104.3113
-117.7656
-422.86
-276.8632
-194.3061
-157.5541
-148.6565
-206.8477
-150.8401
-119.3541
-174.5432
-125.3831
-133.4516
-124.6043
-187.2748
-224.1635
-221.5943
-202.5825
-169.2475
-195.9384
-146.8166
-14.46366
-66.14925
-116.6782
-122.404
-121.4255
-84.29445
-79.11004
-267.0913
-217.7444
-181.3631
-112.9839
-107.9145
-113.4222
-124.6819
-105.3863
-116.5199
-138.0951
-161.998
-182.127
-155.2891
-151.9111
-144.504
-157.7611
-231.3735
-163.3909
-101.5388
-73.07194
-104.3292
84.22164
-23.57124
-79.34343
-176.291
-171.8421
-151.7623
-97.93956
-115.9575
-134.8896
-161.5768
-178.0539
-172.4336
-171.264
-68.43198
-94.0706
-105.678
-82.68473
-105.8997
-129.6733
3.605986
-90.54458
-105.8656
-130.9012
-165.2216
-170.9824
-177.0703
-199.4163
-211.6355
-210.9214
-212.3419
-200.2116
-215.8569
-201.2036
-212.4256
-62.09941
-168.4964
1194.085
689.0853
350.4731
177.4424
47.29796
-553.0458
-418.3465
-324.5209
-252.5135
-339.4108
-280.2079
-224.5236
-188.551
-197.2922
-226.0177
-196.043
-158.5243
-186.9084
-203.8883
-189.6016
-197.0766
-97.9927
-488.2944
-325.0314
-270.7229
-247.8207
-181.8731
-151.8063
-158.6274
-361.632
-293.9738
-232.8695
-207.9013
-178.4511
-180.3208
-2202.529
-1466.062
-1006.476
-721.3393
-505.6671
-407.6757
-488.4615
-416.4296
-334.9512
-258.1649
-252.1942
-239.2848
-169.7712
215.3347
83.38065
-16.50965
-101.064
-105.1692
-141.8184
-175.6067
-174.7276
-185.7681
-197.5357
-199.0305
-414.7733
-325.16
-265.6738
-259.8359
-554.9712
-416.2675
-364.8298
-312.9915
-277.9294
-236.9867
-122.069
-170.1508
-161.7384
-150.4519
-178.3913
-178.1896
-156.4357
-198.0174
-193.3112
-175.7334
-134.233
-179.69
-187.1815
-100.6385
-62.00701
-113.7887
-153.5008
-140.5857
-69.88793
-104.5161
-173.4756
-190.4362
-196.6396
-124.8106
-126.1796
-143.0734
-169.7414
102.8186
7.669954
-130.9729
-165.9296
-190.1501
-3576.596
-2295.756
-1508.134
-1036.069
-699.8839
-545.1529
-250.2335
-348.443
-322.9336
-216.2642
-253.4534
-231.3965
-209.5769
-298.1962
-252.1517
-229.4779
-219.2078
-220.5088
-208.9463
-160.4102
-312.5804
-252.4037
-230.9537
-196.8037
-192.2943
-193.2768
-143.4382
-157.4205
-273.6469
-296.5443
-253.4091
-227.8655
-144.8348
-136.63
-74.81062
-127.1823
-140.8835
-161.6757
-316.576
-251.4847
-232.2898
-2670.391
-1706.861
-1144.085
-803.3896
-573.7556
-475.615
-374.6687
-296.7687
-251.4517
-234.4102
-355.6895
-250.5537
-250.5951
-248.5842
-206.395
-186.627
-180.1219
-188.6329
-162.9765
-142.7056
-159.673
-623.1842
-582.7993
-393.6232
-338.4249
-277.4872
-224.031
-202.5981
-183.2163
-172.4384
-161.599
-164.7636
-132.6566
-125.8553
-161.1442
-206.0351
-213.3484
-171.7094
-323.9491
-58.52625
-89.55271
-169.3287
-178.8498
-159.2288
-160.3623
-115.0868
-161.547
-137.8056
-16.79388
-259.29
-251.9963
-223.0202
-277.6551
-306.5922
-264.8804
-231.181
-197.8677
-167.5923
-175.8269
-140.3454
-168.9835
-191.0926
-175.3349
-217.4683
-198.1757
-190.7387
-167.9076
-165.9576
-505.396
-387.5462
-297.9481
-283.1702
-257.6438
-254.1334
-208.3528
-290.0151
-227.044
-264.1568
-209.9028
-182.3051
-174.7409
-172.6168
-298.7965
-249.2454
-243.4486
-232.0975
-241.7122
-218.141
-206.0032
-183.5808
-156.8245
-130.4023
-134.9219
-319.5065
-283.8246
-223.1828
-192.9935
-210.9779
-206.5288
147.8646
43.42031
-3.783421
-18.30767
83.45913
45.04251
-32.29839
-125.6942
-128.7587
-134.5098
-80.50015
-125.2868
-146.3404
-86.19768
-105.0503
-117.178
-130.0853
-207.3358
-90.63723
-136.7528
-157.4238
-430.3957
-378.0696
-267.4497
-197.2281
-179.9161
-139.2011
-132.5292
-136.551
-147.5136
-172.8678
-182.6281
-174.8372
-181.3889
597.7237
312.1875
105.9851
-3.553215
-54.08138
-65.90247
-85.44266
-118.4248
-132.2203
-102.3405
-98.8394
-115.7104
-242.2799
-906.0971
-617.6109
-420.0978
-247.9451
-219.2759
-207.342
-193.2701
-179.7618
-163.189
-116.3822
-394.6261
-283.2884
-10.92416
-58.34435
-158.6437
-145.059
-114.2656
-133.5038
2.724968
-13.69519
-75.30681
-168.3562
65.75928
-7.119433
-139.834
-156.9906
-124.5354
-106.0932
-120.3081
-117.4952
-114.8828
-90.82587
-114.7296
5236.072
3188.888
1941.676
973.739
567.1343
281.4774
99.95791
-25.57553
-70.59739
-175.8919
-162.1334
-7.62235
-46.46207
-92.85003
-74.39768
-107.475
-78.88389
-715.0674
-346.5242
-260.8709
-214.0558
-148.4529
-149.3512
-147.036
-4.455739
-35.87603
-62.74349
-305.7793
-223.0634
-177.8624
-146.9465
-149.4579
-155.2174
-125.1762
-121.8801
-120.9592
-212.2862
-197.9104
-218.0576
-193.405
-163.0646
-146.641
-132.6268
-103.6851
-115.2832
-112.0447
-89.36989
-115.0546
-141.9967
-133.5643
-109.1549
-179.8098
-159.2162
-122.4299
-112.7138
-92.92764
-133.266
-92.97484
-52.70321
-83.5271
-81.17991
-67.16146
-92.83963
-54.58564
-86.3883
-7.813096
-39.43248
-40.49525
-59.92303
-76.37527
-83.37494
-91.17949
37.92714
1514.568
990.5606
584.8472
319.932
138.8677
72.70949
28.91589
-33.66899
-75.22747
-48.10074
2.745002
-26.67543
-50.62858
-47.48735
-126.5691
-72.99952
-95.12308
-113.4385
-148.3998
-153.9663
-200.8179
-136.1494
-40.5151
-42.28227
-90.06298
7.927808
-174.0035
-210.3352
-152.1272
-148.7924
-155.5298
-175.3998
-151.7782
-116.0924
-82.17824
-90.63173
430.4232
217.07
79.57286
47.16336
93.15944
166.6906
63.38458
57.3213
-0.07780578
295.2952
138.8962
133.7667
31.52984
19.23752
207.555
45.25801
-61.81502
-92.77882
-175.95
-156.1048
-137.5251
-93.94038
-37.09058
19.35644
-3.800303
-48.34442
-24.35963
-40.66232
-54.06155
-36.72378
-70.83069
163.3623
213.0233
136.3393
-15.60656
371.8996
215.3706
103.0345
16.91307
10.90762
-30.98602
-41.36539
-38.24513
-46.45294
-201.0673
-163.639
-24.26335
-44.15374
16.2134
-20.80517
-46.10234
-14.54157
-34.79572
-48.12565
-46.7399
-82.01802
-76.38545
-81.64602
-86.45088
-101.451
-95.66879
-88.6758
-91.08911
-39.71618
-71.21418
-240.1183
-213.1692
-174.7177
-130.4568
-36.43092
-4.144126
-15.62471
179.0733
87.15289
26.2901
11.47634
144.8835
73.56501
-23.71495
-42.27211
-40.76155
-45.97374
-82.05304
-121.9858
-99.59091
-69.04023
-69.85721
-84.788
-75.73649
-35.11027
-23.22792
-47.03643
-59.15927
-87.62771
-70.0127
-61.87071
-56.36375
-81.94361
-90.28406
-1562.362
-1034.083
-757.8367
-498.3836
-339.6511
-219.9418
-194.6211
-93.69898
-90.74963
-133.9594
-582.4705
-414.0593
-274.7588
-210.3821
-120.5827
-130.5064
-137.7004
-117.2783
-86.75929
-92.91698
-83.19606
-99.88316
-133.4944
-90.4847
-113.5444
-90.54544
-26.13488
54.22432
-18.31898
-88.38778
-108.03
-105.7716
-93.42535
-97.03491
-96.65685
-100.5652
-10.47201
-42.99119
-31.5112
-13.3005
-33.09392
-80.42879
-71.09657
-98.03818
-83.78641
-122.8752
-86.71821
-59.2016
-53.58478
-39.86152
-27.98006
-52.77348
-71.79161
-65.57631
-72.90774
-77.76418
-78.84509
-60.29035
-87.59877
-73.7801
-146.7852
-119.8513
-110.8189
-502.5617
-355.1493
-259.1605
-165.7978
1876.848
1257.097
699.3177
413.7782
229.7548
104.1024
32.82951
-37.80024
-352.77
-255.5247
-188.7116
-157.2202
-131.7958
-131.7638
-91.17609
-109.5276
-78.78417
-146.9856
-176.7364
-171.5169
-184.0926
-232.9372
-173.7159
-153.8935
-359.0454
-325.5805
-227.5987
-227.107
-173.2265
-146.9083
-141.531
-130.8071
-116.1273
-58.13076
-13.00663
45.34589
-35.38406
-41.22704
-70.04745
-85.5194
-66.38192
33.95756
-30.71521
-668.8536
-470.7462
-332.808
-732.1234
-479.4079
-460.9683
-265.878
-210.5089
-178.0576
-94.73481
-83.1642
-94.89919
-103.9202
-72.44608
-86.96424
-83.47035
-47.83723
-82.79768
-108.7185
52.22291
7.163796
-70.94938
-84.8847
-85.15452
-98.89608
-121.4628
-153.5324
-154.1644
-179.0788
-159.6651
-140.0117
-102.252
-105.7534
-121.1997
-94.1346
-103.8578
-62.60923
-70.81133
-93.72517
-112.8319
-148.6804
-170.5646
-227.0136
-200.9427
-243.7079
-212.2999
-202.5833
-194.6535
-148.9522
-108.3928
-128.8369
-133.7762
-145.4331
-104.8936
-134.9971
-137.8133
-141.5497
-20.59991
-89.85035
-60.72735
-97.50471
-209.1469
-173.7957
-153.7306
-108.8049
-97.82586
-209.4657
-178.7511
-127.2815
-129.8094
-155.7994
-135.9593
-104.1775
-144.8954
-48.04743
-95.77372
-101.94
-120.6819
-148.6318
-140.2236
-144.4071
-122.8824
-75.98137
-107.4269
-102.2872
-134.2213
-274.1069
-242.2651
-249.702
-208.5419
-199.4324
-193.2519
-558.7523
-400.0167
-336.4722
-232.5807
-213.7372
-191.5021
-174.6484
-197.1865
-164.786
-162.1456
-143.0474
-123.6959
-127.0755
-85.5925
-112.531
-112.5863
-127.2331
-115.1552
-189.1233
-219.5582
-226.1717
-290.2529
-210.0858
-191.2793
-183.3451
-2470.125
-1624.232
-1093.421
-776.3708
-570.6725
-447.4831
-358.758
-310.2196
-298.8778
-246.8021
-204.4979
-184.119
-189.3174
-123.0206
-102.1825
-152.8365
-154.09
-175.111
-214.2846
-187.8423
-194.6347
-308.0796
-233.2554
-215.202
-181.1383
-167.5546
-109.5799
-130.9132
-203.3828
-308.7342
-265.5502
-250.141
-192.6191
-349.0478
-299.9217
-264.7012
-230.1088
-233.4868
158.6532
24.72491
-27.81038
-92.96014
-125.4476
-151.0493
-178.7923
671.1626
374.5395
133.5994
18.02147
92.05334
-0.273012
-18.06585
-80.52555
-118.4832
-171.7628
-188.2906
-189.1825
-202.5774
-185.9443
-209.5462
-239.6582
-236.6844
-332.5747
-288.8963
-243.4949
-228.478
-207.5573
-226.3135
-234.3297
-227.9823
-238.5171
-241.6638
-207.9291
-182.3573
-306.5901
-278.0959
-219.9691
-233.6397
858.7338
483.1069
239.0702
5.330044
-71.9473
-286.7104
-246.4317
-243.7115
-326.4843
-269.9686
-244.6597
-239.8998
-245.3885
-328.8891
-304.2674
-270.8031
-292.3107
-276.072
-230.0579
-224.0763
-219.2363
-220.3859
-177.1333
-199.5282
-206.912
-194.1518
-209.3285
-243.9831
-213.023
-211.7213
-208.1161
-207.2643
-225.5322
-195.4807
-218.7944
-157.0963
-330.2466
-296.5607
-179.5711
-16.24424
-63.39044
-92.76915
-194.1077
-192.0915
-234.9385
-239.9871
-280.8471
-276.2823
-239.713
-227.3185
-217.0459
-174.3362
-205.0028
-240.2335
-239.8335
-229.5649
-213.5145
-229.7049
-244.3065
-248.9898
-254.0053
-284.9446
-205.978
-146.5852
-178.3905
-263.9818
-214.9686
-938.8339
-738.3238
-521.9169
-389.7873
-341.0411
-288.6998
-272.8274
-271.9188
-275.234
-255.96
-245.2862
-205.6432
-178.6451
-200.0134
-225.8881
-199.5877
-237.3101
-232.0156
-133.6655
-157.404
-94.07547
-114.4682
-188.2814
102.2932
-13.22176
-113.3297
-219.3122
-287.321
-296.603
-215.1455
-238.3707
-234.0188
427.4234
154.2621
-2.694618
-47.63234
-126.6631
-170.694
-187.0209
-267.2633
-367.3638
-160.0615
-237.2043
-233.2127
-182.9813
56.91737
-64.71589
-155.9645
-62.81888
-173.1177
-202.7886
-220.5933
-241.0773
-262.3541
-199.9758
-238.5472
-184.7991
-70.47892
-377.8127
-299.8072
-246.753
-204.9616
-230.8011
-240.526
-207.2431
-254.503
-248.9287
-275.7393
-259.4059
-268.3002
-250.3356
-245.8051
-233.0201
-201.0775
-215.1803
-231.8108
-232.8781
-240.1441
1944.042
1125.703
618.9641
291.5357
87.31943
495.3658
249.7006
73.69948
-30.98267
-149.5299
-30.39822
-173.5998
-270.8307
-251.8006
-422.1628
-355.8771
-230.4461
-241.0662
-253.083
-278.8488
-309.3497
-275.6719
-288.5568
-279.947
-267.4908
-265.1903
-312.5096
-316.1383
-292.9673
-263.755
-246.1509
-235.1062
3392.341
2007.18
1157.268
651.8305
317.9264
347.9337
93.21315
-48.75146
-253.4924
-259.3112
-276.3544
-311.9187
-312.8213
-311.6241
-305.4494
-294.4478
-336.3479
-271.0307
-227.8904
-234.2915
-206.6494
-237.4698
-231.5036
-221.4875
122.4604
52.84786
-58.49786
-1610.009
-1108.801
-788.5386
-590.854
-439.1205
-407.1165
-277.5243
-269.8145
-259.244
-309.5456
-298.9625
-337.6781
-618.982
-467.6212
-866.4686
-627.2042
-556.3364
-459.1862
-385.5576
-340.733
-307.2708
-297.2152
-290.683
479.4423
217.9085
25.35781
-117.1841
-174.6914
-220.5857
-190.2026
-242.6858
-247.4605
-243.3341
-254.1056
-267.915
-231.1601
-231.848
-124.6128
-172.085
-204.7568
-147.4
-187.2654
-217.5262
1753.703
991.0804
519.0423
223.7875
64.59762
-52.05691
-218.6961
-217.2135
-236.2712
-225.0322
-327.522
-300.6126
-289.9481
-305.7881
-697.7532
-483.0957
-310.6751
-300.1953
-276.2726
-148.0909
-205.2157
-169.6089
-239.1139
-247.2545
-213.3358
-252.6544
-248.2805
-423.0437
-378.428
-342.2037
-308.8702
-302.716
-267.9522
-253.2279
-203.7889
-273.4416
-242.064
-275.1977
-180.7236
-201.089
-228.251
-216.3453
-1684.361
-1112.879
-1042.005
-729.3085
-578.9713
-479.5345
-400.9979
-341.6726
-277.7828
-263.2254
-245.7796
-185.3922
-214.5214
-226.4437
-212.7268
-317.5082
-307.0598
-260.7064
-267.3258
684.1491
329.069
127.912
-43.79584
-105.9956
-189.0084
-225.7522
-237.9774
-234.7278
-226.1204
-227.4706
-241.3863
-306.1218
-150.7902
-160.8271
-232.4409
352.4661
140.522
62.28979
65.90059
-43.70536
-114.3249
-55.49035
-131.836
-169.3165
-209.9058
-209.3421
-191.42
-189.9627
-1518.263
-1027.092
-739.4746
-581.2855
-429.9572
-325.7217
-302.9065
-264.7416
-316.2956
-275.8798
-267.3283
-245.515
-303.4058
-256.5256
-246.0148
-224.5877
-224.3842
-223.0556
128.8938
-23.30868
-76.84815
-93.90543
-140.2617
-159.965
-209.8118
-238.5442
-220.39
-275.3074
-85.03744
-135.0728
-182.7606
-208.5742
-223.8881
-65.1904
-119.2445
-148.5548
-150.5691
-160.3052
-200.6824
-199.4329
-182.9585
-217.9092
-215.9278
-207.7229
-217.0049
-229.4335
-233.5487
159.7245
79.62203
-19.58989
-93.70988
-119.2186
-133.4237
-192.7528
-208.8014
-183.4657
-206.1152
-371.0562
-257.7641
-262.214
-243.0373
-248.6736
-247.7591
-159.5659
-564.3442
-414.9706
-330.5895
-350.6109
-450.3996
-330.7707
-286.0398
-252.6822
-277.5945
-231.9702
-228.4172
-296.5035
-199.5074
-43.0738
-78.21546
-142.0495
-150.7576
-118.3527
-153.4168
-190.9222
-183.2917
-138.8328
-151.3718
-157.8116
-174.348
-172.7881
-194.156
-113.9449
-174.7727
-132.241
-142.9696
-132.8986
-165.2597
-181.8938
-627.9972
-463.7551
-475.895
-379.5119
-233.3891
-186.1535
-211.7041
-217.9578
-164.4822
-185.1334
-186.4269
-198.4225
-118.7325
-118.2859
-148.0093
-553.2953
-418.936
-337.9849
-588.0519
-424.8472
-344.4831
-292.9658
-152.0238
-159.311
-185.7624
-199.5055
-213.6194
-201.4376
-171.1892
-391.3573
-124.4901
-162.9727
-235.2131
7.430649
-88.42793
-131.1087
-110.5896
-116.0148
-114.8969
-126.7517
-134.1917
-122.2605
-156.6866
-166.672
-2597.108
-1653.507
-1113.462
-912.2588
-688.3235
-402.5424
-287.6793
-195.7641
-179.8572
-176.2497
-192.8806
-210.1227
-199.272
-200.1473
-163.7965
-167.7361
-149.4222
-178.153
-378.388
-359.5303
-286.7904
-270.2099
-196.0694
-152.6227
-161.5804
-171.9758
-170.7112
-50.66626
-99.15711
-417.4255
-372.3709
-179.5972
-195.2645
-163.978
-178.638
-110.2733
-120.1167
-142.4351
-18.64555
517.1625
207.4054
19.92266
-75.23148
-762.7885
-544.3835
-610.1714
223.0035
75.11286
-158.6699
-306.156
-267.4058
-262.6785
-123.266
-157.245
-146.8605
-116.2031
-71.96181
-85.18968
-129.0805
-176.632
-119.063
-265.7758
-129.6998
-115.5816
95.8653
-21.55128
-83.06736
-116.6678
-176.0446
-237.9147
-640.765
-453.588
-407.923
-316.0473
-265.8219
-234.3328
-216.835
-218.8819
-257.0555
-223.5546
-206.7948
-225.0894
-193.2061
-168.9401
-147.5447
-148.4329
-168.6861
-146.1138
-72.53305
-134.5264
-29.284
-73.21307
-87.09581
-116.3013
-89.60837
-11.24235
0.06172266
-44.1681
-33.22299
-75.89614
-112.1102
-109.0356
-88.78885
163.2594
22.9299
-33.75349
-76.21842
-76.60657
-96.08204
-117.4807
7.253751
-7.25435
-95.21774
-55.17979
-139.4233
-155.7064
-144.2551
-160.2395
467.2307
257.0671
98.16601
44.66416
-26.78521
150.7502
84.70719
10.32835
-45.77166
-34.69793
-91.57968
-67.16739
-318.4626
-285.7888
-219.6911
-183.0685
-204.0446
-183.5949
-147.6876
-188.8932
-164.3846
-131.5191
-105.3429
-138.8269
-173.0575
-143.0482
-153.527
-128.8205
-122.1565
-149.1368
-160.4098
-178.3316
-209.5036
-155.3308
-133.772
-148.6965
-153.6036
-116.9603
-126.7419
36.47363
-36.26572
-33.96571
-72.68666
-99.24889
-57.34857
-67.34777
-111.4009
-140.848
-140.4189
-144.8467
-117.7013
-194.5677
-179.8261
-172.4377
-232.0379
-203.8473
-209.6418
-191.6832
-154.3484
-148.2333
-176.4881
-182.1126
-177.099
-218.4395
-71.73474
-92.28303
-115.9208
-89.13108
-153.0778
