32.45572
-43.5568
-1.720021
38.21941
22.29651
44.51705
146.5515
49.37916
-1246.9
-107.2397
22.85574
37.53139
89.47512
46.48711
42.94006
344.9006
47.26374
42.65235
-151.7276
27.8132
42.86885
43.23137
49.69199
32.65234
42.63846
54.19099
44.26291
40.85276
17.76527
66.81073
47.80732
38.06706
66.34576
60.63317
49.53261
66.0776
66.93659
59.89694
59.51387
89.76146
103.1377
69.29018
70.72102
55.00456
62.14935
81.48985
70.05206
68.89147
71.30857
103.7069
74.28787
69.42984
52.15218
63.75056
73.49996
78.85698
76.41658
58.60134
78.52091
8.94805
66.14422
80.42276
85.30128
73.27861
77.22353
57.31039
91.68873
86.95083
74.55589
51.06173
74.54039
57.75953
80.44508
73.27837
87.07003
89.74606
91.52183
105.9839
98.8404
49.83537
92.35446
90.21087
98.79114
92.58573
82.24818
77.64671
103.7274
97.51509
172.9377
89.64015
92.0653
106.2934
99.18547
97.59101
97.73475
97.17132
98.66069
-129.4921
93.91819
95.31952
111.6997
-987.4362
-16.1097
109.898
106.5229
98.77398
127.067
100.8644
223.7676
120.4253
110.3618
85.96322
105.6203
274.137
130.6095
100.244
101.2909
108.8678
482.871
143.5403
113.561
83.28092
104.6203
101.9752
112.3186
121.9522
112.9491
93.60966
140.5169
76.69803
124.7843
293.321
121.9157
111.3738
100.7753
126.7797
125.4082
133.5338
92.40036
116.5342
117.1823
105.8778
114.3465
196.9424
104.4908
-166.5481
83.0916
131.0465
145.8185
150.479
112.8581
-120.8585
70.27335
109.443
77.44811
98.2313
114.9232
121.321
106.9079
125.2571
31.88763
112.4431
93.26243
66.2722
114.3304
120.7484
148.6032
121.1382
124.7625
124.1528
131.324
216.2612
134.8069
131.7348
117.9525
111.8083
105.0058
133.3022
54.38169
140.1125
123.0907
196.5456
123.9552
124.7887
122.6243
115.4951
196.3018
142.7784
315.1846
132.843
119.4235
116.5597
107.7006
277.7743
-154.7242
115.2171
113.1969
123.3609
114.1435
129.9446
142.449
124.0765
128.5844
117.4592
98.52494
124.1414
128.2985
-828.8006
8.361909
103.3376
1186.415
233.4842
157.9031
156.4219
112.4221
117.3795
95.92521
77.51167
110.7422
145.4289
-83.15017
95.96643
402.3083
210.8856
159.5723
91.72622
115.3638
118.7936
107.9244
107.4172
132.3987
105.0303
113.0236
103.7357
103.9241
115.4367
109.4625
99.7796
115.8559
405.1359
146.8666
92.69755
194.3138
89.43458
80.06579
99.50458
118.4684
104.846
102.7549
209.5474
116.5041
97.30571
99.29911
106.6264
103.4126
84.02523
115.8506
98.09487
119.8735
93.29741
88.19905
44.61117
96.54465
99.80277
67.83739
93.56779
85.1959
96.62987
92.05694
42.82351
99.00942
90.6308
88.26031
80.76547
84.28981
85.36454
92.22126
85.12544
83.15964
66.64152
93.24791
79.23187
84.30249
85.80912
79.62958
80.60333
90.86442
88.86065
78.86
73.76358
76.73189
81.697
60.4376
76.16221
79.23977
173.4162
87.27761
212.8993
99.40325
79.89664
56.77096
72.852
74.21779
56.86335
35.90739
48.22568
26.21841
50.93683
48.2721
82.02173
80.04875
63.43267
33.80457
60.0468
74.63722
96.86254
68.55023
84.09221
57.84082
44.73875
62.88924
50.87693
38.05047
62.89216
45.48703
61.34679
59.92449
54.88625
657.6955
47.54499
55.76411
53.18408
44.52424
58.22158
40.6561
-2144.718
-220.5815
101.3613
59.60586
-24.02875
40.3332
54.2813
51.51464
-12.38409
25.66565
43.77054
41.54039
22.48945
38.37956
52.16522
46.30407
18.6299
25.97407
50.67052
35.68415
77.79759
38.1346
37.17568
41.01295
49.4352
53.90696
54.30514
50.41192
34.57011
37.67668
31.27677
82.59119
26.35916
46.77098
117.5831
-34.50031
49.38964
32.9723
28.3603
31.72404
53.64181
17.68065
29.52912
23.10549
21.4105
21.75237
14.34225
24.3967
21.44481
74.54195
-3.862288
14.9698
23.5922
45.15324
16.20015
18.657
164.9161
28.54917
43.68446
17.84351
55.75732
20.01981
11.04247
27.36825
11.83648
81.29708
10.46855
31.91503
1.197846
10.53046
4.10343
11.40851
23.38693
5.362731
8.098192
6.004314
8.823619
0.8697934
6.777291
14.43333
-10.92178
-4.786524
-19.08493
-12.40108
58.91295
6.912856
134.0405
41.47522
-1.522701
14.32777
6.724207
1.053087
-2.77846
-9.849441
6.88543
4.621886
1.429791
-126.3487
-167.5479
31.70866
2.358782
1.981649
-22.50994
-4.378899
-5.676182
-15.33767
-0.8461987
-56.72833
-32.04405
38.92648
-107.9374
-93.96732
-14.21721
-17.43562
-14.92063
17.65283
-8.80304
-6.642463
-7.352783
-13.70044
3.58838
2.340629
-12.0354
-15.3549
-20.52901
-19.43558
-52.40491
3.210248
9.790578
41.81167
-21.28755
-22.80046
-15.47045
-32.93506
-15.59966
-29.80964
-14.1771
-0.7041779
-7.663402
-15.79182
-3.336894
-9.834754
-28.30885
-16.27028
-17.38246
-9.417895
-33.13458
-38.72441
-11.33455
-25.85914
-21.63948
-22.63882
-20.62708
-21.53236
-10.26879
-510.2956
-73.90121
-29.23312
23.02438
-25.47264
-13.72931
-27.14837
-29.62284
-0.7357415
-26.76832
-45.51735
-32.45561
-23.86706
-25.47212
-26.5043
-11.96281
21.29356
-14.32782
-46.71521
-40.08718
-30.38164
-39.51272
-22.60754
-39.07852
-2.734442
-20.09962
-74.97974
-91.87008
-34.13961
-15.97357
-24.34768
-27.72049
-23.29813
-18.82423
-15.10901
-18.9313
-21.09273
-17.68683
-25.44895
11.70818
-5.751331
-9.528632
-36.96443
-27.86897
-25.75866
-20.2147
-39.72752
-21.0501
-22.11637
-21.98831
-53.66932
-27.78976
-51.45023
-12.35467
-15.42922
-62.15804
-31.75628
-52.56561
-54.95379
-4.369798
-1.408913
-22.14348
-22.0483
6.29894
-12.5369
-42.99079
-20.61776
-20.29044
-20.28411
-4.465548
-30.85503
-20.21938
-60.9301
-11.25469
-19.03478
-15.4104
13.28293
0.8513178
0.2131735
-25.27004
-134.8138
-19.81654
-16.04341
-0.5798544
-101.9578
-14.80682
-22.1204
-7.567734
-0.7538656
11.24727
45.8608
19.24927
7.952464
-3.110794
8.935493
2.354048
-2.459123
3.612861
-6.033579
-0.5649591
-10.92689
14.54608
0.02078007
0.8746374
14.20812
0.7962167
-7.239568
54.74369
15.70474
15.38429
7.304072
26.60137
2.266976
-76.30222
-1.491966
11.8482
-7.989194
6.076475
5.157562
3.208834
10.092
16.29295
23.29864
15.9911
23.26388
10.48491
5.069369
13.02875
11.49872
23.72172
20.31147
20.65811
30.53375
29.15049
-7.724208
19.13028
-12.34963
11.40789
40.43225
42.89519
4.964451
28.4791
-12.5157
59.3407
29.23986
26.11928
27.11121
22.22867
27.82593
-179.1103
19.82565
54.98783
30.0118
29.2469
34.5348
65.90408
48.73052
40.47911
44.15078
25.3251
34.52663
44.66692
43.38294
41.07592
44.47924
42.01354
45.47778
58.08172
45.29216
57.10822
312.5034
-41.70677
36.7261
41.94557
51.66018
50.65001
53.65317
56.70085
41.91134
68.71671
52.3952
142.8168
55.99184
215.5656
79.69854
60.78202
53.20453
62.73434
5.341913
61.01197
75.52983
61.81924
76.60061
55.57017
71.14481
125.6644
88.23607
78.4258
84.4025
66.55662
49.35253
61.96617
79.77444
83.74474
74.18597
73.02492
98.06893
104.3544
113.8495
97.05869
106.1418
88.23679
91.32028
99.73393
89.27523
83.79488
137.5312
92.77135
92.18981
84.9559
94.25862
93.20204
92.47055
89.04289
102.7398
94.72109
121.1866
110.3793
96.92036
100.3713
91.34481
99.0388
101.7408
127.925
96.23445
102.7898
103.6598
111.3536
105.9246
111.5439
109.0956
116.8738
1196.199
236.6453
124.4841
123.7705
109.1482
65.97712
108.3083
116.5849
127.3325
129.7158
130.0458
35.46047
115.8127
117.6023
113.385
126.1222
94.15778
136.5477
120.2831
150.6824
133.6221
163.6884
131.4826
176.6561
145.8167
80.53185
131.2292
139.538
138.9508
137.154
140.1459
129.5173
142.7531
146.0469
841.1606
223.3116
160.9751
154.1144
147.0034
162.3384
142.4565
140.6385
159.6497
155.5523
152.4964
154.8035
157.8191
134.6284
144.5898
163.3841
154.0624
143.2381
173.7403
157.7413
162.5343
193.8704
133.2399
162.3822
176.0417
190.818
171.1454
-17.06659
162.0904
175.2996
139.6512
159.6933
166.0672
162.5284
353.5332
144.4073
148.8204
163.9191
164.014
203.0476
2106.657
395.3225
212.3937
172.2511
177.3989
267.0354
189.183
172.6459
154.896
181.7923
205.4969
187.9788
189.6202
188.825
180.9735
184.4537
185.6149
183.2728
174.8302
188.0257
191.3324
191.8596
229.9326
223.6025
197.382
198.4331
224.402
203.2572
208.1009
237.562
197.0357
233.1008
254.5988
282.2061
211.8138
190.1873
201.7296
225.0007
203.6208
164.4726
193.4649
158.3012
197.2225
394.5588
142.3961
128.0466
-1073.996
73.51116
198.866
206.4425
201.4059
212.9596
209.7518
203.0394
190.339
170.2844
203.6277
207.9896
416.7659
228.5899
204.8683
212.1106
206.6982
207.2495
216.8395
228.5516
193.8944
241.1774
208.6625
230.4353
211.145
196.726
-745.2668
123.2278
215.3623
217.0658
214.3437
224.5211
207.2399
209.983
206.6373
219.0697
216.2329
188.7317
221.9253
237.2354
232.9024
170.2217
213.3193
207.8503
216.736
213.9858
202.61
200.1728
204.6249
210.9999
218.8808
215.0988
232.5147
242.6097
224.8526
222.9019
222.3285
220.3007
219.3674
214.1846
1322.401
388.6856
261.2626
274.5533
234.7716
224.5296
453.6982
235.9112
220.6436
256.615
236.9733
222.2687
231.2994
246.3899
220.2428
192.6771
226.3044
228.0632
159.3156
219.7311
234.1458
231.5242
206.8908
225.8659
225.0072
209.4857
219.6849
187.6278
190.4722
219.5737
222.2095
290.1154
238.9977
240.8339
242.876
236.7682
217.1676
239.6183
210.8012
238.6758
211.9479
213.4717
223.4348
238.36
240.9914
247.7177
222.0212
209.0695
294.0607
223.8754
208.7085
237.5698
218.9499
214.8621
224.6237
206.5793
221.8288
221.0372
208.8425
219.7515
208.4886
216.49
219.3839
216.7449
254.0582
216.8568
230.2544
201.8755
250.7658
228.2198
209.0892
211.2574
221.2271
217.1746
219.6173
221.3476
212.6585
195.6989
223.2486
251.7445
227.4057
245.1561
234.6573
232.906
195.7284
202.1672
214.1038
200.8557
214.2765
220.7183
209.5792
222.5609
221.6034
210.406
218.594
214.0748
220.9342
209.6954
211.72
220.6155
223.1
198.6298
199.3679
215.8942
200.9997
200.2025
204.4571
200.8563
212.5862
198.5643
192.9691
195.9306
192.9905
197.2484
191.6727
195.4224
212.4774
190.8148
189.2921
190.2657
187.3759
177.2933
201.9938
-115.0364
149.6935
186.8897
193.1495
187.3812
185.5158
202.8434
175.6114
167.5
103.9995
211.2166
165.7656
169.7874
181.0393
176.1401
180.2746
637.4029
227.0665
194.377
283.5757
195.2278
188.0462
183.1272
185.8952
164.0444
174.327
195.4317
172.971
173.5111
176.274
73.42077
170.2979
150.099
179.3118
129.6539
174.0968
167.1004
172.408
178.2385
178.9438
182.8165
168.3206
171.4175
187.8233
167.3328
175.264
165.6474
165.8789
179.3777
157.1192
173.3475
157.9767
172.3998
156.1163
137.9488
156.0515
148.7452
144.962
161.0832
107.1923
113.1987
161.2079
155.3062
159.1247
230.1217
160.7683
150.5081
150.8861
166.3409
101.8009
136.4324
143.333
146.6127
143.0368
23.65896
131.6495
150.0134
144.2042
540.2886
199.4516
148.1103
355.8376
144.4273
176.893
180.9775
123.6257
138.5235
236.372
109.2706
131.7824
146.7881
148.2197
109.5489
127.9587
131.45
122.0771
147.0617
143.6417
123.8317
127.2731
130.5488
131.7881
124.3155
114.7072
145.2698
118.459
132.3284
510.399
175.7761
122.2331
116.8039
35.56356
124.7184
123.4612
117.7049
108.3287
94.33427
121.3768
112.9014
118.047
210.2697
120.9273
109.7491
119.5577
112.7096
126.8877
115.0823
115.0961
114.6823
123.5844
110.4543
113.0789
70.55911
102.707
105.7494
119.1402
106.552
84.21833
106.2759
95.76098
65.32686
98.68402
115.9172
110.424
112.5668
98.9372
93.9031
149.4421
114.9376
70.8443
94.0893
154.5959
106.1633
51.73535
104.2972
106.4279
120.754
114.6562
98.31563
101.5906
85.052
95.14333
88.94581
121.7029
113.3346
820.0508
163.2755
94.05885
99.71866
123.0181
97.33342
94.37284
65.30636
172.0748
61.19197
73.30368
90.29446
109.4012
90.26895
77.58511
84.19328
86.52495
84.736
98.90503
107.3012
141.6441
31.38763
69.18252
73.8242
72.14224
84.41715
82.73966
92.91631
140.3044
89.30913
105.9407
81.50064
85.66314
98.58704
80.44228
68.60577
93.02556
72.72298
99.90734
81.90101
77.26738
82.64403
140.4527
73.39352
65.93325
63.22753
85.57077
-42.69594
70.41299
107.743
98.67412
90.43142
100.5021
22.61467
58.28548
77.72562
50.25314
75.03111
76.79285
-63.3553
55.58771
79.85382
60.01798
76.61326
79.38382
77.79654
75.80581
-1642.708
6965.794
831.2825
517.0944
366.089
101.7677
79.32786
19.76439
49.02389
42.52701
-35.19358
-1266.89
134349.2
14582.53
1658.748
246.4562
96.17155
94.66551
87.99785
81.92224
183.2848
142.5103
88.76983
78.8953
78.70878
106.9171
84.61688
48.7267
88.48195
85.13227
99.25881
89.89058
129.9351
88.18117
90.41999
90.66537
88.31063
88.24501
80.64343
84.18191
102.7501
102.9053
88.10059
55.2842
62.93065
90.28691
109.8714
92.53253
83.03005
91.79648
88.43705
76.4797
97.73174
102.6547
102.1686
114.6962
69.43253
95.69271
103.2247
101.7215
93.31724
103.2776
102.9833
104.6288
123.7314
105.6094
103.1677
169.8232
114.5695
105.2417
89.84867
98.03176
125.0442
34.19473
78.17881
105.4877
110.7178
111.5151
119.6702
105.7108
108.3762
88.39347
88.1455
70.84187
109.6667
108.3362
125.5792
121.3894
112.4477
209.2425
103.734
111.3396
116.1602
107.1599
89.06816
92.52356
79.47532
108.8326
98.25306
329.6074
139.5788
117.4405
129.5453
130.9011
113.1576
117.5825
63.34783
115.821
128.1909
148.4928
121.995
134.2056
118.9457
129.3187
125.9392
128.8425
121.757
127.9289
144.1072
128.4016
123.5589
123.8634
131.9407
131.0782
147.421
134.5263
136.6103
147.5762
139.9181
153.2136
141.5672
110.5385
137.9568
145.1906
171.3832
136.89
416.2936
174.29
162.1896
140.9129
193.9079
155.9722
144.862
144.4154
146.5127
140.1599
129.5086
165.2727
163.7163
153.2724
158.4186
160.7399
159.0126
165.0975
170.8188
294.3604
180.6657
174.3558
170.5922
374.5671
192.8459
174.5719
222.9402
197.5834
169.4266
177.8176
166.6498
164.9022
179.7665
168.5741
177.6807
181.462
171.7822
170.1001
148.2825
169.1524
178.3507
183.4247
170.6629
168.0715
187.8095
189.601
196.2641
189.4345
184.0148
155.7827
186.9481
189.3189
193.9297
179.6036
191.6752
178.201
189.5397
180.7338
171.7333
192.2717
205.2643
188.2558
222.2118
199.4863
215.6034
219.7741
234.6125
219.5191
200.9575
185.6888
205.3591
223.5887
215.0294
216.247
216.7891
209.4956
343.4677
256.151
227.8755
195.4024
211.8774
231.7955
221.8759
213.3361
228.2249
291.0784
235.693
238.7602
236.6529
228.7249
239.7862
223.8277
227.6029
223.0804
231.7831
228.5467
246.9754
235.5394
216.8534
214.6723
238.4591
234.9677
308.3134
245.5863
229.7417
249.853
233.707
241.3744
248.3799
239.9441
245.0475
260.3229
251.8483
265.0551
249.6049
228.142
248.2706
235.0734
243.743
227.8258
253.0777
258.3665
256.0113
270.6302
255.1783
232.6279
293.4879
257.5004
242.5163
268.2069
270.2786
265.4793
269.5386
253.2719
258.6176
246.5633
262.801
302.5306
166.4162
254.9376
266.3865
253.0783
267.1727
268.2083
353.1083
280.5325
277.0526
255.2753
275.0787
302.3979
286.4929
282.0431
276.9773
256.1599
296.5449
297.4116
269.8697
270.7102
312.9767
293.2091
296.1659
290.9179
262.9613
-43.25463
271.6861
289.2238
284.4525
276.8563
287.1281
255.4169
287.4151
307.9745
291.1241
298.5616
289.7777
288.3009
296.8778
300.072
298.2813
302.4417
189.0421
290.4484
309.0994
280.605
308.4552
298.4632
303.2933
313.1969
295.2718
284.0182
303.4645
339.6617
308.9557
339.1259
312.5418
308.1719
294.7582
301.6177
306.7473
304.0138
95.24764
285.7304
278.2619
317.8866
315.5254
313.9323
317.8456
318.3042
315.0221
307.8211
313.9684
319.9886
299.7659
323.3436
315.3813
356.9309
299.7819
324.7068
309.5064
314.3755
309.1888
299.7557
327.8163
331.059
311.5344
326.9981
316.665
323.1573
353.5472
328.0287
322.7661
316.195
377.4282
529.6609
403.6083
343.5509
432.7645
318.6501
328.8288
319.3497
321.2453
318.8192
328.0589
324.8069
320.6572
314.1372
314.6587
392.3766
336.7871
318.1298
319.5719
298.7149
345.8887
372.038
335.4533
326.1145
336.085
328.3306
262.9117
325.8518
316.4906
452.3613
351.549
328.3924
331.1769
284.5161
349.3036
349.8094
314.8628
307.1894
321.3376
338.2228
345.4519
333.1591
337.3508
324.9112
339.2237
331.1771
353.8863
338.8251
327.7963
325.1089
357.065
344.5341
323.4182
305.8637
154.2546
335.3848
359.1111
338.4705
342.0774
-86023.28
-9003.33
-673.4735
271.3028
322.5795
332.5138
288.796
313.8246
373.1377
327.7643
290.2729
358.0744
360.0465
391.4943
320.2815
328.5055
327.9327
320.4357
325.0694
342.7027
359.8835
328.0311
333.2171
331.3187
325.7485
328.0848
344.0144
286.669
305.5369
345.2897
330.2468
317.4297
243.1639
317.9832
293.0189
67.16988
291.8039
368.6006
312.8239
305.9686
302.5216
306.8532
321.3996
409.7149
330.5361
330.1115
325.9976
308.0348
318.9997
311.1128
332.1865
323.155
328.7375
327.5982
318.5637
309.28
333.0878
327.9881
328.3374
322.9526
330.0998
320.0236
288.401
308.77
332.2016
313.111
321.7132
306.7805
309.6014
302.9546
302.0213
318.3531
302.5439
315.5177
281.9381
296.3906
361.1655
316.453
297.8254
311.9867
302.7659
295.7592
333.7149
301.3816
283.023
304.8719
304.7585
309.4255
304.0665
283.3276
299.2337
297.042
294.9101
298.0758
296.4898
313.9329
299.2086
315.1452
296.8761
292.276
267.4439
561.3503
319.7775
320.9924
293.2624
434.0087
311.4794
293.7648
119.8477
278.4345
290.291
306.0524
275.9085
289.5712
296.546
282.3027
251.6347
329.744
287.7684
256.5119
284.0517
277.2672
282.0832
284.5514
327.7975
283.964
265.6557
267.8486
276.797
274.0292
204.199
259.6515
281.5817
312.5428
341.8522
277.8876
262.872
271.9775
244.9522
272.4819
257.2318
272.5348
268.2524
268.0213
258.73
259.965
258.3132
261.069
261.7789
298.3985
264.3291
267.574
262.5121
243.3666
249.8134
260.5985
265.1654
259.3341
221.6299
284.6506
260.606
256.0148
253.6239
250.149
236.7214
253.6406
251.0169
233.085
45.46317
227.1014
291.3034
250.0989
252.1122
255.4188
242.7247
245.605
342.6448
106.0986
245.9235
199.3206
234.1041
239.2129
242.5133
236.0938
178.3603
33.8309
222.7446
244.3055
236.735
238.7519
243.4677
286.5181
226.707
-80.41519
199.7869
-46.05361
214.2557
286.855
236.2449
254.4133
303.0788
253.595
243.1616
236.2564
231.2362
278.4844
233.6131
225.7661
197.6675
219.2005
230.0209
233.549
228.1659
233.4412
212.3411
220.3308
223.3819
236.1754
369.7886
233.8648
219.4856
220.7559
177.6277
199.441
194.9915
209.2198
211.5767
212.6886
213.0323
206.9686
210.2654
245.3348
217.1052
218.037
216.8651
197.6827
204.603
215.4607
208.648
212.6343
203.4476
232.9502
212.6219
199.6416
248.5045
193.797
286.2203
220.1702
202.5514
204.3224
195.8847
66.21057
209.3055
203.3674
215.4461
226.4353
204.5467
203.5443
227.7495
204.2606
200.5968
204.1718
199.6438
196.5546
194.3678
206.8764
210.1208
201.7632
205.5699
201.2932
185.9357
211.1542
205.9366
284.8849
203.4733
147.6874
203.2459
254.0202
238.5434
192.7277
201.6963
196.5515
194.1022
203.3562
205.8943
198.6147
205.4963
194.5178
196.0539
149.9781
186.2376
185.1319
203.0241
194.3521
197.0635
193.8122
49.0474
174.7342
192.3639
198.3071
179.0365
193.9972
218.8924
193.9578
193.3619
207.0709
165.5624
190.7374
194.9087
184.4756
193.6111
191.5266
189.2248
203.4477
195.1144
188.9594
189.6373
255.9557
200.4847
154.1391
125.5133
191.0218
76.03286
179.0395
-59.94241
154.8966
191.966
190.2142
163.3089
191.6745
226.6305
195.9871
188.8412
193.37
206.5288
188.4123
188.2121
188.6759
198.3612
191.8603
168.4899
196.5137
190.8201
185.7842
341.1419
226.8585
179.1439
189.8805
180.0631
192.234
162.0847
205.5606
188.6827
208.1826
196.0572
191.7704
193.5798
188.3453
336.4396
200.911
189.0088
195.525
-7190.21
-620.676
135.9303
193.2194
203.1664
226.6738
188.795
222.6996
213.2021
182.7742
169.6099
198.0139
164.9664
221.4764
296.7787
213.7144
203.7379
206.7297
212.152
186.7393
222.6696
200.6868
183.2614
244.9092
214.8066
190.3261
215.1304
210.378
196.3702
208.0241
186.6888
197.8699
211.2076
211.9958
199.1281
207.4792
220.8986
210.3719
199.3007
210.2304
217.3126
222.084
223.7039
213.0918
211.6751
237.6117
174.654
238.6277
189.075
-302.0768
98.69744
215.0644
219.9919
209.7918
225.2978
218.2575
219.8726
224.0936
293.4528
225.9671
226.2818
218.5619
215.5174
224.1548
231.3692
219.9567
226.8202
227.9378
234.8405
233.5878
233.0744
234.7319
218.3755
245.8381
235.202
203.5155
218.2417
245.491
222.9417
233.9875
194.9879
258.0298
233.0201
226.593
279.9022
291.3526
241.964
255.9871
248.6986
225.9107
243.278
863.9902
291.4835
187.254
234.4547
253.3378
256.1282
257.7502
251.5212
249.7046
258.6536
323.5547
260.9602
292.6685
260.9144
260.5631
258.1601
269.0802
253.3769
255.4729
251.5624
250.2385
257.6886
164.6911
258.7875
262.706
261.846
287.4437
252.942
248.3079
293.9083
281.8904
265.1428
284.2777
272.0199
286.0923
279.1262
273.3778
291.9085
267.0409
274.2343
517.7007
302.9712
276.651
288.3322
278.0315
358.3373
316.3634
286.1253
263.4435
291.9795
283.7843
288.2224
308.4038
296.5593
295.4992
259.6703
339.8895
301.1153
288.0906
290.6694
172.8738
290.083
296.3001
245.7956
296.7438
263.5499
291.6231
295.0759
311.3028
306.5346
305.9584
325.2507
304.7672
316.9356
304.107
312.1828
314.1129
306.3067
282.1384
312.9336
316.296
356.0119
331.9487
327.0662
291.098
320.0105
900.542
391.3589
343.0299
318.6189
313.6581
304.3458
327.7437
320.5809
330.6266
341.5678
337.3874
326.1053
330.437
298.0626
337.0068
344.4209
329.5984
334.7948
341.8648
349.5844
433.9776
351.1788
345.952
330.8925
343.3094
339.0145
360.8976
359.8678
344.3914
350.9111
354.1692
337.7839
345.3423
356.1796
355.8336
353.841
283.3475
272.901
349.5695
319.5955
357.6908
342.8351
353.9852
348.5966
356.8316
378.0036
330.1078
357.1419
360.761
351.3416
374.8715
305.4373
361.3976
373.6467
362.7396
340.3701
373.5085
360.2559
373.9662
368.8748
379.0233
388.0876
415.3322
125.8921
328.9516
371.9597
377.4402
382.6023
379.1806
384.4715
359.7593
383.8355
380.2596
360.6555
374.9823
360.4728
385.461
393.0827
346.7738
385.6424
462.49
394.9289
381.2378
329.8755
352.0763
386.0435
392.5771
323.6318
387.969
380.5835
406.3304
414.6629
380.6737
398.5186
398.8534
399.9774
390.7022
405.214
396.5537
463.8482
432.4614
410.6369
428.8835
415.612
405.7515
407.0104
422.8878
393.1208
392.3569
405.7733
412.0172
420.1561
416.1935
414.1711
452.3166
421.8773
400.349
418.0453
388.083
403.8919
421.9086
413.8128
411.3957
428.0342
422.378
419.5247
378.2354
420.9903
417.9717
500.511
448.3982
451.971
428.1462
443.5161
424.825
429.8522
431.8792
419.9443
404.6707
422.8074
423.2234
421.4763
428.6741
467.2934
431.1186
369.8046
391.2651
411.7263
266.4214
426.025
423.9036
434.0513
423.7625
436.7316
432.767
446.9306
437.9821
446.1714
413.36
426.9766
427.0937
436.8911
280.2733
413.9857
444.5014
421.2429
422.2031
98.13382
-484.4928
324.0258
428.1636
447.0759
440.9842
432.2277
437.8027
421.39
449.6742
138.5867
415.6044
408.1773
440.0899
434.3516
400.7084
440.5862
436.296
484.1328
435.8901
444.2512
433.3136
521.6957
446.7083
441.717
431.4213
414.2234
467.4105
435.4536
455.2139
456.7368
450.2285
462.514
436.4832
412.3519
450.0503
445.232
431.6293
436.0779
404.837
446.1205
395.6165
448.0668
443.2472
435.8532
436.7834
655.217
452.192
433.0362
486.0759
440.2643
553.1147
491.3349
431.2165
437.8509
434.7655
435.2017
413.4667
429.1234
442.7894
434.8925
444.9972
450.2507
433.1797
397.7164
418.7543
762.5445
475.0097
432.1613
424.2495
432.0223
426.6444
395.9969
425.9435
429.9265
426.36
433.6546
459.6803
434.6841
429.3017
432.6637
427.9891
457.1214
431.2028
426.2348
426.8769
427.5173
421.9539
419.5771
424.8181
459.5271
425.2383
459.6165
433.6955
425.2922
410.2588
432.1945
424.8396
442.6961
407.9977
458.3247
435.1641
431.4755
426.3938
450.0547
308.9437
413.311
91.28499
350.7583
514.1581
424.2864
354.3176
417.7175
421.1426
426.496
413.6638
391.4689
426.1597
550.8005
427.1912
421.3053
397.9011
368.9997
396.5273
445.501
477.2958
434.3533
441.3048
423.8367
425.0157
409.0224
413.0608
392.995
417.0866
387.587
408.4865
421.2656
423.1552
417.8526
418.9105
417.008
410.0485
11460.91
1602.098
532.5629
422.1942
405.2211
396.1575
431.1386
396.8663
376.4524
367.0597
391.4761
419.824
406.9283
390.4843
352.2233
390.2284
380.746
393.9754
392.625
394.791
361.7909
388.7313
402.3533
393.0118
437.4664
397.2516
714.5438
379.0667
394.3729
399.0658
424.9264
388.1612
391.718
383.4334
412.5066
387.071
381.5916
388.3337
409.8712
388.4095
379.8548
373.7002
377.0706
377.3993
377.1133
389.0944
376.4743
368.1342
379.522
367.4467
372.2651
381.2731
379.514
368.4787
352.7264
378.5153
368.8962
370.0768
374.0987
366.4911
356.2142
364.2204
376.4443
407.3294
370.4511
368.0789
349.7055
367.3934
376.9876
355.681
362.2953
313.8078
366.2974
389.4073
354.1779
360.0482
335.1094
369.3729
356.5459
353.4137
349.63
330.5217
362.1466
309.6608
346.9153
674.3367
377.9171
326.7114
398.9706
354.5766
311.7015
340.5406
422.1486
418.4617
345.7369
337.3119
315.2135
344.1155
343.4165
335.3755
342.6836
165.7031
330.867
338.7181
356.6392
336.2667
341.5819
378.3906
344.5454
366.4174
337.57
336.4331
338.5597
325.291
334.2225
348.4205
332.4761
342.0518
333.6282
336.0286
534.3065
607.9673
372.0334
320.2164
322.7309
315.7582
287.1307
322.063
331.1195
317.566
321.6872
311.425
316.0782
317.4969
272.5301
473.3546
332.8479
323.6803
323.5092
324.7944
455.5198
336.4345
316.807
314.0166
328.1589
340.5985
322.7601
321.1076
319.5508
274.9839
324.5592
307.9832
238.2126
313.1738
312.8077
312.4956
285.4932
309.0819
317.6396
299.8587
310.6235
307.7635
303.6372
294.3121
317.6822
310.188
310.2982
389.2514
305.8251
323.4332
301.1068
292.6266
299.9638
301.6378
300.6326
298.2367
299.87
302.9615
314.7252
283.5369
284.809
299.232
308.6052
314.2501
316.5504
303.613
284.213
294.499
311.6869
319.522
310.5519
302.1357
354.854
268.3653
435.2398
312.8304
290.6144
295.9822
307.297
326.4905
298.1166
293.134
298.1156
262.2965
295.0737
2082.431
494.4665
322.4151
298.9934
289.5397
262.3006
287.5394
280.4319
285.2224
299.2104
298.619
316.8566
301.8086
459.3913
311.1191
300.5756
285.3081
285.0287
284.7295
296.5197
279.1531
293.2798
291.8639
295.1708
297.5138
317.3967
298.5446
297.9
296.5458
304.313
301.2147
276.0368
297.1866
280.6055
291.8398
287.3363
291.6474
283.7476
291.8844
299.8589
286.2407
297.7934
291.6326
294.6645
304.6246
310.5786
292.7965
233.483
282.9885
262.3191
293.3509
299.0165
423.8144
326.2755
314.4155
414.48
53.28566
265.4458
275.4015
289.8263
342.5284
314.6026
307.7651
298.6345
301.924
309.1054
168.7175
296.0282
300.4033
263.2804
284.9177
297.5209
307.5336
326.4185
309.0233
303.3769
437.4414
321.9757
304.7597
306.5589
287.8204
375.0327
317.3277
305.5215
97.949
291.4724
177.8569
294.0627
301.918
363.9833
318.1993
287.3948
280.6022
307.6061
296.8889
306.7895
336.4781
316.191
310.236
159.0793
312.2569
326.8859
303.1081
309.6637
330.1419
305.7836
317.8963
326.7339
318.2596
316.6837
337.0991
553.8608
348.2856
312.2484
318.3151
319.1472
328.371
317.5186
694.5825
368.0378
344.0572
335.5773
342.4141
331.1395
300.0898
353.1062
325.9353
327.5214
309.9668
324.6387
334.5606
336.3918
331.3591
335.7622
335.6502
-748.6571
213.7018
-340.0848
259.5876
332.9804
346.6466
230.1509
329.7921
327.0368
431.2232
356.8582
181.8145
350.8495
371.6227
353.925
339.1231
357.6133
351.1244
355.1448
354.0588
350.6229
389.7689
358.7467
314.0006
348.7205
367.4812
355.1486
582.7724
377.0465
348.3864
353.339
338.9767
189.9427
350.1104
355.4607
350.6913
360.5391
367.355
367.2837
361.3379
360.9211
363.7074
216.7789
339.7083
363.0901
373.6952
376.9676
412.8322
372.6963
362.2157
371.2159
371.0065
375.362
22.05571
339.3739
378.6845
415.3543
386.6075
342.3926
364.6921
389.7993
383.0444
359.6537
394.453
414.341
395.9737
461.633
399.9065
387.0932
401.4289
386.8004
397.9562
395.9717
389.0736
444.37
426.2981
405.4066
414.3646
365.7912
375.671
387.9309
395.7969
417.0194
395.5734
400.3273
430.3759
418.615
408.8951
412.4229
540.5059
426.7065
400.8548
407.963
411.8823
409.0428
405.7818
418.8868
416.6695
429.4099
491.3518
433.4838
470.3933
433.8334
450.0003
437.5911
423.3199
474.6441
445.5205
448.0134
427.5575
435.5328
432.2019
457.9859
442.8834
455.4275
443.9098
675.7402
453.2452
