-176.8042
2715.282
819.3577
977.704
1136.02
2039.893
-570.4493
-31.54896
3461.366
1811.288
433.903
1494.062
1253.212
598.8939
3470.757
451.0089
-12089.91
-207.6882
-586305
-70428.32
-7748.223
-2165.22
-153.0891
902.9416
1655.06
633.5712
1164.163
1008.894
-1933.934
-11.70101
1057.757
672.5373
1828.02
4630.726
826.5041
2697.046
29094.09
1927.084
2401.258
979.42
385.5353
611.2698
895.9515
392.6104
2297.728
-1337.18
450.3466
958.5003
-2699.278
-27.67699
4199.152
-18073.47
-1252.808
946.0139
-1012.871
-246.9763
-388.5494
-79.77385
361.3724
1229.011
-12.10822
492.8074
880.6781
2846.248
-6539.121
-685.1541
1646.152
706.7515
2537.167
643.6152
-511.6391
-3893.792
-2072.986
325.464
-5141.287
257.7468
-1023.733
409.7055
-719.1761
1535.475
1604.681
641.1766
-69.92702
-1353.633
1700.832
345.0485
-1536.568
-31537.58
-4374.143
-979.7322
364.0968
1819.744
456.1912
20412.77
2908.092
-9188.136
-7393.4
-1544.37
-142.5604
-1163.022
-266.3959
-593.6041
-336.5928
1143.476
-2134.243
632.9431
-465.4991
3404.111
4084.122
3359.162
209.338
-2555.145
-1071.071
-2728.015
-1670.701
-934.0301
-4754.566
-871.1346
-513.8704
-2051.373
-1923.06
363.5526
-528.0085
889.2871
-1027.448
-837.5972
-330.1748
-1218.446
-42.47696
-1453.351
-1269.213
447.7317
-351.8046
-619.0106
-4627.283
-1298.097
-3880.294
1037.562
-2313.857
-482.1637
-1205.057
2418.508
-2632.936
-1327.638
-939.5607
-582.8492
-629.547
-936.3552
-1106.745
-344.689
-563.98
-1772.521
-303.3824
1492.673
-3380.168
1578.532
-777.7417
-981.2692
-1362.751
430.7161
-773.157
-459.2392
1055.916
-1159.3
-3007.743
-981.4277
-346.8112
-671.7238
-544.464
-2832.489
-1059.829
-2412.05
-1006.365
-1878.154
-984.324
-146.6447
15556.61
981.8609
-358.0809
-973.7912
-4654.531
-2171.974
-1165.664
520.9564
-440.3865
-1019.307
-1346.182
-680.3719
786.277
-394.2461
-200.5979
3413.728
2795.97
-619.8754
-1752.588
-419.2219
2218.446
208.0371
-1660.559
275.9677
-299.3041
-1633.5
-244.1687
-886.0235
1911.925
267.7809
-21471.52
33097.49
3284.092
4532.768
443.777
-767.7286
-1606.46
-2133.714
-96.56492
-1896.774
-692.807
-126.6459
454.964
-607.2672
-2770.868
-1622.038
293.4051
-199.9162
927.1348
-206.4334
1152.368
1089.372
-1691.393
-5298.928
-1098.021
-150.1313
-68.23819
4368.636
613.468
-2255.909
-1209.371
391.6161
627.6288
2604.998
-24996.12
-4961.875
231.8559
-787.5176
9197.745
-2549.42
-1476.807
-181.0109
-94.81553
12542.7
1435.646
-184.69
333.2211
784.611
-104.4623
1765.463
1243.485
-475.1034
1582.793
42902.13
5344.473
297.3356
-393.0369
802.381
614.0343
261.6363
706.2382
1080.07
1408.962
603.2646
4364.085
933.9707
629.4728
4966.276
1081.444
1521.876
861.7197
-547.7438
458.9851
1561.245
520.9871
1526.496
297.0076
-530.6456
773.6269
355.9753
112.8113
1426.957
1047.325
3916.386
-99.98215
1028.73
395.4387
1811.984
-587.3726
1452.387
-262.1406
1439.308
-335.3486
948.0487
1297.975
-124.8726
883.8643
832.5131
808.5378
1104.145
7940.745
-525.6729
2001.2
-500.867
-143.1564
2900.749
1081.748
1442.974
2893.213
866.5928
891.3879
1184.337
1920.339
2293.056
70.16007
154.1491
74.51963
1153.437
926.4943
1007.025
772.6061
928.8729
-57.89959
808.2165
-2007.251
466.7287
1403.133
1280.981
3550.375
862.9585
685.437
1600.53
-258.2975
978.0597
803.3697
774.8618
417.6007
603.4162
1040.181
2120.441
1470.25
1307.715
52.44427
-1322.738
544.668
3458.309
766.7347
854.8627
682.9147
517.0076
-4872.917
903.098
1776.528
4259.987
330.0721
4623.663
5317.97
1616.475
80.07374
4168.708
2503.862
531.2378
1051.937
864.9766
319.0498
142.9639
1250.265
38.64994
6505.871
-4938.664
4015.877
600.7348
-107.913
2762.504
-245.775
-1426.256
147.5393
-524.4101
-693.1434
7340.025
3019.405
3119.158
681.0035
75.50573
40.42724
215.7
678.4309
-2722.8
-1664.354
4777.397
410.4987
257.2714
-958.4768
-1292.944
357.097
1145.022
569.8577
2815.717
161.0975
3019.088
416.9744
-191.2893
-535.6066
-15123.63
6658.777
12586.35
10775.74
1669.596
448.5602
3107.571
940.413
-667.7154
-256.7472
-216.1316
-429.7143
2770.569
693.9798
-7471.785
-13037.13
-2622.981
-832.4592
637.8728
-1033.645
-2376.503
172.9708
177.5964
-334.3033
4391.081
-267.5527
-847.4163
407.969
-475.7453
298.6833
-596.3602
-568.2777
-1340.995
-788.986
-514.3797
-4817.734
-610.1173
-1140.503
-1191.998
-116.129
480.4999
555.7983
2798.22
-69.95625
-429.8279
8132.39
2185.438
-1518.061
-1471.779
-3146.092
7158.625
-246.9371
13175.81
8760.571
469.8408
1773.724
1132.279
-715.003
-1924.611
-524.8086
-402.4073
-2262.478
-463.3673
-72298.01
-9623.91
-3917.418
-2624.837
-822.3905
-1704.298
-723.554
-2144.058
-5780.941
-1222.232
-717.5783
623.4147
-1543.51
-989.3689
-434.9734
-1326.371
-1122.601
32.82672
-977.9007
-1163.354
-165.0472
1620.646
1803.724
1386.286
-3120.849
-799.1782
-1203.417
1475.979
8376.93
1645.716
-781.1648
-1227.602
-439.6972
-5832.613
-1171.898
-1046.362
-1785.704
2066.804
-625.1107
76.62347
-731.1808
-83.89108
-1286.173
-1917.99
-470.2395
-4471.807
-1425.147
-2684.822
-1240.607
-29.8602
-601.8452
-2187.038
-81.55
-258.9748
-12.94573
-362.3706
1445.466
-636.4144
2056.244
-241.2906
6702.544
2851.418
413.7901
1220.461
-557.2255
-361.0774
-403.4757
-195.7357
6162.701
2767.533
-596.7772
-2760.034
-256.5685
-192.5109
-2696.431
-2717.754
-364.9932
-1532.024
-110.1338
-130.4535
935.7256
247.3339
238.3416
471.5597
-1245.763
1693.967
191.3903
703.7348
1335.044
938.1543
746.8502
283.7936
532.687
805.7374
-213.5908
-1950.65
1569.87
512.0752
-4652.417
-112.056
630.7071
1147.807
850.6673
586.8678
835.2003
2694.745
20267.7
18387.31
3101.396
2498.226
3236.685
622.6072
3038.887
1191.015
1135.202
742.3475
-1427.569
118.9362
270.9339
-134.3796
-2.667609
303.848
941.9908
857.2701
1883.552
-27.12963
1907.201
4538.789
1259.525
4182.515
3126.215
-11788.81
-1387.678
4665.359
1547.464
1685.274
573.8114
1359.929
597.0426
-2249.808
13336.54
253.0529
1305.071
360.1075
810.8203
499.4479
583.0952
896.4181
363.4063
824.5404
1220.253
-130.3516
195.7904
-13212.38
-1064.866
781.5788
374.3828
1988.509
2223.893
-4905.815
-42.98111
1273.168
1944.547
-3377.104
432.3563
2846.507
950.084
-1059.462
1531.366
3220.256
1674.745
1892.041
154.1724
1500.418
-23240.16
-886.5177
3869.328
1695.061
2185.35
1659.028
490.5622
1609.4
1623.086
254.6863
1770.258
-218.7477
157.3055
-249.024
881.6227
1007.366
200.3178
2232.112
3660.862
1894.372
433.9937
-312.1026
992.0816
1665.402
830.8701
1289.564
2648.346
-39.76876
971.3619
1628.574
465.6246
1465.233
1134.838
1729.795
-769.9548
1328.754
1061.3
2233.166
-7818.532
-769.9267
746.5755
1395.342
1077.723
4702.697
1740.877
10403.56
1091.761
10171.07
1853.284
1159.165
644.3501
3660.33
3288.259
953.1893
-30273.35
-2577.508
-13851.35
-1834.114
242.5301
207.6819
-582.9996
6022.076
-151.3411
-2137.273
592.1912
-11044.99
1133.191
-5052.392
4058.804
451.4293
-39.44112
67.58992
-355.9201
334.4679
322.6996
-501.8595
-55.84332
13334.64
2297.472
4503.742
1306.797
34.66953
1954.227
2538.728
1017.992
428.5309
-331.482
601.1308
71.07058
124.5231
1247.248
-8137.88
5076.624
436.8177
1050.644
-411.7428
158926.7
18841.42
52059.63
7965.599
1196.358
2726.409
4037.599
-721.6543
-1096.055
328.5788
-1596.625
-2418.333
-14.69469
-1526.258
-1048.189
279.486
-407.4258
556.8304
-2917.989
-995.5622
165.9878
-4024.723
-312.8878
-1042.78
3067.524
427.1331
-302.2213
-5.637812
106.298
-59.21377
805.607
-11334.41
-2837.614
-797.6827
-311.2651
-92.33077
-1696.4
424.9673
12082.96
552.3626
-508.9254
-8727.171
3416.793
-19.24798
-679.2537
-1278.243
-2462.382
-257.2753
-185.7443
310.1907
-2760.777
3239.511
-429.225
2285.75
106.6773
-661.8791
-1350.952
2311.823
-789.4252
-159.7779
1012.874
-338.8545
590.1771
-2253.696
291.8158
181.8905
328.826
235.9465
-1651.496
8350.619
231.8471
-3416.07
-2193.005
-369.0622
-917.9685
-299.3137
836.9898
-2204.596
5063.04
-591.2197
-1726.151
-8268.987
498.2236
-1033.976
-169.5427
2741.882
-2031.6
-1589.578
1233.62
-710.7723
-1061.052
-2848.462
-1443.289
-47.9296
12.09951
-1758.513
-546.1586
-1090.642
1376.471
415.6304
49.19849
3570.071
575.7763
-685.3563
14797.53
1531.444
590.5298
-1816.54
617.8337
-142.3959
-697.7651
-3378.781
386.4459
-0.5894712
-205.2837
-1582.957
-941.8445
603.7687
-11475.21
6160.274
1365.854
-917.4416
-1890.892
-3156.981
-9823.596
-369.0776
387.8467
-1205.579
7762.969
1574.681
-349.9933
5963.02
1063.547
-976.3204
1262.534
-156.6938
201.7996
-487.0879
1246.899
4353.469
-31.85248
199.3012
2712.511
-4451.3
-7800.204
-502.4202
-2837.639
-1881.201
120.0518
675.1883
4731.468
267.8754
1098.083
10488.41
1531.72
-277.4204
1379.271
-4676.942
465.4111
1132.672
3868.074
2306.805
3003.344
2511.182
135.8388
1321.945
10906.13
-884.8742
1164.537
2279.845
119.7203
2828.653
1193.168
689.3832
516.6608
-51.35931
325.349
-766.6371
443.0702
822.8609
-714.7793
533.451
506.0337
2088.042
1228.033
3363.527
2732.769
-25307.34
-2040.557
464.6158
2345.617
1312.577
-5988.374
52.12206
1023.154
-2582.648
1611
1217.665
2409.173
1696.412
1001.143
768.8115
856.874
3545.111
1640.75
1096.768
11788.94
1925.911
-10350.86
-423.1727
2564.835
710.0689
-1453.687
2175.319
2804.209
1491.162
558.0042
2469.209
488.0936
1312.956
658.6037
1430.547
19494.74
6249.445
973.575
3838.212
2641.141
-1999.804
396.7379
1619.455
1397.899
1617.626
885.2482
247.8424
2213.78
-434.2248
7.48086
49786.49
6240.196
2156.89
1749.468
1030.708
1775.934
886.243
7720.713
1961.972
1542.396
802.983
7034.847
2264.811
2064.08
2526.941
1282.154
-354.2621
58.42014
258.1018
-7018.406
-1608.933
1562.887
558.7609
2071.837
2350.415
2050.53
2146.176
-797.6492
190.3567
2398.605
2094.986
1517.45
871.018
-3456.197
702.9016
1253.186
2086.532
-3643.354
-1576.012
1138.784
423.4521
659.953
535.8215
1359.833
-1687.423
-2078.543
1419.784
1032.469
-2975.536
279.5449
907.5605
-207.9038
-1326.156
620.2287
1591.414
-362.6972
-79.3833
342.0863
1504.621
182.9222
799.2284
601.9516
2321.599
89.81323
105066.8
13686.74
2437.787
-1524.444
-5479.174
-362.9537
869.4486
-1310.735
490.1308
1299.644
23174.5
3336.297
534.7692
-953.6385
13290.22
1968.624
1754.867
-19138.03
-1514.81
3637.324
2270.149
302.5948
14164.03
1198.021
193.6967
-31278.59
-1657.835
-1535.553
68.08606
-101.5063
-2284
-2875.601
-1483.761
322.2692
2669.656
-249.8411
1903.46
945.8099
-48756.53
-4654.219
-364.1153
-1541.804
365.3988
-755.6267
601.615
-697.2308
-1602.178
443.7292
1058.513
-774.424
-495.9801
-634.4376
558.3589
-7401.212
-1576.924
-3536.448
164.6423
870.5851
-504.6422
-521.4969
-2474.325
-359.0925
-562.3286
-231.8247
-601.0666
-876.1134
-1674.863
-630.6683
-1138.517
-75.1165
393.5017
-10258.12
-1268.314
2549.024
-4312.237
-1915.754
245.9904
-1908.57
34504.61
4828.934
-31.86014
-479.1846
215.0423
-18413.75
-833.8147
-1456.156
-711.5297
-396.7997
-37.41875
281.7159
334.7892
-6843.181
-1252.647
1041.02
-1415.519
-1142.037
-1793.962
-90.51411
-767.918
-202.0248
887.3934
-3253.583
-1571.947
-856.1292
-1186.586
-2901.253
-317.7025
2606.291
-978.8072
-687.3075
-1354.153
-1160.361
-69574.98
-17320.19
-1633.161
2346.258
-718.4802
2794.798
769.4891
17.19244
4151.028
-258.8386
-997.8493
-488.2296
-295.2289
-2058.141
-1113.156
-8290.521
-1070.929
1687.378
-176.6866
47339.87
5635.499
-2006.986
-608.357
-131.8809
-134.0123
113.807
-1499.218
579.9916
-485.4507
-501.242
-149.3741
524.9867
-232.3941
89.38335
-165.7642
-6126.908
-227.336
-5958.374
-342.7924
-1691.092
902.754
2206.044
586.0381
2195.187
-281.1057
518.2299
332.5111
8597.232
40769.56
10640.44
887.0083
869.9704
-505.2125
1319.95
232.5618
2434.251
2527.19
-689.8497
-559.4363
1973.66
728.134
7686.572
1248.013
113.5061
1980.319
559.5977
822.7196
185.8825
447.1074
1070.327
16649.34
2207.498
3796.17
9994.273
7195.625
885.1505
425.3501
1009.031
754.0102
-309.8924
369.7971
1522.335
1583.609
551.613
10.76177
-47872.57
-5219.654
-185.6053
26741.47
4173.293
135.5955
1920.873
1410.081
2710.408
1445.192
189.2833
1038.484
793.7466
928.3442
-2558.609
407.8532
833.6059
1472.454
2275.724
-1329.675
2350.023
-907.2918
1744.637
1085.368
1540.978
2034.291
2734.553
757.3355
2999.598
156962.7
20191.9
5353.545
449.5041
1508.534
2769.615
511.3841
-592.721
-24808.6
-1241.874
1719.534
1336.607
1531.756
1264.638
1636.783
-272.7242
1595.06
1446.766
-420.1492
160.5349
1292.354
-1368.328
1890.255
180.9796
862.333
1878.621
948.5095
1775.459
-706.9826
2476.052
1815.93
-946.7273
3322.575
2112.02
771.1069
2515.931
-95331.18
-11750.46
431.5391
842.2772
1317.833
26.65451
-1499.366
1828.424
1242.882
1574.441
3445.489
1237.914
1369.572
1456.354
2205.106
38397.01
5653.579
1916.855
3242.547
2601.296
1209.395
-861.2109
5208.472
-792.676
1402.362
-249.9357
3084.524
1715.87
2144.307
1723.78
1464.311
-203944
-22949.44
-1181.011
-1804.118
669.8303
2733.373
-84.72939
1779.109
2328.025
1635.66
1267.505
2820.217
667.1105
949.1531
862.5358
1855.009
701.4107
507.8899
1068.204
5909.449
2091.826
2682.33
-188.9614
46.75413
395.6672
778.4114
1087.2
584.9733
-225.3853
864.708
969.4242
398.5768
16229.61
2163.453
844.6388
-331.787
-1394.781
9582.612
5320.984
872.9602
1069.442
157.3106
-1071.889
-978.9927
-1346.647
-178.6494
971.5948
1154.397
-7458.264
-517.1173
2621.527
3088.854
4996.364
1471.852
-638.6315
1279.943
-2065.947
201.3265
591.5621
-634.3828
-719.2774
235.2002
-1045.186
459.5807
-493.1622
-28.39154
638.3232
298.7738
101.0856
21805.83
5532.661
160.2276
2033.626
495.9369
-26877.63
-2162.593
54.1306
506.8094
-2665.516
857.0339
651.1748
4193.729
-1808.146
-207.0709
200.4051
575.0391
-319.5635
-864.4619
80.52544
637.1141
851.0182
120.7148
814.3305
-143.9064
-969.4422
-1887.541
-876.9882
-469.2396
-38.95409
-20.66962
-1296.522
562.5168
909.6027
5373.484
2011.412
10004.95
5855.027
389.4806
-346.1496
-767.5737
-987.8578
-1608.676
479.743
-317.9771
468.8969
-1731.432
-1444.154
543.4935
114.233
1155.512
4705.749
-961.3739
-582.2069
-5098.73
-837.2082
874.1672
-370.5696
2059.423
65.99041
32.05267
-816.051
-457.8153
-208.4421
-621.6162
-81.37656
-259.4695
20560.23
-620.0233
5914.568
378.177
43.17484
-597.2029
-1912.815
-278.0371
356.8246
5348.213
-245.6984
-330.4372
-121.2678
-2860.04
-501.5796
11083.83
1943.495
444.0786
-1299.734
-2458.322
-298169.5
-36578.98
-3509.893
-2839.932
-75.53013
-768.1228
-650.5277
-1705.422
753.1069
-793.2952
-484.2836
-2101.7
268.5761
-1963.694
-1427.25
273.0422
223.5849
-3899.902
-517.3668
-3834.858
-20154.59
2477.142
102.7827
-632.8761
-625.6784
616.3558
-645.1061
110.5454
520.7367
659.5573
3659.769
766.7764
818.0226
-1071.98
-1064.751
1696.594
-877.9942
764.7899
1021.948
3412.695
-249.9531
-3437.641
-313.187
-491.2031
-30167.54
-4503.132
-1912.315
2451.335
-7772.795
1432.535
317.4045
553.3535
-1617.655
3454.723
1359.852
-3480.135
89.0426
-9379.255
209.0542
1034.202
1794.105
1299.674
-2072.453
1371.852
2253.021
2044.385
11944.8
-7523.046
377.547
1209.654
-27416.36
-10919.55
-412.492
-139.6358
-369.3808
-709.3497
1461.748
-2111.209
2608.539
1421.178
-12863.03
147.1623
947.1594
1774.603
1015.059
-2232.644
652.6527
10382.66
2331.096
1822.634
1374.648
2355.339
-238.6582
8329.973
5800.303
1430.751
1308.754
1744.53
8004.871
854.5879
1792.7
673.0998
-28.52984
4702.997
1865.426
1803.019
785.6107
1324.091
1880.204
1632.717
112.06
715.2119
374.9076
-3759.858
317.9084
1759.972
1998.356
-2195.319
422379.6
52147.8
8037.139
-481.6648
4866.668
3069.852
2914.581
-7526.015
100.1274
1629.313
4617.403
2248.47
1755.112
1460.461
1292.987
832.5738
1875.814
150.713
487.3689
2365.656
4111.276
2519.297
3296.341
1814.273
1973.993
1738.778
-1678.035
-1781.892
-2938.374
699.6307
1489.551
873.5022
1652.324
-60307.21
-7127.15
2123.738
2343.067
7425.881
1541.34
1568.42
1260.296
1149.762
2159.958
1079.875
454.6953
1591.133
680.7471
1719.897
2529.355
256.432
1733.866
2197.317
883.725
1560.654
988.3926
-1071.802
1771.458
139.2166
1162.585
1026.87
2623.344
-301.1471
42471.39
37809.69
6278.109
1661.203
2154.461
743.1158
3587.638
1109.75
5480.698
1494.255
9150.663
2454.527
2189.07
858.1778
582.9198
-46985.74
-11269.14
-4424.189
1346.503
950.388
307.4604
83.07816
931.703
73.22228
764.6352
328.6706
-1681.047
268.4688
234.2904
571.9296
876.254
-3640.762
2332.644
9198.696
-674.2258
4422.173
-262.8342
532.8586
1386.094
-15657.81
-995.3183
-11310.37
-1033.45
1948.636
-2824.71
576.4973
-229.1605
-1617.324
504.7626
15025.3
1711.021
995.4021
613.5008
1591.073
-1228.037
-1312.226
-68.69284
24098.94
2802.137
3638.664
-11420.5
-278.9209
-942.4602
-222.5635
-66677.09
-8290.602
-559.4977
-419.0754
269.2744
1492.798
1080.444
189.8702
2861.539
-297.6071
150.3811
315.8243
-10920.22
-15268.01
-2129.341
-93432.11
-10971.87
-889.6142
5248.903
5262.464
-255.2697
33670.71
3622.619
37.66442
1040.178
-1845.072
-1309.599
-2081.406
7330.486
896.2906
701.0856
-3207.973
528.0652
-1891.289
888.2353
-610.0117
2936.792
1800.462
52.525
-441.5093
-3323.124
1271.587
-1690.441
95.20657
-988.6126
-8941.859
-2081.265
-1579.088
511.5183
502.1758
-1513.484
-2235.378
-1388.555
-1432.715
-446.6236
614.524
-290.6714
-977.7841
-20890.42
-3682.547
-547.9781
-923.3671
-1384.083
-292.0087
-886.3446
-393.1778
-1584.759
-1272.165
-111.2633
-2291.691
-636.5387
4605.555
1393.354
1100.704
1120.773
2185.504
2325.907
646.2725
1066.288
241.252
2891.138
-173.7238
337.6331
-153.8188
-429.0928
-170.7705
-38.44984
-189.2412
857.5305
133.0546
501.1694
4226.82
270.1406
-283.5503
201.8628
194.8256
-1155.778
1251.705
-78745.45
-10446.97
-1901.59
0.5545062
690.847
287.1629
-1298.989
57.4807
1917.495
-373.0286
485.1871
1427.483
726.5802
1303.84
892.4257
2014.526
671.1835
-158.1394
-663.6119
4487.359
638.9909
-4235.824
-1453.566
-230.9462
931.1677
-251.2354
3854.291
-1934.854
-653.5686
7588.471
2090.682
253.7537
1086.48
923.2177
-1046.191
1214.554
902.9813
24008.56
3835.127
676.5167
2080.898
1515.233
443.6748
-26578.09
-1833.496
1509.018
-6430.084
-952.0465
1788.72
-645.818
1181.761
1395.561
2275.398
793.8641
1704.886
14375.83
-7986.062
161.3574
862.4531
-3338.755
737.2378
-294.4339
6748.883
1539.258
1362.147
-81.03095
759.3554
-319.2959
1109.114
169.5787
1874.943
1751.131
-325.8483
1401.671
1078.516
1588.912
-2793.102
633.2662
742.9278
1134.908
1627.675
1575.838
2244.451
718.5426
812.7812
769.8596
1873.298
2203.13
1254.444
-2539.971
3004.276
1307.998
2066.114
-22.60446
829.3422
2848.868
9930.902
2756.795
969.4877
2743.429
7910.444
1873.087
919.8982
7439.317
3457.879
-5332.569
-405.7257
1647.984
1961.833
2920.258
2916.399
5997.158
3231.408
-1899.904
811.8465
1771.019
560.0437
3106.578
1071.806
1501.823
856.4643
1408.307
2352.317
1458.008
1901.538
-213.7165
-2695.501
3846.806
402.2011
-1429.457
586.4927
1998.239
844.3278
1552.942
1816.31
2143.423
234.5803
986.4539
2051.456
2184.006
-1306.157
996.6287
1314.906
454.2722
8059.55
1710.854
2406.091
-2860.136
1595.194
3007.243
2625.169
1097.714
883.2277
694.7518
972.8989
7509.903
741.2781
344.5811
-1129.217
5492.64
1544.949
1306.018
885.161
3640.913
-984.2651
-2316.202
9889.792
1146.712
-227.381
1278.012
1160.4
-1601.263
-27.10937
1623.572
980.2114
-1704.817
1582.422
3527.204
485.2527
649.6352
1111.428
588.1301
577.7752
-27.55162
302.698
1074.106
1279.074
11388.23
1872.039
-9541.15
-3516.482
-20835.33
11852.09
2416.829
1536.527
2031.477
913.3158
1337.397
-336.4754
-1078.626
881.7018
1525.961
1030.927
247.4471
296.4665
936.8958
1804.116
524.7056
-2332.909
-102.2467
500.9355
881.0313
-822.4594
510.7545
89.30534
918.4595
22.83058
-1605.644
-153.5813
-13395.31
-1312.632
-6815.322
12005.85
1543.151
-224.5769
33.39038
1526.627
1574.671
-852.0788
236.0681
-547.1193
2865.66
799.9559
126.1162
132.9348
-412.4451
201.1502
1396.911
-1443.869
-540.7222
-8733.259
504.6104
1425.196
768.2748
139.8055
886.2005
203.1487
-315.6275
575.4011
-23.62234
-3723.471
16107.01
2232.352
-29.81844
406.058
-254.8411
1208.573
-49903.83
-6237.912
-838.6
3423.011
676.4031
391.1193
10.86
4665.05
-670.7052
-1053.3
-1133.916
-1430.102
-162.0103
-2304.552
-700.4768
-110.3718
-601.7247
1909.839
-55.69838
186.0182
17.92412
170.4168
-1250.051
-1630.982
1759.321
200.7131
-2116.072
3169.355
-414.8116
-1087.582
-527.7608
-62.8801
-1609.475
-2390.378
738.5485
4.218895
-34.09176
80.03258
62.84239
4632.556
-82920.72
-10461.28
-1546.502
-2928.927
-16055.46
-2582.754
294.3588
-270.5893
240.6578
-342.6033
340.2644
99.76307
2319.49
377.6268
-1341.041
2333.784
-5290.798
-2063.215
581.7379
-457.5125
276.3792
1439.915
730.3208
-108.4371
-7693.937
-1058.227
-125.4703
-190.5082
1310.757
559.6602
-791.7087
179.2363
2859.167
700.6939
-52803.29
-7532.304
-401.4929
-830.7506
663.0893
1237.382
404.4215
2356.003
1039.864
-1968.795
732.746
-89.32698
396.7163
-2678.892
303.8614
293.3845
954.1582
-125.1219
-259.7631
-137.649
-1203.91
304.9922
304.9213
556.3944
933.6076
5246.148
569.1447
-1761.169
593.4366
352.4604
-370.4197
2556.887
-7051.195
-143.644
920.9112
6519.976
1980.672
-365.6667
1521.774
787.3476
1382.019
1739.638
-1727.949
8103.759
1328.889
247.8389
2471.64
5428.032
2852.916
2600.234
1740.806
1349.874
-10419340
-1259170
-151490.8
-17009.43
-115.3583
-245.2032
6078.069
-3186.666
878.6935
1915.814
2246.889
307.6998
465.0485
1385.275
624.9319
1573.944
183.7553
2670.233
1796.588
1003.994
-2027.211
-953.1143
1369.624
-161.4525
1008.476
997.841
2153.23
1551.465
1152.733
912.7132
1380.011
5820.617
622.1621
1290.867
1283.085
482.7047
1481.827
1591.113
2575.463
2298.004
1596.419
1036.652
2837.413
572.0904
4625.478
-301.5382
1710.386
1844.346
1316.876
2715.992
1750.94
1321.154
1838.531
1445.665
-6298.325
1535.619
-408.5149
976.6952
-3086.432
1464.118
694.1915
310.5982
4036.083
1239.933
1285.011
-390.183
742.2327
1614.071
3998.24
7205.8
-189.0366
1419.345
2814.376
-822.1794
-5677.314
2616.619
1713.399
4037.904
3265.631
2277.349
819.5543
-3018.96
-530.0453
685.5834
3355.355
2102.298
-786.202
1246.751
835.5348
2347.048
-1493.16
1102.537
1618.245
9868.58
2864.925
1410.11
2280.583
1278.943
10213.54
-12916.39
1685.827
-535.0786
169.1423
1288.326
87.00127
2109.631
937.5778
7707.178
729.6388
7415.474
3210.945
-671.6268
-219.7046
-215.0899
220.4546
850.8008
-6192.038
1470.648
181.4588
1667.595
1781.419
4801.315
1898.287
-7894.221
545.5818
10467.51
2168.63
-19955.04
-2263.103
503.1398
1566.986
7521.288
5462.358
1764.048
1586.762
-7218.086
3058.627
1538.587
1484.704
808.4045
-887.446
1426.597
-3497.162
2285.69
807.2195
763.7738
1453.266
1560.725
-6968.439
-341.3412
927.7333
725.7164
555.1938
-74906.28
-8680.248
-471.8731
565.274
529.7837
1583.357
368.5076
-454.0918
935.5914
-770.3142
-584.3012
-548.3566
-649.1694
263.6393
-2529.707
16676.52
2943.031
11118.71
1470.745
363.2604
197.8005
455.4348
-7647.12
-820.7804
-998.7903
-263.9547
-370.5182
414.6993
-3695.241
-959.1914
-992.5152
2157.505
244.8885
-183.764
-164.4998
-136.0884
1670.113
-9168.05
2901.83
4190.074
295.4985
1187.278
1127.717
566.6096
364.028
743.5505
26256.47
3226.656
-117.0476
151.9605
-326.2064
725.3515
2073.072
-126.9561
-246.2756
22.37621
-172.5068
2941.83
216.7808
-692.4173
426.0798
-241.5626
416.02
1713.95
-1735.53
-3014.457
-229.3559
-402.3151
-247.6748
-666.1982
-2684.041
396.4043
2824.827
974.2783
1174.123
167.4555
-79.69725
77.37907
543.8285
1013.968
594.5582
191.788
530.9749
-113.166
-121.7653
-5625.568
17.20947
-851.579
-1102.797
-2878.444
-601.2678
-42.24765
-267.1786
4405.825
-3130.563
-584.0935
-4506.002
1079.277
119.4876
-14314.31
-2019.077
2217.882
865.9161
-510.2708
497.1453
-3278.576
2307.464
1779.982
1287.698
-4723.286
-1337.983
921.9484
318.6191
3779.776
-1872.934
2849.256
2713.867
295.3678
705.1527
-59.30404
1118.964
1326.265
-443.633
-35.36344
81116.74
10628.64
-12738.79
-1407.237
-3006.018
1760.963
1291.443
-350.9428
8508.27
34902.66
5231.845
6501.053
1307.424
414.7162
744.9151
621.0684
907.6512
45076.32
5868.74
22538.56
3489.718
2112.615
-22197.48
-709.7938
79.23279
1975.238
4999.446
1241.123
1017.539
4609.225
596.3187
723.1192
1961.059
-1202.92
413.4587
38.12798
2915.535
2880.745
499.1687
922.4329
-1190.778
2450.775
995.7732
17590.84
9317.371
5196.896
-5389.53
-1988.422
346.4731
-977.6841
2825.563
3139.803
1101.371
1250.078
2982.419
-56666.1
-5045.67
902.6
2323.588
-451.5122
4260.167
3357.654
382.7239
2059.91
2602.424
1436.761
-143.7518
2768.801
8488.754
2697.387
1871.103
1365.154
3013.67
-2759.698
3981.508
2796.831
719.3073
2747.889
4749.258
1777.596
1039.416
1234.55
181.0549
1290.921
2866.247
1499.43
1208.251
1296.804
2097.362
661.3448
1508.258
-2001.243
746.0208
83.85837
-1135.027
901.0569
691.5158
1642.384
1897.037
2016.254
61907.83
8440.449
673.8785
-163.6053
1565.819
2621.524
11261.6
2849.89
889.828
644.7156
2377.157
3952.253
1781.797
2603.635
8685.258
1481.213
2330.53
1340.08
-8632.171
867.4302
1844.445
2389.656
8637.853
2711.631
1551.398
-4926.757
1026.534
649.0199
2632.766
2902.854
2772.767
2437.624
1069.086
1413.474
2757.506
1990.652
-4324.049
1376.646
184.1449
1595.017
1673.6
2882.786
1371.5
1262.692
9730.211
1793.741
1868.018
2395.74
-4115.919
2741.344
2996.707
1595.023
3129.926
2200.324
3089.465
810.5656
-2575.37
1105.656
504.5441
2610.02
1601.381
3540.041
1245.453
2175.047
1681.761
1540.612
758.0414
1516.319
1547.319
497.6015
447.9786
-1761.53
-252.8706
1658.512
-413.8147
-8495.131
-420.8808
1960.98
2398.446
1186.462
1593.701
537.2911
955.8574
4090.759
2664.83
2425.361
2011.036
-21.34446
4470.011
551.7613
436.7167
-767.0328
-101.8841
14283.52
2745.463
-9468.636
-365.1792
-161.5688
-1247.456
-6170.184
24833.94
4300.995
20.44433
131.0599
6967.202
-3033.238
23.94039
689.7677
167.6677
1642.48
783.7714
-2773.297
-2994.165
19293.86
3344.99
2731.79
2535.381
780.0684
658.376
1641.197
2802.495
1194.391
522.1347
1580.432
-111.1843
-1618.484
482.2471
500.5694
117.4435
-1643.175
81.53516
1607.792
9824.614
1330.774
213.4561
6950.491
3073.966
407.0492
-692.7102
9.944941
1860.309
-129.9429
974.0257
-2016.642
-1212.209
221.5267
760.1969
3552.449
-3741.096
-147.3739
-88.50834
453.9059
-660.7168
1108.36
-414.5622
-1051.581
-758.5078
372.5966
-5747.149
-1777.237
316.9574
801.1814
680.4947
-90.3022
1498.778
1079.343
435.1911
1533.656
1608.865
-35.6207
219.1146
462.3367
2902.795
767.7857
144.8709
-559.8492
-971.4349
-2655.389
-1001.858
798.3707
4316.239
13614.19
1723.698
-829.3757
306.075
-271.0133
-2818.058
5808.635
1224.98
872.1723
2609.754
3875.52
1448.75
163.536
-2399.726
-225.0917
-1370.644
7501.776
2005.865
683.7214
4353.293
-24123.42
9152.21
6614.678
1649.268
-192.9599
1330.661
595.8357
-2457.641
468.6158
176.1074
-1706.91
142.9345
1066.886
251.0887
-143.6288
483.822
2158.438
-1240.536
170.2714
758.6594
6779.725
894.5664
1332.569
-1874.321
-1711.112
865.2291
-42.42669
414.0798
-183.4506
-4210.67
-899.7612
-508.5946
1453.427
1432.671
944.5961
1038.147
1188.545
1853.012
1222.024
226.9281
1449.901
1490.828
1510.006
1042.708
-3148.381
909.5905
1136.04
-2680.086
-3.790875
7102.384
3396.554
2515.741
1786.946
3334.2
917.8073
-5678.723
3215.056
6306.774
-425.8311
2306.483
1768.782
-4807.985
1052.033
-264.0943
5843.92
2551.892
2227.469
2149.096
3002.003
-3281.482
1818.642
1161.082
1391.79
1562.039
2240.719
2284.231
1512.774
1777.244
1431.885
11337.33
1788.355
1466.908
2142.448
991.7112
1286.722
661.3406
5825.288
1408.663
2936.522
705.9609
1519.79
1280.302
1226.776
42265.92
37772.05
6217.891
869.7745
1802.926
-1844.682
672.2778
10073.46
1890.162
5170.738
2448.719
2280.214
21.83225
3406.04
2251.537
1536.489
733.6288
-2502.733
684.3104
1610.55
1369.398
3000.275
-531.8099
2105.089
1654.892
1501.589
3291.492
2081.74
1186.86
2088.01
2522.169
1594.391
2142.505
188.7035
3783.078
3222.369
3147.66
1246.927
2245.641
5583.574
-491.6489
-85472.11
-7086.695
153.0819
-120.8687
22352
6827.332
1687.355
2522.809
1050.436
1296.986
1897.654
5300.711
1847.435
2655.027
3045.325
2798.168
1114.054
1844.591
2110.511
2296.85
9208.769
2928.88
1085.198
2698.52
1453.902
1916.575
-1141.92
815.2168
3126.999
3295.129
3692.244
1633.116
4235.014
2089.112
2149.925
826.2089
1373.139
860.8135
-3540.107
1024.079
116275
15511.99
-10728.5
-118.0974
2275.482
-1540.08
591.801
1893.429
410.213
4263.03
524.6522
1048.57
283.2953
2437.744
1085.785
1335.512
-17091.89
-1190.089
1664.196
287.885
-1624.501
-41.30218
1679.433
2387.705
-4122.872
726.0933
1326.695
3652.361
983.1802
33171.7
4497.79
