1497.023
1204.778
1914.607
1098.032
264.188
961.0544
1759.613
849.0302
-2156.398
-337.5077
-1499.028
852.7087
532.6502
333.83
350.6353
-445.1704
-1139.006
1060.51
1187.103
247.1607
-3747.121
-1351.185
-949.7055
-320.356
-969.7421
-109.5242
41.80015
1724.771
15235.62
6219.004
1702.244
914.0854
5312.012
1865.698
801.5117
4779.473
2999.897
3041.599
1239.457
1272.426
841.6034
6569.535
853.9881
1937.245
2846.808
1424.88
630.8048
-2032.514
861.6443
1732.08
47978.29
20467.49
10010.56
4831.729
-499.7251
-1595.762
483.0682
388.2574
3316.014
901.9747
12047.89
4690.161
-5307.368
-1679.996
-999.5662
-946.5118
-762.2637
-1209.212
948.3807
2532.199
81.66512
3310.213
12202.93
9772.915
3803.556
2436.09
1166.777
-124982.3
-50043
-20484.97
-7902.512
-1752.727
805.8168
1442.768
711.407
1337.085
845.3501
5152.709
2158.8
2553.89
1311.078
1684.001
536.5841
213.9742
-7248.843
-2615.711
-664.6771
399.1059
3.539343
20972.6
9244.741
3355.831
1533.789
-1002.843
679.771
550.1442
-5005.297
-2251.921
-916.1055
657.3784
1285.53
2687.831
-691.3552
1553.688
12524.83
5811.832
4854.807
1877.16
1023.809
1375.41
1754.235
625.2469
1067.731
1905.895
1814.861
1360.726
1686.58
3297.065
2995.902
1528.25
-4666.355
1801.93
1443.381
-870.9654
12.33856
1572.62
993.7449
-432.4353
201487.8
80280.7
38258.47
14307.15
-2081.17
-610.8096
320.068
-542.1545
-1155.517
-393.9993
-676.2356
210.6462
-262.6756
2926.159
-1628.797
-11257.94
-1128.378
-9601.009
-5688.981
-2646.128
-995.4712
417.8624
-453.5698
1084.042
5416.7
-1433733
-574778.5
-230119
-91895.47
-36587.57
-14433.1
-10027.78
-4037.612
180.3578
1208.868
1461.649
1059.513
-6655.203
-3286.412
-1531.578
2487.554
2145.758
977.112
102.3835
-1185.345
-41.44403
385.7573
14136.49
5935.962
21221.33
-9068.861
757.4557
555.8185
-8753.773
-1454.103
-2792.687
-384.4823
305.1604
360.0074
-2670.798
-496.5359
117.0067
-20597.56
-8282.478
-3425.09
-1151.815
290.2695
498.5666
-76.64708
-442.3859
556.9361
2976.267
1629.722
-3299.245
-1756.63
-634.1372
83.08159
-5649.259
-357.6812
-518.1093
1940.621
-10697.26
-5844.444
-4360.664
-8143.359
-3706.544
-402.5401
-276.7062
-6667.942
-1613.66
315.2325
-67232.07
-25785.28
-9825.175
-3707.825
-4770.512
-1242.525
-3347.414
-1160.908
7187.5
1523.693
2152.748
731.2766
1033.167
1020.592
643.8095
309.6313
2235.411
1981.699
-162.5518
609.9317
-438.7369
559.3751
958.3534
626.8423
-568.9255
-600.0843
-1898.175
-1151.093
-3689.638
-1365.203
-2533.448
-1059.537
-3764.66
-1868.69
-1127.81
-724.2071
14003.22
1926.989
3223.093
46889.55
18577.43
15164.67
6431.493
532.9561
1236.416
-1283.822
-157.7397
144.8148
-546.4138
380.7517
-1513.493
-598.8797
371.68
-223.6055
-2790.75
-1562.204
660.8161
-583.5678
-648.3708
-439.9886
-1226.57
-1398.642
-2458.32
-1348.323
-1001.384
-1396.575
-962.7154
-327.0378
824.9003
-77.39592
-457.9914
5765.266
1833.595
1779.85
583.0664
3357.432
2869.532
525.8214
-190.7498
-68.54467
-389.2089
-5184.234
-7132.354
-2067.242
-772.4964
647.7555
559.8463
-635.58
-140.0296
-959.8279
-1459.191
-1123.674
1330.925
-26056
-11226.11
-4594.132
-2201.225
-5252.718
-1653.654
-1942.531
-1197.208
-1069.168
-1872.439
-1561.613
868.1951
380.3059
506.5202
-867.3271
1498.081
-1269.975
-3841.984
-904.1491
-579.5023
-503.568
-1271.554
-1176.734
458.0763
-731.8331
-267.1141
-1578.333
-2010.2
-1741.346
558.9971
-322.4392
-1353.498
-51266.49
-17948.77
-9893.542
-5238.742
-3648.372
-5977.908
-2053.541
74584.87
29054.7
11186.63
2867.9
5419.448
3440.103
589.4795
372.1705
-362.4568
-3077.228
-1650.489
-141.2136
-743.7184
-1943.981
-8476.803
-4969.106
-3974.83
-4255.728
-2751.609
5413.874
1538.246
-74.47525
629.5153
-425.2811
1021.881
-153.017
-1761.812
-2542.694
-2898.876
-1216.07
-1003.214
-6818.475
-2717.364
10107.7
6846.016
4494.312
1141.675
-2061.41
-1863.469
-1587.512
-561.9334
-802.0758
-1974.3
-4955.165
-5564.648
-3957.28
-2086.302
-2382.059
-5221.75
-1999.499
-1193.271
-1086.314
-1118.796
-13284.9
-6655.948
-3752.721
-2649.057
-2755.306
861.4652
-604.0845
-2550.588
-1863.919
-1795.486
16404.32
-5175.934
-1391.224
-1759.579
-4976.615
-2832.248
-121.706
65.0289
-268.3465
-10907.16
8598.197
2687.222
886.4308
-98.87976
-3675.176
-3445.82
-2420.863
-1388.226
-1372.822
-1466.631
-1216.557
-503.281
4245.096
-3031.514
-2169.743
-791.4329
-1109.195
-3222.868
-1862.748
-1763.554
-1605.689
-2081.302
-2237.337
-8690.124
-4999.825
-3011.293
-1351.767
383.0924
-778.4856
-6002.222
-4483.713
-2346.933
-4724.554
24237.9
9039.778
2528.311
886.2953
155.6547
-983.3884
-217.5091
8361.259
3426.835
3.220979
-2535.594
8224.771
1913.713
728.6662
195.0655
-868499.2
-348463.5
-138111.9
-56284.15
-23451.67
-13568.64
-6194.847
-3858.327
-1579.844
2262.844
2788.39
-610.3994
-4382.302
-8263.188
-5993.902
5767.19
1841.749
200.3184
-447.237
-1208.688
-1595.748
-6693.613
-2899.973
-1149.837
-845.795
-3067.906
-5743.356
-2356.97
-2238.362
-1373.582
-2572.325
-1041.641
-1520.533
7005.427
1899.72
-8120.336
-3769.913
-3072.652
-1841.075
-1871.833
1912.956
848.3075
37640.83
12913.84
4305.153
-323.1869
-576.2015
-2286.662
3296.633
498.3453
549.754
-8642.758
-10045.18
-5150.177
-4603.499
-4376.896
-2341.606
-1951.212
-1514.965
-3764.837
11343.97
3849.412
2645.862
460.6668
-17586.87
-6698.193
-3684.785
2998.305
436.9109
21341.66
6615.941
148.9445
-134.979
-7674.287
-4296.993
-8186.456
-2178.502
-1534.437
12391.59
4033.827
809.7002
406.7697
-1241.425
-1730.923
-344.783
-2642.367
-2452.005
-8917.781
4071.941
571.5011
-2973.962
-3365.043
-1087.662
660.7072
1157.719
-413.1011
587.2028
191.6254
-1532.983
2282.83
619.2514
-1718.841
-410.74
-1287.053
-1729.136
-1466.019
1943.589
179.1482
-3440.676
-2717.344
-1935.645
-990.3421
-2940.323
377.4912
-15158.07
-6787.392
-2649.393
-2508.838
-1966.34
-2630.967
-2556.587
-1979.756
-1939.036
-727.751
-1067.712
-964.6323
-1299.031
-1362.967
-2596.981
1717.685
835.7221
-403.8545
-419.6507
669.3577
-284.1021
-578.4283
-3832.405
-2425.801
419.0464
-964.2159
-127.179
-1422.321
4951.354
604.0079
-3049.651
-909.0215
-220.8995
-299.6363
-958.4512
-1222.483
259.3296
161.5889
-458.2911
-1165.699
-2564.052
2432.265
428.1607
-1349.982
1752.63
-436.8091
185.7931
-566.9638
1532.774
-202.7941
-223.2934
-194.2016
-711.6977
-1017.569
249.2229
800.9491
2918.627
996.202
368.0902
-921.4894
-655.2543
-1083.823
-576.3738
9471.773
6882.117
1457.258
593.6023
-533.4641
-653.1226
-2770.226
-4580.706
-1274.64
-2143.454
84.81239
-920.7646
-817.9559
-8300.254
-5806.345
-4541.253
-1512.844
-5925.016
-15066.5
-5512.801
-3099.592
8875.273
3512.177
85.76063
319.6632
-1976.949
-2309.46
2014.186
687.253
-66.92211
-8972.168
-6706.864
-3124.556
-1899.666
-1719.056
-7098.456
-3433.842
-2779.322
-1749.017
1516.652
529.8403
122.1326
-3486.358
-1426.737
2573.703
-358.3698
1211.282
1019.733
204.3887
-656.3107
-8319.906
-3784.51
384.2208
3493.769
1418.421
600.8943
-493.281
-7.631496
2122.544
-151.4336
-1539.07
-2057.918
-1566.73
23429.89
8825.52
3614.171
-128.2332
-63.55715
-584.9686
1861.862
621.2306
-277.4455
-995.2425
-1915.258
1124.123
-3309.278
-3961.682
-427.762
-369.9482
28.92553
-794.9788
-2033.681
-1478.787
13823.49
5439.138
1554.531
-485.6532
-977.9487
-952.3133
-220.0704
1629.549
8871.388
4368.941
1626.922
1905.515
539.5146
-466.843
-6960.966
-6028.662
-4956.21
-2105.4
-1790.801
-191.8925
4178.331
520.7705
360.234
965.0515
1915.99
-3223.374
-1606.706
-954.9163
-1032.518
-877.1605
2216.528
1556.552
265.1698
1632.779
200.9988
-1422.666
-715.7556
5365.465
1761.529
-1202.84
-574.9449
689.2609
-432.9718
-220.6368
3048.627
1405.031
283.1287
-2813.287
-495.6116
2075.566
5049.84
1402.04
-158.5108
-1774.247
326.9116
67549.47
27181.92
8889.771
4121.252
-642.7617
-765.7028
-413.3273
586.659
-1443.418
-845.579
-0.571987
-1821.003
-1258.812
-1348.374
-2218.67
-345.473
3241.036
1530.575
726.1223
998.7017
26.19122
-828.5081
-23.82335
-157.2086
408.108
543.0937
-5364.164
-2955.686
748.362
1419.796
-1345.255
-104.3754
-100.0703
146.3093
-3129.549
-1620.597
-3059.459
-1869.219
-803.7499
-1341.916
25.04539
-149.0846
-1851.938
-583.4642
-10774.35
-5336.669
-3277.174
-1982.727
-2372.88
542.6211
220.5535
3851.255
2040.828
-1999.123
-2436.295
-822.466
-102.5009
-3901.158
-4613.771
685.9166
2905.39
4077.289
-788.8912
-568.6705
-424.9644
9813.627
3107.636
757.469
40.15805
6549.534
3969.546
1153.929
-68.8011
267.8871
-350.0136
838.5443
341.5136
-545.9854
-2537.139
-2333.562
-1582.979
-931.6846
-2668.398
-799.6354
-853.0198
-16558.03
-6956.19
-26372.26
-15201.85
-6705.559
-50521.4
-16676.61
-7300.094
-3909.27
-1440.111
-2215.464
-1333.377
-624.0088
348.3268
-1539.113
-2867.65
-361.1543
-433.0264
10958.03
2753.195
703.9312
601.429
3596.154
-3008.244
-2498.484
1473.673
227.9751
-415.8202
2748.823
699.1175
-1641.076
-769.9021
-917.2505
-3729.892
-1048.754
-948.1896
-1107.296
-4210.461
-965.3984
-1082.078
-158.3128
-584.3033
2307.503
688.9323
857.3122
-364.0646
-842.2788
-3007.002
-1517.249
-409.0835
-14880.01
-6092.19
-2661.924
-1376.15
2864.01
2318.928
156.4476
1834.418
1470.916
-737.0451
-5486.395
-3415.604
-1539.994
-892.9475
-1161.659
-427.1554
-1396.14
-1095.024
-317.9338
-22134.42
-9076.511
-5175.161
-1880.077
-2402.216
-361.8029
-694.1615
-1375.571
-52998.09
-19437.42
-8071.208
-3871.715
-1078.769
-2552.91
-2570.795
-2529.755
-440.2211
-715.5782
-413.2672
4977.003
1761.394
-1815
-1127.551
-2669.42
1665.034
1439.132
-3164.067
-1781.919
-13200.12
-5899.219
-4487.799
-2674.703
-2.039423
-2262.482
-3083.912
483.6364
-955.9864
-1428.658
-1527.543
-4238.701
-9201.518
-8685.346
-3150.134
-1826.869
-1513.542
-1225.695
-1681.999
-634.5575
-2435.238
-1231.124
-791.826
-11788.55
-1847.672
-1639.093
-1742.374
-2103.261
152354.2
58119.64
23807.69
33793.54
11209.71
3716.999
-285.3696
-1689.001
-395787.1
-156230
-64098.73
-26202.03
-12044.23
-4961.647
-3421.658
-3265.17
-1490.052
-1581.954
-379.156
-1658.82
-12071.99
-5783.499
-2262.88
-2138.485
-1384.398
-2463.464
-1963.716
3751.778
845.951
677.3016
1818.74
736.3422
-716.1645
1291.953
-385.4468
-1405.276
-1423.753
-778.9173
-1371.003
13361.36
4238.157
570.7809
-1380.774
-2657.787
-3182.933
-5758.77
-4116.963
5430.591
657.6543
974.818
-1180.964
-881.4282
-1840.521
-1978.599
-2694.795
-3797.439
-1959.333
-8248.474
-4329.293
-338.2468
-2304.198
-2587.226
-203.0272
-1349.385
-1182.759
-1841.066
-2610.182
2863.608
3182.158
-8.460078
-1357.272
-1418.294
-4654.617
-4656.723
-3199.541
1504.366
-12180.26
-18579.93
-8803.253
-5183.323
-3051.569
-2435.099
12218.38
4382.374
-784.6938
-2270.698
-19633.69
-11595.76
-4736.705
-4072.867
-2674.055
-1791.692
-2989.928
-3046.566
-2912.743
-3287.465
-2870.92
-3934.131
-3735.916
-2187.972
-2813.625
-3281.134
-2810.039
-2059.919
-2190.528
-1663.24
-9080.591
-4755.788
-2381.98
575.6577
-866.3595
-1246.915
-2683.942
-1998.374
303.2776
-1551.403
-2194.715
-2549.293
-3881.979
-2740.633
-2171.772
-5385.481
-4230.999
-7257.901
3971.347
776.4136
-5710.44
-1944.992
-2393.437
-2621.855
-1960.611
-2308.896
-1636.418
-3406.162
-4191.478
-3261.592
-995.31
-1395.837
-2025.498
6364.105
1587.833
-718.7696
-885.7605
2207.015
-17187.48
-5173.866
-3194.743
-3148.747
-3268.877
-2984.766
-3606.839
51086.17
18067.99
10261.42
3289.305
6068.402
2188.294
-301.6415
-1974.041
-2313.153
-2052.9
-1879.52
532.5875
-1214.697
-1818.949
21672.58
7551.792
1487.248
-1288.754
-2046.762
-1460.698
586.5783
-2299.048
-3217.648
-2514.759
-3653.269
-3325.098
-3855.474
-6689.533
-4960.272
-3102.817
-2855.45
-3564.366
-3976.297
12981.88
5026.449
-23.01783
2472.608
-1304.679
-4694.966
-3469.973
-4431.817
-1710.264
-2285.808
-1197.606
-2464.929
-1321.792
-1324.154
1039.412
-1982.613
-3496.488
-1674.654
-1266.004
-1217.841
-319.8179
419.2623
-2150.755
-7944.812
-5552.963
-10337.63
-5329.164
-3376.59
-3624.844
-4068.696
-7157.613
-5533.925
-3882.954
-3564.864
-4970.241
-4503.898
-5697.169
-1861.412
798.7396
-2178.389
-4818.06
-11837.5
-5015.847
-3819.246
-3240.578
-2690.451
-2362.175
-2476.95
-3330.26
-2843.707
-14625.72
-10436.07
-5567.958
-2273.673
-2091.967
-530.5636
-1217.606
-1741.474
-3554.164
-3529.345
-4110.597
-3979.715
-3848.487
-3615
-5439.657
-2159.51
-3965.236
-3744.202
-3420.046
-1406.021
-2185.1
-170.7804
-1639.504
-2168.102
-11469.11
-6571.296
-4135.661
-899.1993
98.66612
-1363.235
-2020.307
-1826.041
-2612.609
2301.556
426.8403
973.7279
-2078.623
-2528.135
197.6898
-1829.991
-1675.33
-2051.482
-498.8779
-2190.068
6962.362
-853.1524
-172638
-65142.67
-26907.58
-18209.37
-10670.55
-5975.852
-4404.546
-4683.406
552.7926
-3360.79
-2609.445
-2515.899
6588.545
-1023.86
-2065.512
-3349.022
-2360.028
-2691.61
-2669.786
-3998.535
-2825.114
-3413.026
28715.7
9252.375
3224.812
343.9456
891.6309
-1409.427
-2272.984
-2903.945
-2501.975
-1562.256
-2432.561
1744.678
-628.4547
-2681.368
-1027.335
-2356.583
-1297.055
-2318.423
-1512.989
-2112.256
-3208.181
-2259.688
-1860.103
-3218.229
3336.159
843.0189
146.9227
-2098.623
-2320.971
-2733.11
-2135.326
-1777.805
-3359.572
-486.9872
558.8023
43.64217
-10683.9
-6209.771
-1690.823
-27675.76
-13080.79
-11116.06
-15060.43
-3769.283
3312.567
-6467.698
-549.5143
-2841.706
-2601.837
-2660.73
-2138.499
-830.8233
-1726.193
-1525.4
-412.5729
-1063.116
-1764.865
882.9321
-1854.224
-8104.891
-4541.097
-4633.807
141201.9
54622.3
55080.02
19099.86
8515.965
3071.293
-6595.912
-4577.918
-2651.051
-1662.284
886.1073
-1297.565
-1684.27
2144.983
499.8874
-830.2093
-1685.847
-2633.173
-11.92623
1685.806
528.6633
1475.115
596.6597
-5541.927
-5072.919
-3796.363
-3490.937
-2206.459
-6840.504
99425.85
38473.05
16088.43
5198.353
1574.964
4940.816
-832.6604
-1230.099
-1434.907
-3185.314
-4212.212
-2796.046
-1846.874
-2862.686
-3831.95
1091.215
-79.30503
-1273.721
-1768.79
-1375.539
-7727.325
-4793.779
-2795.519
-2140.513
-2752.875
-1709.24
-1649.246
-951.2103
718275.8
286633.5
114789.6
45530.54
17687.62
6106.967
3084.238
-2731.457
-2106.741
-1512.213
-3666.915
-3540.981
-3482.368
-1967.2
-5963.267
-3575.36
4644.694
451.8251
828.5362
983.1491
-1180.227
-1668.445
-1435.347
-1186.78
-1337.94
-1362.247
-1068.621
-915.3694
-1635.704
-28785.56
-13776.97
-1912.685
-3220.536
-3686.178
-2717.588
-936.2727
-4380.019
-2559.623
-1235.974
-1818.463
-1458.446
-1499.564
-1757.251
-2002.832
-2308.183
-1920.644
-563.6904
-645.5637
-1456.427
-1096.454
-1423.96
-2886.685
-958.4647
-1770.2
-5415.747
443.5592
-1805.813
-942.7731
393.9395
-552.6909
-2118.086
-2186.794
-2242.243
-1576.093
5756.096
729.2866
-544.859
1932.715
-909.8582
-807.7416
-1357.052
-1413.309
6602.669
5174.252
1609.17
-566.8323
-4848.256
-6803.492
-4011.164
-2536.28
-2847.786
-2276.118
-4007.973
-778.957
-171904.3
-68088.69
-27883.7
-12364.51
-6644.916
-3079.5
-780.5094
-1207.336
401.8756
-1684.436
1699.686
-161.9105
-3180.658
-4205.24
-3781.409
-3226.541
-774.7285
-793.9086
-7265.365
-2517.725
-2017.621
-559.679
-1092.324
-1778.916
-1430.986
-1770.459
-707.5563
2147.172
-397.6989
-1462.135
-1630.547
-3009.939
-2449.677
-1221.617
-2447.578
-1311.658
-1547.284
-72.98447
-825.235
-675.5783
2578.248
-1011.577
3023.598
-334.9242
-1389.576
-1628.487
-1419.559
-1191.211
-1852.169
-959.4751
-705.6245
243.0505
-407.3053
-1109.356
-236.3388
5190.637
1179.66
87.64873
-1155.175
-453.636
-13028.16
-6415.97
-6294.22
-3101.653
-1760.604
-2818.703
2514.426
-884.7641
-4091.511
-2993.699
-3222.284
-1286.382
-1523.549
-1822.472
-1924.989
880.4113
-514.0123
513.7315
278.8775
473.9701
3787.361
819.9199
-245.3537
-817.6088
-1794.667
-1574.968
-825.4704
-2414.629
-2603.758
-857.275
-2847.38
-2389.129
-1523.979
-3226.904
-6521.143
-3237.415
2102.374
-203.9581
-3164.92
-4976.96
-2290.009
-2429.378
-2657.061
-3523.041
-3809.709
-3948.471
-2193.887
-2048.931
-1526.696
-2014.728
-1627.696
-1472.936
-2520.775
-2401.735
-1932.504
-2217.117
-2393.877
-630.287
-2352.792
-8910.571
-3575.821
1275.056
-1282.068
-1758.138
-273.4259
-242.3122
-1460.557
-684.7839
-4484.353
-3006.452
-4103.888
-763.9754
-995.5024
-553.6352
-1223.576
-5866.341
-3725.938
-2502.561
-1704.06
522.605
3131.793
569.9085
-1299.649
-1199.161
-649.3659
-2607.788
-2279.902
-1389.353
-2172.566
-1653.665
-539.9541
-1894.378
6508.427
-361.2922
-1531.044
-2562.352
-2032.906
-850.0708
3876.438
7396.411
2197.752
-2396.115
-1907.588
-2484.005
677.1258
-1672.645
-1944.196
-2047.061
-2392.86
-3370.881
-2760.869
-1768.104
-200.1954
-836.8443
7302.664
2339.128
-185.2512
-474.5903
706.2221
-12197.89
-4681.789
-2922.548
-2392.898
1017.666
-457.2669
-3806.96
123.7804
-1108.542
-2290.396
-2313.198
-3993.021
-3049.354
-3998.755
-5849.249
-4692.953
-3329.975
-2213.191
-6284.464
-3007.458
744.5296
5181.291
2243.375
-441.5078
-1674.946
2884.123
-740.0764
-340.3499
-897.7902
-1634.271
-817.3497
-1368.644
-2501.922
-2963.231
-1916.804
-4218.541
-2112.727
-2827.211
-1947.869
-3836.282
-3810.955
-3095.597
-2199.258
-1421.976
-1281.387
-2301.193
-4681.403
-8734.156
-6515.942
-2280.282
-2820.061
-4467.667
-3496.934
-3050.801
-4189.943
-2144.293
557.3639
-540.2092
-680.1888
-3562.715
-2731.157
-3116.952
-7019.897
-5615.195
-3855.281
-6706.609
-5082.928
-2335.537
-289.9749
-5465.911
-3649.227
-2420.414
-869.7736
-2338.966
-2157.045
-2136.147
-1647.181
-3427.439
-2655.368
-4356.954
-2572.381
-4991.638
-3884.814
-2928.428
-3662.659
-2365.01
-3998.424
-3150.273
-3758.528
-3464.544
-4969.901
-3716.532
-3221.616
-3635.746
-2481.174
-2736.653
-3245.022
-3242.788
-2455.929
-6354.763
8952.049
2270.756
-1206.771
-3961.924
8353.369
2164.113
-359.6684
1971.123
-4138.74
-3531.4
-4100.359
-4551.573
-3356.742
-6252.369
-6249.806
-5365.062
-18121.73
-6981.341
-5401.31
-3489.346
-3813.652
-2735.792
-4590.825
-1399.538
-2591.505
-4534.114
-6503.508
-5181.578
-384891.2
-155535.2
-63599.07
-26005.8
-10589.93
-5393.012
-6090.304
-5827.395
-1788.765
-2425.38
-2845.516
-2369.594
-3663.552
-4025.305
-3841.169
-2950.215
-3259.346
-3154.571
-3438.812
-2851.731
-2304.744
-7879.656
-5686.328
-3829.179
-5201.424
-4623.818
-3591.701
-3829.509
-5238.047
-5541.852
-4797.648
-1218.492
-4123.394
-3964.224
-2989.632
-3190.765
13274.31
4589.67
-1172.379
-2633.688
-3832.844
-3684.103
-3571.623
-2389.94
-5222.628
-3929.36
-156.6256
-2782.239
-2868.224
-2117.259
-2911.237
-2714.597
1851.64
-1499.234
-3224.858
-3376.6
-3653.306
-3366.568
-3099.645
-168592.8
-70821.48
-31112.32
-21155.67
-10259.86
-7128.131
-20879.69
-10470.48
5532.095
13597.12
3309.81
-987.4173
-2900.255
-3635.848
-2699.084
-501.4805
2265.495
-1325.567
-6224.157
-4948.69
-2801.406
-3322.239
-3321.634
-4315.155
-4705.885
-3745.943
-1074.017
-2906.673
-3251.242
-4323.005
-3942.184
-6993.693
-4566.28
-4878.706
-4613.616
-5325.182
-8015.982
-3580.887
-4617.308
-2704.457
-3493.848
-3501.698
-4988.68
-2235.683
-4049.684
2027.042
-1287.314
-2241.112
-137.8879
-2572.341
-3894.905
-3296.27
-4257.571
-5442.158
-4307.194
303314.5
119210.6
45860.59
18451.19
11167.16
-1136.828
-6279.249
-4510.458
-6121.296
-4497.543
-7105.133
-7081.357
28615.65
8996.269
6227.226
-748.1308
-821.8791
-1879.494
-3890.198
-4544.535
-11656.73
-7010.119
-5107.585
818.0263
-5941.574
-6279.241
-5327.929
-3161.703
-3124.227
-3867.476
-4978.793
-5020.044
-982.1096
-14584.45
-7587.146
-4615.395
-4406.877
-3596.144
-4440.62
-4669.106
-2657.4
-3710.55
-4509.126
-6955.717
-4410.805
-4934.609
-4105.073
-3622.828
-5198.041
-4798.285
-3530.828
-4583.154
-5175.113
-5935.445
-4640.55
-1525.977
-2736.062
-4481.337
-3837.873
-2347.415
-3527.908
-3050.111
-4630.108
-3678.824
-4627.47
-4530.741
-3529.281
-3517.554
-18325.74
-10198.34
-6401.598
-2183.298
-2771.825
-5012.615
-14146.56
-18868.78
-7134.313
-4874.596
-5279.868
-4170.559
-3279.301
-3444.7
-4317.891
-4093.824
-3798.433
-5046.072
-12866.9
-8386.949
-7538.802
-5098.844
2860.316
141.0973
-1446.111
-3011.007
-7999.516
-4959.707
-3604.086
-3854.763
-4534.611
-3972.404
-10922.55
-5158.173
-3113.025
-2903.59
-4012.022
-4352.469
-1913.621
-2766.806
-2582.16
-2914.719
-7040.954
-5610.517
-3349.807
-2609.035
-3461.674
-3918.898
-5051.994
-6786.296
-1940.866
311356.3
123814.1
48089.25
18977.04
4691.829
-6474.377
-5471.248
-4868.183
-5268.324
-4924.529
-5178.838
-3884.505
-4262.931
-4111.869
-3283.671
-5758.934
-3444.873
-3470.803
-10290.27
-10518.12
-6178.725
-7407.431
-4365.589
-3829.04
-64010.95
-28659.13
-21075.76
-8939.096
-7781.739
-3947.104
-6000.893
-4278.98
-4583.233
-3710.064
-3143.988
-3817.547
-3080.564
-3267.706
-1223.668
-3110.512
-3337.749
-4062.927
-2602.721
-6450.053
-5104.835
-4573.463
-5426.778
-4059.382
-7745.421
-5683.805
-5759.464
-5521.017
-4600.176
-1153.191
-2281.443
-945.6157
-3.376617
-1275.404
-3112.759
-1541.734
-1433.804
-3211.326
-2314.903
-2748.005
-4279.511
-4255.416
-4505.799
-3251.667
-2468.266
-2371.818
-2597.953
-3864.04
-3581.61
-3329.965
-2509.458
-6328.472
-7093.535
-4815.116
-3609.752
-6247.215
-4733.071
-2990.287
-2567.25
-5435.215
-4954.377
693.7025
-2609.937
-2468.625
-589.3477
855.9322
-1175.361
-1218.577
-10631.23
-5913.103
-3976.919
-3524.436
-7069.151
-3607.709
-4730.378
-4333.76
6488.072
621.0112
-526.0202
2654.025
6379.034
994.5146
-6937.498
-4266.55
-2939.75
-2503.763
-1913.185
-5050.422
-4116.773
-8413.447
-6485.624
23695.09
7466.424
688.1286
-2622.848
-2845.7
-2645.111
-4449.786
-4292.438
-18756.33
-16858.63
-9746.416
-5378.936
-7267.75
-4786.284
13217.22
3532.363
-196.4638
-2289.216
565.6016
3208.727
-3987.398
-3930.53
-3834.026
-9353.683
-6045.932
-4366.772
-3174.688
-1715.407
-2654.961
-3577.422
-3042.474
-3636.223
-699.0928
-4323.048
-2196.661
-2052.816
-4364.719
-2555.565
-3095.713
-2532.675
-582.3776
-1243.732
34831.73
29273.74
8504.559
-3522.389
-3133.025
10889.81
2591.75
-40.14651
2423.143
-1079.89
-740.2309
-789.8528
-4265.009
-3337.97
-2397.073
-2192.329
-2634.019
-2145.753
-7331.408
-5566.436
-2261.056
-2312.751
-1731.234
1930.765
-553.7633
-397.2829
-2698.816
-2578.165
-3023.625
3113.974
-218.3262
-2283.183
-3209.059
-3419.448
-675.9933
-2816.081
8730.785
2953.512
-220.8904
-1899.943
-2612.172
-2087.259
-2027.681
-2051.462
-5464.817
-3694.492
-3636.829
-1429.142
-1778.583
-2465.831
-1072.363
-8183.985
-4761.94
-2468.086
-5733.134
-1399.959
-7923.578
-4677.046
-3473.653
-2947.969
-3370.31
-12759.58
-6523.2
-2651.898
-3918.536
-2588.099
-2356.404
-60502.06
-21229.47
-9761.429
-5285.54
-3598.195
-4900.31
-3458.738
-6509.883
-5110.952
-4934.121
-4392.03
-5343.067
-4732.803
-4056.56
-3345.047
-4035.831
-3368.082
-3333.45
-2353.772
-2368.254
1347.011
11053.74
4535.408
-1940.111
-2954.533
-3629.091
-3844.028
-3341.466
-5737.81
-3650.259
-34095.25
-16024.8
-8263.714
-14406.84
-9179.134
-4124.459
-3445.385
-2846.002
-3896.574
-4212.71
-11344.25
-3403.034
-3156.614
-2328.407
-2400.979
-702.006
-2266.699
-1764.811
-2890.271
-2581.652
-2648.964
-3065.617
-2553.126
-527.6313
-4222.095
-3147.646
-2556.171
-3438.587
-2534.594
-4291.714
-2889.157
-2338.158
3064.378
-1616.352
-2942.549
-2770.69
-1611.474
-2999.956
-3255.435
-2010.503
-2440.352
-2660.069
-2242.965
-2854.5
-2249.902
-2413.018
-3303.953
-3792.536
-4795.596
-3687.264
-278.3646
-1930.408
-2335.019
-5244.752
-10541.79
-12780.61
-7846.038
-6133.955
-4288.994
-3600.488
-981.2479
-2818.106
-20618.74
-13241.39
-6646.897
-4608.63
-4034.721
-3713.29
-1172.709
-2528.978
-2347.25
-2469.203
-2760.276
-3400.206
-2712.588
-1082.993
-2300.458
-3210.253
-1277.717
-6746.324
819.0615
-1621.421
-1420.811
-1418.449
20197.35
12722.4
3269.997
-1018.36
-906.2885
-4079.67
-5375.371
-4534.754
-3593.334
3093.215
-8347.443
-230.6686
-834.9841
-1564.24
-2378.202
-20480.62
17106.11
4525.858
-385.3331
-3934.055
-2569.345
-2456.353
-11052.72
-5956.904
-6980.983
-4551.977
-3365.183
-3011.245
-18125.6
-9632.131
-7812.845
-2112.185
-2985.83
737.4227
-1245.243
-2322.767
-2769.783
-3440.407
-3969.267
-3498.35
559.9924
-1345.135
-4140.605
-4119.179
-3205.155
-5398.95
-2923.391
1484.885
3081.983
-899.9756
-5887.102
-4089.689
-3710.427
-6820.083
-4939.282
-16394.36
-9307.85
-6832.062
10097.8
2233.094
-1550.651
-2279.526
-4935.192
-5459.156
-2756.854
1698.35
-1615.416
-7300.113
-6337.019
-5210.926
-3854.224
-2778.965
-4492.252
-3795.439
-3483.21
-4220.543
-4637.937
-4531.654
-5356.425
-7173.872
-8326.665
-5634.926
-5568.709
-3738.347
-791.272
-1980.941
-3296.756
-2631.531
-3765.143
-2891.587
-3787.185
-3076.163
-1531.125
-1272.923
-1695.059
-2865.432
-2848.465
-6371.6
-4457.854
-4526.497
-6726.176
-9444.522
-6296.209
-5458.91
-7678.654
-7068.314
-5522.798
-6397.581
-5309.29
-5206.297
-6081.172
-10522.55
-7022.93
-5111.891
-5650.534
-5472.94
-4395.46
-4800.527
-4003.742
256.1417
-2451.898
-4609.301
-8135.919
-7600.608
-4710.741
-3353.52
-5340.306
-4675.761
-4121.758
-3796.132
-4041.588
-4265.673
-5164.988
53475.13
19174.39
4047.919
-19.27061
-2921.845
-4264.498
-8663.583
-4195.011
-3894.995
-2440.371
-3788.266
86664.04
30403.14
9845.543
217.234
-2467.905
-4781.085
-4795.219
-4146.061
-3842.954
-10442.27
-7693.485
-6383.277
-7728.007
-5394.476
-5637.872
-2064.728
-842.3169
-1672.67
-4830.722
-3231.989
-6995.867
-2734.865
-2694.562
-3767.052
-5313.18
-6722.986
-9136.482
-6089.487
-5320.148
-5313.559
-4861.909
-4789.098
-4153.477
-6590.422
-2457.287
-4868.718
-4072.929
-4969.726
-5316.282
-6044.638
-4128.403
-4625.676
-5387.217
-2389.051
-3184.011
-4858.425
-5278.225
-4538.416
-4221.694
-6853.882
-5690.052
-5668.132
-5598.886
-1632.838
-30720.51
-15011.16
-6626.275
-6066.734
-245.1684
-5026.394
-10000.21
-6298.577
-5906.406
-4853.61
-4395.282
-136.8189
-2353.531
-4791.739
-3930.645
-3015.103
-6659.764
-5536.797
-5707.111
-5174.746
-4916.859
-9833.421
-8537.25
-7072.027
-33877.64
-25921.67
-12564.8
-7510.912
866.3201
-1425.525
-3842.911
-12667.05
-7587.861
-7903.639
-18285.22
-9654.213
-7422.218
-6224.652
-4911.476
-6616.324
-6029.08
-5294.488
16393.12
2754.465
-2875.97
-1943.725
-3451.63
-5382.128
-5431.284
-5464.092
-5148.042
-5428.936
-5017.356
-5853.261
-4880.909
-6298.671
-6486.105
-4911.478
-4433.607
-4950.399
-2457.438
-9346.754
-7348.827
-4862.656
-5145.92
-4742.942
-5985.88
-4154.436
-5551
-5576.813
-5431.816
-275.2346
-5713.752
-5550.164
-446.1479
-3694.615
-4248.727
-1965.013
-4872.588
-5876.054
-5393.645
-5198.705
-5801.04
-2896.992
-4732.41
-5082.753
-4476.952
-4460.216
-4693.225
-5881.901
-4290.028
-7418.499
-7436.428
-5802.353
-4192.038
-5101.469
-7307.068
-7428.209
-6351.523
-5467.135
-5220.488
-5125.936
-4749.475
-5061.857
-4482.159
-5349.535
-5289.29
-4361.688
-5009.004
-5901.365
-5652.811
-492.3711
-4334.341
-4329.216
-4998.472
-4460.629
-6356.542
-6366.285
-6787.42
-10654.92
-8831.478
-6156.988
-3833.272
-5314.291
-7161.458
-5748.247
-5871.595
-6277.278
-6061.045
-6674.427
-6730.025
-4838.427
-5012.032
-5033.028
1646.78
-1436.582
-3485.304
-4156.495
-2816.396
-10597.49
-6860.85
-695.9693
-2762.618
-5077.449
-15912.21
53448.18
20369.97
3224.198
-2239.447
-118.4271
-3432.159
-4636.35
-3481.843
-5481.128
-5467.916
-4758.565
-3750.024
-3458
-6379.254
-6249.213
-5183.55
-12523.16
-6622.045
-5689.558
-7894.925
-6109.365
-6210.176
-7421.523
-10254.07
-8498.746
-1841.268
-3963.294
-4477.431
-5562.691
-7771.689
-6062.641
-8890.722
-7157.067
-6046.861
-4392.118
-5350.51
-6814.929
-6113.727
6486.176
-399.6127
-1887.3
-5208.651
-5058.692
-5316.434
-6496.725
-6227.091
-9287.902
-5993.178
-5222.004
-3744.366
-3133.576
-5602.688
-5552.455
-4076.243
-22446.74
-12409.06
-8600.93
-5574.534
-3982.203
-4123.616
-3680.382
-7646.951
-5944.485
-6255.9
-6354.178
-4315.849
-4825.658
-10267.73
-8113.761
-5420.817
-3787.178
-4518.68
-6098.683
3425.879
-290662.7
-119243.5
-49961.23
-23102.18
-11647.93
-5973.511
-5468.643
-3061.846
-3188.48
-3684.7
-4055.488
499.9628
-3598.56
-3214.134
-4364.485
-5918.025
-5125.024
-5225.694
-5067.314
-10338.68
-6792.04
-4185.494
-4141.179
-5503.019
-5542.301
-5663.362
-9349.372
-6489.193
-6175.768
-6073.9
-4431.761
-3760.928
-4721.853
-5116.265
2909.856
-4492.284
-9208.114
-5115.39
-4604.378
2689.031
-1500.126
-7431.701
-5842.466
-5422.918
-5095.073
-3937.124
-4025.229
-3164
-4034.734
-5811.562
-5264.877
-4616.508
-4734.604
-4745.036
-5010.239
-4763.633
-4105.629
-4582.322
-4828.356
-3693.909
-966.6913
-3454.786
2638.626
-273.2954
-2847.512
-2195.029
-3707.933
-4214.679
-4796.261
-4465.507
-4311.677
-4506.109
-3975.721
-5637.27
-3603.427
626.3648
-1788.015
-3268.655
-3769.892
-3596.056
-4020.662
-4411.66
-3814.164
14080.94
3224.643
-22415.79
-11554.36
-3917.182
-4170.31
-5110.808
-4666.296
-5432.384
-4550.65
-5422.488
-1978.286
-5445.425
-3645.619
-4259.739
3029.326
-1311.495
-3786.575
-3569.928
-2117.348
-3630.584
-3994.43
-5373.144
-4194.906
-5992.477
-5311.004
-4418.992
-4730.529
-5449.63
-6244.411
-3516.539
-3593.917
-3503.365
-4157.249
-4264.807
-4374.218
-4462.07
-6791.095
-409.2801
-3120.215
-2604.315
39030.58
13738.61
6939944
2771970
1106663
439783.4
173810.9
66849.02
25393.65
4694.502
-182.7372
-1848.48
-1040.413
2909.588
-1462.791
-2415.169
-2753.066
-3662.015
-6696.544
-5140.813
-4731.349
-2972.047
-4079.487
-2404.992
-3227.549
-3805.245
-3966.748
-5680.252
-5526.35
-5439.321
-2215.183
-4139.809
-2302.249
-5761.521
-4181.084
-4370.847
-5541.689
-6367.578
-5127.144
-2288.478
-3126.559
-3142.383
-1767.52
339.0908
-2090.236
-3824.617
-4780.619
-4312.114
-3625.903
-4000.83
-4182.216
-3532.612
-6377.133
-4678.705
-5844.746
22034.95
6760.422
4386.153
-901.7445
-2406.74
-3511.238
158170.4
61024.03
23632.26
6748.36
2155.671
-1349.517
-4539.815
-5551.017
