1679.332
708.8591
1638.379
839.8615
705.1009
-231.0288
-2094.308
-173.294
250.5827
-2937.564
867.2591
1399.428
413.8619
246.4551
936.4395
-518.5433
-183.7408
98.61806
-68.46555
659.8726
910.6558
724.2657
652.4239
190.5827
1980.718
-328.9151
157.4724
113.9911
1488.51
1796.28
376.2799
-56.43298
403.1928
-1334.908
-209.2681
-224.3947
1069.04
5797.545
2818.632
1758.526
244.7003
588.8816
245.2619
502.1231
1198.949
441.273
295.3062
109.2712
39.51869
236.6093
2395.056
393.1986
-419.7054
89.36315
-58.0858
468.5568
152.2727
373.3643
945.9826
562.5467
-285.2062
162.3449
-8641.451
-2443.885
-416.5957
-604.6481
-170.1144
-319.6054
-648.3623
-485.9984
1613.322
1132.767
404.9262
-362.2431
590.6387
-316.0404
-415.1623
-450.1204
-1449.521
-164.9195
62.2176
360.5386
201.6173
1336.984
224.1761
-0.9505449
-652.4462
-176.8575
519.6561
1160.791
-65.26773
1690.228
185.6124
307.9744
-350.6994
-849.841
6685.923
2422.086
1438.993
34.70306
63.78258
58.53032
2016.318
98.39713
-2467.993
259.5536
182.5019
48.54584
278.2001
971.2495
-818.142
-143.1386
-178.3747
-2428.517
5.900251
-142.2177
56.49931
-461.3858
361.8457
185.0585
171.7652
-1662.129
-363.8671
28.75228
283.7208
-579.413
4508.027
1524.631
568.8035
21496.13
5889.208
1371.661
235.7838
3336.775
639.7912
467.7936
836.8102
968.8638
-146.1743
658.759
22036.83
1037.589
-1936.542
1675.261
-109.6025
-85.12179
-538.3681
78.63567
-533.3793
-840.6978
176.1504
-558.3259
-376.8838
-300.3295
-48169.37
-12547.33
-22838.68
-6695.238
-2179.781
-815.1888
-744.6443
34.09673
-261.5984
-117.4777
694.8093
34.53076
392.8571
1430.195
826.6329
390.9476
-350.3062
3096.9
1094.196
-222.5227
-100.0183
-744.0199
-476.756
-1146.821
-994.1044
-684.8765
457.8826
-316.0961
-603.4801
-240.7042
-60.41652
-547.929
-650.1479
603.6428
148.5264
-341.5143
-630.1016
-210.7689
116.742
-236.3695
-651.0474
-429.7889
-1299.492
-1459.903
-400.9101
-535.1264
-634.3561
-995.8628
800.702
1525.217
1442.305
98.11716
-437.8
-2117.348
-1738.657
-9316.454
-2775.35
-950.9924
526.1983
1106.959
616.3619
-393.1442
-768.2347
-183.3124
520.8396
-740.267
-369.2007
3230.809
-3195.117
-616.4322
-4069.644
-1492.527
6467.237
685.5867
-571.3167
-550.7737
-561.8138
-824.7553
-2963.325
-1660.638
7.009388
1203.048
-41.57069
-818.7291
-769.8312
-734.6742
-573.5332
-295.6086
-736.9685
-1309.035
-1033.74
57.6079
-1038.382
-1049.135
1718.446
-1056.3
-2449.54
-5616.082
570.0758
-375.5265
-1726.158
-1284.737
-964.0657
-983.2705
646.9718
13.71537
-1063.023
864.2146
31.4235
-521.6851
-756.4138
27.85961
-139.8135
-683.0218
-467.9822
-5309.977
-2333.794
-1245.806
-370.0068
-1771.534
-1251.053
-2240.525
-671.2367
-1113.82
-1365.239
-965.4432
-763.6988
-492.0902
-1204.089
-1028.412
-1290.363
-1092.898
-1177.357
-300.789
-433.7299
-365.5978
-887.3514
1588.356
-522.6008
-3176.135
435.0949
4874.081
10.80404
-509.3146
1019.478
2665.635
203.3308
-543.5283
-1311.329
-1514.588
-917.6465
-1158.045
-1205.714
-382.985
-3468.267
-1808.462
-42.61682
-1085.06
-765.4225
732.9069
-620.5863
-212.7893
-1917.245
-630.5548
-1034.696
-1643.764
-1341.338
-2278.193
-1468.096
-1409.245
-972.6657
-1048.455
-1561.347
-798.8021
-422.9005
-3727.294
-2148.764
-1246.065
-1538.883
-1250.305
-1375.809
77.18118
-809.8824
-1248.923
-1568.982
-840.0677
-1720.299
-2463.886
1134.046
551.6499
-409.6754
-881.7787
-1205.966
-1005.248
-2347.225
-1791.092
-903.0614
209.2079
-239.2643
-804.2948
56.47917
58.21467
-1047.788
-344.5242
-1612.152
-1049.108
905.1731
1196969
316149.6
83352.08
20376.81
4529.85
-120.7954
-86.52956
-1165.072
-34339.04
-10715.6
-3814.76
-2704.466
-3328.015
-1113.616
-844.7783
-1627.026
-1551.334
-1888.686
-1475.601
-1274.512
-2336.766
-825.0756
-897.032
-323.2514
-447.3214
18161.78
4181.596
409.9232
-228.6445
1080.51
1923.638
-322.3967
-395.1245
824.4843
-621.5646
-17429.82
-7137.094
-2808.374
-1121.744
-1090.006
-413.8432
5589.58
1545.471
-936.8622
-1121.465
414.5069
666.5082
-308.2802
-660.9615
24489.36
5764.826
-274.3435
-967.3493
-1551.415
-1190.174
-1227.57
-3437.201
330.297
-1506.779
-1416.112
-1694.517
172526.8
45018.75
11206.29
1837.964
-1851.275
-2567.002
-1510.369
-1240.969
-1.802989
1909.882
-127.1393
272.27
-599.5815
-285.4036
-1185.761
-767.0867
-821.6908
-1135.375
-966.604
-1328.56
-738.5471
-957.9834
-2097.889
-249.3685
1199.302
-880.0865
-927.4328
-2423.517
-964.5289
-1602.836
-1157.058
-1324.631
-2516.317
-1807.561
-1153.402
-1505.464
15389.28
3046.006
169.439
-1161.624
-213.368
-1012.432
-550.331
4325.312
628.0091
-1438.587
-831.1415
-454.3037
-223.1238
-2367.663
-2138.79
-1017.332
-1172.288
-2405.728
-3959.802
-1996.705
-1229.827
-1678.302
-1179.689
-1199.1
-1116.588
-16426.89
-4991.8
-1939.883
-1633.984
-1484.766
-555.8264
-3744.671
440.37
-944.6006
-749.2658
-665.6298
-195.4356
-1602.323
-1303.646
-1028.513
-5820.001
-2232.827
-1408.195
-1017.811
-2509.879
-1029.327
-1265.442
-1268.518
-1321.676
6301.172
1005.573
-487.3978
-964.3728
-862.5658
-663.5692
-990.3168
-5867.313
-2518.3
-1898.872
-1709.208
-1033.245
1574.689
348.6727
-488.633
-336.6968
3484.175
-5002.816
-2142.057
-1281.331
-302.6713
-116.0547
20.16554
-211.6242
-665.0766
-620.8146
-1324.849
-4056.639
-1428.573
-1459.789
-954.1114
158.3256
-100.1507
-706.0823
19890.56
7790.807
1688.535
-623.9679
-3170.92
-2241.868
-1380.204
-801.362
313.2187
-678.2233
604.11
-984.77
-19224.68
-5960.634
2420.235
1935.758
605.2855
-523.9829
-1047.592
-651.6651
-690.1637
-896.8971
-919.6649
3548.224
78.12765
-1964.575
-920.3173
-1154.101
-584.5002
-938.916
-2069.389
-1116.483
-1314.652
-1339.47
367.6314
-1009.339
-1798.824
-1185.139
-783.5185
-2154.825
-796.2692
-873.1304
1112.876
-763.3643
83.59859
-303.4766
-774.9156
-747.7841
-952.5308
-969.8376
-3049.492
176469.1
45519.42
15385.01
3343.114
31.88544
-1184.984
-571.9098
-738.3953
-27734.18
-8749.833
-111705.9
-30877.26
-8718.767
-3458.025
-680.076
-496.7552
1733.853
-146.3165
-1074.36
-1566.826
67.57089
-778.1137
-1016.094
-1081.741
-973.1782
-253.4282
-3072.115
-1897.077
-1377.512
-1166.464
-614.3871
614.8738
-1184.584
-1198.537
-1260.602
-926.5633
-892.2015
-847.9318
-731.5912
-920.9126
-2242.197
-1362.888
-1396.696
-982.9214
-631.7805
-1188.021
-2496.859
-850.125
-1011.014
-20.49089
-840.3716
-999.1956
-824.9879
-1956.884
-1455.753
-1117.317
-1337.307
-1224.823
-923.4391
2125.136
-369.3778
-1136.755
-1555.542
-851.4409
-836.2374
-1025.629
-1111.294
-1355.026
-2155.759
-1507.801
-1248.159
-1851.591
-1128.778
-1856.38
-1431.222
6465.63
1112.994
-347.5707
-1071.536
13369.46
2593.012
389.8798
-7455.44
-2351.476
-1450.781
-4242.096
-2233.502
81813.43
20453
4175.17
312.1888
-193.9953
-977.1898
-1528.046
-1376.857
-1825.686
-1442.912
8994.922
-906.4992
-1308.953
-1724.116
-663.3637
-1779.055
-1280.808
-2165.128
-1281.294
-1498.878
-1050.299
-1432.546
-1684.041
-1225.367
-1307.048
-787.2474
-1365.08
-538.5551
-1648.67
-1348.026
-1168.153
-1844.276
-1128.641
-4796.893
-1659.921
-1496.748
607.5408
-1173.172
-1625.454
-1802.661
-2316.147
-1455.181
3167.589
974.7946
-1537.116
1757.267
-821.5544
-8695.171
-3101.754
-1967.531
-1337.738
-1440.926
-988.574
-1955.219
-1328.85
-1435.678
-2414.501
-1966.337
-2513.984
-2102.036
-1371.046
-2550.324
-1670.199
-1733.745
-1532.942
-596.5975
812.2048
-2856.728
-2327.953
-1844.068
-1416.455
-1820.796
-1917.346
-1577.298
-2770.973
2393.474
-606.6644
-8112.519
5667.993
-885.6149
-1578.769
-2892.365
-2880.494
-1906.227
-4513.18
-2156.307
-2671.875
-2068.729
-1822.186
-1733.085
-4512.669
-3860.571
-1613.796
-1092.516
2795.393
-724.1402
-1406.204
-2681.845
-2379.99
-14155.85
-5009.542
-2907.945
-1750.595
-2070.374
-2475.851
-2008.658
-1979.395
-2089.485
-967.1791
11309.39
1855.129
-809.3307
-128169.7
-35957.24
-11101.61
-4934.708
-2881.999
-2686.258
-3920.298
-2506.566
-2874.769
-2220.257
-5803.399
-3686.616
-2592.805
-2076.789
1910.839
-1348.928
-1865.002
-2385.28
-3015.468
-156.786
-1234.298
-1790.504
-2084.212
-2327.333
-2464.991
-1430.846
-2096.347
-2111.204
2769.5
-1450.461
-37889.9
-13788.33
-4117.937
-2794.427
-2153.394
-2241.646
-2369.515
-2917.625
-2467.651
-2172.324
-2523.67
-4522.286
-2803.041
-5817.953
-3348.286
-2472.148
-2239.346
-5460.356
-3030.918
-2743.63
-2655.929
-2607.84
-2545.728
-2671.671
1602.195
-1790.883
-1590.378
825.9302
-1284.675
-1712.409
-4772.627
-3239.073
-2776.72
-2705.059
-2608.987
-2889.742
-2237.93
-2338.928
-2200.201
-1837.945
-2190.5
-7949.533
-3962.776
-2791.569
-1828.691
-1732.373
-2091.118
-2744.244
-3340.257
-1387.712
-1481.176
-6436.11
-3387.99
-1003.183
-1506.916
-1832.715
50023.17
15171.29
1368.233
-1126.353
-1768.462
-2170.874
-159.3595
4731.354
-503.2785
-2853.489
-12605.2
-5074.219
-3070.566
48187.48
-21478.16
-6581.365
-3090.453
-2619.755
-2225.748
-2238.091
-2298.465
-1901.644
-2292.555
-3213.278
-2698.802
-2438.033
-3896.419
-1953.165
-2787.964
-3030.376
-7312.556
-2484.103
-2464.307
-2045.928
-2182.285
-1711.23
-1920.872
-2572.91
-1977.504
-1616.131
-2081.824
-2404.414
-1948.227
-2254.4
-2118.642
-2645.759
-2259.387
-2332.345
-4530.926
-2759.087
-2810.621
-15196.56
-4167.497
-1661.576
-1828.189
-2150.37
-1883.816
-4020.053
-2202.132
7422.637
-639.2449
-2361.575
-2611.524
-2781.884
-6837.842
-3785.892
-3371.08
-3092.043
-1940.463
-1855.729
-2026.473
-2485.555
-2250.087
-2665.639
-2361.364
-4082.088
-2675.781
-2496.661
-2495.496
-1373.033
-1437.578
-2122.925
-3593.832
-2815.448
-2311.243
-2253.562
-2306.664
-2341.618
-1644.068
-29490.35
-9358.233
-4129.653
-2154.216
-2752.76
-2600.969
-2529.962
-2772.82
-2254.005
626.1383
-1295.265
-1351.189
-1622.491
-1583.073
-1902.983
-3374.883
-4883.161
-3160.111
-9478.624
-4299.026
-3017.809
-3291.959
-2627.381
-2472.142
-1211.535
-1735.005
-1884.452
-2069.946
-2471.702
-2201.658
-3142.798
-3235.355
-2714.876
-2621.902
-2630.184
-1781.845
-2416.583
-2981.206
-2015.812
-2615.084
-2568.389
-2772.634
-2533.231
-3505.919
-2402.439
-2556.604
954.2607
-1555.236
-2331.205
-1851.655
-189.648
-1749.526
-2096.847
-2026.723
-925.1837
-1968.677
-5321.694
-3192.82
-2533.521
-1695.464
-2587.25
-3410.872
-2711.392
-2384.56
-2435.121
-1397.624
-770.4832
-1662.165
-2218.479
-1908.17
25.35965
-654.4486
-2070.825
-2315.161
-5381.834
-2665.629
-1923.096
-1418.563
-2819.926
-1602.371
-757.2659
-1666.458
-2036.613
-2159.885
-2437.29
12850.63
1635.447
1443.009
-1857.143
-2099.061
-2100.798
-1979.436
440.1454
-1462
-2312.79
-2348.116
-2059.634
-1673.507
-2753.261
-2798.607
-2274.067
-2020.87
-2217.879
-6142.308
-3248.271
-1913.262
-2059.78
-1350.991
-2072.11
-1834.411
-1889.645
-4913.443
-1883.112
-2307.301
-2259.461
-2150.385
-2728.68
-2041.504
-1732.294
-1891.044
-1816.202
-2828.351
-2214.023
-2276.136
-2343.691
-2228.852
-1902.448
-1831.074
-2177.664
-2112.83
-1822.873
-1310.5
-1526.207
-2247.064
-1960.643
-2922.458
-2272.829
-2170.276
-1663.241
-2621.57
-2252.862
-2346.172
-1373.024
-1748.529
-1872.107
-3628.422
1220.227
-1131.443
-1581.539
-1310.442
-2105.19
-791.6991
-1945.098
-3140.005
-2260.362
-2791.347
-2094.395
-16728.72
-6181.675
-2863.155
-2870.636
-935.1657
-1566.169
-2164.913
309.7241
-1745.481
-1624.244
-4119.783
-2812.264
-2548.427
-2061.375
-2338.17
31589.65
6991.324
-1874.15
-2079.949
2255.628
-696.4528
-1699.236
-4487.087
-2870.806
-2643.895
-2417.738
-2114.554
-2194.502
-2262.654
-2238.856
-2305.854
-2204.388
-2050.94
-1864.308
-2007.279
-3497.952
-2522.148
-2283.626
-6100.551
-5031.572
-2056.142
-1699.14
-2054.201
-1677.004
-7394.461
-7760.026
-3607.251
-2274.067
-2553.293
-2511.524
-2122.505
-1238.518
-6444.681
-3112.768
-2021.532
-2188.797
39971.78
9639.825
377.4987
-1903.242
-2010.23
-1781.294
-2666.628
-2193.904
-2323.711
6548.47
347.9135
-1516.159
-2501.545
-2602.903
-2448.541
-2943.148
-2637.896
9071.458
1157.362
-1638.279
-1523.369
-2757.483
-1805.048
-2539.796
-1775.544
-3082.521
-3816.018
171.5709
-1118.664
-1588.774
-2615.914
-2268.528
-1777.665
-3058.589
-3170.5
-1864.598
-2566.869
-2455.345
-2287.047
-2465.422
-663.7618
-1042.825
-1553.943
-2477.876
-4137.133
-2916.61
-1959.96
-2358.416
-1657.981
83.55771
-1194.279
28981.12
5859.682
-94.8604
-1307.768
-2397.932
-2598.88
-2994.228
-3606.256
-4941.177
539.8403
-1758.595
-2659.427
-2883.663
-2955.93
-3449.581
-3746.048
-2689.999
-2879.976
-2790.215
-452.391
-2279.769
-2265.786
-791.6993
-2625.471
-2551.67
-13997.33
-6423.297
-1688.298
-10277.29
-4003.078
-3277.515
-3110.337
-3848.103
-5323.665
-7975.896
-5096.812
-5024.362
-3280.984
-2436.728
-1266.024
-3295.018
-3003.931
-3913.084
-5297.282
-3556.515
-5930.062
-3769.059
-3667.565
-2988.616
-2965.763
-2562.043
-2250.935
-3791.786
-3266.568
-740.1973
-2198.609
-2768.13
-2702.77
-2805.003
760.5599
-2026.578
-2599.441
-2851.5
-3292.215
-2811.329
-70.09297
-2071.506
-2878.139
-3249.827
144.0961
-1930.592
-2145.133
-2476.582
-6676.524
-3808.979
-3149.223
-3372.262
-3611.402
-4289.456
-4214.031
565.0465
-591.8294
-2387.082
-2604.208
-1975.817
-2763.969
-3155.54
-2766.75
-3081.634
-2285.592
-2266.447
-6604.999
-3547.63
-2994.795
-3892.905
-4384.006
-2396.985
-2936.609
5126.038
-1049.431
-8031.046
-4738.601
-3225.673
-3234.08
-3332.72
-2647.66
-3720.565
-3922.242
-3239.463
-3512.205
-2601.655
-3061.115
-3070.245
-2918.23
-3507.318
-3296.866
-3510.11
-3615.104
-2490.084
-3332.782
-4417.936
-3211.589
-3328.464
-3438.357
-3487.747
-2949.169
-4081.672
-3876.905
-3647.134
-3553.379
-1882.055
-3083.677
-3340.929
-2298.678
-2901.795
-3325.15
-3148.889
-2483.886
-3061.234
-2200.7
-3031.271
-3415.893
-2682.743
-3281.352
-3485.919
-3012.657
-3642.65
-6428.512
-1809.328
-2927.79
-531.7425
-2666.752
-3340.54
-2714.315
-890.3993
-887.0529
-2594.939
-5098.505
-3672.147
-3343.878
-4308.714
-3911.019
-4463.557
-4596.406
-3246.735
-175.6595
-2505.597
-3944.267
-3419.346
-2842.236
-3266.891
-3767.877
-3232.074
-5834.188
1873.296
-2160.758
-3113.216
-3763.226
-3442.403
-3393.483
-3715.996
-3837.041
-3473.326
-4016.032
-3750.994
-3553.258
-3875.581
-3503.591
-3692.122
-4376.447
-3656.301
-3165.334
-10312.58
-5218.188
-3474.819
-2636.295
-2390.899
-2962.664
-3210.472
-3540.218
2194.885
-1726.342
-2995.724
-3799.593
-4265.39
-3018.635
-3500.366
-3600.332
-9124.158
-3430.727
-2991.173
-3326.446
-3601.85
-127.6754
-2412.494
-1674.823
-2795.173
-3095.877
-4033.403
-4064.212
-4247.569
-3839.466
-3873.062
-3674.037
-3481.092
-2862.225
-2809.299
-3619.584
-5902.521
-6128.035
-3935.049
-3589.978
-3890.857
8985.929
-345.3482
-2506.539
-3252.371
-1910.782
-3100.556
-3924.01
-4181.733
-1524.882
-2693.442
-3990.886
-3803.693
-4107.954
-3981.532
-3988.867
-3886.419
-2745.895
-3454.238
-3342.409
-3289.451
-1975.779
-2900.513
-3133.798
-3271.745
-3421.294
-5055.039
-3713.145
-3911.587
-7482.664
-4854.272
-3809.771
-4902.771
-3489.652
-2840.371
-2797.617
-3260.966
-754.1594
-2384.345
-3175.498
-4089.978
-3572.113
-5054.942
-4177.611
-4228.554
-3824.413
-3529.174
-3661.799
-3313.661
-3622.415
9431.753
514.3837
-614.0013
-2755.97
-4149.691
-26227.98
-9432.512
-4503.46
-3042.93
-3067.174
-4242.44
-3430.034
-3500.509
-3448.163
-4505.652
-3513.76
-3811.166
-3439.683
-2012.634
-5258.463
-5202.388
-3734.422
-3578.196
-4535.012
-3896.153
-4891.825
-5544.458
-3921.336
-3697.698
-2959.515
-3943.046
-861.7276
-3163.83
-3612.296
-3171.155
-3007.216
-3055.811
-6323.42
-3996.652
-3486.589
-2184.177
-18403
-8026.944
-4762.232
-3161.093
-3206.718
-3084.011
-2817.164
-3543.573
-15207.13
-6197.055
-4152.419
-3550.266
-3241.829
3261.609
-2298.522
-2909.971
-3560.046
-3459.534
-2814.91
-3236.913
-3531.981
-1601.03
-4478.389
-3163.154
-2567.666
-2984.727
-3676.712
-3248.539
-3404.947
-4322.838
-3202.302
-2681.246
-2686.354
-5086.687
-3375.211
-3112.404
-2832.273
-2464.86
-3258.899
-2530.743
-2851.689
-3449.061
-4112.504
-4008.122
-3136.867
-3646.803
-1771.406
-2637.011
-2874.686
-4228.539
-3327.065
-3813.879
-3389.762
-3415.574
-2743.637
-1531.475
-2349.68
-2716.994
-3306.622
-4003.001
-2266.678
-2591.182
-3326.275
-3178.485
-3004.753
-3280.909
-1919.758
-2781.843
16972.42
8573.652
-816.5704
-3063.995
-2668.806
-8648.543
-4454.254
-3547.886
-3177.19
-3356.129
-11210.68
-5736.616
-3238.84
-100.1732
-2368.318
-2683.417
-10705.2
-4759.202
-3544.386
21389.2
21637.86
3042.027
1672.7
-2112.193
-3603.564
-3697.967
-3631.48
-2888.367
-2383.921
-2198.164
-2881.288
-3037.287
-2730.016
-3652.364
-3827.851
-3308.289
-2804.108
-3055.84
-4511.622
-3649.067
-4283.371
-3869.081
-3487.555
-3393.635
-2541.067
-2367.367
-2947.508
-3464.399
1007.194
-1839.771
-2238.542
-3747.992
-3528.068
-2985.614
-3460.586
-3859.12
5254.569
-268.3991
-2307.998
-2893.257
-3307.582
-2990.38
10483.12
344.9467
-2446.141
-2419.598
-2823.74
-6318.263
-4374.171
-4028.011
-3435.593
-3247.976
-2590.567
-3325.917
-3321.104
-3174.667
-3596.771
-3487.98
-212.3124
-2988.167
-3038.709
-3440.369
-4579.414
-3385.831
-4370.635
-3866.398
6176.993
-339.6307
-1565.767
-2962.309
-2143.18
-3282.619
-3702.238
-3666.773
-4632.423
-4099.434
-3636.703
-3361.639
-3180.118
-2781.66
-2926.463
-3230.464
-6940.275
-5333.669
-3375.97
-3734.185
-4008.182
-110085.6
-28164.99
-10228.66
-5577.205
-4037.427
-6926.433
-4928.674
-3498.844
-3881.206
-3756.668
-3658.807
-3435.38
-3520.486
-3310.497
-3115.315
-3472.466
-3602.652
-4815.18
-5294.906
-6219.185
-6057.275
-4714.927
-3925.464
-2978
-3595.681
-4072.487
-3639.708
-4048.299
-3589.9
-4025.687
-4047.903
-4089.134
-3359.929
-3193.798
-3621.232
-5341.759
-4482.179
-3797.875
1550.212
-2323.693
-2387.358
-3816.583
-6002.405
-3636.94
-3784.7
-4636.379
-2605.231
-3043.623
-5819.563
-4468.544
-3308.959
-3776.003
-1677.158
-2545.379
-5615.852
-4366.081
-3990.095
-3922.007
-3981.437
-3049.176
-3520.101
-3719.792
-4162.357
-4058.834
-4138.165
-3628.587
-4113.827
-4059.267
-3156.066
-3182.137
-3816.529
-3722.201
-4088.039
-1231.35
-2538.164
-9070.989
-6330.05
-4538.721
-4058.486
-3824.591
-3504.969
-4083.942
-4209.075
-4115.273
-5764.643
-5084.693
-3829.633
-1325.374
-5297.301
-4315.623
-3700.906
-4252.463
-3726.891
-4086.934
-3453.343
-4001.251
-4849.348
-4651.827
-4254.985
-3770.944
-3440.012
-1509.413
-3255.947
-3856.163
-3785.132
-4586.859
-3739.047
-4826.805
-3642.589
-3028.168
-4243.744
-4380.093
-3505.705
-6173.71
-4750.546
-4422.478
-8021.383
-5321.192
-4186.646
-4666.384
-4489.938
-5809.261
-4885.857
-4430.853
-4273.905
-4287.17
-3751.399
-3835.146
-4347.815
-4301.117
-3950.564
-4440.987
-4175.293
-4627.59
-4364.982
-4213.641
-28312.02
-10551.6
-6130.482
-5649.239
-4760.04
-5506.201
-4051.428
-4895.66
-5357.579
-3723.65
-3624.975
-2887.938
-3987.005
-4646.072
-6028.891
-4877.548
-4528.222
-4573.475
3033.024
-2799.908
-5541.844
-4959.694
-4870.085
-4566.732
-6675.829
-5464.122
-4048.447
-4061.377
-4589.487
-2560.061
-4306.707
-4504.165
-5351.792
-67605.68
-7139.769
-5456.864
-4696.99
-5350.684
-4307.878
-4340.274
-3907.035
-5109.875
-4781.3
-4141.763
-4435.45
-4095.439
-8115.856
-6134.475
-4928.967
-5782.93
-5303.026
-5307.231
-5000.162
-4983.543
-4378.719
-4608.916
-4663.765
-4576.958
-4469.528
-4534.262
-4381.007
-5193.318
-4772.025
-4397.168
-7788.147
-6664.918
-2437.338
-4436.201
-4876.894
-4602.303
-4374.829
-3267.352
-5524.709
-4955.053
-4785.462
-4545.319
-4179.76
-4586.849
-4565.479
-5320.478
-4413.787
-4825.419
-4584.734
-4967.785
-3390.632
-3424.172
-4244.877
-3768.018
-4488.875
-4539.882
-4884.485
-4267.923
-4256.245
-5034.682
-3316.283
-4323.057
-6153.199
-4895.056
-4752.198
-1189.359
-4097.826
-4612.576
-4976.968
-4129.449
-4115.378
-4506.4
-3983.03
-4409.637
-1683.935
-5697.168
-5263.813
-4479.844
-4214.059
-4495.851
-4885.408
-4922.554
-4514.166
-4803.461
-4813.69
-4655.449
-4917.388
-6430.211
-4392.239
-5393.281
-5000.02
-5584.418
-4796.076
-4593.094
-4771.366
-5461.834
-5296.67
-115.4278
-2174.805
-2743.411
40430.15
7610.993
-1419.427
-3977.286
-7297.075
-7562.087
-5020.448
-4547.063
-4874.59
-5017.563
-4935.266
-5056.708
-4769.524
-5153.948
-4989.553
-4908.239
12437.01
-400.3156
-3882.452
-4621.368
-4422.576
-5474.894
-4597.121
-5247.461
-5687.858
-5006.874
-4113.649
-3948.446
-4649.729
-4753.887
-4824.74
-3904.131
-4635.766
-4404.404
-3601.934
-4242.776
-4334.749
-4699.476
-4394.747
-4862.523
-4851.466
-4926.58
-4907.808
-4302.386
-4831.951
-4621.524
-4622.239
-6332.621
-5244.963
-8672.1
-5410.077
-5785.429
-5681.668
-4690.235
-4517.254
-3915.023
-3006.516
-4567.418
-4481.066
-4810.696
-4761.025
-3675.702
-4603.23
-4765.247
-12806.3
-5484.894
-6425.909
-5077.804
-4380.737
-4234.92
-4578.674
-4936.512
-3674.824
-3793.552
-4237.37
-4550.554
52846.03
9609.531
-363.35
-3572.306
-5620.468
-4805.086
-4439.886
-4521.141
-4676.101
-5062.126
-3997.953
-2046.019
-5687.197
-5309.795
-4202.971
-4851.537
-4342.464
-4513.631
-5477.197
-5868.727
-4641.115
-4615.276
-4063.866
-4227.757
-4105.91
-4189.185
-4643.546
-4930.105
-4285.711
-4412.937
-3838.852
-6340.487
-3022.634
-3778.853
-3547.847
-3984.212
-4557.532
-5107.11
-4680.508
-4512.688
-6149.315
-4712.631
-6114.923
-7598.265
-6780.91
-2368.952
-5790.278
-4704.831
-5961.892
-4346.104
-5248.952
-4643.971
-4718.541
-3881.754
93871.93
21638.88
2304.702
-5051.982
-4745.33
-2582.356
-3547.02
-3325.35
-646.566
-2605.376
-4171.051
-4475.366
-5038.668
-4118.498
-4103.745
-4505.633
-4287.717
-4518.824
-4962.124
-4344.936
-4113.509
-4802.691
-4683.311
-4492.038
-4301.506
-5237.922
-5368.536
-5072.319
-4160.465
-4342.809
-4490.621
-4437.302
-3550.119
-4107.368
-4385.97
-3093.644
-4442.284
-4540.322
-2496.519
-4202.685
-3877.238
-3772.009
-4838.959
-3457.635
-8097.516
-5064.571
-3911.411
-4213.287
-4276.001
-4296.383
-4754.583
-5549.848
-4734.37
-4260.208
-4382.219
-4170.581
-4765.727
-4106.223
-4473.435
-4116.367
-4223.718
-3817.252
-4119.259
-3097.646
-4589.151
-5433.365
-4700.098
-5824.876
-4424.337
-4329.502
-4075.977
-4353.893
-4521.204
-4947.973
-4579.025
-4881.979
-4915.357
-4829.242
-4362.566
-4799.856
-4748.053
-3894.162
-5498.114
-4394.559
-3743.865
-5122.106
-2785.379
-3936.305
-4893.136
-5182.573
-13468.95
-6957.679
-5185.383
-4314.611
-3876.512
-4910.212
-4979.917
-4598.581
-4300.37
-4181.088
-4635.938
-4505.297
-4467.028
-4849.8
-4515.193
-5332.177
-4534.556
-5802.31
-5664.481
-4903.382
-2733.514
-3742.019
-3981.394
-4611.897
-3657.021
-4652.297
-5102.218
-4909.962
-3653.133
-4705.962
-6530.981
-6117.074
-3244.993
-3634.798
-4410.054
-5150.62
-4743.085
-3317.463
-4785.455
-4149.739
-684.5699
-3641.934
-5091.551
-4675.702
23079.9
2458.753
-3422.675
-3928.517
-3410.458
-4484.725
-5528.662
-4930.546
-5269.769
-4586.723
-9663.884
-5397.941
-5956.9
-6177.169
-5018.38
-7361.961
-4908.328
-4678.494
-6733.329
-4615.04
-5129.466
-4872.519
-4796.076
-5742.246
-4040.05
-4281.347
-4932.743
-5001.662
-5660.647
-5355.801
-9109.892
-6579.894
-6775.243
-5729.189
-5119.991
-5015.521
-4778.051
-4616.239
-4550.481
-4183.677
-4520.262
-4760.998
-4656.489
-5452.668
-4866.462
-4395.198
-5459.475
-7593.486
-9959.822
-4503.14
-5104.036
-5580.484
-5317.642
-4657.706
-3788.588
-4721.716
-5575.28
-6926.794
-5801.845
-5070.895
-4967.587
-5538.079
-5273.995
-4236.552
-3081.375
-9696.985
-6562.728
-3167.923
-4619.737
-6747.341
-5771.19
-5120.139
-6119.93
-4879.881
-5055.163
-4985.107
-4050.778
-4764.303
-4513.533
-4227.962
-5291.631
-5081.178
-3987.293
-5585.522
-5156.102
13318.65
-137.8462
-3701.056
-4974.411
-5663.757
-4799.035
-5332.827
-5153.846
-4980.153
-5239.375
-3189.682
-4219.839
-5843.457
-4450.303
-5004.871
-5307.535
-5324.624
-5344.702
-5580.97
-5478.855
-5076.873
-5420.11
-5786.365
-5669.635
-5845.786
-5178.716
-3263.895
-5402.126
-5220.637
-11428.56
-2794.415
-15863.52
-8246.458
-6718.181
-5796.488
-6758.773
-5561.645
2690.585
-3620.808
-3205.11
-5392.694
-6125.635
-5218.598
-5495.561
-5428.886
-8174.63
-6514.13
-5882.236
-6691.778
-5781.4
-71645.55
-23391.62
-10355.83
-7232
-5725.531
-5513.858
-11320.22
-3457.042
-9028.397
-7200.58
-5677.53
-6779.82
-6403.516
8688.658
-1349.93
-4323.23
-5452.652
-6542.065
-4817.857
-5287.452
-5674.756
-6811.675
-5727.594
-5571.382
-6316.986
-5881.264
-6743.526
-5784.472
-15012.62
-8328.958
-6884.197
-5786.926
-6587.236
-6120.29
-6265.035
-5623.911
-4862.359
-5655.285
-7306.663
-9300.265
-6830.006
-5198.412
-5481.015
-6126.637
-6589.382
-4641.501
-5662.31
-4935.732
-6525.044
-6103.007
-5508.272
-5880.412
-6218.388
-6679.862
-6738.847
-5594.677
-5947.634
-5819.746
-5361.757
-5485.897
-4394.201
-5450.034
-5400.48
-5528.582
-5635.869
-5887.689
-1265.405
-2738.615
-5605.367
-5917.856
-6724.854
-6967.14
-5460.873
-5419.363
-5653.575
-5430.437
-5194.208
-5783.211
-6092.118
-5854.993
-5091.929
-5955.6
-7169.683
-7109.816
-5867.495
-3216.601
-3960.871
-3720.4
-5674.389
-7502.3
-8828.201
-7123.699
-17137.67
-8434.119
-5768.015
-5051.549
-6106.79
-6137.962
-4977.989
-5061.586
-7170.233
-4466.36
-5629.928
-5649.406
-5195.564
-1529.964
-4811.019
-7738.679
-5435.036
-5890.013
-5735.886
-6539.911
-5913.234
-5887.779
-5271.02
-3081.66
-4956.394
-6629.624
33260.47
5643.057
-4787.029
-5552.816
-7663.043
-7652.945
-5776.882
-5815.03
-5450.717
-5300.411
-5642.45
-5682.483
-4745.058
-5630.545
-5625.406
-5895.747
-7093.74
-23281.12
-10625.1
-7125.6
-3963.058
-5610.295
-9645.183
-6513.072
-7145.393
-5988.503
-5889.586
220383.5
54159.19
9757.853
-7109.453
-5897.193
-7102.319
-5163.27
-5653.7
-52483.68
-18900.16
-9205.051
-6846.452
-4261.302
-5403.594
-6164.764
-6724.574
-5684.815
-4082.624
-5311.082
-5554.243
-5988.597
-10032.51
-6765.19
-4097.348
-5246.745
-5600.753
-5828.21
-6322.282
-8893.872
-6807.925
-6781.632
-8280.003
-5800.939
-5893.696
-5736.124
-12916.06
-7635.674
-6027.692
-5496.729
-5201.288
-4270.635
-2548.938
-5077.326
-6039.542
-5721.888
-5456.79
-4201.729
-4962.82
-5936.739
-6170.222
-3789.396
-4894.676
-5454.618
-3627.927
-4777.077
-4351.719
-5589.571
-1993.645
-4926.623
-5920.064
-5714.185
-6184.441
-5149.344
-6675.669
-5836.318
-5486.596
-4984.677
-4855.924
-5976.226
-5790.706
-5325.216
-5316.598
-4743.079
-6177.62
-5451.795
-5502.17
-5443.625
-5875.534
-6096.739
-5458.443
-5184.839
-5357.03
-5581.289
71.52746
-3080.856
-4700.399
-5516.04
-5321.673
-5850.029
-5625.12
-6134.501
25509.98
2707.478
-3554.429
-5093.692
-5383.393
-6228.361
-6338.48
-6726.67
-6475.205
-6169.331
-5837.604
-4367.44
-5871.242
-6061.839
-5483.66
-7045.649
-6056.621
-5737.822
-7345.833
-6491.409
-6058.006
-5812.658
-2987.59
-4081.856
-5003.172
-5487.253
-5541.759
-3429.24
-5133.538
-5110.877
-5326.408
-5431.936
-8566.156
-7037.993
-5992.382
-5241.535
-4955.468
-5837.203
-5627.267
-5796.444
-6499.075
-5979.32
-5867.266
-5510.877
-6445.569
-6135.425
-5860.596
-5556.895
-5973.202
-5442.052
-5952.983
-5620.905
-6089.728
-5766.629
-5249.352
-5125.875
-4565.206
-4274.302
-3891.822
-5102.378
-5897.614
-5562.329
-5630.361
-5411.437
-4981.303
-5358.837
-7046.191
-6045.067
-5013.13
-2702.358
8461.044
-1903.244
-4469.892
-5710.606
-5664.47
-5584.932
-11608.83
-5343.514
-6405.412
-4436.436
-7064.536
-6130.246
-6157.72
-6158.046
-5905.646
-5629.828
-5609.357
-5496.606
-5652.134
-5972.143
-5884.554
-5364.318
-5564.962
-5426.332
-5704.341
-5069.205
-4643.715
-5871.72
-8409.016
-5865.713
-5603.166
-7041.689
-34820.72
-14434.18
-7994.163
-6187.381
-6114.637
-5730.762
-3235.072
-5030.151
-4681.796
-5027.622
-13454.56
-8067.893
70080.01
21434.18
-858.325
-4535.641
-5517.358
-6018.908
-5055.339
-4801.845
-4698.416
-2437.973
-4781.608
-5035.902
-6544.56
-6089.259
-5874.192
-5880.718
-5069.433
-5948.064
-5779.065
-5870.345
-5678.617
-4944.306
-11520.78
-7491.566
-6043.047
-4641.231
-5331.851
-3386.749
-4691.6
-3670.159
-5969.592
-5759.037
-5320.401
569.707
-4666.541
-5015.03
-5736.066
-9793.941
-7434.344
-6747.271
-5243.063
-5935.826
-5916.531
-5554.092
-5794.271
-6168.064
-4907.455
-5633.049
-3524.807
-6559.56
-6249.447
-6137.422
-6331.22
-6066.933
-5963.852
-5514.741
-5810.766
-5362.021
-5153.407
-5892.338
-6573.07
-3458.456
-4856.587
-5986.501
-5889.674
-4785.6
-5563.741
-5579.204
-5842.726
-5986.949
-6309.345
-5760.345
-7806.694
-5682.214
-5378.03
-5527.262
-6362.723
-6068.061
-6044.686
-4335.278
-3535.18
-4784.311
-5789.491
-6053.281
-5852.417
-26120.19
-11086.76
-7467.996
-12702.33
-8405.432
-7245.964
-5953.187
-6167.1
-598.8856
-4542.211
-6477.578
-3093.734
-5975.333
-5496.327
-5857.714
-7396.798
-6529.377
-6148.708
-5802.42
-6413.575
-6376.613
-4281.574
-5009.986
-5359.86
-6044.524
-6905.503
-6986.694
-6587.681
-5736.406
-5764.114
-6399.302
-6263.441
-8466.205
-7108.898
-6344.266
24860.47
2163.771
-2140.676
-5741.818
-5963.716
-6787.702
-7548.518
-9644.087
-7400.714
-9994.649
-7011.201
-6520.648
-6341.64
-11621.38
-8385.106
-6890.588
-6460.812
-5610.531
-5593.406
-6374.745
-5564.08
-6218.659
-7510.871
-7198.053
-4793.995
-5924.236
-5957.617
-5654.349
-5874.723
-6268.781
-6679.356
-6503.051
-7613.993
-6280.887
-8447.442
-6684.906
-6409.968
-7172.146
-6187.688
-6280.076
-6284.985
-7868.779
-11561.84
-8360.476
-8591.289
-7231.007
-6443.27
-6245.909
-6782.059
-6620.199
-6212.095
-6300.728
-6992.386
-6324.297
-7936.806
-6554.192
-6677.472
-6870.711
-6563.825
-3362.02
-5487.154
-5906.923
-6562.101
-7058.852
-6914.969
-7419.374
-7782.55
-6852.843
-2929.045
-4930.826
-6466.42
-6259.294
-6423.996
-6462.419
-6526.657
-6690.127
-6965.114
-7000.985
-7058.559
-4093.123
-5578.567
-6536.539
-6112.476
-6853.192
-6703.156
-6660.476
-6233.148
-6849.353
-5596.301
-6279.906
-6626.414
-6674.317
-6624.554
-6645.059
-6942.518
-7096.168
-7063.989
-7136.816
-6733.567
-5330.907
-6538.875
-6873.434
-4740.204
-6010.948
-8362.319
-5793.298
-6848.459
-10443.5
-8318.847
-7231.868
-7599.151
-7094.591
-7681.862
-7586.533
-7233.444
-5504.977
-6530.313
-6755.321
-6967.841
-6869.156
-7224.168
-6012.853
-6632.706
-6772.629
-7092.325
-10200.66
-7902.326
-7587.558
-6990.533
-6764.035
-6640.479
-7392.687
-6335.194
