133.3617
11271.68
6900.792
4491.08
2722.708
1415.369
883.6218
661.5067
34.48652
538.8392
-30.26304
233.4034
-639.8638
-752.1122
408.8379
216.9483
538.2752
-1398.833
240.1529
955.0553
2150.147
1467.394
644.1764
514.0577
2914.184
1146.736
506.5527
-263.6207
-609.6564
-259.3674
-136.4211
-7193.685
-3597.382
-2141.316
-2463.435
-1567.3
-789.2123
3047.283
2184.623
-2804.752
-1910.535
-1426.671
-790.7514
366.2437
732.744
-45.03449
127.6057
-38866.28
-26116.78
-17170.05
-11441.31
-7393.69
-4573.122
-2877.096
-1951.73
-801.6521
-2966.657
-880.6182
-524.049
12.27229
-445.4621
-417.3955
27.43631
-194.5561
-1672.005
-1371.063
-468.5418
-460.4392
4168.921
1690.618
993.1123
484.9911
393.5187
5461.944
5867.139
1220.226
1894.631
450.4567
1262.673
976.6522
975.0081
1359.05
1172.387
1224.885
1549.125
1805.4
5113.331
3368.933
1377.545
-199.7374
295.4775
1229.612
-1065.822
-1823.32
-1076.408
-1218.325
-169.0732
-1663.772
-645.7468
-532.2654
-2857.056
-2871.051
-2020.57
-1487.047
-1156.499
-1209.055
-556.6985
-1212.385
-623.248
-543.5419
-70.04513
404.5553
360.7951
7377.813
4610.803
2601.719
2292.333
1268.946
754.9385
2912.274
2253.925
6239.074
3814.295
2369.919
-18453.49
-11750.17
-8068.331
-9539.168
-5900.941
-3675.972
-2360.821
-1110.45
-1028.082
-268.5598
306.8648
142.224
366.9175
233.6577
792.4159
494.2662
-262.637
480.2954
939.9822
144.3657
847.0824
638.2994
1075.698
1354.871
1107.69
1182.763
1040.7
-3504.937
-2036.076
-223.461
577.7012
2625.098
2867.155
2263.584
1368.417
336.2805
1143.891
1340.344
1559.6
-231.923
-304.4502
2112.42
2893.183
2548.548
1131.668
-696.0615
-193.0336
322.2742
446.3948
800.8514
460.693
504.5186
422.8679
-364.1074
1321.889
3797.906
95.28846
-582.6506
-328.698
107.0174
-15493
-10241.2
-8164.766
-4253.332
-6913.423
-6494.561
-4460.748
-2511.699
-1898.947
-1043.749
135.4431
-369.0801
310.1339
3532.922
2759.116
1974.919
2124.179
2076.241
835.8962
246.0217
2354.222
1706.092
1506.396
896.8409
685.1412
1207.285
887.0818
2029.838
1828.031
1686.437
1906.243
970.7122
784.3518
-1555.919
-824.6717
-317.9509
-435.6132
-719.4133
-558.7328
-247.8714
264.6743
50.46939
30009.5
20150.15
14151.58
9646.546
8652.217
5228.406
3779.826
2767.299
1381.142
1190.95
-163.5227
-235.5198
-1917.96
-1085.977
-1453.788
-2907.146
-1816.028
-989.4581
188.9086
529.8333
1281.94
1914.64
1449.581
1081.951
-2980.28
-2331.429
76.65561
-124.5048
623.0895
345.4046
1872.758
3098.761
1882.176
1216.485
1354.754
1143.066
3142.094
1622.5
1468.77
61339.75
39838.55
25849.26
17914.27
11772.68
7864.831
-16923.73
-11002.71
-7070.032
-3432.409
-3284.16
-1970.912
-933.9498
62.64512
-2222.519
-1273.332
-799.5162
-241.3335
17.76502
551.9184
-407.169
-2772.094
-1321.715
-1174.147
-893.9503
-639.8811
-1712.512
-1022.962
670.6003
3771.866
2859.018
1603.777
1616.567
1967.112
1935.76
5338.19
-2730.477
-442.5287
-11508.59
-7483.185
-4692.547
-945.1143
-14.61086
-220.3146
-733.8077
-249.2124
1412.918
-3219.768
-1827.776
-937.9067
-449.8075
-29.19113
-225.7308
208.2452
80.03834
-18733.92
-10535.16
-7012.978
-2690.394
-612.6063
-588.7333
1587.711
1745.707
7800.351
5416.095
3564.745
2573.831
1710.451
306.9268
790.6332
1500.042
-4745.518
-3189.458
-1263.962
-604.2296
-348.6584
-76.80015
1025.446
1053.985
1221.707
598.7876
-297.759
124.5472
551.8362
747.0116
470.5984
4432.293
1973.47
1525.058
876.192
908.4227
317.4679
62.87643
286.443
451.6278
212.5242
1066.767
2873.375
-45.34417
717.0093
1034.211
-6676.545
-4325.359
-2427.236
-1640.011
-555.3996
-326.1949
230.142
-511.4156
-624.2666
-707.6098
-1858.648
-657.6939
714.1165
-3406.955
-1349.664
-1381.895
-586.9534
1117.223
958.9899
33.3744
51.83814
596.4846
-891.5449
1328.305
835.3084
892.8032
1648.269
10570.69
6822.261
4627.8
3448.025
3457.256
3013.923
2164.738
1816.222
1141.694
587.2421
482.255
592.7897
-716.283
-979.3185
1117.38
2661.642
1193.862
740.2338
-1480.678
-3668.133
-2600.013
-1164.864
-774.5024
-982.3277
1484.472
2637.942
387.4936
-19.42602
144.1099
-928.9523
518.6591
635.8503
1355.036
1896.084
1629.254
-4009.559
-829.6464
-338.4166
2873.314
2323.968
1184.721
1289.497
953.5693
905.2368
1052.329
834.1133
538.4042
566.0671
344.7732
184.8914
1877.515
1010.269
728.4748
2487.422
249.6537
-310.9114
1219.008
87.29994
106.6962
593.8183
-675.2677
-1524.492
-1959.431
-942.2215
-11670.85
-7532.102
-15049.49
-9710.332
-6488.984
-7157.766
-4446.165
-5242.032
-3657.801
-3131.755
-2017.906
-1416.054
-545.5795
-623.6473
2728.157
1911.581
1405.577
-545.9043
-408.3651
-704.3885
-61.1104
30021.42
19900.71
12488.55
8613.584
12164.49
8659.615
7396.242
6025.697
3993.245
2685.849
-5086.129
-3632.196
-5037.939
-3790.845
-2501.236
1264.705
356.9691
649.6094
407.0289
-1352.522
-1098.696
-185.9135
-410.1286
-387.3292
5523.549
3272.274
1827.016
1145.22
875.4667
943.6811
1134.175
1367.061
443.8809
420.5811
688.6339
1251.267
1739.302
923.4518
-56.76272
-601.6899
11182.85
8396.41
11621.84
7996.1
4799.838
2592.211
1286.882
1088.81
-7.478553
-395.6595
33.10834
-266.568
3416.759
1960.852
883.5723
827.68
3245.57
2224.147
3412.333
2260.6
191.5607
661.784
788.6353
707.2964
342.7572
396.1335
-151.1042
-146.3663
-742.0744
-899.6114
3481.894
2916.474
3531.203
1900.766
1203.166
988.1564
463.6913
-219.5684
-669.8585
302.9321
44.5461
362.7852
-4548.075
-2799.238
1075.427
801.4875
795.168
877.7836
1763.287
1335.035
1034.518
335.6227
-251.6496
-99.47834
301.7229
-2016.178
-5130.675
-4525.878
-3051.299
-2033.302
-73.3053
137.1425
231.9698
-355.776
-472.382
411.7294
-2231.764
-1524.444
79.00358
-774.5234
-279.1484
37.88328
104.8357
175.3533
5814.697
4870.826
7593.162
19443.38
12937.67
6874.584
5327.82
3636.706
3110.746
1138.599
1145.325
-814.7306
-354.6936
-453.7763
444.4812
856.1152
908.308
5547.834
4018.108
2308.696
699.7799
1699.402
1233.194
159.7325
950.2858
1352.606
1797.027
1748312
1149213
755957.4
497808.7
327577
216748.7
143181
49537.08
32501.7
21122.04
13979.53
3393.762
1768.612
940.5815
618.6483
702.4994
775.9584
904.4153
903.8166
-2015.538
-1771.829
-1192.726
-569.6032
651.5294
1015.124
947.46
1607.913
1249.985
1029.754
3141.789
2338.947
2769.902
2084.279
1480.255
1242.158
1008.225
578.0436
139.2199
937.3784
1563.926
1499.734
1208.716
1054.021
148.751
292.7384
568.5491
-2968.688
-1719.336
-1963.02
-1112.935
-956.7523
-544.7226
-566.9878
824.602
527.3628
879.1158
667.9128
-5182.686
-25512.31
-16229.9
-12757.34
-8369.786
-5365.151
-3957.356
-3198.938
-1056.401
-990.1415
-756.7379
733.9356
469.7926
381.8563
710.856
583.0546
-10248.66
-10320.97
-5887.024
-2289.996
-1321.538
-1107.142
-79.55367
239.1688
293.3666
95.21458
395.276
820.6078
1574.482
1605.562
1981.149
-52024.87
-34129.39
-23204.35
-14593.27
-9633.783
-6235.269
-3312.506
-1465.519
-1539.947
-521.2795
-303.8427
-149.8225
228.3815
673.0835
487.9066
1697.965
1731.767
1541.686
-5204.505
-2391.763
-2746.679
-1529.443
-1218.728
-1028.373
-264.0575
-188.816
160.333
465.3358
1620.424
981.5956
652.8573
164.7839
501.9318
1030.006
357.4833
441765.5
292037.4
192834.4
127129.2
83901.82
70718.94
46123.16
30070.38
19299.17
13345.56
9046.384
6322.235
4364.858
3497.037
1259.319
1049.15
3032.224
2109.424
18352.13
12093.89
7890.853
5553.497
3790.407
2679.748
2145.873
2416.477
2016.666
1724.983
-922.9689
100.8163
-185496.5
-120971.3
-79522.04
-52496.16
-33483.54
-25398.99
-17007.74
-10193.93
-5550.805
-2957.619
-1907.941
-491.8589
-3.241945
375.1416
522.6048
1181.939
1043.82
18.96723
508.6
226.4108
3883.277
3130.939
3562.641
2597.654
2093.186
2337.884
-1559.816
-501.3869
-3396.479
-1601.274
403.4562
935.7221
347.8151
3014.852
2421.722
566.392
523.8675
-7414.172
-4555.736
-3491.403
-2122.494
-446.2639
880.7548
779.0754
1024.1
1159.309
-156.143
1636.008
1752.295
1846.34
1500.424
728.2984
74492.73
49217.61
32932.11
21785.02
16932
-11183.22
-6526.72
-3544.518
-1731.71
-1746.352
235.7962
1217.65
1228.917
1364.582
-4089.576
-2214.276
-838.4348
3236.4
2701.809
2043.432
1694.397
839.3187
1238.176
1246.4
796.0686
2301.103
499.8988
-9411.788
-7667.711
-4875.434
-3500.063
-1990.433
642.6899
73.42298
-666.7404
-107.5097
369.5142
221.5109
2424.518
2362.861
2016.324
2701.639
1725.459
1681.171
4964.845
4054.394
2397.016
1990.74
-515.6563
-274.3856
2095.457
1736.123
1974.106
1565.87
2802.228
2240.683
3288.681
685.3371
830.0868
709.8619
2433.077
2241.894
1235.322
2023.616
2525.854
2244.979
1781.557
-4023.9
-2032.351
8988.698
6364.721
4504.545
4087.894
2977.229
2453.918
1404.695
3146.271
2623.259
402.463
3391.636
-3963.844
-1936.451
303.0715
161.0687
1095.703
847.6304
2032.953
1925.467
1379.095
1870.862
1682.455
1948.22
1803.295
1664.79
2202.891
-5603.505
-3479.265
-1330.592
754.9217
-4708.762
-2514.22
248.7424
2595.77
2351.608
1922.781
-505.5852
-39.83648
753.9122
912.538
1063.717
1312.291
523.3246
1222.31
1254.572
1018.032
137.5456
1063.918
580.9505
1604.311
1819.031
-162.9319
678.1572
747.4291
1193.605
2370.246
1557.189
1325.735
1290.17
1592.402
511.4593
1483.728
343.695
942.0156
880.008
3660.59
3848.418
3409.225
2778.493
2276.896
1548.683
1882.525
1071.187
1429.529
1067.086
21.86439
648.012
894.1794
773.0867
1557.353
641.6231
1474.866
1693.826
1858.023
3409.106
2923.036
3736.492
5393.75
4067.642
4261.602
3038.758
5017.515
5903.341
4345.154
4184.195
3476.446
1618.171
11746.38
9331.117
6919.241
5999.507
6641.564
4609.516
3614.126
1888.448
2302.048
-4055.401
-5997.513
-3434.268
-262.187
133.7468
1016.014
1345.415
1076.345
645.0307
1875.802
1143.38
1330
1858.482
1667.522
-611.064
-2997.961
-1049.062
1763.602
1990.999
2001.87
2308.676
2497.892
2288.159
1678.273
1794.852
1471.418
1748.597
1569.014
2973.183
2418.89
2614.723
1998.584
631.1119
939.1361
797.517
-41174.53
-26739.23
-15922.81
-9446.632
-5983.738
-5057.94
-2343.062
-884.536
-341.9925
369.4901
958.8939
1671.389
292.0296
731.9274
1034.087
643.2754
-189.8661
601.0664
1021.23
1353.894
402.0857
906.3903
1230.806
1548.3
1951.237
2175.829
3578.047
3137.318
11710.96
7923.077
6650.574
7676.19
6057.374
4403.858
1791.86
500.3891
1039.977
1723.959
1945.393
2144.541
2035.046
16096.72
11106.82
7464.923
6084.785
4196.377
3346.605
1565.777
1764.816
2842.195
2778.168
1818.252
2414.727
2135.544
3808.93
11008.14
7471.617
8268.602
5917.152
5388.482
5693.109
4619.691
2136.539
-8053.682
-4759.741
-2549.326
-1629.54
-282.4341
921.6066
1224.618
1399.342
1539.854
-9081.337
-5930.353
-3059.775
4730.735
-8126.306
-6030.361
-3394.537
-3223.57
-4162.345
-2592.614
-1167.004
-1621.821
-15.03931
-446.6092
509.2999
634.2716
1449.387
1499.447
317.7813
768.8648
1483.092
2966.082
2763.649
2307.934
2026.224
2209.58
2833.717
2470.215
2264.128
1651.594
2210.451
3042.262
3368.4
3198.905
3363.26
3079.758
3095.344
3052.413
3176.357
2501.821
1888.438
2116.042
2254.666
1471.705
1854.702
1930.293
1477.21
-320.947
2650.091
2241.928
2260.775
2474.801
-215333.5
-141415.9
-92436.47
-60291.22
-39103.99
-24826.7
-15269.74
-9940.813
-10823.52
-6857.497
-3632.648
-1662.85
993.3126
1513.799
532.42
1178.566
303.7143
504.8895
625.5204
1161.582
1930.237
1463.611
1261.067
1075.012
-1636.873
1713.758
3694.054
-21189.85
-13211.96
-4348.521
-2711.6
-750.3441
-153.002
-63.22681
19.08937
-1158.428
145.4038
67.54492
-203.9246
395.5453
286.2373
-129973.7
-93542.71
-64695.49
-59089.85
-38028.65
-24535.48
-15491.27
-9931.239
-5900.403
-3681.05
-3086.01
-1637.914
-1487.529
-4056.362
-2327.375
-1386.576
-367.21
535.4181
446.763
646.2586
905.2483
1599.26
1504.05
1299.518
2533.541
-2636.338
1342.007
11.04512
562.8884
2407.662
2310.392
2181.05
1430.727
1923.188
7783.69
5720.28
4057.242
6259.693
4289.307
5410.36
48593.03
32313.52
22071.37
16629.51
14782.26
8606.245
4738.739
3646.133
2441.276
1952.539
528.3585
217.2559
783.1516
3332.275
913.9635
1506.033
1053.126
1211.422
906.1564
1253.775
3485.106
2635.107
2161.656
2025.783
1761.014
2248.066
1902.253
1838.24
1594.676
-607.243
174.788
1085.832
2914.835
-4242.549
-2513.451
-905.9441
419.6753
1146.108
90.19235
322.6314
1959.008
2738.225
2369.548
758.7544
1071.211
1286.254
-347.4212
-283.196
239.7212
757.9258
4585.454
-2927.857
-1246.747
-667.4556
-300.1439
12.75232
746.2326
540.0859
921.3448
1505.01
1535.654
1490.587
1720.563
1574.257
694.8764
549.3349
257.1112
58.71528
43.8946
-525.9534
196.4265
2153.214
2086.039
1705.028
959.4541
1122.45
1498.354
-1370.313
-786.5256
-234.1843
394.9083
2029.363
1038.598
1184.278
1313.324
2527.417
3305.956
2740.188
3550.723
1194.424
1243.424
1281.945
1452.688
1453.948
1463.339
1802.804
1224.199
1130.422
644.5321
-2805.969
-1371.573
267.2624
508.5861
-1885.16
-928.5941
256.1528
1153.229
1476.068
4461.199
3653.985
-6769.579
-3944.797
-1939.994
-233.7289
-1980.997
-793.1098
1958.871
2512.062
4951.174
3217.288
2576.828
1127.737
544.5953
191.6011
642.7828
486.2947
599.468
-1324.163
-720.2786
4867.895
2532.651
1724.877
1550.844
2014.292
2058.233
1363.913
1148.673
419.3242
719.9352
1066.64
2488.794
2204.858
2128.218
2379.06
2466.206
1438.032
1480.453
18527.77
12366.65
9068.443
6244.779
4853.762
3894.679
3278.462
3104.119
3920.889
2438.812
-15521.78
-14264.92
-8768.65
-5716.744
-1745.223
-577.1787
-744.3973
-462.4547
-226.3148
668.4207
810.6149
1058.096
943.1196
1013.304
477.6252
913.6774
1474.634
1858.777
1870.183
1364.933
-7935.157
-4330.93
-2374.704
-1996.783
-24148.41
-15215.34
-13382.77
-8780.082
-5336.368
-3266.922
-1748.314
3330.798
1434.614
1008.236
-316.6825
-436.9177
-798.38
519.2638
651.1337
2219.837
517.333
361.7203
830.5299
1217.09
1934.125
48.02893
3779.086
2813.123
1859.43
4088.598
6904.301
6368.174
4974.399
5056.313
3953.782
3284.237
3301.885
1503.011
1753.583
1843.164
1851.456
1821.094
3800.209
2142.594
2176.821
2453.176
1747.524
2270.2
-14614.23
-9161.232
-5949.082
-6639.206
-3736.522
-1790.148
-575.1293
-225.4028
-190.2243
758.1531
1141.76
50.53631
557.9362
813.5595
3803.294
3306.937
2563.701
2457.551
1491.251
-7220.704
-4931.151
-2875.952
-957.173
-1234.01
-466.502
474.4448
-60.15149
214.7712
5018.14
3804.194
3305.9
1149.238
272.6766
1300.63
1860.347
7278.714
5596.869
4444.715
3877.332
15174.6
10158.77
4439.507
3344.988
2367.142
2402.033
2220.853
2914.534
465.8297
963.8274
1319.816
1156.756
1324.606
1576.814
1560.455
521.9604
809.6928
1142.544
1554.787
1428.526
1807.96
1862.406
1917.2
1064.505
9176.43
6591.217
4931.677
2713.731
2206.983
3344.975
2272.17
1939.432
1962.338
1313.372
979.8739
1607.441
693.3403
-960.3094
-1056.531
238.7817
1120.346
1183.921
433.4541
407.8347
5991.559
20115.74
10286.58
6617.081
6402.74
3355.054
3318.242
3249.41
1394.295
-87938.3
-58499.27
-38385.17
-25478.2
-16315.89
-10242.21
-7284.629
-4457.726
-2600.618
-1005.496
97.95806
1096.589
1560.156
2048.555
1962.681
1543.176
1902.415
2476.346
2482.644
694.597
-411.3708
-472.1986
3340.816
3460.228
2710.022
1779.939
-103.5149
1631.806
1870.855
1698.357
2174.514
2405.977
2339.097
1751.974
1797.583
2445.46
3235.875
3169.247
2251.244
2169.335
2519.02
2263.517
2539.704
1637.887
1936.045
2278.575
2941.769
-884.6273
147.3453
1315.623
9657.326
6586.987
4937.898
4550.168
3815.539
2389.698
2275.22
2321.288
2417.308
-20421.22
-12495.83
-6370.605
-3255.246
-1134.324
-384.4594
3924.993
2724.693
255.7808
-12835.37
-6716.584
-3669.411
-723.0311
652.3967
1219.374
1763.4
1204.572
1734.752
1927.711
2583.945
7679.256
5174.752
4496.228
3771.973
2807.358
2746.736
1814.188
1341.667
1480.46
1764.612
1358.317
1277.137
1453.379
3649.679
3564.67
3232.156
3140.489
2777.728
2500.458
2584.683
1997.875
3311.561
3262.48
1066.033
1323.559
1907.309
4360.741
3721.408
3365.513
2575.533
1765.462
1987.888
2331.804
2434.225
1812.429
1926.942
2384.708
2137.798
1933.624
3818.155
3117.663
2313.543
2247.453
6947.23
5453.197
4637.784
4156.772
4054.481
-4585.265
-1663.899
-785.5315
-5220.967
-2147.549
-837.1125
1231.579
1467.932
2158.029
2394.941
2416.501
917.0742
1918.156
814.6511
1124.052
2580.011
2561.49
2282.824
1526.824
1934.244
1464.324
538.6774
1233.433
7564.277
6068.841
4747.465
3709.476
791.8484
2317.23
2242.587
2180.395
1256.363
1526.788
1798.717
5607.648
4684.63
4095.055
2831.03
2695.735
2661.143
3976.508
5978.561
5007.916
3971.748
-4736.146
-3434.868
-2041.921
-1583.447
-293.9693
-2905.188
-1431.718
-157.1755
1811.682
1766.905
6086.252
4551.793
4521.54
4309.734
13675.77
12682.4
9454.483
5215.938
4224.168
1224.478
6740.973
5394.607
2572.269
7477.796
6339.655
4871.783
5125.484
4397.768
3149.781
3259.993
3200.535
2193.768
3024.929
3290.831
3833.235
2438.524
-5758.321
-2559.256
433.0194
124.2885
2523.614
-683.3124
-20.15363
1231.084
2045.47
2024.306
1864.149
1564.05
1986.861
3080.757
2572.45
2817.998
2581.224
-984.3413
-175.1917
1201.581
1565.952
2006.489
2125.762
2343.766
4288.098
1794.944
2036.846
2765.102
-2937.989
-481.2577
810.727
1056.099
750.5252
863.4059
1475.331
2427.108
1669.466
1709.496
2226.8
2604.852
-4229.926
-2054.597
-720.882
10260.13
6439.105
5081.339
4591.958
3985.377
2791.698
-6748.684
-1362.125
-28.5201
-11834.14
-8179.278
-2396.108
-577.9342
569.0166
1507.069
725.2027
-13123.12
-7497.48
-3549.176
-1154.793
-15.87082
1110.629
2285.551
3423.976
3240.157
4475.211
4542.61
3307.698
3110.342
3350.442
2015.308
2444.245
2381.891
-6566.132
-3310.299
-1215.068
387.5508
1210.472
1415.831
1962.923
2282.956
1402.461
2295.914
2357.537
2828.059
-2725.195
-1502.05
-140.7709
270.0977
906.492
1493.643
2753.161
3357.424
4466.421
3459.768
2915.863
3265.873
4252.108
5938.99
5463.44
3646.61
3164.334
2114.027
2408.765
3432.694
3856.355
3593.178
3064.619
2413.853
2239.712
2490.825
3822.595
6126.529
5550.861
5162.806
5789.349
4686.103
4991.355
4421.955
4038.456
2373.102
171131
118747.7
79430.55
53256.25
36681.96
24676.13
16163.86
12129.63
8905.156
6772.116
5926.302
5450.389
4599.743
5265.548
4435.666
3174.569
2808.946
3756.97
3739.529
3436.306
3112.357
3057.743
2574.604
1803.106
4252.402
2924.034
2827.677
3131.039
3122.035
3316.223
3473.781
3916.101
5824.177
4630.622
3420.771
3313.737
2714.431
2717.025
3423.184
1708.327
1975.573
2431.323
2954.961
-505.0777
-170.1436
828.3345
1351.205
1905.798
4037.501
3709.012
1906.065
2781.532
3660.7
3588.179
3772.276
3574.549
4249.089
5117.173
4896.816
4220.885
-5923.464
-2507.03
-2202.343
173.4134
1454.393
956.9277
728.7441
1725.256
825.6622
1736.994
1282.068
1751.047
2442.186
3062.33
3237.474
2674.079
2525.697
2741.118
2798.41
3026.766
3854.671
3396.481
3549.495
3263.483
3803.204
4515.522
3322.895
6788.408
5815.957
4663.865
3778.244
1376.525
2110.172
2220.692
2270.665
2462.375
2919.679
2675.181
3003.623
6733.618
4988.792
4337.314
4187.829
2689.711
2678.08
2332.287
1559.355
3328.526
3741.151
3812.366
4081.738
3728.581
981.0665
1067.821
1449.563
9281.234
6987.542
5546.67
4896.742
4356.313
3746.673
3354.862
3116.442
3147.845
3224.693
1862.115
1099.3
-142.9492
1646.734
1033.544
1571.326
2253.593
2585.826
3160.767
2558.973
3148.15
3957.702
3608.946
4227.494
3816.443
-372777.1
-244911.6
-160263.1
-103939.7
-67388.16
-42378.3
-26049.68
-16552.78
-9471.097
-7072.224
209.3423
2362.383
2441.61
2492.869
2613.407
2263.47
2100.799
2487.452
2514
2139.262
1198.328
1357.086
1992.147
2613.65
3818.632
3085.44
3066.167
4501.554
3468.483
3731.965
3352.806
3202.465
12556.46
9369.899
10108.86
7765.371
6418.993
5699.558
3053.145
2933.842
2832.538
2858.549
2916.756
4992.549
4230.11
3550.649
2821.638
2328.229
2259.021
10051.17
7226.679
5471.553
5598.29
4365.996
3874.034
3593.753
3504.523
3872.049
3542.316
2827.773
2616.493
2923.761
2918.456
-519.692
-2121.492
-599.6953
533.3294
1394.225
1694.134
5973.637
4954.127
4574.878
3880.135
3725.234
2941.325
2847.372
881.2231
1571.305
1827.189
1976.973
2504.941
2662.372
2718.739
3024.759
2572.819
1558.356
1431.481
2967.411
4306.966
5314.108
4834.496
18931.17
12446.73
10040.99
7280.318
29053.98
27011.26
17283.78
12492.27
9029.845
6171.022
4628.232
3558.735
5130.778
4614.23
3740.45
3441.232
1071.583
1459.611
3027.808
2386.864
2680.953
2398.849
242.2656
1205.034
39441.92
25860.59
17669.46
11815.92
9000.918
5646.443
4610.686
4668.291
4068.273
3497.319
2921.402
2001.246
2392.631
2691.661
2891.697
3254.79
3047.376
2887.161
3852.757
5158.262
7029.35
6648.69
5622.144
4136.886
3127.863
3012.355
3573.369
3158.161
3271.427
3107.606
2639.394
2720.13
2843.869
2315.873
2409.883
2338.544
3057.876
2861.39
2619.64
1177.503
-4805.82
-2285.81
-1072.686
-136.6437
2715.894
2619.543
2756.735
2495.218
3645.968
8060.455
6560.726
5945.107
4210.757
3698.899
3384.951
-5434.832
2164.532
2894.827
2680.972
2062.224
1946.453
3734.958
2123.954
2962.937
1379.748
-656.1486
784.1829
2868.714
3011.486
2595.082
4108.35
2879.875
2233.06
2327.977
2770.268
2439.022
2825.654
2538.308
4244.843
3992.833
3968.439
1486.401
1669.009
1500.078
2902.223
4011.505
3769.177
1641.937
1795.822
-1798.263
133.1501
2258.129
2311.637
3077.03
3048.741
1840.358
1897.565
1955.57
1673.783
2090.404
2184.308
-533.1852
300.8961
861.9976
3368.282
2705.965
1962.278
2185.53
2128.074
4379.464
4111.688
3977.783
4511.109
3503.748
3141.782
3850.371
-5050.824
-2822.865
-1176.731
112.9696
56.4096
159.8527
-783.5995
200.3985
-16364.29
-9732.94
-2894.13
-1245.599
471.6377
204.8085
490.4667
1543.918
1739.881
1819.374
2666.197
2851.522
2798.83
2878.86
2630.922
249.7403
1128.834
1590.941
2261.667
2543.468
2521.106
2678.903
3253.704
16097.68
9523.379
6917.443
11051.8
7786.216
4753.338
5907.705
4706.128
3792.055
4101.362
1002.379
1645.281
2218.695
1806.711
2646.166
355.1244
858.2154
861.4062
2899.15
2679.951
2483.248
2642.685
2879.394
3271.399
455.239
754.0252
2825.773
2383.125
2319.311
2617.789
2836.985
2498.214
2621.39
2028.146
3152.679
1880.52
2950.869
2234.101
1705.568
3293.16
3122.908
3342.906
2543.981
1960.743
-5731.43
-3551.012
-2193.057
-85.81441
1115.904
1859.318
2410.595
2618.979
2967.216
2891.768
3046.019
1438.912
1874.057
2468.489
2846.237
716.1697
1682.774
2483.508
1212.6
-15737.63
-8776.312
-5554.934
-2352.57
-801.7202
887.0899
897.6618
2300.986
1930.14
1923.936
2367.638
2579.191
3072.166
3279.409
2890.987
2887.982
3358.778
2801.905
2379.142
1521.686
1655.488
-2638.168
-518.8415
2796.905
2763.352
3532.169
3032.463
-65679.31
-45383.69
-29140.82
-20210.34
-12112.39
-9266.404
-6455.578
-1079.52
434.6024
2882.862
2882.472
3073.356
2810.58
-1899.617
133.386
1374.525
1835.752
1714.016
1707.323
1904.34
6293.548
-33304.72
-21033.72
-12706.09
-9895.935
-5687.155
-3154.647
-1023.839
-9.411113
1080.545
1264.219
973.4668
1524.264
1695.798
4436.836
3085.523
3025.14
3052.86
3163.861
2787.796
3372.528
2785.663
2812.097
4657.704
3572.202
4525.447
3714.283
1995.685
2387.212
2639.27
2454.626
2480.75
2643.549
2795.983
4549.73
3998.633
4180.355
3489.096
2384.027
2182.747
2277.085
2790.674
-2232.533
-1409.117
-234.5013
668.5415
1689.837
2061.161
2026.348
-13974.14
-8542.06
-4788.143
-2244.429
-881.9688
535.9111
1380.065
2224.275
2495.446
2002.618
2189.629
2091.46
2684.928
3130.569
3254.975
-1410.746
1147.012
1835.515
1394.55
40909.34
26849.58
19282.17
13521.48
9770.484
3871.554
6013.969
5302.219
4639.847
4537.038
3887.481
3347.177
3011.813
-1578.986
615.1542
-13595.8
-7708.887
-3773.155
-1319.696
28.09251
1019.358
5256.03
263137
172686.2
115260.7
77053.88
51821.75
34762.92
24176.85
17050.71
17270.83
12361.64
8857.634
6489.78
5106.108
4233.462
3900.654
992.0463
877.1293
2183.752
1180.756
1312.985
1934.455
2339.977
3245.931
2978.63
3303.405
2924.374
4799.558
4618.869
4085.867
3099.947
2670.026
2287.688
2779.851
2628.295
2970.359
3287.823
-1708.25
779.9604
3050.216
3549.382
3863.02
3812.518
2897.456
2231.658
2407.587
2798.755
2634.956
2871.076
6131.542
5241.323
4337.335
3375.475
2653.339
2609.999
2451.008
3233.077
2578.923
726.2897
2158.766
2895.87
2742.629
2518.464
2062.684
2780.786
3245.758
3101.123
3393.601
6305.156
5487.271
2897.31
-1713.574
-740.5496
555.7732
29.3643
550.6782
1692.474
2566.506
629.7353
-2597.191
-379.9502
1027.381
2039.73
1940.423
2274.052
2158.991
1881.57
5505.121
3673.636
3676.352
2144.681
3115.819
3188.566
3285.266
3290.401
3414.132
4503.024
4407.434
3844.087
3455.608
2578.727
3292.796
5061.329
6207.513
4846.942
4658.196
3949.983
-2846.27
-427.3091
842.9906
-207.0961
3934.966
5418.639
4631.633
4037.284
2464.274
2595.068
2975.413
-126544.3
-81268.17
-52192.04
-30436.62
-18883.21
-11882.8
-7569.541
-3619.343
-877.5486
-2143.195
-393.9526
271.9455
1507.89
2547.584
5898.888
3543.756
4346.966
3443.404
2407.215
2917.64
3205.064
5426.769
4474.129
4447.306
8067.649
6738.786
5741.45
2886.546
2294.77
2619.868
2022.623
2570.66
2959.073
4012.844
4934.365
5625.578
3699.212
4056.292
4094.072
3886.554
3925.525
3639.135
3914.993
-2974.819
-638.3032
863.9369
17461.35
14115.81
11016.89
8713.517
7311.046
15944.8
8882.405
8225.333
7848.504
6421.83
5982.87
5229.691
4861.121
6349.029
8382.08
2174.164
2847.687
3716.129
3689.479
3275.624
2874.235
2940.392
3318.898
5588.863
4098.735
1957.665
2057.966
5302.901
5323.475
7084.973
6180.169
5651.935
4170.02
4220.812
4284.416
4489.903
2665.457
3014.953
3861.557
3890.479
4105.241
6148.643
5505.963
4111.103
4665.897
4463.841
4262.777
2870.536
3778.983
4050.376
4158.12
4386.245
4875.043
4498.744
3915.925
3784.464
3763.585
4292.161
4827.964
1814.484
3471.523
3735.858
4116.018
-4351.14
-1300.065
572.0826
2889.039
2031.597
1799.579
2197.737
1434.525
3668.635
3540.046
2416.493
2844.776
3653.098
3932.137
3800.838
1812.145
3019.05
3258.251
3614.446
2285.154
2296.673
1973.044
2727.455
2933.972
3879
3732.199
3689.429
3759.366
4390.245
4716.358
4379.695
5312.958
5253.585
4849.875
4852.487
3900.315
4060.699
3954.744
4600.208
8459.7
7253.384
6816.763
5074.83
4825.582
8436.866
7089.732
3846.465
4125.603
2024.813
3169.205
4376.762
5605.82
4758.456
4380.409
4434.696
5046.437
4808.712
4617.741
4753.868
4886.283
4767.225
2708.256
3766.055
3684.619
3859.548
4296.077
3497.268
4032.292
3285.507
3752.58
4035.21
3675.11
3075.823
3049.69
3937.25
3760.614
3797.572
4413.217
4628.819
4242.86
4088.704
-2812.081
-898.5667
585.2074
2150.402
2477.684
8628.81
6977.158
5605.762
3988.219
3832.76
3357.427
5448.532
5034.254
5621.674
5211.621
5114.544
4588.802
4545.954
4357.94
4049.71
4160.665
2794.209
3187.171
3807.177
4270.677
4316.809
3931.053
3625.591
3606.64
3646.292
1489.085
2843.354
3546.542
3888.376
5908.087
14883.02
11015.21
8605.305
6467.269
5561.191
-41359.58
-25445.83
-15086.28
-8607.918
-4335.185
-926.2196
2980.505
3128.833
2741.826
3374.194
-3007.74
-188.4989
1489.27
-2339.825
259.1892
2661.072
3393.814
10403.96
7503.145
6269.683
4726.15
4482.056
4466.71
5057.02
4241.858
3702.415
4526.587
3344.281
-11737.41
-6413.914
-2910.888
67.83827
1001.871
627.2467
1714.037
2498.65
1899.905
1019.807
1671.305
2184.389
2922.535
3276.691
3662.015
3724.219
3863.683
-22.61576
3455.495
2886.981
4328.745
5016.46
6183.455
2053.228
2971.643
3318.79
3135.634
4027.98
4420.15
5017.307
5415.297
7218.505
6290.391
5379.374
3271.511
3372.532
-342.514
1185.743
2311.053
3006.583
-6392.264
-3426.426
-794.7803
-3568.759
-656.8988
1505.54
1901.912
2628.301
3285.864
4318.182
4058.997
3974.848
4183.35
-7332.291
-6067.82
-2462.838
-8.139155
1683.173
7375.917
6322.681
-21305.46
7880.223
6364.721
5550.449
4952.749
4678.568
5014.122
4681.984
4804.922
4370.598
3884.137
-8315.808
-4194.062
-15267.75
-8625.103
-3445.153
-1588.508
265.5918
908.5423
2977.048
2950.895
2962.555
3511.05
2963.851
3659.302
3035.555
4183.962
4486.285
5098.445
4524.533
5325.48
4860.48
4673.041
4158.552
4794.784
4762.998
-7968.823
-4475.859
215391.4
142906.6
95274.73
64264.3
42970.49
29610.38
20813.92
16620.76
11981.81
10208.51
7947.04
6328.154
5325.136
4927.204
4189.439
4113.149
2590.512
2516.813
1723.4
2407.988
11363.86
8358.896
6272.056
4500.408
3522.679
3703.514
3434.821
4915.781
4109.832
2315.772
3318.938
2931.639
2878.056
-8601.893
-5092.727
-2115.703
-17768.45
-10264.91
