562.4861
260.0622
-94.54165
155.8461
669.4789
405.2618
-97.36758
1103.48
257.918
606.5769
531.8795
179.4079
132.0364
24.24617
-588.0943
-202.1449
-0.5824121
-1157.769
5415.338
2320.922
1356.751
877.6721
432.0768
-395.236
387.4395
221.8561
362.0133
546.2968
1242.845
1930.907
898.0823
311.2087
2008.659
2064.565
1972.203
1162.345
53.97455
383.2963
239.943
3224.292
2118.764
5530.842
3601.14
1665.548
6003.807
2434.933
1499.405
727.9207
-156.8381
-1211.774
-873.7779
-1890.004
-804.2492
-515.6753
-6273.82
-2233.344
-623.9003
-585.9569
1703.242
-150.4779
95.55598
-214.013
652.0259
557.7023
718.0294
464.6441
12889.62
5211.502
1989.208
1273.843
-34.27657
124.3796
-469.9617
-451.412
146.6095
324.7024
-5451.052
-1793.8
-2750.353
-690.716
-799.5244
-89.2635
749.8826
-367.6457
-237.8702
2438.092
1856.039
1093.004
1044.361
-9488.679
-3178.252
-1066.009
239.6308
-227.6299
-1088.083
-805.9421
-209.668
42.30773
577.3699
885.7711
393.1692
196.7618
557.1091
-13.83422
3126.159
2502.484
1254.679
843.4519
469.9861
57.79371
-288.5404
78.1547
-634.5631
1722.378
-1703.526
-297.8064
518.0043
-550.4363
97.96563
1162.889
321.4734
562.6034
-96.40896
184.1478
-172.2271
54.22492
-1025.771
-520.3269
159.9864
388.6005
-23.82206
201.7539
227.511
-698.8323
42.97885
-1110.993
3310.377
953.2307
374.1186
500.1777
-172.4453
3119.698
1732.361
976.4032
7261.996
10027.28
3746.792
1107.118
155.1776
-570.8397
-278.7623
-111.5988
296.7252
228.543
960.3247
1030.321
2156.549
-156.9786
-902.2847
-1036.975
-728.3415
-2325.259
-3330.92
-918.2568
106.8138
-852.0754
2569.925
1190.976
726.0038
182.8248
490.6996
13575.19
5189.011
2314.401
10510.88
3429.57
2700.063
760.3142
119.339
-820.8816
-378.7454
373.8223
60.27554
-1041.675
-360.0868
-204.0963
-64.27862
-282.4579
-142.9667
-128.2665
488.8027
825.5604
-1366.205
-211.0204
-418.1785
-24.20985
-148.6535
-333.367
-151.7845
0.3957448
-2728.476
-1323.27
-15733.19
-6469.888
-2379.306
-1006.508
-3557.89
-1182.741
-417.4036
-347.1333
-509.9172
-860.8398
-793.6874
5.672696
544.6185
2618.128
1421.106
779.7636
81.74444
239.8898
-652.9479
-107.574
217.7389
-17.90895
-532.9737
-318.9132
-1864.054
3087.714
262.0249
192.1857
2181.041
-1330.713
1776.181
609.4527
1184.625
1769.126
825.4884
530.0015
873.2433
898.343
-141.6361
-15.51935
-374.4875
2554.627
344.5991
30.51233
211.0914
81.74355
290.157
44.4965
-568.7587
-346.7235
3839.434
1380.157
-759.8196
-368.6328
-279.2813
728.8109
42.62534
79.35645
-986.8621
-467.9097
-1165.309
-1154.607
-1258.388
2174.108
376.2554
389.2483
-820.2538
-750.6031
-1161.199
102.1856
117.3457
660.9461
489.3981
-934.2136
-433.6438
-767.319
-128.06
-481.2528
78.11487
-150.8656
1659.479
857.3985
147.0223
1268.841
497.218
-201.2866
-678.2522
-217.0681
-214.4599
20.86437
-107.5645
-1128.824
-210.4457
-113.3222
52.14587
122.8421
-2126.169
-870.928
-2170.196
-617.2828
130.143
-345.1586
89.87052
373.1875
-319.5802
-936.6916
-226.2644
-329.7617
776.5327
-32.17478
-252.4688
-1597.673
-509.4776
-628.051
350.8528
407.8071
552.7767
1136.266
744.6282
751.69
364.4385
111.5173
496.0128
371.2082
686.693
1553.403
1132.186
309.6421
601.63
-339.2905
25.86616
130.344
-368.2862
2096.57
1282.644
1024.545
393.3571
510.4805
-418.8909
-17.16067
-119.2301
306.9222
82.38846
86.8881
476.1436
-589.8895
-117.5878
173.5428
1648.162
1679.099
1381.775
398.6173
551.7867
4278.404
1675.31
1272.865
928.6064
727.9834
478.5708
1041.47
2174.331
578.6683
555.8246
476.1534
421.145
-5.401993
287.5933
961.3904
988.722
5042.554
2289.814
1190.659
-808.0345
1299.29
3789.751
4027.785
2399.94
-6769.814
-2621.029
-760.9933
510.3494
393.9741
573.8876
-109.0228
1008.385
-1257.157
231.1184
523.344
809.2854
1702.498
-15116.36
-5400.532
-1956.649
-994.0639
3024.499
1236.372
394.1571
-1.740925
-21.07099
206.8021
-381.1828
270.1865
599.8688
439.8673
282.0612
918.9088
-96.33062
600.344
-387.4103
1384.489
1255.475
-1797.256
2399.564
1056.437
15651.74
6943.21
6230.616
2738.044
3082.536
1111.503
955.444
900.1172
641.8593
835.0998
458.8881
669.956
-434.2486
368.7772
862.9907
1240.773
1170.792
1286.26
2527.749
1449.831
1201.3
180.2231
650.9705
967.6035
1053.809
509.7575
-1101014
-433108.5
-170760.1
-66779.9
-26463.95
-10056.17
-5147.847
-1537.825
-204.5653
644.847
670.9607
268.5095
1210.731
1720.038
-1743.877
40.77269
402.4383
604.6817
261.2774
1033.939
1096.231
1023.985
291.4789
605.9838
-580.8538
-160.6894
164.2164
-128.3727
-133.9204
-4.046006
223.5024
5370.005
2678.29
-2445.363
-781.6868
-180.4686
115.0515
1216.115
401.9515
319.0389
1336.033
995.406
720.6852
733.09
1008.29
1216.724
802.0849
455.8437
-24.09353
-19245.09
-3782.608
-2046.416
-504.1736
355.2733
248.3026
452.2031
315.2746
959.933
-78.51888
936.6545
617.8927
-2.822909
-128.0025
2541.827
-1302.246
-90.53497
-899.7269
-617.388
73.2088
1553.009
1107.662
-1353.811
-1477.292
-481.3637
-460.8987
308.6152
693.2655
-891.6662
-201.1922
721.1534
542.1834
-4443.136
-3762.183
-1246.023
-422.6316
892.8342
-1521.316
-259.3713
29.6402
-4905.924
-1744.113
-297.5647
-1521.782
-826.1134
-228.5948
12934.1
5334.212
1722.428
-3051.366
-2024.191
-292.3382
617.075
612.9063
187.1102
961.6847
-49.48151
266.6353
-1834.692
-452.8082
93.01529
2137.816
1026.337
9068.35
3704.226
1636.385
1189.885
644.4063
778.9393
30.09674
-197.5879
-153.9821
-402.1723
-399.8536
82.96734
279.7844
-102.349
-2401.028
-2655.139
-588.9986
-2981.356
-1576.757
5974.8
2584.853
819.0017
-7905.172
-3312.355
406.0741
-1491.331
-398.2268
-65.68982
35.36647
26027.78
10681.83
3782.747
-514.7546
217.7127
413.6676
1722.62
689.4789
594.2776
552.5975
680.4664
973.4984
14.74035
-19.45949
357.3141
96.12727
561.1546
675.1895
-226.887
-724.8185
-151.4614
166.4076
816.842
38.24131
393.1308
613.7435
1259.553
1200.108
5558.388
905.8927
-1750.47
-4312.206
-1566.682
-394.8095
1951.376
1786.885
556.656
-90.06755
-37.61406
-67.73281
308.2793
364.8159
514.4969
22.59216
-20.01334
615.0462
-1323.885
-558.2352
-236.5909
378.6961
199.6508
670.4544
339.005
476.0806
328.0064
3032.386
1420.629
1006.383
15944.6
6016.907
2927.313
1598.934
1034.641
841.0574
-1425.429
-73.64972
1573.471
909.0276
633.2153
1047.563
998.1374
734.9965
895.2821
733.0257
880.4002
-140.764
-384.8719
-287.2492
497.1229
-41.36383
802.2545
-237.1888
871.168
-26977.07
-10779.38
-4091.267
-976.229
-797.3865
9.609249
546.6875
940.6513
740.3384
680.5411
128.9059
560.8284
1195.27
1003.584
1266.694
353.6227
752.9946
2625.63
1336.751
1298.697
1547.782
-662.8824
-349.9689
638.1955
1187.04
2357.832
988.1369
3009.744
1238.077
835.1876
458.4173
720.4759
-727.2614
462.9056
-997.5319
2627.617
1959.288
8982.78
3462.345
1495.67
1230.18
415.911
1741.013
1297.022
4051.913
137.9068
377.7357
740.4026
928.9462
936.9159
740.6376
189.5237
739.9028
1162.554
1424.907
1409.062
2124.572
1802.939
364.1544
770.8487
1041.43
1635.133
185.8516
722.6456
902.5466
1016.322
1375.096
1941.825
12255.83
5878.72
3252.865
1834.615
1708.718
1211.591
486.831
1498.634
3082.331
1584.63
568.36
1067.966
1016.145
1033.531
1365.189
1331.363
5304.042
5634.194
3020.719
1576.616
-4232.861
-856.8003
619.0778
552.6973
9663.717
-4205.914
-818.5328
297.5486
561.8843
1745.91
1838.518
1384.547
5730.496
2491.096
-448.9191
254.4854
564.3042
479.5177
583.9358
902.5483
1117.709
670.7193
860.1875
1140.556
902.1683
2116.191
1036.305
1449.704
3191.221
94.92389
642.5092
1161.346
1771.026
1441.441
393.4904
745.3343
768.7765
-3269.735
-1086.115
-131.1065
43.48965
797.7208
31.10701
729.3076
1116.227
-619.5981
1038.59
992.4446
1647.887
1252.794
-24878.12
-9211.039
-3128.866
-813.7775
-1164.052
-98.36646
977.1093
59.99821
517.9865
760.7183
1185.647
999.6737
1241.817
1071.512
1556.358
1153.319
906.2378
3630.058
1557.172
800.095
1076.707
1364.953
-98.02831
138.0844
450.9704
1291.316
-2860.615
-302.5563
233.8029
-144.1101
337.3405
-93.24246
-631.2526
1368.871
1050.686
661.5297
663.7817
1659.453
1256.424
1724.134
1558.104
566.8901
518.2133
-51.17162
-107.1957
149.1785
748.4426
928.7818
496.0844
791.0352
387.9156
102.2284
1009.406
831.6375
443.1294
-6.568276
63.33832
294.1084
426.1209
-268.8714
433.9114
2015.558
822.2813
-570.3753
-361.8446
121.5701
-1706.857
450.2645
1033.046
159.5896
896.2407
1092.263
788.7433
-94.99215
42.543
283.5185
1037.255
61.93629
231.4397
424.8249
256.3306
388.932
432.84
372.9703
-986.1308
280.352
64.47253
1547.527
1235.855
-47.23482
3.027483
-778.0842
-709.1289
-339.3198
-1214.735
1217.908
31.77
118.5576
1334.163
2567.669
1518.287
610.7748
-80.72093
-1330.86
-0.8249893
-575.6158
163.796
-4687.937
-1696.974
-268.1642
571.8881
164.44
9442.468
5609.204
1841.802
780.7981
966.2777
740.7489
-577.8549
1107.709
1734.539
1319.034
966.223
573.8088
435.4735
70.22099
646.3467
-1714.536
-332.406
66.54034
968.7137
817.0424
-2904.373
80.99955
407.0395
2534.191
1555.316
1052.3
936.1586
707.3355
571.8769
641.4437
632.6682
467.9698
-88.50489
205.7019
-398.5315
607.3248
57.66053
257.2366
470.7261
-480.938
135.5442
932.377
1243.093
3996.843
654.9201
985.2008
1907.602
206.2387
472.8537
-59.12559
452.6546
797.3581
-591.5777
367.4301
-237.5909
373.8101
392.6638
700.8389
342.4146
476.4993
998.3953
899.9827
746.9103
725.1217
1254.304
698.9045
-640.6481
282.8723
-4355.323
-579.1271
-1377.44
-106.7554
810.2652
1843.501
1391.243
1636.642
1253.565
2023.923
2259.405
1226.628
774.6597
1015.05
1130.473
1238.177
1049.618
1092.545
1317.591
364.5413
1544.83
1272.5
1544.609
4191.101
2740.886
-1231.363
-1278.779
356.0331
-790.6617
669.1889
2852.771
1502.901
1679.711
1237.27
820.3671
3516.384
2125.705
2545.916
1932.263
1714.232
1457.928
6899.392
3119.157
1840.841
2080.202
3225.633
2143.361
1490.727
2498.797
1136.365
3134.654
-2515.953
-1790.149
411.3066
1455.357
1047.705
2518.069
2159.787
1204.088
4161.559
2989.561
2082.302
3089.806
2609.591
1216.861
1953.973
1602.891
1406.777
-335.4832
2405.17
1649.651
3246.896
2370.606
1233.126
1404.927
1194.386
6755.026
2813.081
-201.8056
876.5348
748.1219
6423.041
2776.147
1939.145
1188.896
804.8561
1085.836
1206.084
1760.586
1833.145
1583.428
127.7785
243.3693
1646.856
1448.088
807.7413
1436.902
1534.427
908.6616
1126.04
3970.327
2596.721
1986.456
5878.302
3807.59
2484.943
1778.696
1557.987
501.5546
1358.085
979.2088
1949.392
2116.389
1520.257
1450.984
1296.385
1800.293
1463.995
1577.771
1520.151
1125.767
1190.598
3682.357
2466.971
-648.7198
1236.219
2176.282
1638.697
2061.834
1240.864
1120.375
1686.637
1304.084
1365.856
2022.685
-1281.458
486.0687
1381.2
1074.192
994.8734
1000.401
962.9338
1393.12
1893.72
894.414
1077.884
2075.731
5290.718
4939.794
2465.233
1837.96
1970.836
922.4731
1142.287
986.282
2557.976
808.9407
1871.345
2030.293
2091.495
1424.166
1700.181
1406.771
420789.6
166469.8
66201.25
27904.01
12217.07
5454.283
2817.856
1988.313
1159.962
840.9161
928.5035
1200.194
1164.947
1379.246
1094.422
1265.612
1172.559
1205.827
359.1755
1133.98
-411.8833
730.2025
924.1128
1661.519
1936.317
1427.039
328.902
345.7547
-300.2545
691.3752
653.3153
1010.656
761.5864
1330.015
272.9323
926.0019
1403.36
1333.551
1045.033
357.6407
673.6329
940.8754
920.563
1418.313
2639.525
1542.642
1167.048
970.596
814.5638
1003.561
928.6857
346.5572
192.3058
1838.681
1527.637
1046.055
991.9684
-2098.732
75.16778
1293.579
1018.767
888.3926
1115.99
3362.322
817.039
111.2033
568.5022
1109.226
1813.847
1541.921
1311.469
771.7069
796.1894
947.3688
1079.237
770.4578
954.2911
776.0567
824.3239
747.6484
604.4992
797.5961
915.7644
1752.184
15143.53
4406.588
2020.625
1116.877
1210.039
783.1364
979.4538
882.6952
1388.252
876.6225
1123.08
171.094
122.6041
724.1592
2402.927
1552.593
940.2615
894.1821
661.7442
1651.157
1022.005
1095.637
1302.192
1169.446
1149.384
1065.913
30444.43
11890.58
5037.999
3420.882
1751.139
1161.59
173.8783
326.1923
885.9691
-133.2578
196.9899
368.9019
425.8318
870.4902
1012.385
2814.492
1677.863
-1301.032
146.9147
800.7311
488.8554
547.1143
597.7268
2900.59
1621.01
9590.069
3844.31
2299.955
1691.041
1065.076
1320.12
5743.769
2580.315
1714.222
744.4191
1182.945
-374.3698
39.3707
683.9294
705.4804
1082.9
562.0755
4153.551
2269.828
8974.959
4363.532
2423.193
7235.433
3212.928
1942.743
1066.483
44.92165
141.3176
581.8839
-3548.013
-1028.773
-978.8231
-672.9159
360.6763
-172.0802
953.8587
1321.119
1025.379
894.9852
192.6325
57.67383
658.9216
-554.6124
1421.365
1090.046
-2712.907
-181.3112
-600.4448
389.4626
614014
245939.3
97785.52
39981.11
15984.64
7440.189
3712.228
2921.635
1742.185
1634.967
1137.385
1165.744
1279.858
1021.016
1362.42
2928.354
2168.784
1759.105
1245.543
1266.925
1200.804
941.6222
2957.586
2464.69
-3325.155
-316.7091
-384.1816
-10526.88
-3577.918
-124.7894
775.9543
640.4211
822.5692
1297.85
1270.079
2836.704
2025.089
2178.497
2038.365
1778.115
-2222.732
5693.996
3364.55
2227.773
2109.587
2527.6
1880.955
2293.917
2945.359
2177.149
1735.261
1059.176
1665.201
1248.387
1408.974
841.8815
1035.617
1374.177
2139.003
-2403.576
660.9766
930.8919
2048.35
1871.818
1309.014
1441.047
868.6872
1116.43
124.7006
778.0527
-768.6816
386.5934
616.4093
1650.663
1746.56
1011.624
1284.442
1223.704
2164.996
1514.623
1760.532
-9810.177
1806.325
1528.523
6441.842
3222.296
2174.706
1626.041
1475.945
1772.887
5950.355
112.1417
1180.806
1453.75
1573.293
25333.08
10820.12
4612.094
2853.484
2230.431
-13578.86
-5450.033
-1073.865
455.9288
1559.923
1610.736
1953.215
1521.537
1719.33
1314.02
1560.663
1566.618
-29158.99
-10510
-3277.984
-2096.287
1960.217
-4168.934
-850.7577
545.1542
165.3323
1129.002
-5676.55
-1365.659
612.5906
1865.63
1449.877
1794.679
1773.525
1972.348
3469.533
2530.448
732.2356
1565.305
2169.626
1476.21
1719.06
1085.418
1319.131
1255.646
2138.588
1998.214
1307.249
1530.729
1820.72
2099.556
2436.579
1700.634
1887.789
3065.328
2326.234
1447.192
1368.009
1775.683
-8984.915
-2681.187
-713.0997
-4630.604
2651.654
1833.068
2665.084
2540.783
978.6697
823.7436
1858.124
636.3942
4995.339
2209.737
1957.413
2327.167
2027.73
2290.546
1027.789
989.4527
1437.406
1985.736
-408.6195
1142.06
1691.128
1421.98
1596.586
1252.801
2540.444
4626.012
2555.312
-372.0959
1281.598
2462.972
2821.917
1439.025
8150.643
4085.973
3575.087
2434.575
1768.344
1053.358
1950.498
1808.083
1370.774
0.7009316
-767.424
-1184.453
1087.409
1654.646
626.6042
461.4116
1426.594
393.0452
717.9487
467.3486
627.3979
1342.918
881.0622
240.2699
9503.567
5674.894
2833.163
3558.874
2540.092
725.4635
-2190.402
660.0503
937.7202
1123.843
1338.356
904.032
1501.85
1355.581
111.4501
2154.535
986.8312
1247.127
1005.264
-1953.864
-151.4848
650.7192
1224.135
7989.835
4282.952
1772.38
1526.3
1328.793
1340.776
-35.39963
25.07247
857.3516
-1019.937
337.749
1279.858
1344.416
-180.2323
264.0869
394.6374
248.6835
-9074.018
-3658.811
-729.4847
62.14764
788.3634
1347.069
1825.255
-9436.197
-3331.097
-644.3639
-1625.899
86.95342
706.6588
1177.517
1026.33
1816.954
1774.57
1465.122
7271.699
4049.393
2703.187
2220.497
1788.664
1506.436
1374.492
1450.922
1417.742
1338.671
4695.717
2446.76
1133.035
1151.62
843.9675
932.0609
1222.284
1074.656
1416.768
2517.214
-365.0624
916.1691
1020.001
1014.408
1016.315
1252.614
1321.338
-520438.2
-203912.2
-80694.15
-32452.58
-11436.27
-3940.494
137.1639
483.5612
1753.298
1637.16
991.9251
5487.125
3320.168
2040.371
1383.642
1289.406
4640.415
3129.654
1978.897
1475.161
1778.142
1531.625
991.8961
1192.482
2039.473
1609.559
2752.761
2773.264
155.8623
912.9627
1037.865
1220.184
1112.871
8645.178
4375.363
-1519.479
420.6301
1077.714
4377.987
2732.36
1547.33
623.088
-133.5493
683.3007
492.7083
-908.0809
652.7811
1033.898
1697.99
850.901
1408.692
1255.181
1147.387
-145.0895
1113.001
1368.255
2063.068
1570.653
1609.615
1659.442
1219.07
1225.68
1804.841
1104.823
1431.261
1360.134
1728.127
1437.712
1563.022
3583.059
3075.019
2041.448
1793.424
5898.472
3648.134
2195.283
-1775.475
-363.1192
1434.172
883.1725
1657.259
374.6821
1171.339
1421.398
-5267.589
974.7576
1353.008
1680.858
1600.815
1491.098
1882.653
2933.857
2528.284
191.2216
-935.4452
1233.644
1899.493
2095.961
1465.74
1534.492
2527.315
1850.177
1802.41
3208.439
-505.392
1068.054
1552.62
2245.954
2434.289
2430.792
1759.4
1614.226
4470.985
2754.637
2812.257
2115.356
2194.058
1923.534
1895.897
1163.459
1466.449
1777.896
2857.3
2507.942
2194.838
1414.831
2144.057
2232.438
2182.501
1994.461
2589.847
1503.681
1916.161
2083.662
2628.47
1473.609
3550.11
2982.033
1827.331
2119.769
1876.326
1170.784
1613.272
1655.124
2039.647
1802.488
2787.19
2249.012
1854.185
9839.507
5190.283
3008.325
2373.006
-3268.581
-478.3339
1709.561
2105.159
2001.289
2091.922
2166.251
3185.753
1787.454
-49.07914
1636.702
2451.227
2532.998
2351.505
9017.377
5111.561
3084.894
56200.78
23454.45
11197.32
6432.86
3572.351
715.2678
1508.694
952.5254
2241.651
1438.693
2184.583
4676.999
4166.583
-10783.68
-2844.909
-2374.712
175.246
2135.341
1010.678
-1560.853
1835.29
978.5726
1028.279
1261.162
859.7488
2101.224
1788.411
3168.695
2253.5
2346.376
2239.421
2143.454
1298.208
1838.632
1385.289
1540.701
-1878.211
-294.7511
-46.27669
1052.327
1554.038
1532.04
1780.955
1878.851
936.5394
1097.042
1967.312
-647.7452
774.2908
348.3
2004.088
2587.006
1689.089
2178.774
1876.123
1027.664
1706.141
1891.776
2283.125
2207.764
3063.044
-12858.97
-4207.133
1037.709
-363.3563
1712.184
1867.843
1184.7
550.2402
1766.906
16968.49
4759.719
2373.976
2440.361
2019.498
391.7172
783.8723
1057.945
1232.893
5239.253
2831.074
2190.928
2540.981
1966.331
2954.782
2637.662
2318.875
3366.929
2292.135
2096.418
2389.55
2554.265
2542.83
1814.457
1808.641
2731.845
19609.82
9179.457
3780.999
1567.647
4512.851
2859.359
2136.01
1477.385
1201.853
-1188.559
1317.626
2013.004
1926.01
2915.23
1891.219
1802.148
-882.6311
-28031.27
-9267.087
-1785.219
401.8381
1518.99
1247.977
4988.401
3164.508
1898.188
326.3215
624.1666
807.2829
1463.583
1546.207
1722.529
1499.962
6520.484
3229.715
1621.223
1254.45
1124.894
1109.755
1210.223
178.5826
-1715.905
221.6766
106.6039
986.9591
1668.679
1420.383
1908.785
181.9572
1262.069
1322.611
1490.814
1993.562
2916.647
2254.99
668.6495
938.2013
1533.338
705.137
1274.409
1508.502
2161.958
1682.705
1665.125
1450.881
1232.527
1951.583
1918.423
1418.696
697.1318
1347.762
1983.224
1821.098
1372.082
1844.923
376.9098
1128.984
-9472.886
-3027.474
-382.9061
799.7219
1028.525
1355.45
1060.631
1857.071
1764.692
2029.131
1911.607
2166.33
1613.282
1062.039
871.8468
2317.81
2382.747
2059.202
-241.8972
284.3462
1255.067
1588.151
1756.205
1719.657
-155.3271
1388.204
1635.317
164.6712
1341.359
1829.736
1208.853
1202.275
793.1472
494.2503
1438.642
2551.159
2479.061
2301.289
860.3197
1364.767
1469.32
1426.078
-840.0795
579.297
2533.413
2581.459
1488.092
1547.058
1877.233
1734.543
184.521
530.4636
833.0797
1656.739
2353.948
2209.452
-27119.67
-9938.502
-2494.05
299.5588
1467.822
2643.703
2067.674
1951.621
9509.58
4523.142
2959.596
2119.913
1963.871
2086.015
2003.78
2359.953
2730.921
2365.803
2349.369
2454.507
83.86862
408.1105
1396.263
1608.731
1740.432
2021.325
553.8661
867.5633
2101.84
3895.405
2885.472
1883.2
2036.184
4382.4
3806.279
2763.393
2246.481
2738.736
2317.181
1391.902
1920.34
1394.784
1689.064
1194.894
-19613.68
-6824.971
-2016.056
440.2806
1167.999
-2181.891
291.6835
3885.216
2534.791
2057.741
1753.828
2597.332
2419.698
4545.018
3343.389
3085.882
2884.797
3138.476
2645.169
1847.509
2091.43
2277.092
2455.177
2606.607
1645.454
1991.081
2893.264
1195.104
1820.725
1945.6
1763.593
1313.507
2125.94
1937.135
2040.74
2044.58
3012.976
2645.761
-22962.16
-7436.16
-1363.221
888.0001
1567.527
3672.141
3007.599
2983.609
2457.274
3009.946
3233.821
2421.364
2997.468
2253.044
2444.426
2924.282
2534.443
1904.126
3386.564
2860.739
2550.936
1610.199
1945.776
977.8421
-2078.265
294.221
1563.995
2200.632
84998.14
34815.71
15189
6825.531
2506.127
2811.045
3075.374
2678.365
2051.597
4693.092
3499.924
2702.277
2782.167
2446.76
2659.152
2015.206
1968.264
2776.49
2662.906
1732.562
1444.479
1954.95
2518.428
2448.936
2791.733
2978.082
2441.196
2395.288
4581.75
3713.851
2320.191
2439.882
2048.779
1813.389
2179.322
2767.762
2826.669
2444.921
2511.314
-2112.487
1183.483
2086.652
2021.537
2341.596
2185.307
1687.454
2407.638
1850.555
2046.003
1658.637
2149.075
2326.133
2201.293
2629.296
2935.481
-1103.76
2162.553
1221.305
1970.439
1688.794
1384.092
1566.459
-16849.32
-5503.33
1253.332
1921.592
2061.952
10060.53
4459.246
3324.909
-886.2737
1378.229
2592.027
1281.232
1492.419
1878.676
1794.081
2199.633
2024.555
2518.624
2426.586
2342.847
1836.328
68265.76
28682.03
12606.02
5174.037
3950.67
2837.827
2607.329
7225.214
3768.736
2986.692
1838.107
2810.511
2480.598
1729.995
1914.656
1511.671
2345.514
1044.867
1424.071
2156.746
198.5827
1352.599
1169.619
1651.084
2434.491
2594.854
1976.213
1816.442
1969.34
1806.362
2038.496
2203.111
2080.184
1366.781
2098.288
1161.673
2181.067
1098.611
897.4897
1590.927
2592.429
3749.929
2692.816
2174.786
8576.17
4875.293
1335.191
1958.718
4261.498
2529.062
4569.454
2993.591
4409.984
3185.475
2305.843
1954.795
1961.549
2257.658
935.1309
1697.753
1769.776
918.0347
701.2338
1791.856
2132.189
2441.611
1761.479
2701.435
1677.756
-74.0895
1328.522
1649.298
-264.0248
757.864
1381.232
404.8555
901.0058
2675.581
1978.591
1736.115
2185.519
2162.404
1813.173
1052.262
1374.037
1503.613
1416.757
2266.423
1434.736
2106.908
2113.806
1856.776
1464.235
1713.284
1252.399
8045.464
4388.251
1616.764
1864.605
3873.704
2526.009
2009.27
1933.208
1805.45
1949.354
2513.123
2122.859
2036.675
2119.521
850.5393
1342.143
1601.452
1801.843
1840.176
1127.076
1898.5
1198.535
-7400.436
-1842.583
471.0785
4216.315
2805.591
1322.502
1202.126
1646.163
8822.242
5162.387
2175.943
1697.869
-225.999
885.2143
1115.706
1314.631
2065.38
2049.117
2184.579
2294.56
2146.938
2046.389
2046.955
3888.51
2614.766
3177.915
2081.817
2346.754
2289.957
1861.791
2177.086
2832.388
2424.842
2179.62
1777.741
6003.923
3432.049
2619.348
1895.712
-147.3767
3582.729
2286.826
536.713
1916.229
2185.676
762.3116
975.3627
-119.1438
1055.485
1372.307
1821.832
1277.612
2100.826
2280.034
2770.782
2241.539
2496.833
2148.412
1151.637
-61038.45
-22751.27
-7528.873
-1775.151
795.3853
1412.797
1752.583
2571.391
2195.59
2346.165
-2709.344
518.3784
-6622.064
-1632.408
1108.293
2181.14
2212.292
2209.033
2290.826
2535.942
2865.435
2882.868
3486.26
3219.355
1469.499
2139.909
2545.571
2076.431
2465.093
5023.22
3776.971
3453.154
2796.893
5029.372
3759.51
3111.858
2762.773
2222.63
2658.793
2607.609
2200.991
2725.392
2708.449
1958.84
1996.138
2246.382
2534.917
3082.597
2360.376
1279.852
2944.273
1230.328
2176.87
1679.863
2454.432
3171.171
3060.636
2651.664
3041.269
2719.293
2090.565
2628.873
2611.138
2279.103
2580.563
1865.097
1392.716
2323.249
3040.827
2835.158
549.8884
1691.356
1969.767
-174.3355
1228.335
2965.995
926.2085
1835.521
2205.136
1516.429
2512.577
2408.057
3561.804
1793.758
2271.822
4926.377
2657.766
3148.287
2968.747
2390.059
3331
2778.194
3222.304
2402.107
3068.882
3171.968
824.4904
2095.325
2385.017
689.0453
2277.388
501.5844
2103.017
2658.788
3087.857
1662.519
-26773
-9618.162
-2385.749
229259.3
89244.71
36250.19
16147.86
7923.939
37067.35
15933.56
7616.432
4185.166
3042.336
2866.513
2976.802
1787.496
1784.3
1213.836
2916.988
2947.679
2538.497
2720.903
3813.835
3102.786
2815.059
2539.009
2322.414
15336.36
6116.044
4212.856
2424.329
2594.931
1563.244
2381.737
-1272.809
1009.061
2101.957
1261.428
2104.956
2310.305
1910.308
2203.788
1199.555
2739.992
2813.759
2541.567
2486.197
5190.767
4745.553
16217.02
7751.379
4454.224
2884.95
2617.338
2837.558
2186.492
2369.988
3722.476
5100.274
2316.995
2970.258
2500.018
2265.734
2205.401
2430.068
1028.006
1101.368
1722.928
2681.336
2184.258
2264.65
2585.068
2487.028
3378.169
2908.013
1945.18
1358.074
1986.815
1717.452
1032.696
2065.889
2124.254
2127.751
2018.2
2430.952
2103.788
2066.576
2479.72
1609.651
1720.382
2873.347
3605.553
3129.81
3654.803
2620.179
1886.664
2185.811
2488.414
6170.845
3987.997
2824.823
2003.868
1736.507
2060.665
2649.093
20197.92
9645.137
5266.957
4153.01
3086.519
1318.918
1997.925
21963.74
10633.73
4651.963
3475.56
2248.219
2265.934
2258.717
-41826.55
-14935.24
-4462.65
3350.106
3346.026
2725.606
2558.289
293.0639
1690.225
-1741.892
764.3383
1206.162
1827.704
3112.317
1540.542
1762.824
2522.097
17127.66
8500.272
8920.688
11121.91
5956.724
4496.53
2416.063
2270.269
1061.161
1357.313
1911.233
2864.693
2826.896
2648.98
3690.784
-91996.66
-34979.5
-11634.81
-3255.274
1238.317
1959.671
2679.936
2565.566
1951.1
2005.385
1662.468
2066.634
2213.998
4354.377
3123.366
1981.425
2342.699
2648.548
3427.82
2893.494
2058.124
1847.868
485.0665
759.609
2100.949
2693.807
2269.89
2256.34
2163.255
726.765
1566.422
-763.0176
3130.83
2018.092
1625.946
2766.745
2834.62
2217.17
-1860.29
1414.16
1934.753
2844.18
2017.781
5074.089
3786.764
2887.768
2661.825
2071.84
2389.226
358.9725
-74.37174
427.9925
1405.706
2253.262
-1905.859
1329.676
-1461.726
1493.939
2485.923
1853.551
2427.32
2794.576
2440.251
2349.936
2485.59
2531.381
2614.038
3728.311
2647.17
2586.794
2769.665
2774.508
2720.143
2285.099
1546.7
2164.752
2617.066
2679.417
2502.137
1838.067
1916.481
1408.237
2887.241
2595.017
3245.432
-53132.46
-19750.62
-6136.08
-812.4922
1348.057
3920.104
2845.608
2913.2
2420.516
2097.025
2657.707
2770.465
2506.169
2704.093
2865.146
2437.383
-2150.088
967.3108
2716.911
2828.419
2721.088
2636.052
2495.467
2623.267
2352.468
1646.116
2642.373
6723.994
4208.154
3629.081
2287.526
2775.673
2717.438
2778.373
4734.284
3269.052
2796.183
2597.952
1860.034
2498.577
2420.959
2868.301
3661.103
2944.075
1554.637
-542.0445
335.4662
2547.757
2114.012
-999.7667
-497.3494
1325.872
2503.675
2826.516
3333.86
3333.099
3071.323
2723.746
3495.746
3301.893
3310.973
6145.369
3896.863
2981.017
4039.278
3696.158
3229.041
2533.737
2470.435
1003.826
2977.634
3404.755
2815.711
3074.477
3025.768
2448.224
2744.009
3626.272
3300.491
3199.324
4229.817
3888.093
3797.038
3408.316
4358.761
5850.832
3824.129
3558.479
4841.265
4482.696
4425.66
4487.668
3367.606
3194.676
3074.392
2924.29
-2350.488
241.8664
8281.508
4780.883
2739.289
3364.929
5655.3
4562.275
3175.348
2788.668
3183.235
3180.974
2527.14
2999.588
2926.776
3210.307
3374.825
3632.967
3627.996
3331.974
4352.531
4907.357
4030.619
3396.563
2484.208
1305.339
2283.761
2460.359
2909.512
2926.68
3334.38
2550.89
2256.893
2619.824
3142.717
3041.253
2960.805
3104.136
3709.996
3076.197
3035.48
3116.046
2898.827
3267.39
2655.62
6528.297
4498.72
3658.786
3007.625
2976.702
2462.101
4121.545
2914.906
2838.58
2723.304
2645.735
937.6153
1966.491
2571.469
2703.576
3182.746
3196.661
2185.768
2343.283
2845.882
2782.845
4877.735
3083.92
3547.731
2876.759
2893.179
151625.6
62151.94
25950.98
12985.91
6685.057
4217.977
3852.025
-15747.79
-4187.546
-325.6107
1434.419
3768.145
3216.783
3026.515
2785.503
2356.901
2864.272
-37969.51
-16935.76
-5130.646
-350.7297
1201.346
2070.129
2294.002
3081.561
-40374.26
-14331.7
-5010.577
3.50122
1366.617
2253.831
4033.49
2066.611
2298.978
-3994.261
-75.19604
-141.496
1463.664
2378.779
2753.178
2970.899
2829.444
715.4931
2121.927
2299.661
-906.3171
1031.101
1991.681
3425.702
1450.811
1841.481
1819.584
2101.908
2009.926
2280.425
1799.056
20169.51
10613.28
5923.876
4131.838
3912.312
2995.274
2516.762
3234.055
2461.508
335.8001
1751.88
792.0055
-185.4584
1519.286
3754.001
2050.138
2513.235
1867.518
1102.49
1823.638
3387.308
1054.584
1647.125
1677.721
3206.789
2041.862
215.4657
1556.517
1719.991
4404.42
3689.489
2923.579
2810.982
2501.465
3126.146
-67130.21
-26108.6
