256.3936
115.0905
-63.54639
-115.6015
52.51721
178.5694
61.95403
198.1909
248.3367
313.3859
373.2715
-93.72783
202.9784
151.3671
64.8573
339.2691
198.3447
-40.78174
-109.4038
1749.553
243.7566
702.7533
335.4328
391.1981
840.303
54.86599
286.0255
241.6003
213.7836
183.1782
118.1884
34.80634
21.76259
258.3269
198.7021
177.1229
118.8125
143.1208
371.7925
113.8054
203.0484
193.3148
178.0103
263.9607
128.1249
39.89878
75.90145
138.414
56.35608
476.3118
270.524
306.0534
212.2197
499.7903
-491.3663
191.1155
359.9397
15.59686
101.722
256.3348
145.9742
257.5983
258.2219
488.7509
140.507
-89.99501
763.1099
319.0396
233.1448
-91.89807
329.4849
771.7804
303.8053
-213.2792
448.9686
-477.6191
12.46443
37.56449
81.04509
470.3677
-939.7964
-44.49194
65.41025
212.3354
37.7481
77.27185
90.73088
238.4053
309.5131
274.6226
745.1627
59.01929
130.3233
2436
641.3812
339.8509
198.1264
15.22809
159.716
131.4837
383.0817
-1287.465
55.73473
255.6704
207.0694
1402.536
498.1878
2875.827
2181.929
1396.198
367.168
535.51
-333.8161
116.9934
389.5101
20.91826
238.8188
173.062
-1819.441
-186.9836
11.4101
-334.4053
103.8027
-421.4944
13.07489
70.2393
264.8854
298.1161
255.2153
386.7699
911.8168
319.7473
-53.03987
-1048.268
-249.2687
483.7881
-63.78985
294.7575
379.6415
283.6829
329.2358
318.4487
79.20003
-216.5443
135.1329
377.8401
-608.5457
167.2729
-3367.227
30.67351
260.7266
-173.2914
69.72205
-432.5594
-79.42501
458.8262
-150.7868
73.6888
80.37952
141.8976
-210.3651
124.398
222.5821
45.92896
2187.901
429.3501
380.071
577.2323
-286.6717
46.53282
354.4981
367.9515
355.2112
-2479.162
-7962.515
-1097.539
-124.5879
605.1733
458.2174
251.3397
93.43416
101.9408
100.6908
1004.378
809.5806
298.7964
275.5966
-1008.702
-112.7729
315.7566
466.5554
321.7291
172.4747
-41.43869
136.6148
273.5161
196.1045
46.91029
284.1138
12.5673
184.431
1045.515
308.5818
-87.21149
251.7331
173.0067
478.0897
236.4151
97.36974
-62.48512
120.7991
-665.3283
807.7157
239.1027
-155.6797
151.0924
30.94982
69.04566
1708.406
661.8868
170.3828
-387.9713
289.6396
129.3736
808.6193
348.5672
390.2822
1195.201
213.8914
-133.7845
-260.0052
-14.66019
-1.289899
49.5117
102.0424
57.81692
447.3253
182.491
429.5184
54.20572
224.6434
376.8107
45.61475
60.78194
-19.79688
492.1776
-81.38573
-61.15043
10.87608
-202.7832
-102.4808
9.879896
-638.2775
-461.7404
-122.48
-38.99152
-1.461207
-710.3033
33.30319
426.515
128.0931
428.8434
17.28652
272.0367
-415.6477
-108.52
2.413837
256.9819
-1692.102
-2588.159
-311.5593
-18.26409
1900.903
229.536
-49.2723
72.75817
62.92837
-572.9972
147.6861
187.3058
-10.33191
141.2231
10.03794
204.3751
190.6088
150.5105
-339.1172
-112.3158
156.1758
-343.2932
-47.32866
-98.26916
82.79238
-457.5401
25.99418
627.6194
145.9377
-110.3427
-2.789021
-98.92706
141.7416
186.1488
-7396.775
-1109.267
-231.4866
-633.2464
-126.8619
115.8396
-147.9032
-33.56307
-4812.627
-917.3223
-761.1224
-62.41455
275.3766
-61.8984
-275.0354
-126.5899
-56.52197
163.8744
-187.8518
-176.3021
-93.59347
-392.6285
-167.9065
101.1255
254.0792
104.3767
2401.653
417.6052
72.05644
153.4295
137.9533
-57.57681
-108.6044
-164.6082
227.6247
-246.4136
-237.7663
-829.6497
-939.6903
-764.6097
75.67411
105.1088
-671.9299
-335.3208
569.1368
-389.0926
-467.7076
-3096.555
-683.7467
-169.8309
120.7469
-1.856407
-67.81835
36.53994
-27.50091
-109.2866
-1201.437
-420.9034
-250.3672
-256.7734
-436.7843
993.0297
325.4711
-121.8294
-2243.778
-209.085
-1112.05
-687.9883
-168.7384
-380.5595
-270.8906
14222.59
1668.747
145.3667
-98.24178
-78.83006
268.5126
-0.7996175
1831.098
-31.96891
-149.0232
-369.4221
-443.7421
-450.9992
-467.4417
-168.0036
-128.0036
-294.8236
-243.088
-220.0675
-336.7659
-348.3867
-146.4792
-407.5323
-131.2671
-239.3642
-269.6191
-1515.894
-505.2492
-219.4016
-9.666778
-569.9764
-250.5792
-131.3398
-279.5042
563.8183
846.9723
-410.7661
-421.2371
-402.9653
-569.1295
-359.6208
-411.4222
-298.7634
1074.92
-204.5514
-390.2403
-281.3239
-292.4003
-1465.577
-475.1444
-335.4867
-118.7971
-66.31521
-139.0621
-217.4546
4488.691
564.8888
-137.7425
-268.924
-537.28
-1456.019
-721.2291
-404
-2976.902
-907.2457
-571.5328
-579.8689
-395.3296
-817.4489
467.3502
-178.8549
-280.1802
-270.8041
-411.1569
-423.1203
-318.5526
-254.1366
-420.6363
-422.102
212.7239
-419.7532
-606.016
-432.2225
-475.7783
-652.2922
-319.7032
-594.9247
-466.5048
-442.372
-395.2101
-518.5897
-188.9407
-160.5792
-441.026
-424.9753
-688.4524
-428.2136
-298.6129
239.0291
3.374793
-362.4754
-546.798
-328.5013
-568.5947
-594.9746
-386.0647
-678.9776
-561.6071
212.8307
-266.4145
-1377.572
-639.3175
-595.0975
-695.0529
-715.4056
-1171.188
-796.145
-383.6797
-828.2314
-401.6178
-623.7673
-672.2712
-865.3288
-832.2692
-860.0406
-519.4388
-891.4431
-44.27653
-103.0924
-634.6214
-651.0705
-645.6912
646.6401
6791.991
792.9005
-990.9156
-765.9373
-617.2176
-719.1912
-827.2202
-533.4875
-666.7389
37652.49
6719.094
8894.052
1458.465
-90.11163
-779.6817
-837.2969
-756.7734
-968.4724
-291.8352
-709.3767
-465.729
-828.5671
-744.8756
-2722.387
-976.7404
-739.3089
-1058.907
-1752.186
-430.9573
-692.6469
-578.0889
-477.838
-517.6926
-517.6155
-1084.819
-549.5402
-713.6246
2092.551
-115.2421
-820.2207
-521.9731
-511.9154
-675.6986
-2194.786
-936.2808
-839.9555
-856.1817
-900.4222
-791.1961
-826.222
-789.5298
-257.5466
-73.82298
-730.166
-785.7553
-1048.631
1507.419
-156.8588
8.333247
-550.0427
-926.5947
-674.2674
-704.8741
-1433.898
-620.1107
-533.897
-620.7299
-1164.682
-275.5848
991.4699
-653.3766
-705.5214
-644.3104
-866.7165
-351.4571
-1239.86
-1001.778
-903.4155
-951.006
-388.0988
-903.2522
-862.9002
-1034.934
-870.0726
-2980.538
-1065.035
-835.7859
-9898.979
-2679.825
-1072.742
-897.0246
-766.8248
-1770.358
-2816.498
-1586.102
-898.3888
-811.4884
-830.9167
-1073.653
-932.9892
-820.0565
-751.1938
-792.4486
-600.4669
-681.3767
-762.8521
-846.2538
-485.6858
-1056.328
-407.4021
-899.4833
-383.4706
-569.3593
-1427.303
-889.7527
-864.3328
-1120.965
-1543.252
-1024.015
-875.2635
1222.3
-816.2904
-938.0738
-931.9715
-644.2046
-983.4531
-1129.007
-1039.77
-1140.929
-2625.95
-2270.704
-829.5107
-900.9015
-929.0499
-674.3716
2822.533
-164.8771
-906.1683
-949.3459
-905.8259
-906.5207
-773.7787
-1063.623
-1796.301
-1078.531
-1033.614
-999.5436
-898.0873
-1029.525
-967.8139
1021.651
-133.3613
-429.2746
-756.1337
-916.3024
-1112.504
-527.9701
-524.2797
-654.9753
-1043.895
-112.312
-953.1315
-934.7841
-1025.854
-820.7986
-882.3732
-1017.585
113.7126
-730.7424
-906.4766
-919.5392
-901.0341
-948.4108
-820.0697
-636.8202
-1049.063
-947.0688
-1252.661
-915.9432
-928.7216
-928.2051
-1062.791
-985.4205
-966.3189
-698.9311
-667.9586
-883.6493
-1011.721
-1158.726
-1062.769
-972.207
-1045.579
-1093.616
-823.099
-889.9852
-1851.191
-1206.405
-824.1051
-727.116
-1041.801
-1047.881
-1011.735
-991.967
-1083.178
-1098.315
-913.2113
-1058.993
-739.4581
-931.1765
-842.0035
-905.6089
-663.1383
-813.0254
-617.428
-829.7898
-812.6615
-1030.842
-980.7554
-997.9756
-1196.866
1817.313
-443.7829
-1279.906
-1048.47
-894.595
1351.63
-606.1113
-241.9746
-916.877
-873.0565
-968.5731
-1111.423
-1000.802
-3857.605
-1502.973
-1163.926
-1055.195
-852.1914
-939.6483
-1147.756
-1119.513
-1103.329
-966.3554
-1046.048
-717.9519
-1045.311
-1124.997
-819.4716
73.59858
-679.9239
-1177.016
-934.4032
-1109.026
-1044.479
-1283.631
-887.2895
-760.0935
-882.7486
-1300.621
-1802.258
-931.6906
-1232.53
-1389.534
-1207.345
-1313.513
-786.9114
-883.6259
-1084.596
2019.951
-347.224
-836.7502
-812.5283
-903.2192
110.0855
-655.3095
-1041.443
-1192.651
-771.494
-972.2053
-1112.026
-1027.037
-1124.829
-992.4224
-987.7983
-910.8627
-1049.186
-1657.023
-3593.415
-1571.143
-896.9185
-41.42804
-791.8191
-849.7711
-943.3712
-739.4154
-964.6653
-1003.387
-966.7828
-908.057
-885.8879
-1342.722
-784.206
-900.1719
-876.6358
-1053.723
-1011
-970.2599
-932.0315
-76.84294
-639.3232
-4456.962
-1627.913
-1109.908
-1961.648
-976.2026
-723.0784
-956.3778
-783.7831
-746.6913
-703.9385
-942.145
-808.5845
-762.9867
-872.6537
-756.6369
-867.3141
-580.7129
-806.5828
-959.5714
-794.4697
-979.8471
-962.3581
-939.8915
-770.8396
-971.6803
-1013.647
-4083.528
-1435.763
-1027.893
-943.2541
-100.8536
-746.7979
-1302.555
-1139.215
-927.2233
-927.7233
-752.6212
-363.5743
-870.2244
-567.5824
-989.2342
-975.4935
-1063.762
-1154.741
-412.2986
-690.0159
118.0853
-925.8136
-977.7586
-806.3644
-845.2953
-530.659
-423.9819
-1185.84
-1063.072
429.5124
-956.9202
-966.3296
-978.9034
-661.9538
-669.0944
-860.9342
-896.8889
-1004.35
-748.3719
-837.4296
-862.5988
945.5667
-534.7702
-707.4106
-773.7269
-885.3347
-658.1291
-701.242
-992.757
-618.7458
-1883.242
-1015.959
-1213.702
-937.3203
-1576.587
-1101.886
-913.5825
-851.7869
303.7369
-681.6049
-3246.838
-1315.237
-941.3401
-836.0318
-700.2254
-267.0415
-228.7327
-789.3261
-880.7129
-941.1272
-853.5833
-978.325
-609.6768
446.4276
-2544.38
-1625.998
-983.1793
-1400.528
-970.7908
-636.0301
-791.5722
-870.8009
-768.2403
-778.3895
-1457.865
-930.5439
-843.189
-805.0802
-844.9841
-812.6608
-708.6591
-797.7776
-865.1826
-555.3137
-119.6687
-748.8297
-771.7248
-728.9111
-630.8507
-838.437
-711.2598
-665.4979
-651.9292
-988.591
-2873.146
-786.3787
-780.7236
-745.9795
-1137.751
-897.3101
-673
-588.4626
-776.0012
-833.3177
-682.5602
-605.9129
-760.1718
-1872.449
-952.4706
-636.5373
-606.2062
-606.5124
-785.8261
-2358.271
-437.9687
-593.7989
-468.6046
-451.1644
-1739.989
-801.4122
-225.429
-896.1392
-680.6496
-762.1489
-1436.348
-619.2507
-674.5746
-919.2281
-800.3216
-750.1931
-989.8566
-905.8977
-1182.717
-820.0071
-729.0992
-698.5628
-599.6346
-438.1805
-518.843
185.7169
-236.3899
-579.9635
-2608.498
-1036.209
-723.0785
-772.8297
-1064.087
-830.8913
-883.4513
-8310.005
-2147.872
-608.6625
-767.8223
-862.9232
-1066.586
-870.2958
-619.6414
-645.0969
3361.286
46.10363
-620.2735
240.1139
-374.4732
-4999.353
-1440.002
-1027.855
-953.7279
-621.1979
-755.1234
-678.6577
2604.703
-183.5686
-309.7901
-581.8632
-621.051
-549.1943
-715.7388
-747.7955
-904.6279
-686.0517
-905.6801
-867.426
-640.3963
-701.1234
-774.9933
-820.5832
-646.0054
123924.1
22894.75
3758.076
73.27807
-273.053
-547.465
0.8459348
-582.6282
-755.5834
-594.1866
-610.9893
-671.8035
-567.3887
-343.0009
-1891.536
-685.324
-1428.517
35.23314
-614.3863
-670.1831
-694.3987
-727.9947
-725.7488
-414.6045
-692.8848
-838.2576
-769.0464
-126.7207
-494.845
-709.6192
-805.0976
-677.0327
-2772.401
-1108.376
-477.82
-770.8004
-799.1558
45.71203
153.9767
-527.7716
-606.4756
-276.5353
-831.7746
-477.5852
-622.5699
-603.566
-2833.714
-1111.64
-658.7619
-649.2437
-624.3671
-1379.253
-745.1353
-645.5027
-487.0647
-432.9025
-669.6667
-565.6053
-794.2697
-887.7794
189.9756
-517.8012
-448.6082
-596.5811
-910.339
-703.912
-603.0646
1071.233
-308.12
-648.8997
-632.1324
-632.4533
-929.4335
-100.4013
4079.247
469.0007
-286.7601
-630.3201
-549.681
-630.7239
-562.783
-762.3213
508.6227
-512.7088
-671.6191
-484.1858
-606.8808
-1568.361
-673.9023
-721.7909
-1217.148
-1558.345
-2275.833
-952.7851
-648.7684
-572.7364
-653.2942
-634.8333
-709.4953
-803.4474
-733.8544
-990.1769
-872.5927
-1213.096
4371.278
93.5042
-880.6926
2401.824
-19.6161
-371.4132
-670.6928
-660.5254
-955.4671
-588.9105
-485.2924
-658.6058
-612.3017
-632.3607
-701.8488
-363.8838
-1030.729
-1356.036
-787.6489
-686.3397
-608.4424
-525.4164
-130.3319
-859.2101
-619.9715
-577.4397
-683.611
-672.349
-587.9217
-1039.205
-821.2194
-737.7528
-859.4453
308.642
-650.7452
-695.1597
-721.7198
-798.3632
-991.2438
-766.4287
-690.0953
-2647.304
-1084.596
-835.9299
-1600.653
-2066.228
-1251.454
-652.3863
-645.3208
-691.0223
-641.7803
-790.0533
-690.655
-782.3397
-764.5713
-936.1351
-1147.608
-960.5685
-622.7252
-559.7451
-814.016
-873.5699
-899.5871
-3902.391
-1180.713
-597.5972
-26.92912
-811.335
-873.6429
3348.69
60.07062
-570.1342
-901.9792
-1071.687
-997.0991
-768.6101
-684.4164
-1330.259
-416.3787
-734.7045
-782.9387
-350.9399
-745.4318
-825.122
-671.7709
-528.158
-908.1267
-539.7168
195.0713
-633.8914
-762.7093
-768.166
-680.5763
-374.0967
-939.5115
-665.8205
-794.2785
-1250.507
-911.6872
-1230.336
-854.6684
19141.08
3020.456
-202.0762
-659.9039
-813.4795
-944.069
-813.2372
-935.9235
-849.6135
-1190.045
-905.7588
-817.5129
-836.8682
-974.2097
-912.727
-1250.518
-1073.481
-994.7344
-970.2439
-510.825
-710.3835
-713.1303
-687.8609
-1189.55
-741.6535
-894.1153
-935.4392
-885.8511
3326.264
-132.5256
-686.0126
-868.2829
-7214.338
-1825.14
-1187.285
-985.3311
-1135.684
-3490.674
-1430.763
-1083.368
-3541.413
-1545.901
-1045.997
-1718.16
-1033.268
-967.3875
-788.0681
-1038.498
-1363.175
-1079.071
-1086.142
-857.213
-993.1043
-1031.427
-1563.562
-1195.467
-1083.196
-1169.405
-977.1723
-993.9517
-1122.938
-894.9698
-953.1061
1252.8
-562.6502
-1131.899
-3090.34
-1480.569
-1050.974
-1019.425
-947.1085
-1285.93
-1108.463
-867.2558
-991.0898
-988.7052
-1042.153
-1016.045
-953.1624
-1098.065
-1082.801
352.8079
-1052.112
-1062.238
-854.4894
-1203.49
-1109.637
-1030.786
331.836
-778.0558
-1430.259
-724.4929
-1067.431
-1128.314
-1115.591
-1070.673
-1267.028
-1076.506
-660.9614
-1110.236
-1171.697
-1132.728
-1080.076
-1173.288
-742.3161
-1075.25
-1117.797
-1149.841
-1158.903
-1115.977
-970.2881
-1722.516
-943.547
-1081.495
-798.8341
-1188.982
-979.7952
-432.4402
-1003.046
-2169.06
-1585.689
-1240.812
-1766.239
-1260.96
-1245.606
-849.8165
-1038.463
-1222.549
-1046.408
-1204.787
-1445.389
-1207.572
-3621.246
-1621.17
-1282.792
13120.02
414.6748
-173.0059
-1641.435
-1275.773
-1003.654
-1341.375
-888.1274
-1150.297
-1025.143
-2115.778
-1414.352
-1152.104
-1291.266
-1084.595
-1342.066
-1292.932
-1038.247
-1396.541
-1068.067
-1192.947
-923.036
-1335.791
-1596.744
-1859.625
-1258.876
-1312.365
-1211.021
-1853.03
-1432.58
-1283.88
-1335.012
-1767.983
-1380.594
-1605.74
-3480.651
-1746.034
-1538.371
-1249.802
-1375.248
-1292.728
-1296.531
-1038.039
-1069.961
-1423.951
-1299.602
-996.6937
-661.6661
-1248.971
-1505.691
-1298.521
-1445.699
-1323.723
-1560.177
-1076.52
-1562.641
-1428.697
-1406.936
-1524.344
-1519.535
-1449.707
-1636.104
-1524.183
-1334.614
-1490.2
-1228.187
-1587.615
-1268.403
-1487.002
-1393.278
1266.412
-1032.379
-1276.042
-1257.081
-1231.386
-1467.895
-1403.993
-1063.074
-1442.139
-1659.497
-1455.876
-1570.24
-668.1467
-2279.668
40946.69
6674.838
153.9955
-910.3757
-1369.31
-1496.592
-1458.328
-1453.278
-1555.088
-497.7602
-1582.824
-1720.046
-1490.411
-1522.999
-1515.864
-1857.384
-1443.278
-1362.164
-1571.875
-1037.884
-1551.849
-1452.177
-1226.923
-1391.446
-1669.401
-1569.562
-1645.232
-1524.244
-1564.07
-1530.803
-1464.499
-2112.263
-1519.153
-6924.065
-2492.36
-1714.073
-1873.59
-1900.637
-1664.616
-1693.373
-1524.277
-1322.507
-1493.547
-1557.771
-2360.098
-1495.91
-1499.084
-1580.702
-1596.525
-1729.295
-1637.938
-1350.216
-2722.147
-2171.688
-1867.056
-1723.457
-1621.639
-1597.003
-1903.125
-1511.994
-1950.492
-1667.644
-2025.948
-1513.974
-1701.169
-1726.235
-1799.403
-1800.872
-1613.242
-1436.605
-1641.111
-1570.223
-1734.241
-1337.48
-1741.27
-1615.427
-1869.984
-1308.99
-1239.313
-1354.069
-1318.236
-1343.43
-1586.217
-2124.387
-1553.182
-1647.715
-3273.816
-1648.309
-4195.848
-2165.787
-1740.479
-1698.923
-1553.365
-1689.766
-15070.89
-4171.365
-2138.65
-1430.656
-1740.437
-1464.657
-1642.218
-1800.414
-2145.413
-1798.828
-1708.665
4525.248
-692.2698
-1179.526
-1345.787
-1871.249
-1519.431
-1668.879
-1653.379
-1954.923
-1647.603
-1725.295
-1677.885
-1654.71
-1597.609
-1771.498
-1689.665
-1677.83
-1364.278
-1579.265
-1759.585
-1804.741
-19737.05
-6346.694
-2443.196
-2044.637
3206.511
-775.8154
-1759.161
-1785.057
-1551.763
-1580.515
-1787.257
-1600.568
-1746.357
-14213.84
-4098.297
-2431.852
-1820.577
-1829.887
-1861.219
-1116.888
-1748.839
-1748.633
-1922.745
-1899.23
-1842.133
-3603.146
-2135.083
-1614.389
-2069.077
-2560.631
-2071.086
-1553.699
-1636.463
-2905.745
-2061.525
-1809.914
-1999.281
17058.49
-11936.9
-3645.019
-2205.239
-1811.025
1721.056
-1285.312
-1606.91
-1703.717
38535.6
5313.316
-438.3765
-1502.377
-1651.832
-1393.507
-2199.518
-2000.696
-2235.653
-1948.627
-1879.225
-1901.169
-1247.732
-1314.201
-1664.205
-1812.507
-1806.331
-1603.97
-1675.24
-1832.19
-1692.11
-1814.054
-868.0083
-1931.662
-2729.941
-2159.42
-1724.134
-1844.086
-1992.325
-1682.276
-1810.942
-1758.367
-1768.205
-2010.422
-1930.604
-1005.836
-1991.464
-1996.972
-2844.289
-2025.11
-1827.468
-1024.775
-1770.913
-2216.037
-2011.969
-1789.057
-1627.467
-1757.979
-1999.608
-2084.433
-1914.178
-1337.143
-1825.633
-2253.36
-2126.219
-1565.98
-2407.072
-1960.043
-453.9487
-1431.262
-1751.287
-1929.43
-1787.977
3256.784
-586.8498
-2013.728
-1705.006
-1780.255
-1900.024
-1896.18
-1798.364
-1759.681
-1869.555
-1852.418
-2049.574
-2013.74
-1904.512
-1850.78
-1742.5
-1825.589
-1507.11
-1709.213
-1574.749
-2236.801
-2806.252
-1954.665
-2059.65
-2175.371
-1925.472
-1691.441
-1894.168
-2186.869
-30254.72
-7145.842
-2592.792
-1995.039
-2257.229
-1207.631
-1833.689
-1785.369
-2492.532
-2148.309
-1950.449
1237.896
-1310.688
-1935.249
-1783.044
-2051.921
-1836.486
-1664.429
-1616.893
-1762.158
-1723.781
-1866.566
-1501.988
-1576.512
-1774.306
-1894.279
-1794.425
-1744.36
-1703.012
-1943.538
-1602.898
-1968.172
-1733.377
-1797.983
-1664.938
-1838.873
-2414.171
-1890.822
-1658.051
-2481.623
-1926.01
-1483.703
-961.3651
-1634.321
-1818.222
-1969.285
-1743.288
-1741.262
-1693.256
-3274.875
-2315.596
-1855.957
-923.4183
-2284.574
-1799.618
-1771.218
-1821.993
-2024.806
-1678.53
-1729.908
-1273.772
-1805.612
-1752.835
-1707.735
-1870.102
-1907.906
-1588.524
-1394.715
-1768.717
-128.0208
-1425.402
-1760.449
-1721.854
-6019.226
-2676.756
-1909.658
-1697.738
-1806.964
-2947.187
-2466.76
-1852.394
-2067.658
-1929.13
-1899.154
-1396.128
-1804.211
-1821.237
-1890.33
-1740.018
-1696.977
-1762.583
-1737.453
-1722.008
-1751.755
-1733.169
-1800.148
-1706.243
-1705.797
-1651.212
-1633.023
-1782.452
-1737.758
-2292.852
-2078.752
-1780.513
-1581.163
-1569.221
-2239.409
-1538.239
-1671.898
-1029.646
-1433.988
-1589.111
-1888.023
-1726.7
-1718.962
24710.2
14710.15
1868.924
-1035.67
-1369.147
-1727.199
-1751.248
-1637.253
-1728.178
-1534.87
-1692.461
-1465.308
-2758.12
-1996.11
-7029.383
-2618.424
-2134.004
-1982.635
-1701.846
-1666.58
-1603.899
-1693.465
-1907.595
-1914.868
-1665.176
-312.197
-1339.048
-1253.134
-1568.324
-1807.996
-1790.053
-1664.52
-1593.175
-1699.092
-1955.441
-1561.303
-1699.029
-1613.38
-1626.238
-1724.888
-1681.236
-1679.338
-1824.383
-1796.442
-1849.988
-1770.424
-1723.136
-1899.084
-1646.537
-1661.92
-2262.888
-1825.299
-1320.904
-1561.702
-1509.766
-1373.727
-1676.122
-5110.567
-1976.259
-1818.094
-1410.126
-1694.087
-1859.555
-1908.765
-1707.497
-2378.904
-1815.346
-1617.06
-1484.923
-2290.095
-1728.713
-1505.039
-1479.77
-1526.266
-1494.252
-1616.451
-1608.768
-14772.59
-4395.166
-1677.27
-1634.19
-1744.894
-1330.082
-1129.38
-2099.715
-1713.734
-1692.672
-2972.295
-1657.401
-1471.906
-1635.874
-1556.584
-1587.03
-1562.975
-1786.664
-1621.356
-1520.722
-1588.874
-1521.575
-1758.921
-1571.789
-3776.009
-1811.593
-1165.749
-1650.404
-1586.541
28.07985
-1957.118
-1542.808
-1343.224
-1479.512
-1920.712
-1750.817
-1599.683
-2523.164
-2290.731
-1979.428
-1376.534
-1700.258
-1341.958
-1557.333
-1795.115
-1245.968
-1321.724
-1505.879
-1707.978
-19.84438
-1414.187
-1676.709
-1828.336
-1721.378
240.3899
-1234.114
-1466.941
-1551.846
-1815.213
-1509.357
-2336.331
-1409.742
-1547.473
-1813.78
-1633.99
-1440.827
-1485.934
-1509.383
-1845.499
-2602.185
-1497.541
-1611.807
-1726.915
-1550.93
-1212.027
-1799.175
-1457.431
-1807.624
-1060.003
-1466.737
-1693.082
-1521.913
-2246.018
-1166.339
-1532.224
-1612.568
-525.1238
-1520.525
-1553.302
-1486.972
-1616.236
-1282.626
-1488.886
-1497.755
-908.7681
-1454.393
-1587.153
-1843.097
-1355.994
-1759.782
-1385.251
-1375.281
-1237.772
-1690.019
-1599.839
-1742.944
-1683.721
-1268.066
-1390.196
-1520.17
-1486.218
-1541.141
-1543.365
-1410.946
-674.8238
5572.662
203.8798
-1116.598
-1536.094
-2583.912
-1432.048
-840.6672
-1455.672
-1377.916
-846.4859
-1314.115
-1481.268
-1474.463
-1162.058
-1332.988
-1582.886
-1500.235
-1960.917
-1612.59
-2232.389
-1733.161
-1490.643
-1514.324
-653.5622
-1339.651
-1330.496
-1864.923
-1333.774
-1292.399
-2321.474
-1780.58
-1503.58
-1499.884
-1517.413
-1753.544
-1569.885
-1711
-1929.632
-3737.658
-1994.538
-1610.474
-1975.204
-1602.148
-1651.319
-1985.93
-1594.39
-1489.221
-1829.194
-1943.765
-1584.525
-353.887
-1174.2
-1480.615
-1560.669
-1571.101
-1326.598
-1505.509
-1861.674
-1412.696
-1706.378
-1488.301
-1479.252
-1476.395
-1459.188
-1474.46
-1732.016
-1477.674
-1643.593
-1561.172
-1533.519
-1514.897
-1472.523
-1603.026
-1733.271
-1582.062
-1701.013
-1328.745
-1598.802
-1716.114
-1986.057
-1711.076
-1589.579
-1618.827
-1532.313
-852.912
-1153.076
-1990.255
-1681.169
-1772.977
-1803.696
-1794.068
-1545.617
-1522.976
-1681.719
-3359.018
-1768.575
-1618.172
-1781.734
-1426.495
-1297.994
-1580.963
-1302.959
-1423.393
-1616.512
-1449.964
-1748.035
-2366.008
-1693.981
-1925.968
-1674.29
-1552.763
-1558.464
-1821.555
-1639.414
-1511.743
-1560.98
-1631.755
-1578.92
-1590.05
-1003.929
-1875.055
-1568.6
-1164.837
-1423.734
-1733.661
-1446.835
-1615.085
-1922.659
-1619.65
-1534.104
-1707.547
-1782.686
-1660.412
-2244.624
-1204.935
-1649.291
-1493.375
-2072.146
-1777.685
-1448.115
-1622.001
-1799.859
-390.9271
-1493.582
-875.2867
-1277.122
-1376.002
-1606.79
-16259.85
-4429.163
-1819.357
-1874.929
-1706.458
-1719.013
-1575.068
-1699.934
-1694.985
-1700.175
-1501.987
-1663.634
-1801.857
-1892.079
-1960.146
-1771.819
-1743.549
-1539.244
-1665.724
-1759.279
-2305.835
-1738.177
-1618.048
-1770.731
-1800.069
-1755.167
-1782.798
-1602.65
-2096.793
-1919.647
-1656.496
405.9955
-6820.921
-2557.78
-2015.367
-1475.098
-1851.516
-2102.164
-1857.411
-1231.578
-1721.204
-1696.665
-1535.874
-1791.431
-1734.746
651.0004
-1242.632
-1291.97
-1531.998
-1730.415
-1766.285
-1907.341
-1755.825
-1767.07
-1791.606
-1960.847
-1568.085
-1859.344
-1739.721
-1541.67
-1669.883
-1737.498
-1757.511
-2159.423
-1484.113
-2123.611
-1767.466
-1758.696
-1367.488
-1772.704
-1797.566
-1606.708
-1570.336
-2997.602
-2213.289
-4894.735
-2691.061
-1362.862
-1278.539
-1841.495
-1714.321
-1869.346
-1715.015
-1769.906
-1985.224
-2059.06
-1866.403
-1840.532
-2010.647
-1950.124
-1954.28
-1845.589
-1888.255
-1703.728
-1939.02
-2059.259
-1955.719
-1913.118
-2269.41
-1563.273
-2059.115
-1903.427
-1880.887
-2272.05
-1730.511
-2146.939
-1873.545
-1948.611
-1989.071
-1879.407
-1831.977
-1829.728
-2230.762
-2351.799
-2152.497
-1934.034
-2072.959
654.7896
-1271.709
495.8961
-1439.705
-2046.765
-1982.459
-1957.07
-1996.97
-1729.677
-1551.444
-2279.013
-1146.996
-1868.586
-1621.232
-2283.839
4526.515
-1738.112
-1743.651
-2052.679
-2170.906
-2144.218
-11102.75
-3909.584
-2159.652
-1214.575
1960.485
-842.1914
-1609.214
-1445.467
-2062.857
-1910.152
-555.6199
-1966.843
-2643.72
-2311.908
-1700.391
-2130.064
-2316.429
-2065.102
-1986.333
-2226.761
-1479.05
-1884.243
-1929.196
-2231.813
-2027.278
-1823.277
-2068.896
-2399.243
-2128.72
-2148.716
-2149.242
-2186.13
-2483.52
-2239.61
-2212.605
-2089.442
-2260.981
-3790.786
-2383.59
-2091.327
-2436.724
-2325.194
-2263.994
-2065.734
-2066.371
1899.102
-1163.402
-2220.443
-2420.894
-2782.293
-1793.986
-2307.39
-2372.929
-2015.274
-2216.77
-1809.677
-2020.629
-1878.513
-2454.725
-2297.275
-2402.724
-2327.396
-2046.054
-2035.224
-1987.035
-2173.624
-2061.042
-2332.443
-2138.797
-2213.592
-11740.55
-4115.665
-2705.773
-13212
-4194.037
-2450.337
-1817.77
-2148.807
-1671.548
-2155.099
-2070.451
-1785.492
-2335.519
-2215.693
-2316.162
-2071.042
-2261.952
-2590.769
-2182.973
-2235.537
-2413.904
-2286.332
-2147.376
-2335.274
-2372.076
-2347.666
-2239.423
-26021.98
-6839.867
-1867.928
-2087.016
-1927.221
-2065.402
-2347.107
-2035.315
-2392.509
-2401.925
-2471.624
-1713.977
-3957.705
-2264.874
-2444.78
-2414.997
-2298.382
-2169.131
-2383.434
-2470.458
-2463.592
-2442.135
-2557.324
-2462.342
-2210.976
-2434.025
-2409.089
-2391.423
-2491.513
-2588.492
-2547.114
-2484.637
-2387.351
-1698.041
-2540.791
-2500.151
-1972.001
-2279.047
-2333.219
-2538.333
-2210.804
-2737.927
-2378.581
-2292.913
-2786.856
-2572.457
-2427.141
-2363.188
-2571.343
-2455.412
-4442.34
-3119.148
-2078.526
-2350.92
-2356.452
-2320.351
-2939.745
-2752.758
-2608.212
-2565.4
-2448.085
-2516.26
-2522.544
-2880.047
-2601.547
-2542.32
-2374.58
-2560.069
-2493.947
-2464.508
-2887.108
-2367.547
-2403.719
-2299.15
-1704.112
-2965.557
-2514.467
-2484.613
1370.489
-1854.789
-2413.31
-2609.045
-2518.567
-2813.028
-2701.771
-3251.966
-2955.794
-2684.658
-2564.442
-2634.9
-3254.189
-2300.468
-2354.5
-3064.238
-2737.902
-2173.047
-2236.403
-2770.979
-2719.792
-2239.219
-2439.855
-2849.307
-2697.816
-3029.53
-2763.193
-2623.362
-2761.195
-2483.706
-2654.541
-2673.799
-2736.025
-2619.429
-2689.045
-3653.235
-2764.387
-2584.528
-2635.658
-2665.395
-3489.324
-3377.827
-4095.573
-2719.568
-2541.319
-2365.168
-2473.071
-3207.478
37.82042
-2209.751
-2391.55
-2404.193
-2669.882
-3078.053
-2885.699
-2978.172
-2722.686
-2544.119
-3515.278
-2702.898
-2622.488
-2953.831
-2720.223
-2741.102
-1207.785
-2297.741
-2215.605
-2557.706
-2506.107
-2565.503
-2569.899
-2626.841
-2215.225
-2547.968
-1139.959
-2293.069
-2803.188
-2707.058
-2565.143
-2693.566
-2775.083
-2786.551
-2586.435
-2192.232
-2582.546
-2838.362
-2795.507
-2565.537
-2904.379
-2683.399
-2904.765
-2976.933
-2761.754
-2623.644
-1416.637
-6746.897
-3492.855
-2908.165
-2548.557
-2662.98
-2731.617
-2870.094
-2595.285
-2580.194
-2690.852
-2732.243
-2697.917
-2766.418
-2701.534
-2836.135
-2462.133
-2729.687
-2692.677
-2736.79
-3224.737
-2793.464
-3011.529
-3443.553
-2877.004
-2260.899
-3138.961
-2568.495
-1116.735
-2226.794
-2208.716
-2275.003
-2587.959
-2506.421
-2384.094
-1915.374
-2401.35
-2680.673
-2722.216
-2673.047
-2700.377
-2803.118
-2563.9
-2484.73
-2691.265
-2674.898
-2597.44
-2617.01
-1933.211
-2422.991
-2576.691
-2775.701
-2691.205
-3313.583
-2798.728
-2868.662
-2630.99
-2645.712
-2561.469
-2652.158
-2610.925
-2648.293
-2618.231
-4220.379
-3093.627
-2877.455
-2927.238
-2891.463
-2624.61
-2814.465
-2764.911
-2350.204
-6047.955
-3397.118
-2934.982
-3556.512
-2783.412
-2567.998
-2882.378
-3209.089
-3243.873
-8241.238
-4031.588
-3066.239
-3883.563
-3026.614
-2796.709
-2551.466
-2619.663
-2769.285
-2935.624
-2824.679
-2780.776
-2211.055
-2584.075
-2947.388
-2638.161
-7148.429
-3543.051
-2811.551
-3182.739
-2482.347
-2666.589
-2753.262
-2593.792
-199.7095
-2224.199
-2635.809
-2730.791
-2562.849
-2551.337
-2747.096
-2722.914
-2863.804
-2543.313
-3434.032
-3034.563
-2887.954
-2792.568
-2577.071
-2679.246
-2611.393
-2785.994
-2723.387
11706.16
83.39086
-1996.383
-2485.649
-2249.499
-2529.809
-2896.534
-2628.512
-2457.757
-472.8066
-2032.548
-2621.683
-1989.803
-2412.851
-2593.556
-2559.67
-2387.227
-2335.828
-2486.8
-2555.596
-2548.702
-2248.59
-2654.604
-2575.306
-2481.529
-2621.349
-2412.774
-2756.988
-2594.017
-2617.039
-2671.758
-2597.689
-2571.948
-2440.749
-2602.28
-15582.63
-4898.683
-3170.643
-2767.744
-3389.868
-2856.637
-2564.745
-517.6987
-2327.698
-2707.189
-2625.503
-3008.574
-3162.33
-2871.299
-2395.348
-2463.092
-2399.819
-2343.905
-2516.931
-2609.228
-2674.802
-2503.692
-2982.536
-2487.033
-5084.704
-3094.44
-2662.521
-1565.331
-2374.099
-21234.68
-6174.648
-3255.03
-2758.63
-2665.103
-2497.241
-2575.742
-2550.508
-2021.389
-2448.64
-2347.647
-2465.337
-2476.752
-2997.486
-2664.911
-1894.643
-2395.055
-2512.302
-2636.339
-2308.855
-2553.121
-2453.208
-2554.698
-2577.063
-2383.094
-2464.946
-2580.832
-958.4155
-2285.85
-2409.867
-1810.989
-2477.54
-2014.552
-2534.177
-2488.856
-2242.185
-2390.133
-2472.89
-2494.029
-2380.407
-2611.291
-2955.694
-2573.985
-2717.766
-2652.136
-2514.712
-2156.384
-2571.392
-2498.801
-2496.005
-2416.91
-2785.48
-2781.005
-2596.501
-2686.255
-2694.534
-2378.708
-2243.587
-2407.864
-2449.32
-2569.946
-2688.025
-2210.382
-1321.346
-3074.38
-2722.909
-2650.485
1476.413
-3922.066
-2737.062
-2449.551
-2435.856
-2933.074
-2544.626
-2525.916
-2796.804
-2425.004
-2298.67
-2376.926
-2303.753
-2426.488
-2920.937
-1773.103
-2529.93
-2444.997
-2392.632
-2604.477
-2668.511
-2475.444
-2281.28
-2454.428
-2603.666
-2543.689
-2975.437
-2642.26
-2504.348
-2683.065
-2312.888
-2209.238
-2373.248
-8091.584
-3671.584
-2686.862
-2329.828
-1844.343
-3524.323
-2721.141
-2304.2
-2355.045
-2623.138
-2736.978
-2414.081
-2377.988
-2441.802
-2198.573
-2342.955
-2449.663
-1914.489
-2437.507
-2732.604
-2094.544
-2622.634
-2453.959
-2448.224
-2289.204
-2326.69
-1691.247
-2274.728
-2363.521
-2090.492
-1782.225
-2291.898
-2381.47
-2547.841
-2329.578
-2466.51
-7159.046
-3244.002
-2668.574
-2501.919
-2661.711
-2322.888
-2610.446
-2433.708
-2034.186
-2205.076
-2332.667
-2497.163
-2333.49
-2584.262
-2361.947
-2637.262
-2404.355
-2396.212
-2793.674
-267.7195
-2054.176
-2162.889
-2292.583
-2297.73
-2358.315
-2337.39
-2351.714
-7864.863
-4097.251
-2902.497
-2423.99
-2474.109
-2370.461
-1802.973
-1910.09
-2293.838
-2743.873
-2350.645
-2691.199
-2603.201
-2432.569
-2107.354
-1096.807
-2120.62
-2222.108
-2597.118
-2371.749
-2360.56
-2140.478
-2301.779
-2501.33
-2355.533
-2435.572
-2409.097
-2454.818
-2158.131
-2665.119
-2528.415
-2738.669
-2506.947
-2453.392
-2779.073
-2681.981
-2453.485
-2428.347
-2284.235
-2409.655
-2429.309
-2614.818
-2317.225
-6949.068
-3476.848
-3642.019
-2675.351
-2241.001
-2355.977
-3208.974
-2523.745
-1906.703
-2361.325
-2390.039
-2612.615
-2607.06
-2436.309
-2313.955
-2302.553
