667.5119
336.871
101.949
77.19768
-615.9119
-42.95142
202.8203
3127.775
2488.134
2587.591
1845.568
1678.551
1487.702
1654.424
890.7065
-29.61665
769.4166
658.3847
127.3558
107.3617
621.8208
658.9913
1126.054
911.484
263.2486
1045.65
-2511.821
-722.0499
-1465.623
75.91693
-68199.83
-43887.42
-28709.97
-18462.57
-11191.71
-7702.056
-4748.461
-3541.767
-1519.073
-562.297
431.0517
780.14
-304.1241
-175.8796
142.5746
156.0383
638.5189
847.656
822.3823
667.6491
356.635
-48.48557
594.2184
641.8214
63.23664
481.2108
513.775
600.3508
9095.067
6365.694
4469.987
821.2821
965.4825
1254.052
1142.097
868.8267
651.7089
390.2232
736.1291
593.009
712.9252
1605.182
1549.027
1493.686
1157.38
891.1229
910.8951
-777.2688
319.9113
217.1367
548.8506
405.8158
336.2042
227.0117
-2217.614
-1304.892
-789.4747
-472.8229
-44.59539
6704.137
4331.374
2423.373
1855.251
1382.903
1198.259
801.7678
1724.703
-223.2188
-43.78894
-312.1743
1307.685
625.7311
12.88461
130.8082
537.7684
-456.9466
-1064.672
-893.6457
-908.3043
-909.1393
1542.296
605.4265
707.9248
430.9267
186.4866
344.1797
456.8783
-7.773933
229.9721
-140.6389
-19.47938
-293.5476
-408.6118
-608.6158
-917.2658
-477.8092
-169.2292
75.27562
-298.763
-619.9096
-284.0771
-278.8608
300.2533
224.314
90.85708
-980.3767
-1643.736
-1147.755
-862.3261
-1004.664
-762.1787
-476.6557
-236.5232
-44.88724
-867.6114
-868.4212
-1164.292
-1129.956
-142753.1
-93243.54
-61468.98
-40567.07
-26355.84
-17323.03
-11558.67
-1431.798
-323.2329
-664.9481
-849.5714
-847.8739
-785.4024
-834.1904
-738.6818
-320.9872
6323.227
3502.917
2479.56
1996.253
2405.268
1247.504
584.186
264.4393
-112.1904
1737.14
788.9783
660.6079
-58.2061
-318.7236
-614.8315
1958.275
1562.037
862.4281
213.7801
510.4259
-1202.508
-1251.209
94.07302
85.69806
-176.4296
-498.8495
-722.252
-611.7271
-1694.301
-1468.878
-366.1091
-208.6499
-231.0653
743.2971
-30.27493
846.6606
2738.508
1921.455
661.4081
341.3217
-846.7441
-1084.229
-979.3006
-945.1044
-701.3024
-314.3567
-619.7193
-902.14
-797.9271
-657.8532
-441.0648
8574.484
5289.002
3216.911
1667.33
705.181
419.2643
-622.5457
-97.61181
-75.68188
-390.1678
-656.1672
-723.1553
-619.0378
-716.3578
-554.7854
-2981.215
-1994.559
-1180.881
-6681.709
-4003.871
-2616.419
-1573.748
-1280.972
-594.5968
-756.8476
-969.3733
-893.3485
-447.4542
-1065.85
-139.609
-344.5587
-419.0197
-391.8228
5164.486
3171.317
2111.855
970.1948
180.9845
-5411.681
-2977.925
-1592.61
-1045.607
-329.5415
-1238.691
-1348.218
-1332.099
-1345.58
-1210.411
-610.1928
-378.0507
-230.5904
-596.8082
-637.1108
-719.7779
-316.1627
-219.3243
379.3307
794.2808
353.9187
299.1363
80.64675
12.0475
1375.776
497.2483
581.8774
490.8106
283.8634
367.3097
302.5849
-2.888868
-1270.249
-667.9125
-609.2294
249.71
174.5216
-217.4833
862.0612
893.7468
993.9514
541.18
453.1975
401.5418
236.4948
-2280.814
-898.2743
-583.1625
-384.66
-105.7727
286.8837
546.7908
549.8265
221.9496
374.6171
1161.922
1000.821
403.2123
38.4742
33.68838
215.2496
-1270.334
-820.1691
-306.5198
-979.1137
-1035.327
-509.1467
-263.9829
-311.5083
-34.85089
164.83
-1992.558
-1259.815
-567.0321
-195.2842
-356.1389
322.7557
123.2422
326.2205
99.21165
176.1493
319.5528
100.5895
375.0688
500.3401
-421.5055
582.1435
224.6828
519.4643
653.403
-915.022
-683.5856
-923.4353
-12563.52
-8406.808
-4962.475
-2910.198
-1880.488
-871.3505
-985.3392
7.610925
79.42689
-40.68028
-202.7284
62.71013
110.7381
11986.36
7883.214
11194.26
7328.504
5352
3736.46
2567.893
2019.228
1494.928
-8100.301
-4961.503
-4756.485
-2638.229
-4607.57
-3837.915
-2176.072
-1171.918
-786.1361
-1511.093
-895.7006
-291.1638
-142.1069
-131.237
894.6956
473.3238
-2442.628
-1360.44
-187.114
89.39474
123.0117
171.8554
198.3782
-26.07624
-351.2639
414.099
-2118.264
-1398.201
-727.7305
-455.1609
10.6375
-254.9289
-104.2163
16.4683
-233.8315
-290.3141
140.2323
184.2481
-123.0058
-278.7755
-2654.882
-1709.707
1701.852
1008.15
946.2435
814.5191
863.475
-1075.911
-1002.798
1499.326
914.8699
602.6134
-1669.27
-676.3883
-310.94
156.1437
21.9641
14.76236
-183.674
-272.4903
-359.7723
-138.2424
103.9529
232.4585
-46.40096
-571.5404
-290.6921
-203.6558
-136.8239
-172.0265
-317.1593
-94.1294
-194.9002
-304.8637
-356.8621
-463.2083
-266.6483
-363.6391
-202.0762
-264.0931
-70.61549
2978.708
973.1959
139.1603
-543.7395
-1321.144
-1473.431
-1467.869
-1477.825
-2797.52
-2354.404
-1507.586
-1590.37
601.5194
-207.8918
-235.5948
72.87842
3753.298
2126.957
2184.838
1668.252
979.2074
6638.198
4216.858
2492.124
1449.908
-3615.089
-2672.696
-2087.059
94.39589
-454.9937
-614.3905
-1110.016
2166.654
912.9763
-850.1114
-832.0481
-996.737
-225.8953
-564.654
-5083.805
-3542.49
-1645.413
-1612.977
-339.1719
-6264.725
-4471.622
-3127.335
-1960.272
-2612.646
-2311.953
-1799.536
-1826.791
-1392.98
-2070.686
-1422.309
-945.7992
-600.4297
-649.4116
2074.378
1140.372
39.62365
-365.1557
-5602.515
-3366.143
-2306.934
-1916.053
-2527.769
-2232.024
-1825.987
-1504.054
-983.0418
-1081.217
-948.4786
-365.8217
-213.0767
-54.78429
-526.44
1254.246
468.5292
-156.2739
-42.00241
-364.8118
-1921.044
-1858.502
-4203.076
-253136.4
-165580.3
-108354.9
-70526.78
-46368.66
-30874.85
-22181.06
50328.01
32766.77
20916.55
13319.88
8491.326
4824.933
1716.142
682.9703
85.56583
-509.7849
-345.1725
38.74361
-1942.372
-1280.324
5812.73
3593.935
2136.473
808.6604
-5801.564
-4115.298
-2422.226
-3340.99
-2276.542
-1600.756
-1392.473
-2741.63
-2574.117
-1870.947
-1324.431
-1470.803
-1174.565
-816.6926
-1257.961
-506.1658
-1662.271
-944.6059
-784.9191
-471.8654
-455.451
318.0698
-132.6058
-376.0666
-619.4077
-979.0852
-424.1407
-439.0588
-1414.602
-1221.765
-1452.083
-797.2292
-584.3325
-746.4088
-1613.59
-2168.614
-2806.075
-1859.374
-1437.122
-1861.588
-1125.961
-708.2455
-574.6344
-564.0633
-2020.278
-1404.449
-1117.71
-1184.088
-1242.717
-1700.22
-1727.222
-1148.646
314.0023
545.0145
403.7325
52337.88
34194.99
22329.94
14717.14
9282.275
2611.383
1945.646
1287.347
639.8151
637.9991
33.65284
234.2254
76.74916
187.282
-81.86229
-728.0443
-686.6025
272.4453
3951.427
2736.705
2004.963
748.8114
-2664.103
-2208.491
-2093.424
-1964.047
-1403.346
-1235.029
-476.0444
-104.5378
-41.89449
-17703.85
-11427.4
-7258.347
-4342.928
-2272.884
-2589.259
-1891.505
-1465.289
-1508.394
-1481.28
-2311.165
193.8567
-475.2051
39.29121
-280.4619
-23826.4
-15408.61
-14373.03
-8702.993
-9583.02
-7004.366
-8887.739
-6114.543
-3804.843
-3183.859
-2128.488
-176.7407
255.8912
-373.0113
-198.3941
-1448.841
-867.2325
-1540.188
-1109.504
-751.7157
-1851.78
-1385.901
-796.579
-469.391
-2176.385
-1314.981
25.11431
126.3743
202.4598
-551.5198
-275.63
15.27256
1236.922
1288.926
394.7609
346.449
7547.346
4728.805
2861.305
1794.207
-76.4471
1131.126
751.9543
1672.953
2013.279
1389.548
733.2287
901.5343
1009.059
-6491.747
-3891.44
-2539.786
-1824.067
-951.6682
-782.0221
-84.01886
814.9165
385.7764
-1015.636
-30.33208
27.29411
-180.1463
24.85513
-298.9991
923.7534
596.7953
232.6902
234.3167
684.8097
637.1795
493.2315
498.963
590.0597
541.2689
168.9013
116.7238
13640.03
8727.991
3349.731
2108.404
1249.459
-106.5886
-440.0907
792.162
285.9103
1747.321
1231.858
9033.624
6871.876
4084.673
4183.392
3494.287
2719.436
1200.165
1096.843
-76.22923
-403.2325
-469.0649
-307.3352
-348.0352
-299.4073
-276.6708
-140.377
-328.9058
-99.58985
-268.5794
1350.585
599.5617
475.9255
-141.4094
-246.6358
85.81181
-74.26301
-319.4428
896.8236
454.6821
748.2349
360.4818
-99.74212
-419.1184
506513.2
330043.4
215190.5
141318.3
91777.14
59805.6
37030.67
23991.54
15241.73
9563.729
6262.385
3340.603
3006.014
959.5312
0.3468722
-196.6432
899.6697
207.6655
-545.3102
-10951.24
-8112.216
-5767.842
-4796.347
-4353.198
-3130.293
-2729.258
-1984.316
-1438.813
-1616.993
-1476.747
-950.9022
-4502.35
-3232.03
-2681.206
-4756.887
-9488.514
-7268.075
-4669.003
-3537.974
684.684
409.8334
-1141.371
-10968.57
-8127.983
-5785.044
-4023.778
1023.733
382.8541
368.0807
-442.1822
-421.6882
-446.5552
-700.3367
-431.6836
-897.504
-1012.976
-1130.353
-1388.338
-1382.577
-1861.982
-1610.431
-1716.703
-4236.17
-3458.854
-2554.452
-2532.97
-2347.527
-2821.295
-2295.373
-2099.306
-2309.179
-10311.05
-7367.487
-4175.588
-3166.929
-2407.462
-1090.721
-1344.563
-1132.127
-1161.192
-1015.533
-291.8501
-1002.296
-393.1276
-748.7375
-1259.456
-1515.466
2177.906
805.6229
659.6512
1570.854
1642.359
384.4506
131.4252
-474.7692
-639.6132
-764.02
-1067.827
-1422.353
-1285.008
-143.9333
-118.5978
-615.6683
-581.9313
-3344.021
-2635.264
-1702.549
-6354.554
-1708.171
-1571.774
-1364.208
245.8315
-1764.936
-1504.064
3481.533
-292.3215
55.31716
-350.4105
-532.8984
-672.9829
-227.7442
-547.8007
-792.0615
-714.1917
-606.978
-1474.127
-823.5181
-897.1203
-1578.41
-1165.719
-900.803
-1253.952
-1136.547
-852.3992
-938.311
-1011.223
-901.2295
-655.991
-970.5103
-958.8559
-1738.026
-1383.013
-1009.372
-758.185
195.2747
235.7128
502.7709
47.34293
-825.038
-1512.647
-1356.444
-1440.646
-148.4707
42.12925
-613.6878
-29.61037
-213.073
-799.3843
-96.74648
3228.496
1677.601
1119.181
473.2644
426.6692
592.5733
356.7074
63.10316
459.0251
137.9105
-1260.843
-2559.126
-1760.91
-1020.326
-534.3878
-307.7643
-320.7673
-1052.261
-480.7763
-633.8864
-330.1297
-612.4716
-8085.01
-5235.531
-3721.823
-2464.789
10412.67
6459.643
4174.967
2551.998
1528.896
785.1062
1303.793
548.9234
1424.52
2573.561
1636.828
2205.504
1555.736
538.728
1456.572
619.663
586.9425
343.7618
287.0473
430.0866
615.6541
157.0732
89.13613
-75.74776
-139.4837
-348.9139
586.5208
484.5332
414.7369
-2117.089
-1388.489
-1375.359
-958.9363
-968.4405
42289.07
28055.44
19162.32
12381.34
8272.635
7458.074
5185.204
7802.469
5084.041
2743.028
1603.994
1192.673
684.724
102.85
-940.7237
-148.1942
-590.0962
-148.5833
260.9086
78.23378
188.613
1459.998
1838.188
1332.319
761.266
378.1402
929.8304
548.3555
-1373.882
-855.5378
-1560.262
1012.969
576.5145
-74.4326
-4755.245
-4263.544
-2520.17
-1219.027
-889.0379
-445.7119
-15290.91
-9816.432
-5219.999
-2834.699
-1324.945
-959.1511
-588.8596
-1845.901
-1144.374
-753.2001
-480.7082
-475.9035
-454.0493
-9.268675
438.9378
579.316
201.6751
-88.30138
-219.7856
-277.1817
-500.2431
-955.7306
-1136.614
-918.1031
-515.2689
-377.1431
-1091.933
-1757.447
-1301.616
-907.7474
-820.6533
-402.3263
-446.8065
-819.9473
19480.97
13498.46
8819.003
5599.71
2102.749
5025.135
3895.77
1880.979
1284.256
756.5629
197.6752
14.16993
-3519.112
-2271.486
-17970.83
-11658.32
-7993.445
-4818.056
-5310.697
-3534.649
-2039.057
-2119.21
-1137.144
-1270.829
-909.8267
-603.1106
-1103.273
-1033.545
-1481.261
-1185.053
-1336.827
-1548.186
-1090.36
-662.883
-607.0023
551.8758
541.0636
-367.195
-560.6267
-175.6433
437.1593
-2307.866
-1796.571
-1183.539
-1318.824
-1031.948
-1136.755
-876.0914
-1562.401
-1237.68
-856.3211
-893.156
-2208.429
-1807.686
-2994.619
-2287.516
-2496.994
-2347.709
440.9741
-250.0624
-654.8878
-800.0835
-1863.23
-1573.326
-1511.471
-1194.923
-1036.557
-978.2638
-1431.824
-1568.082
-1585.605
-1440.876
-1491.968
-1133.484
-1188.492
-1183.933
-365.526
-925.1141
-778.5407
-1353.721
106.4287
-539.8205
-1130.459
-1077.47
-1427.591
-1559.531
-1398.514
-1650.093
-2102.801
-2512.309
-2213.326
-2036.969
-1705.154
-1555.231
-2054.338
11805.35
7875.872
6175.237
2196.337
1067.899
-1793.295
4912.773
1848.81
748.5145
-643.4507
-1279.393
-1295.643
-979.2615
-1241.117
-2333.09
-2135.012
385.5694
-407.4257
-887.4745
-1153.888
-1061.852
-1543.31
-407.6219
-827.4238
-987.624
-2208.149
-1613.999
-1262.263
-1335.155
-303.8101
-891.461
-929.0811
-2387.254
-2106.76
-14492.73
-10026.7
-6690.98
-5729.125
-4097.874
-3288.973
-2412.006
-1944.646
-2277.964
-2141.979
-2996.706
-2559.434
-1948.162
-1758.978
-1847.922
-1819.75
-2129.669
-1598.764
-1806.245
-2065.622
-2115.129
-1877.95
-1847.307
-1772.512
-2261.617
8245.625
5168.724
3342.498
5759.375
3273.721
1162.398
524.8922
-332.9894
-456.3253
-856.9963
845.4429
128.6188
-268.0882
-861.5919
2745.485
1089.503
339.0394
-39.66541
1086.314
-157.8328
-278.9912
-317.4332
-1085.464
-909.6943
-990.6172
-1107.279
-1205.448
-1072.996
-685.9156
-797.7663
-632.5566
-1152.815
-910.044
-779.7927
1107.419
122.3875
-297.7888
-445.2383
99.77758
77.99867
75.93092
-385.1092
-632.1257
-679.8127
8958.062
5343.862
2747.761
1334.42
603.4103
381.8827
-141.722
-420.1293
-372.8173
291.8958
458.8685
-1123.479
-2081.562
-7292.621
-5199.525
-4089.742
-3004.174
-2112.922
-1588.214
-1236.965
-970.0963
-806.3307
-971.1032
-1225.673
-901.4244
-279.7741
-46.16527
-511.7749
-435.1364
-473.1957
-362.594
-769.0047
-577.2723
-682.1515
392.3812
38.53983
-288.5454
182.4419
-64.70631
-235.8457
-471.2023
-441.6824
-165.5458
-219.1466
-694.1535
-1244.138
-1367.946
-373.9268
-139.4796
40.72483
-425.4078
-828.99
594.1204
1312.359
849.2972
417.5767
-88.4646
-243.1394
-15115.05
-10206.26
-6897.902
25360.7
16483.22
10926.26
7000.751
4530.705
4264.397
-900.2291
-352.4801
-1536.391
-1344.001
-1142.064
-484.8639
-451.7135
-427.3477
-182.5043
-4165.658
-1966.906
-2100.89
4733.976
3977.148
1889.147
770.6294
-621.859
-401.766
-765.8929
-484.6405
-783.0269
-625.1689
-528.3175
207.6828
-271.6732
513.4754
465.8353
-204.0989
60.10565
-262.7997
368.0703
-14.32859
-21.81379
237.0814
107.4216
41.61064
-755.271
4679.578
2731.9
998.4693
506.6153
112.4393
155.4079
32.42087
-62.24513
-131.6038
746.9161
131.4533
-1199.653
-1196.786
-988.4573
-1890.186
-1683.435
-1343.188
-774.3407
5442.251
3323.709
1669.763
192.2965
-42.96306
26.29416
-130.8905
-233.46
-427.9237
4553.77
3100.863
1346.152
-446.5771
-425.0591
-412.4635
-637.0409
-764.8447
-1512.742
-1346.752
-1597.487
-1142.155
-1112.123
-1145.552
1037.608
207.0693
249.4214
-2486.321
-1858.155
-2172.896
-4158.474
-2667.456
-2091.572
-1287.014
-2583.685
-2031.291
-1753.728
-1629.521
-1616.608
-1516.42
3671.21
395.068
243.635
124.1526
-479.4949
-216.4122
-542.8749
-948.7468
-1326.959
-1218.403
-4124.409
5783.383
3003.56
-735.7276
-844.8572
-1300.642
-1098.841
-1455.05
-1036.537
-1444.898
-1351.321
-743.5902
-1128.379
-555.7373
-716.6519
-1053.255
-1196.554
-1410.045
11917.09
9288.944
4210.438
794.3897
148.4494
-613.1049
-935.7267
-2178.437
-2005.466
1928.536
848.1958
-363.799
-1181.309
-1352.111
-1598.726
-35.82458
124.3166
-223.6414
-1757.623
-1713.686
-1264.131
-1468.428
-1496.427
-1377.385
-2483.755
-2128.512
-3719.563
-3031.073
-3004.229
-1995.756
-2129.1
-2521.666
-1806.865
-1626.202
-1811.608
-1717.908
-1615.817
-896.4515
-1520.651
-1722.466
-1473.735
-1627.664
-1800.88
-2115.792
-1630.872
-1561.743
-2071.908
-1980.039
-953.0335
-1005.048
-1459.96
3249.551
1699.216
2005.233
813.1598
-389.3647
-942.9406
-962.0893
-201.6149
-966.7515
-1726.238
-1694.299
-1876.957
-1802.631
-1388.083
-4481.469
1627.757
852.1423
-171.4663
-1002.665
-1392.167
-1593.156
-1804.221
-1811.43
-2114.208
-2794.73
-2309.514
-122.6724
-421.2043
-694.0276
-788.5101
-1222.83
-1457.666
-1694.336
-1686.201
-2129.591
-2341.322
-1934.392
-542.8301
-1171.32
-1448.586
-2358.572
-2350.425
-709.6342
-456.3735
701.4421
114.8566
1432.029
502.0784
522.2384
205.4058
96.69382
-505.4189
-399.9229
-885.3777
-1317.9
1905.678
663.0043
-2986.918
-2560.352
-2019.305
-1694.516
-1786.074
-1801.496
-1821.16
2570.612
1379.602
1123.574
23.53182
-4948.136
-3135.786
-3743.398
-3960.369
2455.809
3030.94
1697.248
47716.54
30541.33
19685.9
12124.81
7627.798
4954.302
2940.372
1753.075
715.3841
1423.28
-32.00222
-66.00867
446.1579
-273.5265
-639.5024
-1230.049
-1117.558
-2770.332
-2238.272
-2425.164
-1725.917
17598.52
11071.65
6062.632
4013.219
1403.682
467.2653
-9568.906
-7093.606
-4967.072
-4280.267
-2993.339
-2177.321
-1564.845
-1512.221
-1438.473
-857.6066
-866.285
22935.35
14749.28
9341.845
5616.961
3516.315
836.4456
1826.637
785.9611
594.9531
595.7113
267.9329
-47.34537
-192.1102
7.043894
-506.1122
-4913.626
-3793.773
-2503.257
-2012.387
-1334.963
5071.132
2926.39
2304.364
1370.723
689.659
21.28083
-367.5388
-28416.55
-16573.6
-11384.17
-7641.817
-4201.251
-3929.906
-2940.195
-2088.127
-1437.474
-1174.848
4556.463
2092.399
-812.1184
-649.6914
-870.154
167.6102
103.7621
21.23363
-1984.156
-1472.466
-1353.51
-1115.037
5067.317
234964.7
152934.5
99360.89
64160.03
41747.3
23587.64
15011.29
9494.208
5805.084
4176.269
2631.231
1574.077
716.0134
487.4087
-91.81926
-130.9571
235.7478
-338.5508
-436.1529
-439.3032
-745.4602
-546.9843
-717.0635
-950.0746
-657.9929
-491.2089
-663.1417
-438.8657
-1946.456
-1664.446
-1294.425
-516.4475
-492.8584
-681.0763
-466.7663
-3435.032
-2698.008
-1798.613
-1916.9
-3693.331
-3576.537
-2439.536
-1888.361
-1665.318
-1233.717
-3689.81
-2669.639
-2481.876
-1991.008
-1578.182
-135.1066
-991.3136
-1871.977
-1631.337
-1124.525
-1033.762
-1031.663
-1900.876
-1793.836
-1383.796
-1155.871
-1709.216
-1307.334
-1302.969
-333.1318
-534.4099
-324.9195
-2630.839
-2784.596
-2422.125
-2694.172
-2119.928
-1948.117
-4037.074
-3398.165
-4651.885
-6876.614
-6590.663
-5763.02
-4210.09
-5814.661
-3956.308
-4068.323
-3125.264
-2230.384
-2870.474
-2137.869
-2904.5
-1914.385
-2286.224
-1129.016
-1035.506
-591.788
-1409.225
-5451.847
-4246.254
-2936.782
-2382.529
-1732.37
-2267.893
-2024.345
-2455.214
-1898.59
126.1105
-142.2142
-271.741
-958.52
-1364.193
-3505.048
-3124.782
-2283.871
-2342.095
-1471.208
-1731.162
-3000.024
-2381.273
-1811.626
-457.9729
-2236.059
980.3702
159.5824
-797.3086
-1883.469
-1741.359
-1782.731
-1209.083
-1461.401
-1901.953
-1707.242
-1446.984
-1782.103
-1886.723
-1071.651
-1819.488
-1975.381
-3527.098
-3435.443
-3053.29
-677.4342
-1203.371
-941.8796
-1924.341
-2138.36
-921.2023
-671.7743
-997.8054
-995.6635
-1499.605
-2177.673
-2780.802
-2502.464
-2242.334
-858.4421
-1033.024
-1332.848
-629.451
3561.656
2048.989
2498.052
370.309
-593.9347
-941.1297
-1628.352
-1392.045
-1611.112
-3758.39
-2545.1
-2238.909
-2282.321
-2424.679
-1677.412
-1805.606
-1745.644
-2512.974
-2103.349
-2078.525
-2256.952
-3749.835
-2673.481
-2522.668
-2093.174
-1681.338
-1449.37
-980.3748
-1369.31
-1597.142
-2089.521
-2125.596
-1390.666
-1876.565
-1745.712
-1718.834
-1915.28
-1687.834
-1620.902
-1742.904
-1718.569
-1765.144
-1638.006
-1570.594
-2149.957
-2158.719
-299.7757
-1010.082
-367.1882
21037.15
13715.46
8444.621
5436.688
2838.684
1369.045
-502.6172
-959.1094
-1194.221
-1561.968
-1961.788
-1851.808
-1775.046
-1020.173
-1271.358
-1547.345
-1688.09
-1713.602
-1795.441
-1558.282
-1096.941
-2297.065
-1603.982
-1648.953
-1795.938
-1766.13
-1689.058
-1476.994
-3038.496
-460.7901
-1121.077
4088.421
3253.755
3144.19
1593.346
-1678.731
-1641.592
-1895.97
-1620.312
-885.2132
-899.7645
-997.0312
-1994.554
-1828.161
-1863.57
-1719.471
-1775.05
-2456.649
-1786.594
-1695.44
-2028.94
-2025.442
-1097.637
-1264.313
-3853.247
58790.68
38128.26
23348.25
14666.04
9592.396
5915.063
2889.829
1470.686
325.8103
60.80849
-169.2641
269.712
-65.2269
-438.1015
760.6967
-670.8998
-873.4801
-715.9683
-536.6789
-1206.357
1462.255
-107.9899
-521.9465
-854.4845
-673.1388
-954.7674
3168.99
2595.996
1504.614
-5424.28
-4391.732
-3977.755
-2782.807
-1855.206
-1445.977
-3106.357
1988.576
494.9841
-93.20635
-167.3932
-659.8295
-1346.308
-7605.161
-5142.41
-3931.439
-2084.909
-37.01271
-331.7047
2929.708
2161.245
1176.17
536.0939
267.9074
17.20335
-87.60151
-647.8049
-633.1905
-888.3988
-1503.021
-15539.62
-10699.58
-7574.789
-5205.625
-3453.616
-2474.287
-2802.609
-2240.664
-6163.663
-4292.688
-3313.943
-2446.87
-1602.85
-1264.37
-687.5961
-325.3622
-488.0539
-4831.748
-3740.716
-2108.309
-1285.335
1648.809
1233.827
1683.149
2000.475
-13513.33
-8803.852
-6129.413
-4393.972
-4320.772
-2840.002
-2719.518
-1627.091
-1263.351
-1098.358
-1271.803
-1215.285
-1184.387
-3005.731
-1744.668
-1645.26
-1317.085
-1225.722
-4058.235
-17368.91
-11490.97
-5537.101
-3889.42
-4036.641
-2839.415
-2009.373
-1462.957
-939.6238
-843.6569
15407.45
9848.03
6585.091
3735.68
3046.889
1434.08
5376.173
3255.594
3001.245
2140.567
1085.558
687.0865
4133.509
282.874
349.6731
626.3518
19.68139
-539.2735
-710.8005
-940.2146
-769.3446
-2597.502
-1150.381
-1505.229
111.8741
-909.537
-2041.916
-2134.914
-1781.42
-2076.85
-1622.73
-1059.451
920.5897
-423.2251
-17.89047
-1636.423
571.2698
7103.26
2706.091
1296.475
352.0834
-215.0839
-7626.983
-4096.026
62098.91
42786.33
27350.39
17639.95
10756.74
6305.449
2728.881
1386.974
-2411.483
-2116.409
-1858.54
-1649.888
-1892.109
-1413.756
-1303.707
-3082.463
-2852.54
-10239.68
-7505.741
-5719.208
-5167.592
-3879.888
-3264.906
-7636.265
-8352.897
-5901.114
-4493.159
-3762.058
-3089.16
-2633.486
-2096.451
-2101.529
-2557.61
-2463.634
-2412.597
-3039.507
-2746.3
-2269.578
-2108.015
-2319.505
-2192.173
-2117.688
-1696.965
-2228.028
-1976.116
-2522.289
-2346.748
-1881.917
225.4707
-207.1656
-999.474
-834.2867
-707.0423
-1154.613
-1513.744
-2034.372
-2114.419
-3580.685
-4436.707
-5367.165
-2550.191
-2257.244
-149.5725
-775.488
4816.722
2438.785
956.2915
-4342.48
-3130.016
-9641.174
-7124.903
-5503.344
-4214.365
-3505.283
-3381.38
-3445.972
-5165.92
-4161.663
-2549.068
-1530.086
-1788.089
-1940.751
289.4558
-574.4185
-1181.689
-1661.277
-1873.869
-1775.78
-10286.16
-7693.613
-5646.643
-4460.838
-3720.916
-3358.094
-880.148
-1854.456
-2323.795
-3927.82
-3167.281
-2027.209
-1756.049
-2694.591
-2258.248
117.2525
-1045.458
-1654.699
-1610.368
-1924.175
-4434.585
-219.4851
-1381.633
3443.47
1631.158
1591.613
6636.48
4051.703
1858.506
631.1273
-276.0374
376.7946
16362.59
8810.801
4911.578
2484.682
845.2932
-1105.185
-1462.095
-1519.647
-1453.659
-2113.073
-5536.435
-4332.492
-3102.445
-2603.952
-1685.38
-1419.936
-1684.502
-1629.036
-1814.767
-1681.766
-628.2999
-1478.062
-1595.119
-1439.457
-1577.28
86054
55562.27
35695.22
21267.05
13533.46
18466.35
10445.7
-857.2595
-1051.168
-2602.998
-2240.229
-3440.764
-2336.664
-2231.91
-1987.662
-2097.675
3093.719
2447.816
978.7669
-18706.75
-12298.77
-8499.719
-6323.466
-2816.71
-2154.782
-2327.247
-2054.131
-2114.211
-1849.369
-1787.678
-1803.597
-2153.326
-1759.859
-166.4623
-997.6275
-731.5283
-945.9197
498.0366
282.4321
-167.7662
-1144.569
-397.6057
3547.594
1926.236
1140.356
-90.19912
-1742.458
-1451.951
-2538.426
-3104.627
-2881.528
-2062.201
-2046.978
-1849.356
-1065.506
-1444.123
-1714.11
-1804.607
-409.6852
-1213.935
41078.38
26193
16679.52
14500.34
9124.218
5733.679
3379.339
2930.588
922.7589
201.0437
-450.1151
-3356.811
-2616.741
-1995.133
-7628.589
-5246.339
-3103.282
-3650.757
-2706.887
-648.6639
-887.9018
-906.9097
-874.6434
-729.9665
-1794.277
-1785.218
-1386.758
-1170.485
-1365.338
724.5146
158.7982
-94.23971
9299.682
5521.126
3047.393
1245.215
-18.79279
79.01025
37.73595
932.7846
458.3948
175.8442
33.1922
-357.175
-388.5158
-1113.441
-1541.179
-1148.177
-1273.021
-1122.715
-1743.735
-1092.841
-1319.328
-1422.388
-1288.442
5455.923
3251.094
1833.606
2455.184
1230.627
-111.6913
-271.0746
-712.2793
-1031.018
-1478.218
-877.9351
-447.9378
-943.4397
-959.7316
-929.1498
-5824.323
-4331.035
-3192.39
-2500.246
-1739.18
-1225.051
-1259.444
-1373.866
-1382.44
-1101.37
1086.777
-277.3214
-1088.325
-1353.965
-1318.842
-1481.786
-1370.554
-1050.056
-2442.177
-1965.822
-2640.472
-1320.338
-1331.944
-1072.17
-1238.542
-910.0365
-1196.758
-1282.196
-2512.956
-2024.693
-1650.075
-749.464
-1166.317
-4567.045
-3567.579
-2172.891
-2008.753
-1285.239
-939.7477
62.79981
-218.943
-1252.975
-1459.389
-1619.365
-3767.545
-3025.563
-564.6234
-1136.244
-1363.481
-1458.273
-1042.933
-939.634
-1477.22
-1233.624
-1495.176
-1734.971
-1105.016
-1479.891
-2470.689
-2127.438
-1971.85
-2351.771
-2064.046
-2406.324
-2355.206
-2870.861
-2834.374
-2451.079
-2355.543
-2377.857
-2224.478
-2527.208
-2479.844
-2240.971
-1217.099
-1167.909
-1331.437
-1365.811
-1858.007
-1978.922
557.0667
6150.19
1693.428
-79.62539
4344.917
2324.345
702.7852
-1928.705
-1821.584
-2414.141
-1364.788
-2043.664
-2331.741
-2526.475
-2377.829
-2226.016
-2193.192
-2751.726
-2622.54
-2625.659
-815.0609
-2047.89
-2167.025
-2308.272
-1975.226
-2068.882
-2346.326
-3515.694
-2733.366
-2799.903
-2237.042
-2350.472
-1229.739
-1455.653
-1503.879
-1806.841
-4560.482
-3995.536
-3356.455
-2861.905
-2144.346
-2570.088
-3433.985
-3591.107
6864.622
-425.121
-1114.677
-1662.152
-1731.182
-2109.865
-2345.796
-1925.368
-2430.956
-2780.94
-2705.093
-2686.452
-2702.476
-3228.59
-3435.917
-2450.032
-2493.737
-2643.9
-3191.271
-2700.948
-2782.435
-2712.428
-3332.306
-2461.027
-2266.684
-1174.954
-1510.729
-1557.706
-1415.511
-1907.993
2435.573
1186.853
-61.29185
-811.1215
-593.4787
-2048.205
-1518.763
-3256.251
-8170.862
-5716.085
-4561.265
-5504.442
-2868.767
-2809.918
-2798.291
-2880.284
-2832.657
-2612.267
-1058.632
-16005.38
-10996.68
-7860.613
-5152.407
-4991.525
-4276.605
-3670.161
-3082.571
-4651.173
-4138.335
-2451.173
-2333.268
-2578.114
-3182.601
-2357.931
-2260.284
-2469.331
-2306.273
-2181.902
-2548.653
-2220.034
-2629.737
-3048.887
-4530.676
-3672.927
-3419.623
-2552.499
-3873.242
-3675.695
-2753.987
-3326.714
-2865.377
-2400.504
-1968.302
-2104.552
-2420.317
-2257.322
-1336.19
-1435.831
-1587.291
-1657.859
-844.565
-3922.716
-2282.329
-2636.615
-2562.401
-2343.688
-1976.931
-1124.279
-1291.191
-1340.219
-1194.708
-1408.574
-1496.242
-1380.372
-1808.284
-2325.95
-2286.257
-2118.531
-1889.988
-1263.087
-1124.258
771.9773
-996.8789
-1021.429
-581.0617
-474.3867
-778.3549
-1133.183
-1519.231
-16369.47
-11311.98
-7735.633
-6299.195
-4659.301
-3742.135
-3483.834
-2513.455
-3068.618
-2736.813
-2574.634
-1479.514
-1396.253
-1369.683
-20403.09
-12188.85
-8010.423
-3976.658
-2258.706
-1983.73
-4955.798
-3081.596
-2453.216
-1811.419
-1718.626
1176.503
449.9853
-85.6729
-960.3767
-910.9664
-2394.695
-1956.651
-10912.79
-7454.144
-6516.251
45965.62
29788.3
18458.76
11480.75
7016.881
4183.163
2279.376
858.7241
92.74341
362.6457
-318.1354
-195.2189
-530.2345
-951.238
-552.9578
-1218.121
-1122.185
-836.5505
-1655.837
-1782.438
-1712.146
-2617.77
-1476.011
-181.1217
-966.9855
-2158.521
-1786.996
-1422.928
-2266.951
-1145.042
-1186.309
2607.62
4139.394
1666.663
456.5104
-2432.997
-2022.312
-2075.659
-2501.306
-2113.061
-1945.391
-15632.15
-8847.849
-6234.394
-3929.468
-3162.705
-2542.555
-2217.959
-1965.031
-1146.108
-1322.275
-1399.049
-1034.04
-6067.107
-4308.275
28230.09
18983.33
11784.11
6647.171
3748.655
2489.082
1626.428
665.8942
5.287484
-271.7788
-753.1756
-4691.425
-3545.318
-2910.886
-2792.055
-2320.592
-2182.073
-1897.33
-1525.119
-1819.701
-1911.271
-2546.258
-2007.436
-4484.728
-3563.003
-2590.596
-310.2099
-1253.617
-1758.463
-1797.528
-1967.741
-1985.235
-1906.383
-2407.155
-2182.188
-2948.15
-2393.134
-2225.287
-2245.59
-1922.306
-1915.649
-3598.737
-2793.074
-2190.02
-1995.874
-2133.953
-2630.719
-2177.186
-1431.545
-867.8504
-3461.003
-3213.368
-2956.9
-1911.059
-1950.706
-2557.86
-2181.942
-2652.574
-2968.024
-2561.891
-2363.561
-3097.599
-6314.013
-4733.666
-4174.006
-3404.481
-2462.689
-2496.647
2209.738
918.7083
-175.1167
-1133.574
-1261.465
-1208.728
-1759.797
-1545.113
-1833.114
-2178.939
-2422.178
-2655.423
-3964.407
-3253.086
-3005.568
-3048.311
-2571.627
668.6389
-1428.692
-2440.763
-2602.518
-2725.371
-4641.634
-3500.673
-2999.126
-2182.482
-739.1382
-1236.67
-823.9432
4127.212
1766.193
349.9478
64.56615
-476.8059
-1120.03
-1384.646
-1655.362
-2197.932
1113.405
17912.38
9541.897
5516.289
3852.927
1485.601
115.1282
-935.5414
635.2099
-728.4672
-1264.818
-1807.463
-1554.1
-1714.521
-2379.721
-2581.149
-2686.656
-2238.955
-2242.067
-5897.634
-5123.986
-5051.362
-4410.925
-9380.05
-6511.954
-5782.317
-4433.49
-3507.011
-5632.674
-4976.71
-3880.733
15089.2
9103.827
5045.811
1714.843
-842.9351
-2616.389
-2725.148
-2422.155
-2440.524
-2599.467
-2570.718
-994.3646
-1283.738
-1949.206
-1659.546
-2178.763
-1864.32
-2271.632
-2956.311
-4308.402
-4346.612
-3054.957
-3609.798
-3456.474
-2872.833
-2892.769
-3221.304
-2259.854
-2754.189
-2988.552
-2925.433
-2786.302
-2674.726
-2942.986
-2408.932
-8034.9
-8080.833
-6895.118
-6494.765
-6191.724
-4544.899
-3178.063
-2110.011
-2594.359
-2293.589
-2461.815
-2704.675
-2744.695
-2272.701
-2082.853
-2421.63
-2108.44
-2263.573
-2276.222
-2139.581
-2177.984
-2569.285
-2588.999
-1146.443
-1831.368
-2259.107
-1976.48
-2206.822
-2032.429
10407.57
6895.735
3555.304
2275.174
-211.0888
1713.468
-414.1767
-792.2205
-1124.292
-969.7646
-3099.255
-3241.024
-2953.214
-2822.309
-2357.927
-3212.297
-2908.022
-3344.143
-2776.676
-2727.514
-4755.299
-3872.127
-4016.506
-2896.787
-2060.983
-2229.5
-2071.99
-2670.577
-450.0904
-666.2126
-1070.187
-1696.427
-1603.227
-1612.433
-1672.346
-941.8166
-1441.688
-1882.71
-1832.505
-1009.917
-1282.696
-2048.585
-1664.206
-1974.607
-1521.482
-982.1745
-1088.948
-546.9508
-1129.422
-1357.777
-1069.187
-703.672
-1118.167
-983.2361
-6542.137
-4540.559
-3575.385
-302.122
-736.0263
-919.123
-1348.748
-1571.408
-1641.538
-1565.62
-1155.195
439683.2
286228.5
186313.1
116103
75230.63
40979.14
26194.05
16252.1
10259.74
6242.607
3903.798
2297.798
1731.588
1509.501
287.5327
35186.36
23160.2
14428.16
8972.54
5068.39
2964.495
1639.953
815.5375
-183.4368
310.4604
-240.8512
-5436.173
-2942.385
-2160.906
-1896.519
-1318.156
-1888.13
-1838.534
-1718.029
-1452.62
