-507.3356
-381.044
10.19781
116.4323
16.68421
157.5098
96.84754
-382.8441
251.3402
65.4216
140.1845
-33.71974
68.65677
612.4855
487.0229
257.1646
235.4095
196.0057
221.3802
278.5261
81.8615
161.4582
-83.92189
147.4846
-526.62
-122.2707
-832.6686
142.71
148.2013
191.4087
84.25413
120.5787
10.31123
159.5505
202.0483
362.8522
262.7999
220.3653
227.2899
165.3882
52.97379
292.714
206.8517
352.281
600.261
220.9306
248.2562
330.4428
480.7674
-599.6773
12.00321
315.3881
64.10576
459.9923
354.3729
973.4804
616.8123
667.6621
373.4817
495.8499
380.0576
-172.9274
319.8649
229.3678
253.5619
278.3233
-277.5014
14.99296
308.2109
686.832
337.3007
414.5139
578.6743
430.1336
1436.981
696.1065
-164.9699
377.7612
675.407
376.5323
364.5017
255.5473
2455.856
989.1868
583.9026
377.0639
366.226
8175.91
2318.15
800.2999
-311.0525
910.372
503.447
371.5409
382.4062
326.137
218.5554
308.6641
349.3231
425.8328
501.0862
470.9439
434.235
405.0087
330.8844
308.1424
484.1883
786.2941
-541.1066
-290.1668
14698.89
3766.472
1088.61
211.6078
302.8147
130.1168
327.7223
583.3005
684.6907
277.0888
1367.003
618.9291
61.6576
27.21946
329.7357
333.8674
1722.529
669.5872
1657.495
368.7551
488.3373
133.5067
1199.996
501.821
383.4285
562.0441
455.3159
90.32846
326.3711
360.5894
108.2304
247.7119
500.269
296.5014
378.6606
340.4123
182.5019
354.7956
75.38496
967.1687
576.7694
348.9716
34.63501
29.01144
529.1098
532.5742
189.4321
423.8122
254.045
633.229
-4744.514
-1030.339
34.96664
180.3684
416.0022
-1436.858
138.3304
281.7099
961.7357
571.4053
340.6408
374.1238
1183.732
466.3262
-99.13614
217.784
1158.569
560.3789
341.1382
327.5195
293.1293
363.7807
193.8734
901.2261
4607.048
1262.657
810.7206
534.2873
503.5356
26.71757
54.15477
322.8071
376.4091
1214.438
1304.688
751.1345
480.3292
428.3937
367.3597
272.7151
-11.01918
1035.417
381.7823
-399.0157
4648.422
1289.202
744.8898
483.1687
166.5398
400.9163
-148.389
-178.4968
-153.247
129.5894
92.58686
-453.6846
26.60109
277.6006
250.1452
229.9057
312.1497
272.6177
-1970.21
-69.22581
14.73766
194.3032
11.52447
-41.64137
-419.2004
-86.20871
61.35846
-68.93652
71.051
445.1353
183.2284
1272.773
-224.9398
1617.795
595.7502
-719.3329
74.45037
43.55751
-152.741
95.16685
674.8681
143.1733
-41.26858
101.0992
356.1842
159.9665
-255.7435
-1646.732
-331.0406
-19.66357
-14.25803
-316.2179
-36.64428
-783.4132
-122.2097
60.26766
222.5408
-161.3385
2063.434
490.5584
987.4798
344.8731
10.02041
-73.30863
39.29687
231.3669
5.898759
-213.1447
150.4045
228.3076
-41.84363
193.1209
-264.7216
-137.8669
-281.4912
885.4151
383.829
-135.7545
-150.1683
-250.7299
-956.0734
-154.6874
753.2348
15.4901
-28.91797
-126.4508
88.56123
-154.173
-73.20658
-277.5675
-107.643
2177.077
4249.342
2640.945
357.6759
-128.1096
96.12304
41.03383
-5.05326
-225.2514
-809.1349
-346.8797
-261.429
-203.6656
-181.9148
696.0805
5.041728
-173.493
343.8099
-70.88032
-70.61802
-248.152
-207.3557
-603.7982
161.4286
-167.8714
-605.8654
-240.5614
-104.1799
-216.5933
130.1014
-183.9241
-92.36664
-250.2688
-356.8604
-263.9919
-130.9459
-385.1767
-362.01
-292.519
-147.3794
-295.621
-208.3057
-464.9026
961.7251
58.48702
-440.7809
-233.3795
135.9296
-360.5582
-188.7666
-424.3026
-461.3516
139.2741
177.7918
-306.6207
-296.9793
-203.8556
-214.2084
-398.591
-1893.179
-814.6451
-621.7388
-611.8687
-1941.246
-839.0738
-326.666
-556.4624
120.2065
-314.1438
-447.8033
-491.6861
-466.1916
-308.453
-470.9449
120.7662
-376.7659
-668.7666
-597.7901
-385.5933
-1687.441
-1227.793
-722.5891
-731.4485
-615.529
-692.2979
-1274.486
-843.5794
777.9985
-258.6777
-539.7339
-873.504
-1571.796
-970.1138
-490.2767
-690.367
-606.2784
-626.952
-689.0313
-760.0167
-634.5817
-857.3909
-1477.546
-779.2859
-838.9208
427.4619
-40.51129
2705.763
60.01907
-603.0561
-712.7384
-351.0495
-740.6615
-517.3617
-656.1561
-641.5715
-751.8062
-863.4058
-319.4369
-766.9655
-1817.859
-1459.541
-107.784
-555.5338
-641.4143
-570.1514
-871.4731
-490.8878
-724.2395
-833.4415
-928.2422
-793.5692
-856.6787
-477.5232
81.78393
-565.1017
-802.0207
-629.5082
-751.9233
-1537.08
-1055.621
-990.3973
-1177.354
-1094.027
-943.61
-835.0031
-637.9585
-573.7876
-666.7722
-731.8357
-887.5171
-1281.815
-664.2366
-898.4763
-996.0923
-870.7684
-1050.414
-1091.864
-1131.17
-948.5924
-966.1088
-4109.269
-1594.097
-1024.787
-760.0385
-1306.073
-232.4082
-256.0548
-827.2826
-1189.619
-715.4803
-962.1703
-985.8613
-1124.658
-1088.356
-1220.164
-1217.481
-845.2263
-772.3582
3207.522
-306.125
-831.219
-965.9603
-1187.442
-1048.924
-1016.355
-1205.06
-961.4004
-937.7816
-918.1308
-453.9855
-871.112
-985.0106
6229.574
640.7591
-629.3975
-922.0218
-1042.293
-1067.578
-947.0572
-890.5482
-1526.975
-1160.058
-999.7367
-1089.889
-922.4841
-1157.082
-870.6334
-1453.315
-948.1779
-872.6225
-835.9498
-119.8251
-1095.942
-1100.627
-607.2841
-1660.993
-1319.118
-1101.824
-2658.325
-1239.763
-1091.028
-1040.909
-1148.494
-283.9785
-876.4116
-977.8456
-888.8399
-1018.638
-944.2464
-2905.458
-1239.896
-1035.115
-408.8198
-846.1527
-823.4814
-1184.017
-1835.808
-1209.309
-999.1415
-911.7055
-1087.804
-990.3327
-921.6557
-1216.605
-1015.384
-1115.633
-627.6555
-1068.821
-1290.753
-1069.784
-776.218
-1219.325
-977.6638
-1949.619
5155.421
466.6721
-919.8874
-1110.176
-1018.59
-1413.56
-849.3611
-929.9906
-937.1448
-931.7222
-898.605
-941.459
-1030.982
-1203.778
-777.1269
-885.2347
-877.3065
-1065.29
-880.538
-793.1921
-1434.297
-1229.065
-1168.905
-1077.347
-1218.439
-1256.582
-565.9461
-860.4645
536.5699
-545.3552
-925.2902
-1322.355
-1027.412
-853.19
-884.7802
-967.2762
-676.6858
-1414.722
-571.2466
-768.3734
-902.6958
-985.5605
-820.7285
-873.8941
-867.2856
-998.2302
10.13001
-841.7824
-1015.782
-1022.583
-952.4955
-1117.08
-801.4626
-862.0419
-741.8929
-754.0962
-847.4776
-967.6204
-972.7577
-882.4017
-1039.144
-1022.94
-552.4309
-680.2528
-3086.394
-1377.94
-993.8928
-1097.017
-1026.988
-981.8534
-292.5218
-708.8438
-1042.316
-749.1846
-923.6181
-917.5027
-1010.917
-875.1482
-860.2618
-636.9369
-872.0429
-1149.021
-790.7861
-784.767
-594.2001
-712.0232
-930.0668
-898.0359
-869.1328
-675.5377
-495.037
-922.6004
-3646.645
-1601.249
-1125.632
-812.3266
511.9423
-575.5198
-288.4155
-93.76693
-532.7514
-264.0329
-379.1108
-168.5789
-580.7487
-773.2134
-664.3098
-783.1126
-733.4898
-836.7776
-1090.705
-505.3408
-527.3809
495.62
-710.234
-720.1784
-563.6442
-595.5719
-597.8425
-976.9073
-711.4631
-601.203
-650.6021
-699.0154
-509.0282
-1059.935
-2148.185
-941.675
-1041
-774.8697
-1026.23
-839.508
-639.2682
-550.236
18.40429
-458.3167
-528.4301
-655.9339
-4812.334
-1693.15
-894.4261
-794.6307
-660.7089
-598.0184
-482.7594
-522.4099
-480.4906
-559.9775
-617.7707
-586.9167
-601.308
-567.0472
-581.3462
-568.7543
-103585.4
-24929.77
-6241.624
-1611.582
-2207.503
-964.48
-720.4958
-250.9135
-403.8893
-397.7021
-518.5236
-436.384
-426.6706
-442.0943
-485.7269
-490.5829
-511.5026
-485.1664
-298.5506
-510.0357
-585.3995
-687.3111
-549.6759
-367.6699
-284.6922
-480.4202
-478.3088
-381.1992
-537.2806
1201.332
94.63516
-321.2512
1210.395
-60.33613
-451.3393
-453.1157
-513.5037
-531.4083
-169.2414
-262.2672
-417.1147
-629.6646
-599.2879
-397.5351
-415.0877
-481.6295
-359.3803
-388.3342
-215.3531
-327.7343
-235.228
-566.4058
-450.4602
64.48033
-327.2455
-513.0299
-600.6829
-305.5831
-283.7877
-571.8569
-366.1062
-531.5543
-439.2391
-359.6855
-218.7756
292.2667
-286.3446
-32.89587
-1129.997
-494.0382
-1883.972
-693.8729
-372.0064
-719.4916
-444.2294
16318.71
3624.97
174.7782
-376.3306
-313.7633
-29.72608
-110.0701
-165.2226
77.22011
-233.6486
-30.14709
23.54095
-137.2871
-7383.965
-1942.149
-670.8805
-383.1537
-94.84492
-236.1876
-149.0561
-339.5725
-225.6177
-345.5213
-500.8481
-360.0678
-301.7686
-207.9682
9.052991
-281.5001
528.5762
1091.12
-124.8148
-503.1994
-218.9546
-594.3036
-521.3504
-540.1353
-630.7817
-124.0768
-137.6426
-269.6518
-217.8836
-472.5865
-421.213
-320.3613
-425.7194
48.51485
-133.4945
-532.147
-385.3732
-260.7927
-102.1298
-553.3947
-252.2876
-405.384
-276.3679
-319.8018
-2696.549
-771.0443
-384.6238
-2407.402
-831.9188
-425.9087
-143.397
-1149.686
-709.7659
251.8043
0.4457291
-138.1414
428.7277
2.109219
-269.196
-409.9791
-53769.57
-13084.93
-3863.042
-1047.257
-46.23159
-190.4476
-75.64514
-36.15786
-314.2047
-187.7169
-288.136
-282.0379
-474.0571
46.63122
-224.2992
-384.3254
-357.4612
-256.8386
-318.8526
-406.9643
-24.76405
8438.097
1957.694
521.5082
-82.33078
-114.4504
-611.5788
-337.998
-166.0593
-950.1186
-473.0503
-660.8714
-223.7002
75.04868
-261.8829
-302.0791
-147.6987
-6089.821
-2297.03
-756.0565
-1174.44
-333.4472
-1524.564
-518.821
-312.1583
102.4161
149.4569
-417.6641
1008.839
-212.2122
-391.5564
-178.981
-385.211
-469.1881
-627.156
-599.8433
-640.4475
-440.6749
-662.4465
-20038.09
-4928.932
-1955.742
-829.2426
-669.4479
-1.130728
-315.3864
-401.0466
-382.9637
-5680.373
-1682.087
-776.8423
-567.4312
-561.2958
-187.912
-398.5225
-709.2806
-588.9145
-699.1044
-551.4472
-145.4292
-460.2753
-306.2382
549.4325
-249.8551
-538.2804
-847.0277
-732.6873
37096.54
8435.794
1715.231
-94.5263
-100.1913
-450.91
-955.0754
-648.237
-623.0537
-1237.54
-935.9134
-602.924
-649.8116
-636.3181
-713.2497
-604.7833
-629.8655
-657.4683
-702.7536
-2097.052
-881.005
-851.9605
-612.2602
-578.7765
309.0004
-491.1517
-973.5851
-1387.273
-345.3752
-606.8148
-557.2579
-759.446
-621.0615
-970.515
-797.2494
-683.6976
-684.1062
-697.0649
-414.0955
-619.4492
-672.0565
-1766.017
-996.4094
-1136.628
-862.6143
-1916.201
-1475.63
-1137.916
-938.3483
-785.7832
-755.651
-991.2735
-842.4778
-685.7529
-613.62
-805.1965
-686.4407
-662.0348
-897.2798
-553.998
-961.6577
-734.661
-771.0315
-809.1227
-892.7811
-632.8106
-997.8026
-583.6901
-478.5749
-621.0618
-1154.338
-995.9263
-351.8254
-626.9394
-840.1842
-484.3167
-908.4762
579.8838
-696.1207
-896.0307
-937.894
-752.8877
-1021.458
-1047.189
-1012.202
-187.143
-724.1941
-1077.296
-1055.686
-1107.331
-1009.602
-931.0555
-1285.875
-940.4909
-858.2457
-1006.079
-389.0122
-854.5159
-1384.835
-1216.087
-1026.198
-1325.67
-1226.803
-529.5642
-785.2722
-1265.612
-1173.509
-2766.53
-1342.345
-1370.463
-1475.282
-1548.205
-1312.93
-1324.157
-1264.582
-1424.518
-1165.627
-1210.326
-1152.751
-1629.136
-1358.206
-1474.475
-844.2417
-14991.15
-4477.316
-2355.493
-1517.619
-1172.078
-1144.957
-1270.675
-1144.421
-1679.441
-1420.664
-672.6234
889.0267
-561.403
-1228.229
-1512.747
-1284.499
-1297.953
-1365.175
-1282.261
-1039.656
-1325.874
-12133.21
-3897.096
-1925.044
-1127.114
-1244.961
-2589.199
-1724.399
-1443.507
-1655.142
-1415.392
-1401.751
-1422.093
-1376.715
-1337.538
-2022.314
-1790.248
-1548.033
-7304.118
-2711.29
-1643.954
-1461.741
-1633.016
-951.616
-1272.721
-1368.778
-1453.155
-1477.407
-1601.182
-1558.062
-1410.441
-1522.898
-1440.261
-1797.463
-1326.264
-1334.487
-1022.446
-1589.08
-1470.271
-1271.85
-1693.447
-1626.647
-1538.848
-1573.276
-1603.701
-1584.33
-2041.227
-1615.953
-1506.561
-1290.159
-1572.755
-1435.999
-1337.739
-1633.397
-1530.198
-1882.396
-1639.217
-1518.802
-1532.703
-1550.393
-1603.527
-1503.665
-1971.813
-1797.361
-1642.585
-1645.802
-1621.7
-1569.923
-1435.097
-1650.317
-1287.951
-1756.644
-1650.629
-1477.641
-1468.958
-1581.109
-1739.098
-1736.386
-1592.898
-1545.897
-1658.849
-1606.186
-1679.905
-1613.096
-1697.625
-1592.298
-1608.946
-1535.013
-1584.644
-1427.23
-675.2946
-1506.935
-1571.353
-1790.068
-1626.676
-1638.779
-1555.583
-1959.866
-1751.052
-1694.986
-1392.776
-1811.115
-2254.461
-1661.607
-6900.427
-2935.983
-2008.823
-1783.012
-1851.236
-1893.303
-1866.484
-2003.677
-1744.681
-1764.792
-1607.274
-1299.6
-1663.93
-1663.157
-2090.002
-1827.149
-2357.513
-1930.778
-1610.189
-1827.677
-1737.608
-1937.985
-313.1233
-1458.59
-1946.301
-1621.077
-1883.888
-1736.026
-1690.476
-1539.471
-1689.054
-1807.689
-1733.668
-1758.27
-1621.571
-1670.874
-2348.077
-1899.418
-1990.212
-1750.116
-1987.402
23950.68
4288.659
-347.026
-1027.108
-1666.41
-1749.015
-1738.059
-1848.919
-2044.288
-1820.086
-1779.201
-1774.367
-1626.397
-1535.941
-1603.715
-1704.515
-1734.431
-1924.842
-1754.025
-1715.067
-1439.496
-1432.35
-1718.605
-1363.252
-1774.008
-2334.791
-2267.468
-1839.952
-1712.108
18807.98
3246.339
-735.4015
-1559.985
-1604.624
-1718.474
-1649.807
-1676.149
-1733.658
-1329.479
-1659.265
-1737.526
-1829.204
-1609.561
-1590.554
-1672.176
-1446.286
-1284.285
-1607.445
-1634.203
-1685.076
-1641.042
-1634.611
-1954.832
-1697.617
-1643.189
-1719.757
-1970.254
-2261.064
-586.8205
13.75352
-1133.041
-1521.603
-1179.158
-1070.493
-1075.735
-1762.809
-1652.865
-1583.461
-1587.202
-1374.263
-1381.968
-1540.313
-1598.852
-1549.945
-1555.574
-1544.653
-1535.245
-1453.141
-1769.27
-1598.604
-1570.689
-1598.529
-1375.499
-1626.944
-1551.357
-1587.164
-1441.131
-1093.503
-1337.707
-1739.977
-1594.362
-1329.801
-1465.009
-1721.603
-1588.558
-1791.03
-1489.669
-1565.908
-1550.566
-1468.999
-1535.223
-1569.005
-1564.337
-1543.685
-1960.223
-1584.605
-1547.713
-1548.878
-1184.467
-1485.143
-1470.19
-1512.679
-1511.84
-1346.533
-1383.767
-1514.822
-1490.852
-1480.963
-1318.403
-1368.74
-1415.662
-1678.536
-1458.173
-1263.982
-1443.672
-1409.974
-1319.935
-1102.466
-1536.191
26966.15
5340.868
-19.7064
-429.3498
-1266.784
-1324.793
-1309.263
-1289.028
-1346.022
-1379.593
-1413.35
-1436.778
-1323.472
-1239.041
-1679.842
-1447.267
-1375.757
-1754.207
-1464.566
-1542.043
-1250.706
-1341.681
-1321.505
-1294.61
-1208.136
-1884.089
-1480.061
-1220.829
-695.8557
-888.2707
-1109.04
-1187.174
-1307.156
-4501.021
-2107.722
-1623.344
-1755.604
-1613.53
-1433.742
-1239.089
-1254.989
-1223.675
-1372.705
-1189.573
-1127.822
-1148.841
-1047.459
-976.0062
-1005.534
-1071.444
-1224.241
-1949.793
-1283.788
-1113.459
-1155.567
-1071.302
-1252.816
-1331.736
-1064.733
-1070.836
-1308.921
-1539.544
-1223.48
-1229.78
-1099.864
-1491.842
-1265.53
-1150.93
-1110.724
-1095.606
-1261.81
-1158.485
-1054.088
-1190.74
-1096.444
-1213.457
-1428.532
-262.6802
-1163.679
-1113.13
-1241.72
-1221.633
-1004.451
-1054.65
-1141.495
-965.7755
-1102.853
-1009.967
-1086.971
-1075.168
-988.6929
-942.7777
-977.0888
-921.1947
-701.5392
-887.9668
-1092.921
-1073.349
-186.9864
-911.618
-855.4195
-1108.142
-1088.814
-871.745
-1147.7
-1065.843
-674.375
-1083.435
-1013.005
-1168.459
-1043.033
-909.4905
-1890.005
-1221.422
-966.9951
-1323.047
-1027.464
-740.1512
-995.4431
-994.0377
-970.8274
-1082.175
-919.2969
-694.3227
-1004.498
-970.8254
-219.0787
-745.0009
-818.4232
-1000.705
-1076.031
-1072.467
-1127.929
-1010.214
-1033.471
-826.4615
-876.9531
-502.1483
-908.2866
-712.0308
-1150.308
-964.9069
-889.1159
-1820.615
-496.2083
-771.4315
-1112.927
-1064.544
-948.6536
-945.1858
-1389.678
-1065.651
-1003.823
-1041.948
-1395.42
-1013.365
-773.5788
-898.2464
-1124.134
-1051.919
-1061.946
-969.8955
-793.3511
-11.11663
-944.9584
-2323.664
-1352.061
-1021.876
-937.0299
-976.4485
-868.5983
122.3855
-986.8952
-5025.766
-1881.489
-1093.346
-842.5734
-984.5123
-793.745
-848.8672
-936.4551
-1009.395
-1202.564
-855.0141
45647.55
10090.03
4916.011
436.4414
-1745.832
-1164.293
-752.2129
-838.5916
-1047.667
-1079.296
134.8589
-736.0135
-818.8914
4360.68
191.2403
-518.071
-715.306
-914.3147
-1197.446
-1261.516
-855.5295
-1351.118
-1535.987
-1385.75
-1066.916
-962.4155
-987.6491
-895.1731
-787.8795
683.5333
-602.1613
-944.2496
-720.8677
-937.7157
-1139.616
-1044.606
-1017.259
-761.0903
-903.5089
-844.0877
-1256.807
-985.7453
-950.8511
-1031.307
-1123.902
-1108.539
-982.9027
-1186.42
-813.2426
-894.6803
-917.0077
-1516.808
-1161.681
-1045.147
-928.9593
-1168.232
-1766.494
-1167.751
-1076.145
-1045.093
-1251.001
-1036.154
-1162.676
-906.6722
-1052.593
-1240.454
-1080.089
-1248.35
-1400.015
-1062.201
-5269.787
-2369.973
-1365.317
-1145.777
-1210.372
-23324.28
-6231.676
-5162.554
-1955.33
-1335.211
-1055.922
-1037.407
-805.293
-873.6732
-1350.006
-1455.503
-1232.249
-1053.02
-1252.285
-1117.323
-1117.999
-1138.363
-1297.029
-1656.541
-1410.917
-1244.916
-1545.434
-1356.295
-282.9745
-879.2365
-1180.641
-408.5663
-501.0752
-1195.476
-2868.655
9937.698
1044.981
-870.2757
-1133.591
3865.014
-346.7674
-2132.488
-1508.834
-1294.592
-1266.38
-1337.045
-1320.154
-1462.498
-1435.579
-1426.237
-1213.628
-1021.164
-1280.214
-1033.957
-1143.843
-1133.524
-1279.761
-1255.538
155.0708
-949.7271
-1208.159
-1340.598
-1454.001
-1407.067
-1236.131
-1062.413
-1330.616
-1954.283
-1472.149
-1230.393
-1522.841
-1372.608
-1252.646
-5801.694
-2408.862
-1742.743
-1154.058
-1374.96
-801.9386
-1340.853
-1450.355
-1631.941
-1639.393
-1950.413
-1389.865
-852.9316
-1252.322
-1364.117
-1414.17
-1501.098
-1553.602
-2818.694
-1829.244
-1564.808
-1692.595
-1508.723
-1520.541
-1368.33
-948.9257
-1601.522
-1587.663
-1456.517
-1445.976
-1734.012
-1987.048
-1524.49
-1661.624
1212.463
-684.1946
-1937.78
-1713.384
-523.48
-1551.529
-1611.507
-873.6582
-1183.048
-1547.026
-1635.572
-1291.443
-1704.458
-1541.644
-1761.3
-1863.087
-2086.708
-1883.378
-1508.312
-2566.082
-1905.403
-1809.124
-1766.477
4743.93
-193.3682
-1454.765
-1609.021
-1199.315
-6545.825
-2845.792
-3535.138
-2245.913
-1989.018
-1873.824
-1739.128
-174.2265
416.7288
-2546.706
-2201.13
-2091.193
-1732.596
-1726.225
-1763.168
1231.14
-1129.746
-1639.513
-1952.738
-1878.643
-1689.657
-1705.189
-1943.53
-1869.068
-2127.407
-1947.366
-1937.965
-1743.682
-2021.985
-2148.683
-1882.029
-1917.802
-2004.553
-1973.558
-2000.629
-2068.571
-1913.006
-2149.665
-885.1708
-1735.287
-1860.666
-2035.344
-2087.763
-2066.575
-1882.288
-1827.67
-1871.954
-1920.964
-1999.417
-2164.572
-2869.895
-2345.566
-4198.107
-2384.997
-2043.732
-1533.805
-2022.396
-3337.69
-2315.926
-2057.436
-2061.227
-1912.826
-2316.191
-2148.988
-2003.137
-2103.894
-2073.534
-3350.631
-2386.977
-2169.573
-2351.707
-2439.278
-2190.784
-2322.157
-2097.005
-2477.255
-2217.659
-2117.025
-1379.254
-1953.589
-2035.701
-1893.64
-2107.736
-2258.433
-1887.475
-1714.402
-2160.741
-1941.708
-2121.816
-254.2249
-1719.037
-1920.147
-2089.361
12675.7
2621.669
-1236.84
-2013.587
-2652.273
-2364.897
-2126.705
-2097.323
-1803.987
-2052.974
-2180.653
-2611.824
-2341.748
-2315.38
-2267.431
-2079.846
-2443.735
-2284.197
-2259.021
-2306.871
-2436.055
-2299.812
-2970.821
-2354.381
-2337.525
-1917.067
-2210.415
-1909.021
-2218.625
-2198.726
-2439.196
-2245.024
-2260.128
-2309.25
-2440.634
-2391.008
-2169.082
-2353.979
-2322.855
-2178.093
-2296.578
-2419.383
-2305.942
-2335.375
-3492.289
-2689.561
-2455.91
-2284.746
-2398.048
-2245.283
-2460.137
-2398.679
-2333.147
-2271.455
-2924.13
-2465.75
-2544.206
-2250.04
-2307.993
4730.37
-644.4609
-2107.893
-1951.286
-2349.718
86437.07
18574.82
2774.943
-1290.923
-2038.618
-1824.645
-456.6577
-2476.58
-2421.466
-2406.828
-2395.218
-2527.76
-2369.297
-890.0752
-2135.018
-2133.503
-255.269
-1813.881
-2074.621
-2339.42
-2207.039
-2335.595
-2332.306
-2503.177
-2391.197
-20328.12
-5566.049
-3122.238
-2420.346
-2567.622
-2379.506
-2426.73
-2145.091
-2246.131
-2385.219
-2311.377
-2249.214
-2324.595
-2570.809
-2486.847
-2877.388
-2507.774
-2180.761
-2053.655
-3116.845
-2571.359
-2268.346
-2179.584
-5129.173
-3009.094
-2585.558
-2163.715
-1685.746
-2620.814
-2213.558
-2301.679
-2316.047
-2484.138
-2336.756
-2615.216
-2214.042
-2262.597
-2081.154
-2130.12
-2154.515
-2210.285
-1792.713
-2304.854
-2269.227
-2188.284
-2417.275
-2093.228
-1984.027
-2241.123
-2414.749
-2429.803
-2390.352
-2252.412
-2014.74
3541.946
-910.255
-1860.042
-2195.159
-2242.176
-2239.797
-1325.297
-1750.802
-2185.627
-2497.656
-2528.159
-2559.036
-2148.962
-1979.9
-2557.763
-3114.659
-2277.505
-2396.027
-2144.621
-2542.898
-2371.145
-2761.897
-2258.375
-2261.965
-2296.839
-2278.61
-2083.441
-2030.752
-2261.725
-2065.056
-2084.163
-1610.347
-2380.886
-2143.928
-2238.15
-2104.777
-2060.08
-2174.821
-2402.305
-2300.838
-2075.61
-1813.569
-2038.937
-2148.802
-2114.957
-2373.532
-2703.847
-2029.504
-2523.791
-2627.63
-1529.039
-1989.803
-2086.874
-2549.89
-2233.297
-2230.195
-2274.531
-1780.579
-2074.518
-2353.134
-1866.404
-2177.796
-2151.036
-1976.771
-1890.878
-1959.392
-2186.125
-2433.006
-2080.667
-2054.465
-2020.185
-1916.666
-2079.027
-2124.09
-2075.314
-1979.66
-1989.752
-1879.51
-1361.375
-2737.923
-2870.041
-598.3455
-1652.951
-1969.354
-2071.546
-2041.959
-2278.338
-2076.671
-2329.581
-2047.384
-1737.855
-1853.085
-2025.3
-1957.247
-1746.941
-2067.004
11191.82
706.3963
-1329.043
-1990.368
-1987.116
-1931.679
1594.369
-1079.411
-1557.15
-1754.333
-2025.947
-905.1561
-1814.038
-1891.381
-2853.167
-2408.152
-2048.767
-2245.189
-2601.687
-2351.865
-1946.709
-1943.16
-1879.104
-1870.829
-1956.755
-2000.744
-1692.484
-1957.005
-1786.693
-1865.271
-1807.456
-2438.934
-1725.388
-1764.802
-1967.082
-1737.645
-1644.236
-1999.247
-1638.805
-1757.502
-1858.023
-1901.212
-1794.884
-1829.838
-1856.27
-2164.389
-1585.674
-1706.517
-1809.085
-1706.849
-1784.973
-2010.631
-1793.431
-1826.882
-2008.574
-884.2124
-1470.818
-1587.774
-1837.316
-1728.184
-1792.909
-1712.297
-1771.938
-1788.031
-1747.692
-1663.608
-1528.502
-1774.301
-1983.442
-1943.725
-1875.251
-1753.26
-1731.956
-1690.605
-1686.703
-1798.034
-1631.094
-1716.558
-2494.529
-2182.319
-1793.8
-2335.807
-1661.492
-1644.971
-1756.216
-1357.011
-1558.333
-799.6148
-1439.789
-1378.382
-1362.302
-290.7581
-1308.675
-1200.674
-1542.965
-1046.606
-1524.623
-1495.33
-845.9411
-1438.689
-1504.903
-1539.677
-1619.622
-1364.662
-1613.495
-896.7608
-2310.69
-1781.263
-1771.007
-1635.287
-1612.948
-1668.88
-1629.242
-1484.261
-1371.727
-1542.388
-2289.349
-314.1818
-1185.048
-1319.591
-1466.364
-2086.627
-1773.739
-1878.347
-1543.233
-1204.644
-1386.946
-1757.513
-1698.103
-1659.262
-1600.525
-1582.039
8.491899
-1437.111
-1546.924
-1555.663
-1654.297
-1521.446
1424.406
-767.518
-1412.41
-1586.575
-1701.441
-1727.559
-1747.606
-1291.689
-1621.796
-1668.798
-1603.81
-1706.758
-1669.849
-1445.758
-1648.695
-1647.254
-1657.836
-2274.982
-1838.269
-1704.207
-1369.639
-1614.223
-1575.309
-1597.037
-1427.067
-613.8704
-1289.62
-1388.81
-1594.572
-1953.883
-1260.071
-1624.773
-1658.84
18.06202
-2165.967
-1540.699
-1667.31
-1643.051
-1504.625
-1652.65
-1668.175
-1036.261
-1435.274
-1504.972
-1590.874
-1731.042
-1619.228
-1215.015
-1593.548
-1578.879
180.4569
-1224.452
-3683.29
-2198.053
-1723.712
-1661.748
-1866.487
-1593.773
-1616.423
-1655.217
-1628.83
-1719.643
-1627.514
-1873.239
-1412.032
-1413.314
-1779.768
-1581.842
-3245.222
-2011.218
-1729.689
-1919.896
-1858.551
-1482.164
-1615.03
-1882.66
-1874.694
-154.8453
-4467.419
-2227.597
-1780.689
-1787.062
-1883.692
-1816.563
-1866.281
-1589.255
-1318.413
-1618.351
-2012.808
-1716.818
-3858.106
-2294.819
-1919.632
-1821.683
-2143.699
-1965.72
-1895.094
-945.7764
-1505.522
-1701.487
-1734.521
-1660.459
-2053.124
-2024.968
-1728.483
-1921.463
-1740.741
-1731.121
-1840.676
-1834.19
-2328.534
-1963.366
-1876.929
-1696.553
-1606.929
-1877.248
-1866.202
-1935.302
-1648.946
523.8119
566.6794
-1273.346
56.68035
-1433.051
-2561.344
-2506.714
-2054.252
-2927.359
-1798.332
-1862.051
-1836.016
-1818.801
-1910.481
-1887.668
-1930.109
-1931.27
-2025.728
-2118.127
-2782.239
-1897.965
-2486.019
-1786.452
-1880.408
-1976.628
-1960.748
149.8487
-1419.158
-1809.969
-2068.749
-1900.699
-1888.233
-2017.074
-2067.731
-2113.343
-2204.664
-4271.743
-2568.266
-1957.454
-2050.564
-1897.526
-2207.048
-2090.501
-1881.476
-1927.173
-1947.278
-2030.704
-2070.152
-2312.796
-2032.668
-2052.274
-2305.159
-2203.524
-1233.491
-1982.268
-2008.392
-1317.64
-2002.199
-2010.823
-2227.822
-2173.535
-2232.036
-1390.388
-2051.46
-2171.208
-2184.883
-2065.205
-2099.742
-2086.833
-2190.434
-1788.345
-2191.41
-2344.528
-2264.965
-2262.872
-2445.29
-2162.338
1278.483
-1524.593
-2102.977
-2214.034
-2324.424
-1309.793
-1945.27
-2041.306
-2009.507
-2436.445
-2192.918
-2751.826
-1880.901
-1173.227
-2196.253
-2465.864
-2282.59
-2572.778
-2434.954
-614.6091
-2010.776
-2317.735
-2404.431
-2445.814
-2581.378
-2312.095
-1147.427
-2089.123
-2469.546
-2366.916
-4184.693
-2622.524
-1852.652
-2309.758
-2458.903
-2709.205
-788.3494
-1892.851
-2320.453
-1675.457
-2819.932
-1326.183
-2441.482
-2070.688
-2514.325
-1754.351
-2273.148
-2597.779
-3803.435
-3056.601
-2642.4
-2561.571
-2480.98
-2578.684
-1349.294
-2732.133
-2486.072
-2581.07
-2592.659
-3285.762
-2842.709
-2633.6
-2726.292
-2737.152
-2706.652
-2527.135
-2539.526
-2456.991
-8760.596
-4204.527
-3016.835
-2607.837
-5469.509
-3084.547
-3231.138
-2750.496
-2740.969
-2883.524
-2603.619
-2297.149
-2198.871
-2674.97
-3314.003
-3120.843
-2815.812
-2796.463
-2694.604
-2714.69
-2598.237
-3203.015
-2876.763
4679.859
-890.4181
-2299.423
-2936.799
-3226.909
-3007.194
682.5336
-1929.219
-2604.192
-2679.589
-2740.026
-3051.294
-6320.301
-3655.575
-2633.066
-2806.821
-4354.612
-3148.096
-2898.785
-3293.988
-2964.018
-2707.658
-2906.81
-2679.872
-2818.868
-3001.877
-2786.207
-2735.139
-2938.669
-2940.192
-2257.608
-2223.797
-2729.672
21476.32
2820.038
-1458.732
-2675.906
-2818.978
-2774.844
-2408.707
-2599.978
-2829.293
-2655.291
-2808.052
-3591.542
-2990.136
-2682.126
-2927.231
-3088.852
-2842.984
-2286.812
-2784.364
-2887.477
-3210.299
-2950.561
-3207.502
-2974.981
-2889.734
-3257.972
-3102.287
-3155.262
-2775.505
-3456.234
-3197.658
-2915.889
-2705.424
-3026.803
-3050.833
-2982.859
-2983.633
-2971.055
-2895.883
-3046.481
-2807.252
-2999.781
-2186.679
-1083.302
-2227.542
-3015.08
-2985.046
-4369.156
-2384.039
-2784.873
-2973.703
-3443.83
-3334.157
-3619.188
-3220.105
-3178.302
-3304.896
-3828.803
-3251.219
-3106.14
-3047.519
-3015.261
-2919.112
-2081.99
-2768.768
-3150.847
-3045.236
-2485.023
-2558.21
-2869.453
-2685.777
-2824.926
-3505.057
-3054.911
-3193.302
-3297.587
-3219.74
-3081.717
-3141.078
-2872.827
-3070.015
-3070.725
-2939.868
1471.79
-2092.639
-2835.773
-2100.535
-2895.487
-2854.264
-2617.235
-2934.415
-3029.729
-3228.3
-3140.731
-2932.084
-2930.759
-3373.158
-3179.883
-3013.326
-3237.066
-3025.052
-3158.336
-3090.038
-3657.3
-3024.948
-2902.766
-3243.284
-2912.435
-3048.606
-2946.011
-2817.903
-2770.651
-3183.931
-3145.73
-3336.34
-3290.925
-3137.463
-2958.273
-3162.321
-3024.955
-3031.787
-3018.469
-3070.678
-2841.456
-5431.975
-3600.278
-3095.877
-2986.535
-3167.93
-3058.72
-2892.93
-3093.566
-5136.042
-3771.929
-3031.504
-1446.95
-2575.658
-2523.084
-2805.445
-2900.097
-3040.609
-2865.101
-2683.596
-2833.87
-2892.208
-3554.268
-2964.395
-3081.745
-2967.391
-1947.753
-2574.017
-2791.564
-2815.328
-2950.553
-2944.288
-2873.801
-2838.949
-2912.449
-2917.762
-2327.016
-2727.722
-2797.787
-2957.392
-2916.856
-2817.503
-2776.083
-2878.744
-2837.096
-2728.182
-3004.566
-3032.894
-3023.857
-3100.332
-3840.967
-3072.364
-2926.029
-2715.062
-2727.231
-4209.433
-3321.973
-2898.603
-2926.361
-2791.444
-2485.061
-2564.314
-2954.941
-2263.695
-2748.346
3963.207
-1221.096
-2324.782
-2729.378
-2775.544
5277.716
-841.1861
-2453.119
-2628.096
-2721.66
-2689.363
-1866.284
-2238.157
-2475.491
-3937.375
-3005.325
-2586.674
-2655.709
-2519.573
-2643.073
-2730.254
-2822.207
-2814.715
-2897.393
-2799.155
-2738.607
-2813.949
-3086.109
-2864.246
-2757.289
-2563.2
-2730.947
-2726.945
-2790.437
-2860.322
-2969.86
-2751.362
-2636.658
-1683.653
-2555.364
-2925.415
-2474.945
-2642.109
-2655.865
-2595.447
-2627.793
-2669.243
-2584.371
-2661.162
-2347.157
-2541.997
-2619.724
-3243.58
-2687.797
-2643.721
-2783.182
-2610.138
-2371.99
-2725.489
-2059.512
-2272.399
-1530.347
-2470.297
-2572.205
-2640.209
-2692.855
-1250.998
-2097.568
-2220.74
-2523.515
-2382.945
-4822.284
-3110.53
-2851.509
-2653.884
-2597.597
-2579.29
-2523.8
-2502.866
-2493.808
-2627.772
-2355.119
-2557.842
-2548.768
-2826.683
-2560.466
-2757.601
-3574.877
-2815.968
-2310.683
-2527.208
-2739.475
-2762.071
-2562.31
-2460.231
-2739.967
-2559.345
-2482.924
-2370.885
-2424.401
-2344.092
-2416.627
-2517.177
-1516.043
-2165.499
-3466.098
-2603.348
-2576.797
-2906.11
-2505.107
-2011.275
-2288.859
-2418.553
-2331.669
-2572.242
-2455.136
-2461.799
-2636.644
-2898.727
-2578.161
-51794.68
-13806.34
-5026.585
-2862.262
-2509.845
-1511.726
-2502.788
-2471.638
-2336.883
-2240.777
-2394.202
-2343.545
-2356.043
-2210.239
-2423.641
-2371.82
-2053.822
2299.332
-1290.553
-1624.433
-2251.516
-2319.344
-2400.358
-2443.179
-2164.64
-2289.143
-2329.098
-4831.877
-3063.163
-2760.907
-2512.154
-2072.178
-2284.113
-2431.288
-2164.371
-2184.527
-2328.58
-2458.903
-2814.738
-2577.025
-2266.72
-2294.736
-2274.139
-2235.726
-2182.296
-1883.454
-2150.448
-2236.732
-2227.999
-2416.964
-2397.42
-2350.942
-1826.353
-1969.437
-2321.432
-3060.041
-2955.84
-2408.141
-2377.426
-2415.647
-2356.048
-2485.415
-2350.971
-2615.571
-2346.962
-1901.795
-1638.273
-1907.914
-2009.123
-2251.922
-2288.823
-2276.307
-2353.824
-2299.219
-2326.745
-2315.058
-2304.407
-2270.52
-2172.06
-2172.291
-2237.664
-2366.931
-2025.668
-2546.087
-1931.938
-1627.293
-1337.922
-1782.851
-2367.63
-2249.013
-2416.765
-2206.106
-2212.776
-2237.309
-2316.235
-1721.001
-2410.592
-2366.005
-2289.626
-2365.776
-2382.835
-2338.602
-2317.535
-2495.75
-2368.366
-2358.757
-2461.442
-2223.362
-2279.823
-4270.601
-2815.889
-2375.426
-2417.522
-2409.794
-2466.612
-2295.061
-2235.142
-2259.816
-4201.629
-2722.494
-2190.586
-2544.971
-2250.46
-2322.497
-2244.293
-2181.182
-2298.14
-2225.872
-2394.141
-2356.409
-2572.373
-2039.398
-2083.283
-2236.125
-2556.023
-2390.302
-2488.829
-2294.092
-2399.392
-2295.126
-2441.773
-285.0621
-1969.639
-2141.031
-2323.679
-2355.323
-2401.64
-2254.037
-2571.268
-1944.736
-2338.678
-2396.876
-2488.648
-2341.197
-2037.68
-2404.815
-2498.067
-2335.103
