-42.82118
-3.587796
3.804985
3.359383
-8.221128
25.17897
65.24463
23.08541
4020.092
419.077
46.24439
-7.394141
131.5001
36.22585
18.61183
60.06917
47.86213
24.45195
72.21611
94.93514
-21.70157
78.36721
70.61481
-72.21222
42.97799
63.36431
100.7634
83.75126
101.647
115.6509
79.87321
147.1167
99.97671
143.7187
96.02077
102.3287
141.3036
18.78679
16.09534
79.60374
124.1637
650.6039
152.9829
120.4526
109.4605
116.9403
120.1997
139.6268
155.6945
119.2384
111.4675
117.4549
-49.62029
128.353
219.9603
110.933
131.2926
147.5007
196.784
362.4265
194.2287
145.076
137.8411
159.5212
238.0597
168.4407
155.0996
95.75467
169.6976
209.5944
71.84651
170.2363
143.2427
164.0995
184.7953
226.3155
205.7296
183.2824
194.593
160.6801
399.818
237.4628
206.7886
191.5373
228.3282
232.4879
261.0807
220.5853
177.2527
214.9815
266.6702
233.5
158.2001
-789.7411
140.509
245.2964
231.152
228.7253
245.757
115.087
223.5345
244.0311
232.6372
242.262
322.7593
371.1212
239.9512
179.8637
276.4131
279.5742
287.1086
295.4158
251.9532
299.9183
274.987
125.587
254.8527
245.9195
-332.6953
225.6467
288.06
288.011
315.8119
156.1624
291.132
294.0734
304.4267
308.0707
290.7137
297.2939
304.332
-314.2269
257.5527
358.4977
317.4221
251.3017
292.6631
306.6505
297.9468
309.2074
349.9245
312.7201
346.2243
342.7015
374.4759
333.0819
336.8248
233.9736
330.1734
323.24
340.6714
280.5525
381.5924
297.6272
532.991
380.425
259.5821
361.2451
368.3436
364.5628
421.4907
443.3466
364.3949
373.3407
679.5869
-2294.477
95.1002
389.0026
538.5725
368.4439
370.9144
361.2052
426.2133
388.4783
401.2204
379.5024
381.0113
412.4049
288.0059
974.4308
448.5473
374.7612
372.4584
396.4707
363.1851
386.2703
391.7336
372.8124
388.4465
567.7704
437.7539
394.4016
447.1777
532.2828
456.2011
379.8075
342.486
464.1636
429.6084
343.8158
373.5503
-239.08
259.0252
394.9667
414.7008
323.8999
535.7514
428.6193
392.252
423.1076
402.7381
354.1002
398.8058
423.5157
431.7169
422.4162
422.1726
347.9982
433.5705
434.4573
448.7195
319.6237
413.9856
405.0842
429.5017
545.2159
405.7519
561.242
340.5355
405.7643
438.568
285.9916
560.9868
426.8462
434.2057
543.9392
760.5643
538.3526
457.3462
454.4804
426.204
471.2889
422.346
379.0524
424.2247
395.0743
436.1169
475.7792
420.5247
428.4401
439.4396
445.0188
421.8106
460.2998
463.8426
439.5963
466.5158
401.6344
419.9981
408.6932
415.0255
429.9904
425.2948
516.1714
441.2559
418.4066
474.4063
448.4311
549.1291
465.8718
350.2045
415.6612
448.6939
462.4057
459.9234
444.8682
436.3353
396.6911
441.5114
356.0974
455.2426
460.7716
377.9217
443.5141
459.0339
391.8718
390.1821
388.3966
429.1325
446.825
428.3492
1250.977
478.2107
407.1407
400.5101
411.4637
382.7679
375.7281
453.2065
433.4301
453.1628
415.8819
423.4115
397.3765
434.0842
398.5734
387.2588
443.8837
407.7742
372.404
412.5064
287.0934
433.0371
431.4358
447.1791
443.1782
408.7114
453.0109
428.8596
455.4184
427.3892
721.5152
431.0853
411.0317
491.762
390.559
401.2775
479.2151
873.6643
477.2451
469.6776
439.6852
414.5988
393.9649
253.6537
508.407
502.3395
403.0815
241.4644
364.1598
413.8593
421.542
458.073
385.5253
440.8873
428.0324
392.7364
408.902
388.7063
441.9007
402.9534
389.4787
303.3771
406.4033
404.3235
384.6756
-437.5291
309.7478
350.5248
349.3787
391.1699
129.2346
390.999
394.127
410.6247
464.2186
374.341
330.7061
290.4778
44.25129
340.9943
395.2987
376.6644
384.6086
381.8818
360.4445
135.6786
332.4139
380.9556
350.8185
338.2056
418.9996
372.8123
374.5119
406.1829
359.712
394.9961
356.2966
351.0247
358.4233
328.615
576.6296
381.4671
342.1744
342.0872
368.1475
335.0841
314.6999
367.0238
315.7987
325.558
338.7603
328.8066
350.7152
345.6564
339.9215
333.9401
346.7456
300.8869
335.928
293.0003
321.1211
320.316
340.1904
324.2497
316.9292
168.6651
228.6241
223.0992
305.6546
299.5567
49.16504
281.8963
321.1892
294.1099
229.4295
308.1328
313.2632
301.4111
264.9295
258.8979
386.3599
374.8871
401.5898
314.8006
291.3898
289.9339
319.0829
330.192
288.3723
283.0399
360.1019
301.9515
267.7338
261.5771
-256.811
244.932
336.1375
341.6147
287.1747
286.3874
272.9504
247.9714
264.4328
265.4447
-1660.492
28.73526
230.8927
224.1715
219.3047
273.4302
246.3495
231.1099
226.6805
235.0489
227.7885
257.57
256.97
239.3715
237.1088
297.7378
278.3269
253.265
214.3357
219.0241
-12.94707
202.4651
226.2062
257.6999
233.5472
206.522
218.2727
186.2454
204.9756
202.766
229.3087
243.371
115.9365
458.9605
226.897
248.5455
209.9293
209.1375
234.4517
182.6697
297.4118
128.4582
206.0402
216.6788
211.0001
322.8216
13.99218
161.5497
185.1453
200.7646
161.9179
194.2359
151.0403
259.7926
189.0344
179.1589
198.3399
184.9483
258.8602
222.5502
168.5045
-199.645
-262.5682
113.8286
189.9385
176.2294
139.6991
153.4923
226.4701
155.38
111.067
88.9298
149.9287
136.6156
225.1737
140.1612
350.9248
129.7377
155.3951
155.3889
106.2986
77.62436
167.8657
123.841
114.1824
81.61802
15.51451
124.6484
189.1517
167.6996
119.948
125.0341
147.3977
90.70591
92.52548
92.8923
78.89936
111.3411
119.2593
687.412
162.3548
-324.9027
57.1081
60.70334
90.49289
37.4346
94.71373
85.44751
95.34769
70.11808
117.8905
-25.60116
98.59811
78.32638
207.0531
165.9757
86.80775
82.73382
45.38754
73.86476
78.66636
328.1355
157.867
129.9212
45.92292
66.43823
93.12605
70.31729
55.83515
61.94457
85.79426
126.7552
80.58793
55.86449
72.89832
99.95409
75.72654
62.19189
3.661027
31.43604
27.10793
91.99553
-0.8307365
64.41952
42.03759
31.25723
63.21983
78.07713
38.25189
41.45081
9.35308
36.40714
58.90326
67.0088
75.86884
131.2063
57.85264
31.38143
65.94918
4.550146
19.57688
-21.67085
12.18415
30.02826
44.65167
-143.0433
-35.95952
15.43819
15.75717
9.870081
32.73719
50.12969
34.22563
4.144393
35.15964
49.22768
15.90363
29.96425
46.65131
39.81383
42.3489
-27.42891
16.48675
16.90121
21.93493
37.64541
67.81337
33.57823
70.20144
36.68115
54.2011
17.70944
-22.41553
14.97857
21.45941
25.68115
8.524888
-36.22715
14.80695
23.42292
15.58812
-33.30577
12.39831
-0.7411439
14.70348
23.85394
5.051935
33.51267
25.94635
-1.541383
18.18097
13.85397
20.06645
299.972
69.50163
-15.76805
18.74552
23.25945
-1.695378
66.69624
-1221.078
-121.0173
3.810637
3.112603
74.43861
2.74037
125.5864
48.06844
-167.4231
-36.57148
0.6927226
-23.81234
150.4089
27.14544
12.80577
-7.478298
-13.50509
33.85356
-68.06094
21.45738
46.74963
-5719.722
-536.3456
-42.38786
6.916606
37.35174
3.19786
311.3519
115.0039
-21.7078
16.20447
20.26682
71.3545
-1071.303
-116.6979
-22.49096
0.8691951
45.41795
35.41519
-517.8397
-19.60304
17.02295
-146.9322
-3.149497
55.27184
305.4755
29.80284
-22.03058
-8.820773
2.896619
29.26104
-67.14346
47.03703
76.06553
10.9318
98.80067
19.92754
49.38311
32.68374
0.1038438
99.16241
203.2697
64.18939
14.54109
89.4913
64.18602
154.6721
31.7679
-45.15867
35.52855
-9.310835
16.40321
47.94718
50.29663
35.2531
25.17358
40.03555
-0.7166193
75.95131
61.69877
63.18934
41.70199
91.00861
59.70122
2.831188
46.6346
60.56745
26.72685
49.83104
23.93707
154.9245
46.61332
-85.44155
-48.21879
51.70186
93.61454
79.03353
117.7995
55.89506
37.77458
73.30024
-41.787
64.564
64.58723
70.28654
82.25179
49.82609
79.21852
86.07553
98.92725
53.64299
63.92054
174.9769
95.31392
-22.96349
68.59062
68.96073
73.77536
98.30873
112.7004
-15.94584
130.0559
108.5325
123.5622
110.751
175.0886
105.4498
106.7531
2170.749
314.0634
125.7563
114.9102
143.7901
114.7687
139.2124
132.6218
14.16016
60.50285
109.5188
120.259
126.9673
143.7145
132.5788
152.4699
148.4428
124.1529
97.26668
-220.3497
107.3695
188.2779
-185.8639
124.9587
123.3697
158.5294
168.2471
214.9293
192.2931
231.1017
245.7089
823.0178
242.2927
62.56216
170.908
126.5815
190.4988
159.2517
201.1311
186.8623
238.4658
165.3812
143.8018
155.2918
174.0237
196.9889
239.1955
183.1261
384.3973
288.9606
177.3808
217.9731
209.7367
206.067
216.3355
208.8771
176.5169
189.3024
220.3496
235.3989
261.2891
269.4732
194.5717
244.1605
158.932
31.87912
213.1738
253.6587
270.9837
256.3805
384.1492
258.2952
304.4369
263.5395
277.9421
262.7319
282.6513
231.3839
271.9054
241.7763
151.9491
260.348
322.7536
288.025
248.2915
272.2616
651.2182
329.0048
382.4681
309.1183
180.9853
238.8431
335.9346
291.413
227.3464
514.0191
361.3408
327.1995
335.8155
324.1963
417.5607
283.6335
262.5834
302.6338
347.7477
341.391
368.1769
347.7506
339.6779
346.5731
367.9502
360.6394
270.5307
377.5494
296.08
358.92
341.7358
361.0007
359.0578
320.4469
378.3644
185.6649
366.5258
375.4232
437.5306
320.704
417.5364
412.2367
394.5765
465.3645
421.8277
396.5461
421.7525
451.7236
1883.619
559.971
358.6086
424.0784
388.864
497.9916
501.0735
439.6148
463.6095
234.0579
416.3971
421.713
474.8945
349.7099
443.279
450.4245
462.4313
365.8256
466.4898
445.8275
4145.743
863.9198
464.6819
485.4658
472.8707
520.5188
482.1388
516.4488
509.3257
893.8304
520.8971
504.4939
489.4951
491.8739
590.3239
551.0848
448.9279
474.5454
441.9275
470.2404
594.949
495.0722
469.8459
514.4368
668.9173
541.4303
546.0088
579.1501
527.1977
567.2279
547.8381
553.3286
556.448
529.7674
565.6648
553.5443
564.0716
442.1713
530.9488
570.2884
569.7488
567.2428
561.4121
587.3006
476.7731
565.8242
537.7591
657.8994
566.7078
562.8224
589.727
601.7049
616.4054
443.1824
612.4287
618.4122
599.5392
686.0018
650.5733
610.4218
605.0106
598.069
623.2081
631.5015
393.8544
604.3053
608.9691
651.7403
583.0548
528.7254
587.6034
634.0816
449.8251
653.4589
850.9841
903.7526
656.6984
656.1669
698.6427
610.1436
637.9961
636.65
645.2593
359.969
762.9286
727.4798
670.659
706.5267
644.2883
668.1286
684.1756
697.1474
711.9576
682.9756
741.2285
632.8228
656.7688
699.6798
696.4238
650.1333
25.65011
661.8726
765.4376
722.6171
692.8701
738.9385
808.1727
734.1963
736.9941
724.8397
717.395
752.6879
738.2909
735.0877
1255.476
832.4975
647.4874
732.2462
851.1334
720.8498
1028.755
800.6723
756.9997
678.8806
689.6151
727.5283
738.8264
768.4962
775.5318
763.7041
771.4241
762.7958
759.5946
770.513
755.3559
776.3763
797.4527
799.2372
744.3941
763.5761
772.1075
795.8057
787.8933
774.3361
788.6261
-602.529
720.8561
801.5006
788.6167
725.618
853.5367
816.3344
798.1237
894.9155
809.7915
-750.1451
523.1387
806.2376
804.5272
808.8726
840.4859
884.9999
827.1072
857.8099
828.7171
812.6135
802.7892
746.2573
810.7674
865.9405
821.1559
847.511
820.697
790.6574
834.9043
830.8336
834.443
1088.116
881.9774
904.8965
964.8651
1234.467
811.0742
840.1953
866.2472
852.5459
840.6381
851.8978
812.6838
833.1909
851.4098
840.8301
846.8738
845.8995
822.4622
845.4474
895.0666
761.4751
893.971
877.7059
856.5679
903.3662
843.0137
899.3225
933.3748
878.5674
1048.563
958.3796
894.3352
895.9158
875.2679
846.8764
895.2557
923.1855
929.4687
855.4389
965.2654
869.1013
893.4239
1021.438
867.1674
826.3684
784.895
845.9425
895.2252
846.6741
853.9742
835.8529
882.3068
579.7306
836.6319
877.3226
880.026
873.6249
796.9575
877.5374
876.1855
797.955
903.3014
868.7835
976.3469
783.1432
879.9338
881.456
880.8692
873.1716
850.348
868.3905
887.5497
938.9558
903.9384
867.1917
896.2134
880.1581
886.2981
898.7496
839.0919
903.9912
969.0192
832.2091
892.9397
919.9882
870.794
901.5909
911.173
880.6642
901.3337
-491.8733
760.9696
753.3116
891.8635
831.7894
860.9428
870.2453
924.5248
869.3912
909.4611
927.7584
905.5472
910.9158
897.069
862.6647
921.2952
837.2034
881.685
902.5597
906.0312
870.5764
884.4422
884.8438
886.1436
549.4814
839.1921
861.3463
864.0294
932.7317
963.0931
870.7925
884.555
896.3467
900.362
856.1302
878.8684
948.7875
904.1749
900.4383
874.2209
903.1224
895.1745
880.7064
890.9797
876.9942
822.5861
872.7575
902.9475
843.6338
973.285
1006.969
780.1588
829.0938
898.2618
886.3761
814.9287
832.0031
-250722.2
-23792.4
-1528.266
624.6859
843.5055
886.7577
856.2663
825.8403
863.1527
868.2053
893.2066
854.8146
998.1787
808.2838
837.3462
789.9474
842.181
853.0623
830.1279
859.9613
827.526
835.6641
582.877
874.6932
830.6929
808.215
883.9929
872.1316
698.2442
762.2273
870.7208
811.4804
922.9014
836.7612
1114.649
859.748
1130.936
853.481
848.8062
845.7957
791.03
807.5771
824.4774
830.8531
847.6606
3299.054
1191.815
889.7871
824.5142
834.8111
810.2623
846.2823
858.0352
799.2804
856.3434
797.8241
841.1627
796.0448
812.9219
772.0007
1050.525
843.4125
846.0601
720.096
771.7258
802.8942
787.98
767.1892
806.6157
801.0297
803.2872
786.3293
806.248
756.2231
758.2647
802.3551
778.7159
772.2933
774.1036
787.1186
803.2766
563.0732
733.1773
796.627
769.4852
791.5838
766.4178
786.4325
820.8765
717.8393
729.9211
772.4629
834.3799
766.6992
745.7877
771.7049
771.9951
746.8802
686.7704
745.2962
745.7954
754.8621
749.3514
755.9483
626.5541
711.759
784.5777
751.9172
756.9748
748.0796
336.0724
607.1619
735.872
814.6165
770.2595
723.2088
767.0671
730.538
757.0272
706.7768
726.8783
713.1852
733.2209
716.6651
706.2557
704.8778
712.1254
759.0258
869.5956
717.4675
897.3722
567.6236
700.2703
689.0801
731.0778
714.6183
78.01904
685.3871
570.5704
661.7963
655.1704
577.5992
664.0794
1449.454
765.9647
741.6717
703.6916
643.013
622.7058
595.3012
652.0721
675.832
641.657
720.7776
665.2608
687.1148
673.5474
639.9282
644.6521
453.3824
638.3817
666.1022
649.9786
650.3711
669.8524
715.1347
720.5838
644.1932
630.5039
655.6794
554.5216
646.1493
662.1739
629.6256
669.7863
633.3219
613.1168
616.7554
630.8959
682.0683
610.9801
537.796
643.4824
588.3199
590.8704
531.2898
1176.747
671.278
590.0507
621.4604
606.8684
824.4303
684.039
634.6475
603.5283
609.8154
557.5924
594.4967
611.7621
615.2874
585.9027
585.0499
569.7706
587.2503
861.0115
609.2469
591.9813
568.8083
566.9149
541.269
553.0688
814.271
704.6176
598.4976
560.4892
538.2993
554.3095
567.8599
556.3192
627.0395
627.2475
550.6598
256.7585
608.8755
578.409
531.6216
551.4554
534.704
576.0674
589.4542
567.8941
457.8355
607.7396
523.5719
520.6817
543.847
541.5925
12.72423
431.6467
453.0803
533.9636
472.2058
541.5984
510.842
520.3683
545.8286
647.5677
556.3121
538.5657
435.9495
527.9547
547.9112
517.0209
519.7567
218.3863
486.468
507.7378
508.917
516.6058
500.8585
588.8057
-61.80673
455.0674
501.5562
476.6061
490.1002
698.229
545.2487
481.5555
492.6174
473.3824
523.1382
491.5596
577.3253
511.656
350.7694
490.5477
503.5658
5876.185
1031.393
563.6399
500.8781
453.0573
464.9671
545.994
511.8964
443.5099
478.3283
520.0108
466.4446
476.9588
500.9929
481.708
435.0713
436.1328
386.6024
340.7172
451.9437
447.1959
472.4574
477.434
499.9741
468.7837
518.0097
475.5785
475.6278
525.4542
401.6683
478.137
475.5792
447.4002
483.1414
-319.5303
447.6298
380.237
491.1275
433.7398
469.3663
402.0259
455.1794
514.9117
494.1412
417.7811
450.2713
482.742
531.0696
425.1832
448.3555
436.9076
556.3294
479.3837
443.8817
466.9448
443.0579
442.754
449.5675
389.4795
449.0053
440.8762
476.8943
491.8189
469.9307
463.5759
435.9718
494.8692
501.2438
461.2436
2919.033
700.006
399.4921
424.7157
456.0322
437.3019
124.2521
419.491
462.324
443.5002
363.8932
454.31
430.4008
523.4204
462.3316
471.4877
454.3436
449.0056
474.7333
466.0518
439.8431
447.9499
482.9733
453.5427
474.214
1654.6
578.6529
435.6007
446.8565
483.6214
471.6992
489.3595
486.5717
-316.7397
471.071
481.4709
483.1969
594.5373
492.8746
486.6161
498.5954
497.5142
493.7311
462.6265
463.9621
486.4989
519.4254
447.2642
533.8793
478.5306
455.1908
486.8598
1135.245
543.8333
1002.382
596.9226
375.2613
467.5161
469.0857
281.5881
466.6435
485.3552
665.6812
487.2738
500.6194
409.852
383.2347
489.4354
495.693
430.9515
515.6729
489.4353
494.5595
404.607
488.9532
512.0144
452.6849
503.7217
513.8281
523.5814
523.8628
524.9305
426.683
519.4866
518.841
510.7473
470.7796
723.1465
620.2348
530.2768
979.7541
537.0263
378.708
511.1162
518.664
558.3952
498.7959
510.556
515.2946
538.9164
546.3462
598.7888
547.5759
522.4031
510.2529
532.8134
525.0866
535.3895
289.7323
167.4825
491.9385
540.5524
536.541
544.8726
547.7445
533.5726
530.2726
541.7174
3559.552
864.0916
681.8084
539.39
548.1924
541.501
573.6361
533.9879
519.5918
554.3829
584.1135
591.7981
557.3111
585.426
571.4466
619.8091
563.5322
582.7917
496.9947
564.5055
547.6241
556.3258
357.5377
590.0117
563.3175
580.1169
591.3292
564.7956
560.7228
760.737
658.6499
744.2531
620.0907
635.4086
590.8344
604.6923
648.4735
581.622
626.9105
613.2867
542.5574
606.7787
633.4739
588.2981
615.8082
638.8439
614.7134
560.4174
654.0846
554.7703
651.1587
630.2739
701.6973
706.5941
644.0324
617.0019
688.7664
712.1452
701.045
673.3315
639.1602
629.5635
666.664
665.1943
681.1376
636.8052
677.6066
666.1068
631.1474
661.2106
691.575
666.0663
-106.8952
591.9953
686.5218
679.3151
739.7196
762.3073
726.5238
804.545
696.8172
650.1659
710.6598
715.5402
752.6443
776.6587
-516.0471
624.7094
680.3238
724.7216
741.4618
738.6126
262.0063
608.46
702.6557
691.7113
840.6287
772.7871
676.8006
700.5311
761.1152
767.9797
774.4297
594.2968
700.6068
753.7576
774.2877
765.0135
779.8508
13575.37
2052.09
905.6838
794.537
777.954
799.8815
882.8947
766.4524
791.0036
837.392
797.2734
812.0533
792.6815
799.1023
792.7006
758.3186
819.4589
838.2009
835.499
824.8667
805.0572
866.5634
900.5909
826.3332
825.7933
837.1397
847.7902
856.2842
843.921
852.6447
862.528
880.9694
828.6309
845.9947
858.9565
866.8385
878.0815
834.8161
868.183
834.6508
885.3025
890.0423
896.9477
887.9415
829.9054
897.7703
895.6461
1022.845
945.0267
847.0748
701.6086
813.2059
891.9739
905.7077
963.4117
912.8588
923.7277
910.9583
910.3146
919.289
897.8778
881.9926
922.2934
936.8198
1451.597
1000.59
966.1748
932.2338
942.952
1040.346
978.1986
950.6298
967.2425
940.3746
965.1263
981.2541
1042.123
980.7872
971.3265
959.771
989.9329
966.8099
1009.506
974.0087
1046.546
891.1701
1005.753
1009.878
959.6347
950.4121
1006.503
999.8576
999.437
1271.325
1017.092
1026.458
1026.726
1043.676
1137.599
1010.7
1020.465
1054.809
1051.384
1328.073
1064.558
1079.666
1009.91
1059.442
1031.692
1062.022
1087.67
1047.134
1065.957
1059.364
1040.258
1416.084
1035.042
927.4663
1194.566
1125.651
1072.981
4208.097
1347.75
1294.03
1090.004
1338.027
1129.704
1080.46
1094.563
1078.819
1064.592
1092.997
1125.441
1614.685
1167.423
1127.233
1103.694
1297.862
1129.425
1139.185
1132.692
1137.563
1139.152
1140.7
1136.58
1138.154
1129.458
1162.137
1115.817
1170.053
1161.566
1110.628
1204.678
1149.903
1145.752
1131.863
1146.593
1106.85
1160.581
1157.676
990.6255
1169.511
1137.161
1153.462
1178.059
1161.538
850.3474
923.6205
1150.897
1195.36
1187.531
1180.21
1171.768
374.1495
1083.508
1154.379
1137.422
1205.758
1175.351
1196.55
1223.438
1185.654
1222.316
1196.842
1229.251
1208.96
922.1404
1184.361
1221.719
1225.383
1271.151
1268.202
1241.262
1016.182
974.0313
1205.427
1219.037
1236.7
1218.536
1230.449
1170.169
1271.677
1103.53
1380.278
1268.729
1255.362
1251.718
1280.217
1172.185
1020.043
1451.778
1271.171
1202.119
1234.95
1271.574
896.7631
1311.466
1259.768
1321.604
1280.91
1287.951
1250.546
1299.981
1303.853
1286.648
1272.681
1283.609
2871.365
1444.446
1287.422
1244.803
1277.326
1528.975
1250.297
1310.727
1215.102
1298.328
1163.241
1279.063
1305.324
1290.041
1285.159
1290.757
1313.171
1327.92
1354.8
1302.718
1297.585
1093.41
1310.401
1318.895
1328.086
1354.7
1205.273
1296.41
1351.031
1291.754
1337.648
1341.037
1448.221
1362.614
1280.963
1438.597
1320.253
1344.692
1324.859
1295.143
1315.781
1305.815
1315.418
1335.48
1456.002
1335.271
1306.865
1832.273
1383.3
1349.921
1325.286
1349.161
1333.377
1318.584
1427.79
1357.023
1265.277
1295.149
1355.966
1343.69
1372.745
1304.791
1340.65
1336.293
1345.471
1363.693
1404.679
1348.866
1345.158
1342.295
1337.695
1278.144
1350.404
18197.83
2990.926
1406.117
1365.396
1350.394
1381.366
1448.013
1343.032
1466.488
1380.497
1342.289
1345.159
1348.881
1358.977
1321.847
1346.931
1376.776
1354.209
1360.505
1640.351
1620.995
1369.035
1455.896
1359.108
1220.569
1647.001
1447.791
1357.619
18.75109
1184.074
1353.2
1364.824
1321.348
1348.172
1358.33
1347.799
1342.91
1318.526
1347.858
1347.37
1341.868
1318.838
1377.991
1339.002
1317.604
1351.299
1410.919
1357.884
1343.308
1336.58
1254.513
1287.639
1338.06
1317.496
1357.478
1309.866
1327.219
1330.299
1348.492
990.9354
1294.98
1355.857
1193.453
1327.587
1340.44
1322.173
1336.415
1347.58
1368.51
1324.222
1335.033
837.1953
1325.743
1339.994
19941.65
3134.991
1462.347
1007.589
1304.374
1310.831
1514.88
1315.234
1358.581
1648.251
1960.707
1387.911
1239.373
1455.303
1311.887
3397.871
1476.549
1321.629
1250.429
1266.091
1319.093
1250.146
1382.31
1322.478
1405.847
1294.333
1305.422
1334.045
1310.044
1266.73
1294.006
1332.154
851.6127
1263.562
1282.519
1261.067
1282.036
1285.427
1308.934
1312.9
1276.051
1318.262
1294.334
1286.884
1300.743
1300.974
1292.384
1269.027
1372.235
1375.875
1043.352
1257.618
1283.999
1244.317
1264.623
1389.942
1279.799
1279.909
1305.808
1289.147
1255.095
1253.886
1326.654
1436.35
1175.676
1231.933
1249.102
1271.614
1246.665
1259.15
1299.172
1281.79
1257.217
1262.435
1263.733
967.9312
1216.169
1297.946
-1844.227
910.608
1185.447
1232.842
1245.802
1260.44
1241.973
1251.374
1242.465
1212.324
1449.898
1227.584
1318.038
1209.645
1229.847
1209.474
1243.21
1242.191
1225.662
1308.529
1251.625
1281.399
1260.51
889.4879
1171.133
1193.533
1224.265
1200.806
1210.842
1198.754
1180.728
1221.633
1273.381
1315.545
1214.207
1190.305
1193.505
1178.499
1158.61
1165.211
480.1539
1104.144
1166.42
58673.22
6807.57
1604.863
1191.877
1177.593
1166.192
1321.196
1167.07
1170.775
1186.749
1161.191
1161.41
1159.652
1153.243
1158.339
1138.539
1131.465
1153.258
1196.169
1129.853
1222.085
1149.74
1184.527
1094.086
1128.974
1147.546
1145.555
1151.489
1145.14
1154.608
1154.811
1102.815
1076.777
1135.229
1131.499
1193.314
1132.027
1864.94
1210.9
1156.684
1118.1
1081.071
608.0771
1030.829
1205.86
1133.487
1067.572
1094.702
1099.109
1091.529
1101.132
3986.071
1373.481
1100.222
1059.36
1133.046
1093.095
1041.027
1033.291
1116.879
1118.632
1059.207
1073.394
1145.294
1125.279
1063.315
1126.63
1100.145
1029.757
2641.217
1223.571
1076.16
1051.969
1075.982
1049.132
1045.838
1041.203
2174.874
1153.13
1464.731
1075.87
1083.91
1098.85
1063.955
1054.176
1041.282
953.9294
1041.914
1218.455
1088.432
1039.825
810.9591
969.3501
1052.302
1027.214
-1400.091
889.467
1060.587
1032.904
1032.913
1035.837
1017.92
984.5154
1006.535
1038.352
954.6777
969.883
992.9124
978.308
979.9288
997.2976
1253.141
1022.588
1005.956
1016.826
1019.95
1011.245
925.7243
1007.288
957.1097
973.2817
980.8417
978.9994
968.9875
998.4901
1011.895
1037.649
958.1263
956.8718
999.6687
969.8036
975.6525
974.4247
993.5916
1004.866
-372.5986
847.2565
955.3996
987.7773
974.6813
971.7681
983.0948
946.4537
969.8706
999.3428
946.935
1032.688
984.0854
762.7931
685.7541
934.7617
961.2749
965.3714
960.3294
941.7119
1036.306
852.5691
942.1388
958.1824
1037.804
938.7289
933.7194
992.6419
963.9828
869.2656
938.0743
961.6761
1266.95
962.6581
1784.511
1003.573
1015.533
970.0996
898.7311
898.112
890.6691
882.9352
882.2229
804.1773
925.1587
922.6161
947.8577
906.401
928.7912
965.4611
928.7976
968.5481
964.2642
1060.432
933.6126
948.8154
927.8049
933.6803
920.2409
928.5243
909.4084
914.1891
921.4395
937.9132
966.3701
943.5539
913.8141
969.447
912.0571
1061.852
880.9479
770.6397
881.1113
930.2119
933.7674
898.6738
885.0889
873.5764
902.3993
911.4967
885.6157
923.7385
5560.389
1629.348
973.7704
940.4061
982.7374
893.9773
923.7338
918.5965
927.6948
936.1799
879.6003
906.2427
996.7655
1301.114
989.2776
900.768
931.5562
920.3353
891.6971
794.8577
913.3775
905.0142
885.7203
948.875
910.8305
910.9628
924.3934
907.113
929.5873
954.7085
926.179
893.4291
1084.442
990.8033
926.5495
930.0782
895.6911
918.9119
918.9068
904.3769
928.6052
943.7832
937.0653
927.3705
913.3979
932.8021
903.7976
939.1807
1274.348
974.9986
911.043
905.7351
934.0589
632.6213
908.1487
900.177
1144.991
932.2088
921.6011
1226.421
923.0443
946.6214
910.3275
929.2651
936.0725
939.3559
942.6571
887.4012
919.3885
909.8705
1621.695
1053.479
1335.965
1273.795
964.975
976.4534
933.0731
950.1999
940.3046
941.787
913.4004
981.6751
881.1752
937.3769
947.4343
935.4264
933.4797
925.2846
860.8332
681.3009
938.9309
967.8188
842.0631
953.7723
997.317
-372.7336
830.8147
100.8
846.4913
993.83
998.9803
1004.244
977.8487
960.0897
1133.883
1000.423
870.3449
958.8235
1002.685
1071.349
962.4992
1007.356
993.4935
1014.332
965.1666
901.3906
970.559
926.4737
976.047
988.9436
1912.135
1076.821
983.2573
964.2638
974.1344
1014.8
1056.349
959.2013
998.5184
1010.429
992.2511
1038.159
1003.815
788.0231
1001.771
1028.138
1024.09
1042.416
1032.869
971.3608
1012.406
1074.317
930.3633
1015.321
1029.095
1044.61
1023.694
1040.639
1020.792
985.3751
1049.402
1081.285
1043.247
783.2177
993.601
1022.228
1115.024
1018.14
1056.175
1108.976
1014.532
1042.574
1040.612
1087.414
1049.428
1104.305
1031.064
1091.538
1191.073
1066.765
1115.717
2766.19
1267.844
1086.062
926.1638
1068.67
1110.703
1107.025
1046.068
1088.07
1097.223
1201.359
1163.136
1133.164
1043.944
1095.576
1369.997
1138.635
1108.229
1103.181
1098.555
1041.758
1068.88
1150.169
1057.439
1115.453
1157.758
1147.236
1113.893
1167.527
1042.277
1078.529
1129.175
1103.454
994.0841
1135.626
1155.169
1013.865
1111.611
942.3864
1181.958
1149.919
1202.295
1152.745
1240.977
1208.66
1203.17
1087.509
1121.488
1179.94
1190.739
967.8604
1086.814
1216.72
1177.242
1283.077
1180.488
1228.328
1200.592
1215.668
1286.705
1228.273
1189.415
1162.79
1155.187
1213.495
1210.478
1496.756
1277.299
1261.573
1387.566
1358.841
1307.488
1964.211
1306.155
1221.034
1259.905
1234.206
1276.533
1270.077
1039.897
1240.324
1209.839
1180.483
1211.946
1244.73
1279.611
1270.666
1199.523
1265.472
1287.749
1281.689
1272.041
1268.263
1270.248
1273.887
1274.575
1299.59
1321.297
1297.139
2400.677
1420.056
1312.503
1304.767
1352.073
1320.082
1298.343
1309.636
1326.295
1300.813
1384.213
1336.73
1347.55
1334.429
1319.099
1362.123
1393.01
1353.572
1325.285
1378.559
1342.55
839.4878
1289.67
1336.121
1471.239
1373.606
1344.56
1540.813
1388.178
1391.13
1399.489
1386.661
1398.954
1224.646
1417.802
1561.541
1523.23
1426.747
1327.65
1374.857
1417.511
1419.325
1334.03
1422.871
1419.291
1028.684
1428.292
1450.509
3005.061
1622.637
1443.273
1438.7
1165.928
1398.567
1459.678
1442.357
1397.465
1151.496
1426.542
1280.31
1414.484
1494.453
1349.723
1386.869
1460.169
1522.484
1458.118
1357.8
1539.989
1498.412
1493.229
1476.736
1473.261
1467.319
1517.86
1449.247
1527.375
1580.675
1448.736
1454.29
1482.214
1505.08
2679.569
1665.102
1566.072
1513.863
1523.519
1520.464
1525.645
1557.904
1495.098
1554.231
1520.611
1507.434
1509.068
1544.838
1569.424
1560.866
1629.701
1490.788
1132.803
1525.758
1314.583
1570.454
1621.734
1518.648
1562.731
1571.64
1566.583
1443.013
1579.194
1580.982
1555.304
1577.091
1568.178
1576.321
1572.429
1584.786
1652.078
1585.573
1595.972
1596.001
1513.14
1548.249
1573.101
1578.703
1624.341
1613.19
1615.974
1617.997
1618.702
1630.578
1630.823
1624.218
1645.566
1631.821
1631.948
1634.985
1644.212
1648.409
1584.066
1642.992
1653.903
1627.165
1656.097
1722.306
1660.264
1633.873
1560.925
1652.636
1653.515
1676.183
1598.022
1842.872
1533.817
1482.184
1704.462
1684.278
1705.208
1693.085
1555.604
1709.126
1699.887
