20.77306
-409.0246
-38.43538
39.06267
12.60662
20.5641
47.64978
8.004683
-53.89118
33.61076
0.7947736
8.690952
7.287589
8.715326
0.5318714
10.94109
15.08259
-5.06666
-2.390396
-36.11978
-1176.09
-119.9176
-42.90742
-16.37778
-9.126203
-1.212966
336.8757
11.66524
-0.04808821
-10.60657
-13.52135
-16.60447
-44.97277
-33.53713
-1.52365
-70.27403
-38.68813
-22.07019
-21.0962
-16.03494
-14.73846
7.668037
-22.99974
-25.22441
-12.20948
-30.97647
-17.56647
-25.36959
-35.89811
-18.17678
-1.351056
-31.54524
-23.20093
-55.67614
-32.25647
-19.97515
-27.64265
-55.50327
-47.51563
-29.37971
-77.01297
-13.96742
-44.88098
-36.17626
-38.6089
-26.18919
-39.85175
-28.07092
-33.51485
-42.62046
-19.272
-29.92119
-17.56572
-109.0698
-65.91186
-61.99462
-39.8159
-75.53179
-49.69351
-50.16019
-51.2514
127.342
36.09168
14.18474
-44.79646
-59.79555
-38.69942
-60.27536
-64.10218
-15.2709
-61.29956
-46.93678
-38.6501
-62.34372
-71.27573
-65.41967
-83.09701
-82.21111
-94.05398
-58.71965
-58.99462
-61.49886
-41.16207
-79.52217
-40.45385
-111.7507
-63.10174
-71.59247
-4.873936
-48.81084
-49.68263
-106.9706
-83.78951
-36.80058
-41.55313
-79.45795
-862.5641
-152.1912
-81.99145
-70.88311
-50.65522
-118.3095
-84.49935
-82.41708
-81.26448
-86.40091
-81.26702
-100.4946
-76.49111
-80.43341
-95.48106
-82.10357
-32.93177
-67.48692
-91.12763
-195.1676
-249.3336
-70.16413
-112.6049
-113.3465
-71.73433
-81.58739
-94.00663
-82.04807
-82.50862
-106.863
-93.5445
225.6679
-84.71823
-168.2919
-105.0621
-119.547
-97.67775
-92.45709
-179.8974
-113.0284
-103.0545
-118.3788
-66.74113
-97.90554
-115.0328
-100.8809
-86.84343
-62.8672
-133.6064
-49.04552
-108.742
-177.4469
-124.0537
-121.791
-117.9094
-123.8187
-107.0781
-127.6681
-109.2964
-121.0453
-109.3373
-119.5921
-111.4667
-119.1996
-120.5615
-144.0394
-128.8626
-47.27088
-298.4101
-155.375
-125.843
-129.754
-118.9304
-168.5278
-133.4505
-113.1905
-130.4036
-247.7856
-137.3116
-135.7683
-142.2286
-336.6422
-165.835
7.305853
-153.5519
-187.9458
-147.58
-136.6839
-140.0106
-140.7812
-142.9562
-158.81
-179.3574
-144.2296
-159.99
-151.2277
-141.2348
-148.0682
-165.6043
-134.62
-147.5456
-150.1364
-168.9525
-180.8973
-178.4408
-155.8228
-151.8666
-136.164
-127.3215
-181.1062
-172.2861
-120.0902
-184.4719
-159.7038
-163.805
-171.0528
-169.4465
-171.3628
-160.1975
-173.5908
-177.2071
-175.249
-176.6851
-160.7572
-187.5532
-159.0046
-189.9149
-174.9723
-175.9596
-192.1414
-194.2804
-341.7122
-195.056
-186.3489
-216.4516
-184.2271
-194.6114
-187.154
-189.5642
-180.7154
-198.8754
-213.8289
-167.5574
-196.9983
-193.5932
-204.9964
-208.9619
-195.823
-200.9329
-241.6043
-203.1093
-198.5928
-191.7016
-202.1978
-203.6859
-186.1962
-190.2705
-200.8489
-201.1993
-239.6592
-193.149
-229.6298
-97.94003
-220.9897
-213.5013
-210.8472
-190.607
-206.2246
-232.806
-223.3651
-411.4428
-243.2371
-220.5138
-239.0775
-227.9937
-221.333
-204.8649
-227.0319
-226.5768
-219.4932
-215.1054
-219.1793
-216.9649
-235.6953
-228.4139
-239.2542
-242.547
-235.9435
-236.2832
-249.5337
-239.6339
-237.7294
-257.1425
-247.3011
-335.1503
-266.093
-245.1482
-235.4808
-252.4059
-259.5358
-238.7047
-259.9196
-253.4375
-263.8632
-284.4569
-213.0142
-221.4557
-241.2086
-246.8995
-253.3647
-230.2516
-175.7932
-239.4132
-260.0793
-283.7438
-229.7262
-266.3388
-274.2365
-301.6415
-275.8055
-270.274
-258.2373
-241.402
-278.1332
-278.9254
-305.8695
-272.5883
-293.8013
-288.0466
-310.3562
-264.24
-262.3277
-265.695
-278.6262
-285.7335
-280.4116
-285.4428
-294.812
-269.092
-324.4238
-294.4838
-281.1597
-295.2675
-281.5453
-239.1853
-272.0585
-292.6354
-295.2286
-297.9914
-291.1427
-286.6306
-329.9581
-308.281
-309.9505
-287.7675
-303.7414
-270.975
-286.9433
-229.3823
-326.3467
-317.9401
-282.7848
-306.4467
-330.5923
-282.9681
-317.108
-308.4602
-317.784
-310.7424
-313.1364
-324.6621
-313.0328
-320.2578
-318.887
-292.6893
-340.7371
-333.7407
-304.282
2424.236
532.1806
-232.6559
-310.7737
-332.0034
-2021.992
-484.8646
-335.6506
-335.181
-314.3897
-375.0363
-349.8316
-335.577
-293.9832
-319.1446
-343.1108
-342.2384
-376.0961
-337.7519
-349.2262
-452.373
-333.5631
-349.4448
-328.9604
-330.3638
-309.0271
-338.3066
-315.3961
-79.06768
-315.1348
-393.3126
-401.8923
-327.9979
-335.7952
-569.8677
-364.7268
-424.1872
-358.211
-354.0354
-338.1277
-343.8594
-353.0182
-359.7944
-348.4109
-390.0395
-390.457
-348.1995
-313.4177
-348.2652
-360.754
-367.9681
-345.9298
-367.4971
-343.7436
-349.5454
-375.8663
-372.9661
-319.1737
-406.0561
-404.3496
-461.3678
-377.6717
-874.1421
-424.0296
-391.0503
-358.9246
-378.0662
-369.7341
-354.9074
-359.3684
-371.084
-388.7469
-395.409
-346.1848
-384.8802
-412.2245
-374.4282
-408.9075
-382.7135
-475.6123
-435.0522
-392.9824
-395.8956
-317.1408
-376.7439
-178.825
-385.7461
195.6791
-340.5259
687.6349
-303.4448
-400.3264
-388.3705
-405.6203
-397.7388
-395.7205
-384.8362
-431.5346
-413.6953
-390.2804
-415.1921
-421.009
-407.373
-440.3828
-432.5265
-349.3945
-355.982
-367.8718
-387.341
-421.0818
-405.4498
-428.4616
-391.5831
-416.4475
-418.6898
-347.5328
-420.0076
-635.6587
-444.005
-390.7468
-423.0028
-434.0015
-354.7238
-429.914
-447.9154
-353.5716
-320.2039
-409.7399
-417.3181
-430.619
-417.2894
-431.98
-429.3893
-443.2331
-415.9922
-462.6398
-392.686
-438.5823
-206.6318
-425.2291
-434.6441
-454.1561
-446.3174
-403.8253
-462.6606
-464.6088
-444.6123
-452.975
-454.0415
-457.216
-469.523
-453.026
-460.5331
-450.6136
-445.9454
-461.5996
-457.8592
-457.1976
-434.529
-454.3103
-452.4414
-471.2816
-465.2752
-2771.977
-841.399
-502.9358
-465.8226
-461.4431
-491.6883
-461.9018
-486.0887
-465.5684
-470.3263
-465.5151
-469.7934
-476.0398
-455.235
-502.0075
-406.4637
-542.1533
-485.4426
-467.5145
-474.4463
-466.1157
-446.2511
-481.0063
-504.1352
-463.9106
-486.4596
-467.5899
-468.6121
-495.9268
-483.5809
-472.0888
-455.1647
-472.7928
-487.1804
-473.6197
-482.3003
-470.6552
-475.124
-508.5755
-535.0863
-475.6985
-486.401
-494.3022
-481.0254
-485.9044
-782.206
-503.2205
-477.6042
-476.49
-490.1771
-510.6462
-545.1226
-558.6938
-525.1065
-576.0297
-440.6483
-510.1062
-491.6579
-507.9854
-505.5271
-507.6197
-479.5304
-347.0351
-494.7445
-498.7579
-512.0012
-521.7791
-505.5716
-510.6301
-541.2334
-509.0923
-503.5626
-504.1157
-510.5122
-499.4435
-510.254
-502.2092
-508.4421
-511.2505
-510.0978
-493.0989
-512.6484
-516.5449
-509.3145
-522.6071
-515.6027
-519.2301
-522.1543
-529.6993
-532.152
2565.861
-244.8588
-492.8064
-518.1477
-514.3075
-510.2208
-512.4826
-460.7493
-536.4837
-507.5424
-527.62
-539.9379
-533.9835
-520.8434
-527.7407
-519.0877
-504.4502
-468.9928
-544.1643
-545.2834
-537.9221
-520.3122
-546.0396
-543.4895
-525.9513
-522.8031
-534.2622
-535.1148
-883.5646
-492.3144
-529.7472
-540.757
-960.5271
-570.4195
-552.531
-507.0088
-554.5295
-538.4718
-532.7452
-524.1283
-563.6126
-596.9093
-544.41
-545.5635
-550.0656
-541.705
-543.7411
-535.3758
320.0164
-458.5248
-539.3857
-539.3079
-554.8131
-549.4383
-468.4124
-296.4864
-519.424
-555.0984
-576.5773
-680.0961
-577.6457
-589.2928
-539.0093
-555.043
-603.0313
-581.806
-567.831
-541.1748
-558.4764
-560.0657
-573.6806
-590.4665
-561.6982
-552.5814
-584.2309
-580.3034
-570.6126
-744.2718
-575.3648
-270.0188
-554.6345
-590.17
-576.6827
-477.5764
-580.0821
-579.314
-573.6139
-591.9353
-509.1208
-558.8277
-575.1471
-576.7566
-575.0093
-555.1987
-587.2501
-584.7669
-604.6877
-571.8177
-538.3241
-586.9648
-599.4234
-547.4859
-571.4928
-587.2462
-620.4186
-494.7124
-576.6814
-592.2593
-596.1986
-588.111
-603.7787
-576.672
155.9429
-1133.666
-642.2362
-602.7328
-593.8404
-589.6221
-619.0696
-614.6378
-619.0432
-579.0005
-596.7659
-586.9512
-616.8457
-617.9032
-603.0316
-591.4882
-601.139
-610.2844
-607.2682
-613.1674
-608.9039
-668.7164
-626.8081
-654.3545
-608.8314
-605.5554
-643.06
-610.0168
-617.3612
-605.5669
-2460.558
-785.9448
-603.2591
-617.8541
-629.7622
-617.9746
-620.8955
-565.6632
-652.2984
-842.1805
-640.7562
-616.7047
-592.9499
-682.5886
-635.9184
-625.5829
-618.4721
-621.6898
-529.2931
-572.1401
-877.7984
-646.4481
-630.7828
-628.8465
-634.7758
-617.1134
-626.558
-633.7747
-638.6125
-621.4226
-632.6262
-629.1237
-637.2117
-636.881
-627.9401
-576.0163
-632.6593
-628.4276
-640.0999
-639.1329
-655.7024
-626.9687
-633.5843
-647.776
-564.8915
-626.1753
-634.543
-628.0056
-606.7562
-632.9298
-604.1716
-642.1357
-639.2557
-647.5238
-644.7301
-607.6717
-633.4984
-627.5584
-637.2922
-647.5366
-656.3988
-684.5382
-669.2428
-649.6658
-697.2171
-655.1068
-671.1042
-721.3936
-650.0983
-597.4981
-674.1323
-628.176
-644.8748
-668.4918
-661.2167
-664.2482
-665.44
-693.909
-278.7897
-621.3267
-673.4027
-642.8868
-685.2894
-619.1069
-695.2086
-674.9307
-666.8351
-670.5401
-683.6536
-668.8155
-674.0774
-671.0223
-691.7545
-601.2492
-663.5789
-679.8588
-790.8017
-690.6459
-692.6324
-667.883
-768.6274
-662.0686
-674.6173
-698.4073
-634.5924
-651.8319
-681.0546
-445.7327
-655.3643
-1392.733
-747.369
-683.1889
-628.0157
-716.5763
-710.8375
-702.7291
-738.3669
-1278.639
-760.2238
-730.4558
-696.5989
-658.2264
-654.5149
-590.0628
-683.2526
-708.0501
-708.9687
-704.8326
-704.2605
-740.7342
-661.4452
-717.4387
-928.4711
-735.8879
-708.6688
-1189.638
-770.0516
-726.6001
-716.1122
-718.9801
-732.5936
-702.0028
-679.24
-734.7971
-709.2293
-715.4214
-714.075
-715.8099
-688.8495
-718.3004
-738.4686
-723.585
-709.1351
-633.4696
-355.6398
-707.5057
-725.2977
-777.8921
-700.0862
-729.3414
-734.4
-736.2938
-767.1835
-723.2138
-726.2974
-736.184
-728.0531
-735.7699
-736.1534
-741.0355
-739.9656
-713.8403
-672.2261
-737.6478
-738.6297
-741.8597
-742.7853
-840.3467
-729.448
-740.4196
-750.3084
-1833.13
-830.2875
-770.6235
-750.2015
-744.725
-733.9997
-767.3427
-742.2709
-667.948
-753.4808
-749.2945
-747.9132
-745.2884
-754.3905
-751.7906
-749.2709
-777.0183
-731.3527
-775.4482
-788.113
-789.9491
-799.3225
-602.3741
-736.9541
-772.7411
-759.7163
-761.6395
-776.6619
-781.0252
-732.8909
-776.3125
-768.1521
-780.743
-785.8973
-777.8885
-738.021
-783.4165
-758.1646
-832.2504
-788.5429
-798.9778
-782.6499
-798.1354
-773.0943
-791.2241
-773.3009
-780.8059
-776.7049
-784.7326
-725.916
-779.4689
-804.1864
-764.5256
-782.134
-795.792
-1299.275
-833.7899
-804.0546
-789.1174
-893.2307
-818.223
-730.3385
-795.7223
-790.5052
-786.7011
-805.6327
-808.6621
-813.6212
-821.2562
-865.5304
-812.7958
-792.8923
-825.1881
-822.0365
-938.6215
-827.6083
-820.6909
-760.0507
-822.931
-815.5145
-794.4367
16863.51
842.6757
-696.3006
-820.3699
-823.6273
-812.6991
-824.5869
-850.886
-829.2596
-578.0402
-802.3796
-865.2288
-914.5362
-842.3071
-827.5836
-850.2134
-843.9295
-821.1834
-843.9621
-827.6157
-843.7896
-844.6562
-860.5146
-845.8759
-823.8812
-877.9206
-1118.747
-868.3436
-860.5322
-835.7287
-852.7199
-851.4331
-849.2741
-828.431
-793.4611
-850.2486
-858.1688
-854.5193
-850.9492
-881.9573
-860.31
-866.0598
-927.7347
-875.2733
-843.1536
-841.2643
-833.2888
-862.781
-843.4279
-871.2007
-867.3504
-872.0577
-869.9719
-880.984
-881.3277
-867.0616
-876.0528
-884.3527
-899.05
-857.3941
-938.4108
-742.5043
-857.5741
-881.1046
-882.3981
-904.7485
-925.7616
-826.8409
-899.1031
-893.6925
-892.1498
-889.659
-888.7106
-887.7787
-894.4348
-892.7613
-881.463
-900.9967
-870.0299
-907.6902
-904.0155
-887.7887
-771.6238
-886.7797
-896.0531
-904.081
-944.0873
-918.1951
-905.8603
-893.5073
-892.8166
-914.5532
-893.7326
-909.3507
-916.4819
-914.5804
-907.4691
-910.7503
-920.5099
-891.2749
-1186.809
-936.7319
-921.4724
-940.8669
-943.614
-918.8157
-917.974
-935.3106
-914.8947
-902.0973
-911.8771
-984.3622
-918.425
-933.0781
-922.1097
-937.7992
-936.3666
-910.4203
-933.9137
-966.456
-930.7859
-913.8981
-581.4602
-903.9877
-933.3882
-950.1795
-929.1205
-934.3464
-961.9774
-942.5732
-946.4437
-928.4245
-956.1371
-952.3943
-946.115
-952.9451
-926.9536
-953.8479
-943.9496
-939.6439
-950.1449
-931.2017
-983.6703
-959.1383
-994.2023
-958.0427
-978.7745
-966.4226
-938.9383
-955.9168
-871.9662
-968.3648
-916.5195
-963.6441
-978.9484
-969.0731
-980.7257
-934.7854
-965.6918
-978.8451
-1069.528
-1019.722
-1010.099
-970.5888
-987.6388
-994.8735
-1008.57
-989.8996
-972.8877
-974.7712
-950.9089
-953.6698
-1253.017
-1014.422
-820.2352
-950.598
-963.3859
-952.8266
-1020.987
1482.144
-633.7666
-948.4577
-996.3789
-988.6093
-1149.415
-973.3869
-982.4904
-942.0534
-1044.821
-1004.813
-1011.63
-985.9379
-934.622
-992.4066
-1014.015
-994.0462
-992.0689
-995.4794
-994.34
-1031.955
-1031.583
-1003.183
-1012.072
-1114.063
-1022.312
-996.5769
-1030.759
-998.9676
-1053.788
-1137.995
-1040.656
-1044.207
-1036.446
-1022.724
-982.7289
-1038.332
-1122.945
-912.5759
-1006.602
-1018.865
-1027.202
-1025.279
-1012.072
-1040.649
-1030.489
-1023.203
-1101.654
-805.1478
-977.6614
-1043.138
-1055.762
-1055.346
-1016.733
-1306.198
-1102.744
-1039.933
-1043.599
-998.1471
-906.3872
-1023.28
-1027.798
-1025.207
-1038.06
-1043.129
-1035.126
-1024.597
-1021.294
-1346.295
-1076.415
-970.7081
-1081.08
-1050.199
-1071.53
-1055.677
-1044.174
-1048.975
-1041.7
-970.4193
-1045.499
-1048.348
-1062.808
-1044.348
-996.2879
-1053.833
-1062.525
-1042.498
-1050.642
-1081.451
-1057.61
-1058.113
-1052.765
-1060.04
-1054.321
-1156.247
-1064.869
-1032.367
-1015.807
-1056.328
-996.7168
-1064.283
-1068.608
-1065.39
-1018.293
-1059.148
-647.6625
-1032.253
-1053.71
-1131.784
-1077.063
-1074.414
-1104.847
-1080.768
-1018.258
-1066.821
35166.95
2367.524
-738.2614
-1046.545
-1084.377
-1069.209
-1108.538
-1108.675
-1080.368
-1101.374
-1087.891
-1087.704
-1090.601
-1087.215
-1099.452
-1086.929
-1074.879
-1099.881
-1072.495
-959.0637
-1085.953
-1116.384
-1089.627
-1107.368
-1133.952
-1042.083
-1074.945
-1093.999
-1095.43
-1093.287
-1096.259
-1103.407
-1088.815
-1095.419
-1105.564
-1099.344
-1043.707
-1094.677
-1101.92
-1123.197
-1107.791
-1118.776
-1092.828
-1141.128
-1115.923
-1109.534
-1106.73
-1075.586
-973.0024
-1701.303
-1182.524
-1111.657
-1134.766
-1102.974
-1172.253
-1114.686
-1106.458
-1112.404
-1119.541
-3028.168
-1317.429
-1076.74
-1131.926
-1117.199
-1123.946
-1174.745
-1123.442
-1155.355
-1146.488
-1143.451
-959.648
-1092.904
-5583.14
-1554.235
-1174.345
-1142.385
-1155.303
-1101.452
-1138.706
-1130.997
-1089.233
-1112.528
-1102.212
-1116.591
-1145.187
-1101.352
-1137.395
-1135.985
-1129.417
-1131.992
-1101.832
-1147.793
-1169.978
-1126.069
-1143.483
-1155.94
-1159.236
-1148.034
-1143.418
-1151.43
-1138.513
-1140.565
-1169.81
-1157.552
-1144.886
-1197.269
-1139.114
-1148.922
-635.2596
-1100.492
-1142.952
-1153.2
-1152.664
-1182.79
-1133.133
-1144.189
-1188.548
-1167.173
-1237.97
-1181.172
-1158.283
-1122.253
-1149.716
-1153.092
-1143.681
-1179.332
-1173.732
-1160.462
-1183.139
-1166.09
-1174.625
-1167.811
-1164.961
-1219.581
-1172.509
-1170.157
-1161.909
-1167.888
-1174.581
-1154.233
-1153.837
-1161.107
-1127.623
-1197.93
-1171.603
-1307.41
-1188.59
-1198.134
-1188.672
-1178.56
-1172.148
-1139.582
-1164.52
-1181.352
-1196.218
-1190.755
-1180.472
-1178.919
-1233.012
-1214.719
-1191.668
-1176.333
-1225.48
-1179.215
-1204.493
-1186.949
-1168.877
-1194.452
-2910.59
-1356.474
-1159.416
-1183.583
-1199.853
-1193.734
-1200.391
-1184.577
-1190.317
-1196.604
-1091.048
-1197.684
-1161.425
-1192.94
-1179.321
-1193.153
-1229.867
-1133.217
-1192.01
-1126.838
-1194.443
-1201.274
-1198.397
-1195.338
-1224.525
-1213.724
-1250.096
-1202.503
-1155.894
-1230.42
-1223.449
-1214.482
-1123.76
-1171.223
-1197.495
-1221.19
-1195.348
-1215.712
-1334.703
-1233.434
-1221.461
-1211.153
-15525.48
-2573.893
-1340.72
-1247.23
-1176.344
-1260.79
-1227.377
-1345.699
-1195.178
-1231.364
-1299.039
-1223.387
-1213.299
-1229.517
-1241.426
-1217.396
-1233.045
-1186.546
-1222.397
-1225.36
-1219.549
-1216.238
-1249.249
-1218.171
-1260.767
-1192.834
-1241.235
-1242.082
-1218.214
-1243.501
-1516.313
-1293.446
-1241.487
-1237.155
-1198.364
-1226.552
-1222.13
-1240.83
-1251.797
-1259.737
-1244.816
-1243.615
-1244.83
-490.486
-1167.224
-1258.08
-1187.014
-1244.677
-1256.738
-1429.856
-1282.963
-1250.189
-3104.535
-1444.819
-1273.657
-1210.919
-1253.36
-1208.703
-1239.177
-1252.258
-1275.563
-1248.56
-1249.417
-1238.439
-1263.27
-1245.313
-1233.375
-1255.391
-1266.23
-1243.404
-1293.439
-1288.946
-1249.498
-1273.44
-1323.916
-1023.338
-1241.442
-1261.64
-1267.148
-1308.003
-1279.605
-1278.231
-1289.048
-1274.742
-1288.695
-1279.737
-1219.771
-1259.151
-1286.853
-1274.682
-1343.647
-1296.592
-1276.11
-1286.927
-1296.698
-1277.871
-1284.223
-1265.613
-1283.316
-1321.889
-1284.067
-107.6982
-1190.98
-1285.45
-1145.691
-1293.754
-1616.588
-1319.448
-1286.495
-1288.454
-1386.359
-910.9339
-1264.66
-1291.468
-1287.3
-1323.968
-1298.845
-1312.126
-1303.811
-1300.957
-1399.656
-1292.127
-1244.603
-1301.37
-1303.262
-1302.718
-1276.051
-1301.652
-1318.3
-1234.529
-1249.799
-1293.971
-1299.389
-1659.709
-1392.791
-1276.952
-1267.794
-1487.873
-1326.345
-1320.377
-1268.154
-1334.262
-1284.023
-1303.994
-1315.429
-1301.052
-1336.515
-1325.739
-1384.658
-1332.423
-1324.668
-1272.914
-1323.593
-1334.787
-1302.145
-1350.732
-1314.616
-1194.889
-1317.121
-1339.885
-1352.312
-1333.484
-1332.91
-1338.433
-1297.283
-1336.204
-1321.505
-1487.666
-1368.516
-1356.798
-1341.492
-1328.793
-1324.733
-1337.111
-1307.532
-1325.189
-1357.938
-1383.498
-1345.458
-1340.765
-1356.039
-1435.504
-1351.083
-1345.219
-1356.31
-1382.152
-1368.478
-1022.401
-1340.825
-1286.099
-1346.363
-1364.474
-1363.874
-1369.565
-1360.051
-1359.111
-1379.902
-1380.381
-1363.041
-1360.041
-1380.499
-1369.263
-1366.323
-1358.804
-1389.696
-1388.578
-1374.483
-1371.32
-1367.69
-1357.209
-1373.691
-1354.622
-1368.97
-1378.013
-1367.934
-1374.172
-1414.715
-1370.704
-1401.601
-1393.49
-1352.914
-1378.7
-1385.089
-1389.954
-1461.948
-1466.446
-1392.885
-1384.045
-1391.346
-1486.346
-1406.54
-1390.462
-1392.274
-1391.592
-1394.761
-1839.688
-1449.209
-1410.491
-1350.382
-1378.171
-1417.516
-1382.556
-1392.157
-1378.849
-1410.323
-1406.86
-1415.069
-1403.778
-1410.35
-1425.532
-1412.67
-1992.045
-1476.195
-1429.75
-1431.72
-1407.385
-1413.723
-1458.612
-1419.277
-1413.485
-1413.91
-1409.038
-1449.944
-1436.984
-1477.226
-1431.497
-1403.004
-1430.648
-1434.528
-1419.609
-1408.912
-1417.22
-1422.247
-1464.229
-1437.748
-1450.655
-1429.843
-1442.454
-1439.778
-1433.557
-1411.265
-1446.292
-1472.491
-1049.621
-1413.188
-1444.662
-1357.689
-1497.722
-1446.475
-1455.432
-1311.242
-1447.634
-1395.977
-1471.441
-1444.116
-1382.055
-1449.958
-1455.823
-1468.767
-1437.877
-1455.107
-1451.763
-1475.059
-1469.352
-1464.338
-1465.856
-1491.174
-1478.473
-1455.588
-1490.423
-1442.631
-1473.607
-1593.333
-1471.925
-1481.08
-1474.538
-1525.447
-1475.543
-1494.754
-1513.444
-1483.682
-1477.625
-1481.537
-1488.048
-1489.744
-1453.217
-1441.513
-1490.963
-1466.759
-1472.909
-1495.162
-1489.202
-1488.512
-1494.516
-1489.134
-1496.624
-1493.673
-1485.324
-1502.959
-1498.855
-1550.44
-1504.571
-1508.435
-1491.818
-1523.709
-1491.82
-1506.047
-1480.257
-1510.188
-1532.23
-1520.404
-1500.889
-1477.488
-1504.399
-16.46316
-1339.72
-1517.541
-1501.856
-1524.904
-1458.618
-1518.353
-1522.435
-1576.929
-1675.722
-1530.456
-1564.919
-1527.878
-1522.759
-1499.708
-1517.93
-1488.664
-1541.418
-1495.5
-1520.122
-1525.477
-1557.91
-1544.616
-1548.106
-1540.562
-1538.336
-1523.573
-1466.033
-1528.347
-1538.229
-1543.419
-1535.237
-1538.731
-1487.134
-1555.345
-1549.196
-1545.808
-1525.484
-1531.644
-1566.359
-1556.929
-1564.859
-1601.05
-1556.949
-1304.944
-1531.85
-1557.028
-1580.25
-1556.194
-1455.406
-1478.689
-1560.145
-1577.496
-1569.186
-1568.731
-1541.401
-1556.534
-1577.112
-1572.217
-1511.64
-1567.931
-1571.352
-1580.691
-1646.532
-1571.017
-1684.31
-1552.68
-1586.662
-1581.775
-1583.201
-1586.778
-1571.224
-1584.081
-1587.764
-1614.808
-1745.106
-1596.973
-1598.305
-1576.813
-1546.376
-1539.842
-1556.053
-1590.963
-1510.845
-1645.048
-1571.837
-1544.372
-1576.571
-1704.727
-1598.401
-1628.412
-1591.892
-1515.918
-1600.646
-1608.375
-1624.686
-1586.918
-1603.502
-1592.651
-1601.651
-1491.129
-1608.995
-1579.972
-1594.396
-1608.691
-1589.557
-1614.17
-1612.651
-1606.821
-1669.631
-1615.43
-1659.327
-1613.506
-1577.879
-1706.639
-1605.859
-1617.903
-1616.548
-1598.556
-1606.278
-1619.278
-1629.143
-1604.743
-1731.881
-1645.938
-1633.06
-1618.109
-1611.383
-1598.671
-1622.125
-1638.591
-1603.76
-12514.46
-2654.52
-1730.851
-1655.691
-1708.3
-1613.508
-1635.722
-1636.199
-1673.18
-1642.547
-1638.608
-1642.964
-1625.028
-1651.711
-1702.432
-1649.191
-1651.68
-1632.971
-4595.955
-1923.086
-1671.121
-1663.435
-1689.91
-1653.401
-1731.611
-2878.275
-1775.486
-1663.43
-1636.192
-1626.164
-1659.538
-1649.537
-1675.336
-1614.767
-1652.753
-1664.309
-1687.029
-1655.975
-1631.521
-1623.801
-1581.226
-1654.04
-1627.223
-1673.939
-1936.486
-1694.846
-1660.937
-1648.694
-1684.062
-1650.936
-1667.597
-1711.752
-1670.564
-1677.723
-1643.911
-1685.886
-1679.961
-1677.429
-1678.536
-1680.306
-1707.323
-1678.574
-1690.259
-1642.056
-1689.506
-1657.457
-1417.526
-1597.968
-1677.858
-1683.51
-1738.877
-1685.808
-1689.654
-1777.988
-1710.16
-1701.632
-1719.925
-1694.345
-1695.73
-1665.343
-1690.733
-1629.174
-1672.499
-1601.013
-1676.98
-1689.93
-1207.926
-1650.332
-1693.578
-1696.244
-1671.835
-1702.252
-1708.245
-1604.657
-1695.233
-1690.41
-1697.83
-1708.578
-1685.372
-2002.807
-1733.395
-1707.809
-1718.784
-1756.104
-1693.216
-1708.663
-1721.734
-1735.661
-1697.852
-1668.562
-1697.57
-1688.733
-1700.236
-1689.523
-1728.702
-1719.13
-1710.082
-1723.206
-1731.678
-1725.346
-1711.936
-1689.753
-1715.203
-1712.247
-2561.277
-1800.843
-1732.7
-1723.771
-1715.101
-1711.781
-1712.712
-1725.726
-1726.424
-1730.728
-1726.206
-1744.222
-1731.307
-1762.771
-1752.456
-1731.383
-1729.285
-1727.135
-1767.988
-1732.957
-1741.868
-1893.991
-1781.707
-1759.013
-1642.179
-1716.657
-1745.747
-1726.391
-1742.231
-1759.273
-1754.301
-1735.381
-1716.268
-1744.36
-1642.095
-1735.647
-1737.161
-1815.93
-1751.245
-1765.681
-1741.016
-1752
-1741.645
-1765.325
-1739.744
-1773.906
-1747.771
-1724.227
-1513.904
-2412.379
-1811.277
-1753.463
-1695.357
-1751.607
-1755.007
-1705.851
-1753.321
-1756.142
-1762.28
-1794.623
-1764.785
-1829.39
-3356.45
-1897.996
-1868.286
-1769.771
-1758.983
-1779.259
-1769.264
-1751.569
-1757.658
-1784.267
-1759.968
-1744.465
-1810.214
-1744.54
-1768.604
-1783.154
-1774.785
-1789.998
-1758.006
-1773.077
-1779.236
-1783.122
-1742.722
-1779.418
-1804.616
-1789.767
-1769.554
-1828.772
-1771.611
-1784.436
-1836.721
-1780.25
-1777.959
-1800.486
-1789.94
-1787.546
-1811.295
-1791.954
-2134.949
-1812.489
-1739.002
-1805.058
-2003.562
-1765.933
-1788.034
-1754.821
-1522.406
-1764.274
-1758.202
-1786.304
-1784.634
-1786.532
-1792.18
-1793.556
-1807.791
-1704
-1791.639
-1949.997
-1812.376
-1811.6
-1804.17
-1806.094
-1892.403
-1804.906
-1785.328
-1803.213
-1799.099
-1945.43
-1822.091
-2121.949
-1829.542
-1818.964
-1822.443
-1809.454
-1796.795
-1811.014
-1842.255
-1854.186
-1833.743
-1817.07
-1812.903
-1810.241
-1809.415
-1805.274
-1807.433
-1840.549
-1770.649
-1807.54
-1829.453
-1821.045
-1828.279
-1820.152
-1829.726
-1775.412
-1820.354
-1822.932
-1819.893
-1735.768
-1842.355
-1827.667
-1849.221
-1827.387
-1827.904
-1828.714
-1825.688
-1811.137
-1827.539
-1830.229
-1894.016
-1514.012
-1815.331
-1851.675
-1837.165
-1843.059
-1784.462
-1834.001
-1834.097
-1846.746
-1757.602
-1801.563
-1817.301
-1836.16
-1891.204
-1840.639
-1839.119
-1847.078
-1774.084
-1828.284
-1886.53
-1845.43
-1841.907
-1879.485
-1859.388
-1855.209
-1833.427
-1902.647
-1763.188
-1852.341
-1844.61
-1850.107
-1851.975
-1894.313
-1929.831
-1870.915
-1856.285
-1870.724
-1908.301
-1417.759
-1799.988
-1852.374
-2032.175
-1859.724
-1868.026
-1926.955
-1848.547
-1857.02
-1865.959
-1874.894
-1860.848
-1878.232
-1873.167
-1874.937
-1865.104
-1872.466
-1906.748
-1800.258
-1863.656
-1886.058
-1836.256
-1845.223
-1811.076
-1867.882
-1872.013
-1889
-1849.987
-1952.518
-1831.011
-1871.85
-1880.239
-1878.424
-1875.52
-1874.109
-1865.51
-1854.344
-1890.65
-1889.394
-1876.395
-1898.216
-1883.669
-1884.227
-1892.501
-1831.191
-1894.466
-1874.907
-1855.995
-1868.302
-1893.745
-1895.521
-1903.502
-1889.424
-1888.489
-1894.159
-1882.204
-1856.96
-1000.508
-1819.104
-1890.673
-1906.964
-1839.363
-1895.298
-1977.166
-1909.582
-1795.443
-1943.782
-1905.83
-1891.717
-1907.857
-1910.822
-1920.438
-1926.605
-1996.593
-1948.103
-1950.449
-1916.525
-1919.44
-1916.813
-1891.467
-1919.116
-1898.692
-1922.397
-2169.698
-1957.876
-1919.628
-1914.444
-2413.305
-1980.181
-1928.218
-1880.399
-1928.317
-1919.498
-1937.266
-1942.873
-1936.16
-2120.651
-1918.107
-1932.264
-1934.694
-1928.247
-1932.974
-1957.257
-1952.535
-1949.231
-1933.21
-1912.949
-1883.855
-1931.8
-1937.24
-1940.707
-1935.938
-1910.875
-1946.414
-1922.119
-1946.149
-1946.117
-1965.652
-1955.182
-1950.054
-1925.51
-1918.861
-2010.831
-1978.327
-1958.111
-1869.227
-1935.716
-2001.797
-1938.627
-1980.435
-1958.676
-1958.01
-1933.021
-1962.7
-1886.006
-1981.636
-1966.265
-1929.655
-1956.438
-1950.4
-1970.381
-1971.73
-1976.501
-1940.339
-1983.316
-1947.948
-1955.819
-1957.541
-1986.738
-1918.948
-1955.373
-1977.087
-1978.181
-2012.568
-1993.616
-1979.928
-1997.367
-1995.744
-1986.418
-1972.822
-1892.068
-1998.01
-1994.56
-1982.539
-2030.066
-1990.633
-2160.62
-2001.075
-2045.998
-1998.76
-1994.832
-1999.683
-2003.577
-2003.785
-1963.473
-1995.712
-2164.658
-2017.287
-2004.896
-2005.781
-2022.059
-1985.653
-2009.164
-1991.217
-1991.599
-2009.255
-1990.541
-2305.441
-2034.069
-2018.247
-1964.045
-1942.05
-2003.333
-2032.81
-2017.516
-1993.2
-2034.19
-1154.558
-1950.853
-1996.491
-2016.573
-2028.712
-2140.067
-2035.098
-2020.063
-2029.927
-2033.312
-2025.449
-2030.962
-2043.173
-2028.48
-2022.846
-2031.194
-1960.822
-2032.587
-2046.721
-2042.074
-1992.29
-2031.074
-2040.763
-2048.47
-2048.207
-2050.707
-2054.756
-2037.488
-2067.33
-2037.219
-2024.893
-1962.805
-2020.992
-2055.125
-2040.532
-2074.405
-2028.983
-1664.274
-2027.644
-2090.294
-2033.541
-2055.684
-2041.035
-2032.198
-2057.866
-2068.611
-2074.237
-1976.519
-2065.772
-2081.138
-25421.93
-4286.836
-2269.246
-2074.466
-2049.722
-2082.485
-2112.495
-2074.805
-2066.79
-2067.441
-2078.245
-2086.653
-2056.769
-2070.453
-2061.416
-2053.574
-2084.538
-2060.002
-2295.453
-2090.03
-3926.665
-2246.408
-2109.434
-2084.141
-2087.363
-2076.667
-2074.405
-2110.136
-2060.35
-2089.207
-2052.575
-2089.228
-2104.942
-2082.748
-2152.761
-2101.108
-2101.612
-2065.966
-2101.453
-2097.96
-2145.14
-2126.871
-2106.539
-2088.662
-2094.999
-2113.536
-1995.659
-2082.274
-2113.379
-2098.238
-2094.06
-2117.015
-2125.28
-2055.829
-2127.525
-2117.829
-2110.784
-2099.397
-2119.297
-2138.534
-2117.98
-2129.618
-2127.902
-2120.231
-2123.272
-2137.34
-2093.641
-2102.798
-2128.968
-2144.057
-2134.822
-2114.739
-2149.403
-2140.229
-2125.384
-2135.118
-2133.634
-2130.932
-2305.404
-2165.63
-2150.806
-2136.832
-2147.682
-2141.397
-2154.605
-2152.341
-2144.64
-2137.591
-2192.085
-2171.492
-2142.441
-2177.896
-2160.792
-2155.302
-2179.277
-2157.128
-2214.169
-2170.743
-2166.229
-2162.408
-2163.664
-2167.611
18170.46
-231.7702
-2034.027
-2167.902
-2155.914
-2204.797
-2173.659
-2122.772
-2156.541
-2184.846
-2159.503
-2181.231
-2181.216
-2165.74
-2176.857
-2087.371
-1848.479
-2156.696
-2227.072
-2188.634
-2154.589
-2190.451
-2201.573
-2187.889
-2195.937
-2173.921
-2177.184
-2204.592
-2192.201
-2187.729
-2193.907
-2197.234
-2302.522
-2202.941
-2170.861
-2201.806
-2179.648
-2190.79
-2155.038
-2191.006
-2195.952
-2190.277
-2184.987
-2199.967
-2182.327
-2199.54
-2200.094
-2271.612
-2153.981
-2193.07
-2086.825
-2178.453
-2209.488
-2204.356
-2118.347
-2201.911
-2213.512
-2157.473
-2202.86
-2378.934
-2221.601
-2227.315
-2208.741
-2202.713
-2224.65
-2211.816
-2214.632
-2208.516
-2196.872
-2436.262
-2248.783
-2220.046
-2218.264
-2229.146
-2249.564
-2210.67
-2222.107
-2242.268
-2241.472
-2247.287
-2221.999
-2229.01
-2228.083
-2223.307
-1390.827
-2160.809
-2196.623
-2209.582
-2235.287
-2241.738
-2225.331
-2257.402
-2249.522
-2226.805
-2240.55
-2258.907
-2249.74
-2229.057
-2252.549
-2254.019
-2250.648
-2250.686
-2242.108
-2241.84
-2334.964
-2263.305
-2324.69
-2254.888
-2249.544
-2253.087
-2252.628
-2241.293
-2262.672
-2209.916
-2257.201
-2271.885
-2265.711
-2276.706
-2254.364
-2252.287
-2145.623
-2257.808
-2259.967
-2264.52
-2244.679
-2262.911
-2259.913
-2246.169
-2251.037
-2269.611
-2255.554
-2254.388
-2266.754
-2247.64
-2285.968
-2272.096
-2257.386
-2276.631
-2279.863
-2259.267
-2236.574
-2268.784
-2278.869
-2267.474
-2265.716
-2303.807
-2277.043
-2250.4
-2275.554
-2289.217
-1765.639
-2224.035
-2320.874
-2305.663
-2276.801
-2302.96
-2279.977
-2314.1
-2221.676
-2266.48
-5627.284
-2605.298
-2330.537
-2324.563
-2290.4
-2226.575
-2288.512
-2247.508
-2286.348
-2302.353
-2298.263
-2304.115
-2299.974
-2301.597
-2316.607
-2355.684
-2289.8
-2276.065
-2323.079
-2308.511
-2301.928
-2316.164
-2329.901
-2299.34
-2311.382
-2312.683
-2310.512
-2325.162
-2309.268
-2348.009
-2307.689
-2323.661
-2313.18
-2297.246
-2328.443
-2311.003
-2326.167
-2335.787
-2293.587
-2305.028
-2646.192
-2373.542
-2318.222
-2309.439
-2334.722
-2325.497
-2209.799
-2321.48
-2358.84
-2303.272
-2318.227
-1807.343
-2314.733
-2407.946
-2339.073
-2412.041
-2358.435
-2331.201
-2033.685
-2305.078
-2342.002
-2316.198
-2317.634
-2319.568
-2337.18
-2333.706
-2343.899
-2347.422
-2325.769
-2339.993
-2339.927
-2345.458
-2355.467
-2341.67
-2351.064
-2335.594
-2372.165
-2346.552
-2377.834
-2320.127
-2340.547
-2347.648
-2339.299
-2394.13
-2379.716
-2338.128
-2322.104
-2326.172
-2354.764
-2349.613
-2342.172
-2339.968
-2365.273
-2352.479
-1805.588
-2327.5
-2354.528
-2348.088
-2345.842
-2377.018
-2348.905
-2364.584
-2342.949
-2358.506
-2406.32
-2363.609
-2354.872
-2361.315
-2581.874
-2376.142
-2353.379
-473.755
-2169.934
-2804.23
-2408.471
-2373.509
-2367.768
