7.984337
9.700547
10.01342
12.48495
0.8859486
-1.819856
3.040769
22.88801
33.25937
19.40275
-14.74633
-25.69684
-59.81812
-6.661331
696.7642
304.0778
138.0997
8.588464
7.523674
15.68686
9.570233
-79.73754
-31.51129
-13.37214
-121.8603
-50.39447
-14.13818
1.420834
17.72275
14.24207
11.70252
13.38983
4.517791
47.84314
49.93164
44.52786
15.44141
-52.065
-15.8005
-0.4065953
6.826431
-45.99856
490.3754
219.4813
93.82126
36.83436
20.82557
10.95818
0.3155878
-73.06965
-30.61696
-17.12867
-2.693286
-6.690752
-10.55798
-137.8519
-59.87791
-10.02561
46.80515
16.62087
1904.611
823.9419
330.6172
116.6224
46.42984
14.80492
5.78242
-19.50315
-3.14326
-19.75004
-16.77245
-18.68137
-112.734
-59.63553
-46.60084
-38.90885
-32.74213
-33.66848
-23.19974
-39.12021
-16.36937
-24.57193
-77.51447
-45.65529
-45.88723
-75.2762
-40.40288
-40.28566
-8.123392
-94.41369
-46.98719
8.635014
-12.70881
-19.23578
-44.7081
-38.00065
-35.08735
-50.81753
-57.61678
-37.44343
-92.27725
-76.40309
-83.11203
-47.17791
-8.794645
-10.81504
-9.202461
-25.03219
-36.19013
-28.5478
-44.28061
-28.79394
-40.00618
-59.76624
-26.11624
-38.42587
22.90988
-20.1253
-212.8406
-113.2971
-129.8132
-76.32697
-55.98111
-50.32256
-63.50593
-75.45275
-69.69816
-48.94586
-53.53154
-42.57032
-55.791
-30.87858
-51.11019
-58.55865
-63.5356
-25.45201
-115.7972
-81.70767
-54.08234
-56.40052
-49.68528
-57.84056
-44.68329
-43.207
-53.63651
-51.88767
-14.52516
-54.14322
-50.26721
-48.67991
-21.78933
-69.03161
-60.03235
-56.65212
-54.59081
-54.18177
-51.80888
-54.10067
-59.34832
-68.35261
532.7514
188.4818
50.72017
-12.36863
-21.83891
-37.14856
-61.93666
-66.44534
-60.5464
-42.52769
-52.88264
-56.71776
-59.7225
-147.9571
-55.47954
-54.21042
-56.33794
-59.40032
-55.60356
-56.87457
-57.04142
-78.22578
-63.38452
-67.09425
-77.66675
-45.79642
-41.93294
-45.44277
-56.35774
-63.02699
-56.96106
-61.30134
-60.47927
-62.98802
-59.33345
851.5217
360.1846
111.1073
9.316978
-34.29758
-44.47712
-42.75753
-53.05576
-610.9992
-282.2962
-148.9652
-78.95066
86.07194
20.96279
-24.22019
-27.78244
-53.53631
-59.15369
-39.92878
-47.0164
-44.49082
-50.67871
-52.03394
-49.63807
-60.21848
-65.58507
-22.22731
-66.58067
-61.30555
-45.04202
-42.02262
-42.86044
-50.07601
-89.86925
-77.49708
-41.84303
-60.82611
-56.95628
-65.54506
-54.18246
-127.3633
-76.70639
-93.7624
-76.77753
1.231119
-22.38245
-36.01085
-47.02676
-51.07244
-56.98591
-59.05647
-78.05922
-67.50223
-64.89725
-59.6812
-58.19692
-53.92758
-49.83654
10.68387
-39.34346
-246.134
-133.0615
-105.536
-82.46141
-77.74652
-66.50451
-55.50339
-55.58998
434.0785
155.4336
38.07344
-13.28888
-44.46675
-50.6685
-60.69134
-53.29152
-68.44915
-55.08849
-52.19617
-47.28011
-56.14844
-58.45761
-52.74505
-54.77082
-64.15604
-58.24803
-59.09818
-54.40638
-71.98843
-58.50277
-56.60827
-64.72783
-79.32289
-67.95607
-57.43783
-46.47765
-68.01109
147.4787
29.34461
-11.6324
-67.50287
-64.10307
-59.04965
-79.32488
-78.91357
-72.73721
-79.6622
-68.26157
-68.67243
-65.21766
-72.87226
-71.83005
-67.3625
-69.01487
-66.95131
-69.99668
-69.70283
-14.92383
-39.01655
-169.6866
-105.0325
-4.146558
-130.6325
-74.83939
-79.12736
-79.63125
-64.90052
-57.54278
-84.11508
-71.38341
-92.98393
-105.7689
-120.5062
-107.3607
-105.3537
-98.08439
-119.9428
-101.6656
-94.08753
-77.61693
-79.78733
-82.55006
-94.52091
-88.48276
-84.35373
-121.7662
-94.12354
-81.73179
-77.90005
-84.04011
-111.9197
-65.18958
-81.57073
-89.94437
-100.3902
-56.48038
-84.3184
-93.11604
-91.57202
-98.14282
-70.30229
-92.08201
-101.791
-89.86872
-96.76577
-138.7861
-118.6915
-1445.822
-685.3035
-403.3318
-206.6377
-145.7781
-126.1156
-119.4119
-112.8168
-68.74925
-78.97717
-94.08108
-97.13408
-105.6148
-91.7451
-99.63114
-103.8697
-108.8209
-130.4363
-115.9764
-116.2544
-107.3835
-127.8334
-109.9171
-123.2205
-124.6017
-109.6751
-117.9353
-120.4544
-116.7252
-147.0811
-126.1219
-173.6196
-159.2762
-154.5858
-133.1912
-115.5405
-170.1145
-146.5752
-134.1869
-128.1199
-122.4176
1322.84
491.7857
146.4287
-6.385392
-68.80365
-42.5857
-91.36743
-113.8317
-154.0189
-235.9986
-178.5709
-144.1418
-117.7633
-139.3741
-129.8007
-122.4024
-137.68
-125.5251
-125.49
-141.3539
-92.58388
-115.7953
-143.3405
-160.0908
-131.7129
-126.7183
-139.2922
-133.5094
-118.8651
-124.4707
-120.4445
-98.78382
-148.3728
-137.4519
-129.2706
-130.4339
-121.5708
-136.6094
-129.7529
-117.5578
-123.201
-228.2878
-171.2403
-149.9145
-152.3202
-136.1234
-138.0516
-142.1601
-158.8132
-157.1037
-139.9894
-136.1039
-139.8649
-119.2458
-129.2718
-129.732
-150.96
-147.0911
-133.3764
-144.6302
-142.3674
-162.3338
-183.5215
-164.687
-147.3476
69.45365
-54.39497
-99.1038
-907.1595
-497.788
-300.9317
-222.0899
-160.4575
-143.2545
-132.4951
-165.7658
-164.3796
-136.5608
-353.4606
-235.9288
-182.8583
-159.4086
-132.4604
-144.5109
-195.8741
-137.2084
-154.8138
-139.4891
-142.0214
-158.337
-146.873
-135.4498
-140.6927
-185.4719
-157.9522
-143.9767
-233.6682
-173.6392
-178.5398
-152.3572
-142.8295
-137.9977
-137.4679
-131.494
-137.2978
-110.9983
-141.6465
-132.7314
-132.7766
-126.5909
-122.5655
-129.6085
-142.3711
-136.2488
-159.3399
-103.4396
-123.3619
-141.5441
-142.6771
-141.3551
-135.7162
-134.6653
-145.61
-141.634
-136.2202
-350.1487
-206.5192
-178.0701
-195.9121
-190.4414
-154.3256
-143.1866
-124.6757
-120.5919
-131.8032
-120.0288
-136.8337
-149.7944
-148.1685
-140.8293
-135.7709
-137.3973
-142.889
-120.1912
-132.5984
-153.8253
-143.6199
-127.929
-130.3813
-132.3529
-134.7039
-135.0879
-123.7527
-130.7835
-134.0942
-135.434
-137.2627
-134.7477
-129.3286
-142.4435
-87.93119
-114.5042
-120.5123
-132.0551
-259.0714
-168.4979
-148.4339
-162.9585
-138.06
-129.7306
-135.5821
-114.1932
-135.4149
7566.168
3093.936
1263.139
485.3301
133.1859
-26.95068
-95.79644
-134.9917
6.325707
-79.69176
-93.39442
-97.59928
-108.3419
-136.4851
-148.4553
-151.2782
-143.0025
-147.945
-152.7888
-155.02
-151.6431
-145.4414
-140.8978
-166.3202
-156.5233
-139.6569
-148.4584
-154.2488
-154.1254
-152.4627
-162.4373
-155.3568
-162.643
-95.4491
-134.9114
-154.5099
-137.9968
-147.0287
-151.9387
-143.1737
-167.6928
-116.7087
-127.1765
-139.002
-150.8259
-157.7548
-198.2779
-188.6383
-171.2665
-241.1884
-203.43
-247.7368
-204.9564
-184.0267
-202.5984
-133.3502
-138.0116
-408.0936
-263.7778
-208.4213
-192.1822
-182.3778
-197.685
-190.1686
-184.4966
-179.2974
-186.8025
-190.4369
-134.2882
-153.9769
-174.8361
-179.4657
-198.1389
-187.8505
-115.8778
-140.1284
-145.2025
-169.3326
-190.9221
-200.4973
-200.5801
-230.3617
-207.7417
-190.9324
-186.1105
-203.3382
-187.7539
-198.9524
-200.3864
-193.7396
-194.3365
-197.139
-201.098
-208.3521
-304.3276
-233.4341
-214.409
-222.0842
-201.4541
-176.13
-187.6487
-134.1986
-182.9765
-174.8562
-134.5312
-175.8392
-163.6129
-179.1642
-180.5784
-189.135
-197.7007
-143.5121
-172.4856
-182.8578
-175.6525
-121.5167
-165.6238
-197.3146
-183.987
-187.5078
830.44
250.0285
1.412542
-107.2128
-166.6095
-193.1082
-195.6626
-200.3782
-214.8704
-221.65
-213.4212
-214.2027
-224.7091
-216.3628
-205.797
-235.209
-223.2447
-213.1519
-224.0999
-217.4303
-214.1
-211.5155
-197.9768
-209.7105
-210.9601
-210.6201
-177.5174
-197.9407
-465.6478
-465.6578
-336.7575
-286.8543
-241.8481
-206.1218
-212.8741
-215.9943
-217.9679
-211.224
-196.7975
-198.0835
-207.7948
-208.9808
-207.2508
-237.6331
-218.7804
-206.6404
-177.677
-196.4962
-191.5547
-168.9679
-198.5782
-209.8654
-248.7923
-226.2717
-217.3631
-217.3738
-161.3315
-174.3192
-114.379
-199.8639
-214.8083
-206.2377
-205.5331
-151.0143
-198.626
-191.9315
-200.0449
-227.5037
-69.92352
-143.9036
-215.9735
-215.6622
-182.6499
-241.2725
-223.3845
-1406.399
-732.5228
-375.9525
-321.8225
-273.447
-264.356
-225.4861
-215.9076
-325.8902
-244.2723
-221.6751
-158.7915
-175.2034
-198.9374
-218.1543
-216.8513
-209.2851
-187.1542
-195.6043
-201.9574
-201.4821
-213.4112
-196.9905
-203.7161
-206.9437
-208.9363
-204.4186
-215.087
-190.1685
-200.5285
-219.3136
-219.4157
-223.6539
-306.2856
-419.4566
-296.2221
-244.6129
-213.3733
-212.9976
-209.9274
-213.21
-160.4181
-190.2402
-201.8991
-205.4462
-189.8993
-194.0786
-204.5673
-198.3148
-196.0616
-167.6559
-194.9771
-188.9976
-200.9035
-221.1298
-222.9688
-226.575
-212.8061
-214.6018
-206.5103
-206.6445
-220.3037
-211.3319
-185.6066
-199.6921
-226.1447
-167.684
-182.162
-204.2085
-206.9652
-220.5827
-241.4193
-225.6943
-227.2097
-211.1536
-174.3359
-187.9978
-191.3877
-207.3499
-237.1279
-216.0885
-211.5636
-220.1351
-193.3333
-200.9579
-204.9765
-228.7897
-225.6307
-196.689
-222.6444
-222.05
-277.0104
-209.9926
-210.2312
-219.8097
-167.5839
-291.4539
251.1379
-17.13357
-133.4111
-177.1224
-190.2128
-203.7945
-198.2665
-208.8563
-223.8228
-218.1976
-219.2419
-220.2059
-216.2947
-243.5129
-232.2468
-232.3107
-232.5833
-235.7817
-215.6265
-197.1876
-226.0893
-205.3645
-215.3033
-239.5755
-243.9052
-239.053
-223.8116
-229.5912
-237.9077
-240.451
-235.1224
-245.0855
-239.8697
-222.772
-212.0962
-227.187
-248.3847
-244.5343
-248.8272
-177.6223
-190.2275
-271.517
-240.6655
-179.9319
-211.7863
-213.1836
-222.1067
-194.6745
-189.0518
-216.9155
-256.6232
-255.0493
-241.4724
-250.0274
-246.9692
-243.3238
-257.8586
-246.3621
-251.2208
-289.1688
-269.4697
-236.3505
-239.8185
-221.1257
-257.925
-257.0809
-96.8913
-195.981
-227.7317
-230.5694
-232.8779
-198.8894
-226.3943
-239.3324
-249.9219
-272.2611
-279.45
-285.1789
-289.021
-243.0841
-215.7003
-255.5306
-260.7407
-262.9765
-271.3265
-255.1349
-251.303
-343.739
-306.0198
-289.6217
-283.8913
-258.5234
-296.2658
-282.6824
-276.6431
-261.5889
-260.0229
-258.2783
-288.209
-427.6555
-328.8131
-305.1521
-287.264
-360.7201
-308.1516
-289.8861
-288.6376
-284.4141
-285.0084
-290.032
-275.9692
-298.1675
-286.1923
-248.8976
-243.8529
-263.3465
-243.1684
-276.5024
-275.5977
-252.9537
-278.8914
-276.4784
-272.4278
-283.081
-254.4647
-264.5165
-285.6887
-288.0854
-287.3641
-302.7692
-294.1147
-316.3621
-295.5483
-297.1746
-288.027
-202.7296
-291.7843
-282.0301
-286.7157
81.62047
-122.2663
-221.6979
-258.6123
-301.8512
-293.0872
-273.8076
-281.2091
-279.4627
-357.4408
-306.107
-287.0296
-305.8784
-260.0127
-254.3173
-259.825
-256.6909
-262.4092
-267.0678
-281.7331
-299.2964
-1314.575
-742.4882
-481.9529
-368.0286
-327.799
-300.2125
-287.0113
-287.7352
-369.0511
-198.6388
-254.5068
-229.9348
-270.2681
-283.9168
-379.511
-295.3441
-290.3348
-304.8662
-291.2834
-313.6979
-290.5447
-279.0091
-272.5555
-332.2587
-308.7916
-301.9118
-291.3913
-289.0413
-270.1677
-273.4702
-290.2301
-291.6904
-227.9559
-248.5312
-263.7296
-269.836
-274.763
-268.7781
-294.8235
-290.5646
-270.4355
-263.8201
-272.6797
-254.1214
-268.991
-247.6913
-254.4887
-220.0399
-277.7447
-295.4656
-287.5865
-294.0881
-295.9899
-287.1578
-286.9932
-287.1383
-280.0629
-286.9561
-333.8425
-305.3708
-291.9248
-286.2886
-281.2302
-275.546
-247.948
-276.0548
-293.1251
-304.4433
-279.9792
-284.5231
-784.2416
-500.1911
-378.1368
-337.2022
-296.7558
-283.593
-283.0053
-286.9229
-287.6147
-291.7569
-270.1457
-293.667
-288.2713
-387.3935
-343.8466
-311.7382
-323.2058
-288.0344
-220.5134
-250.5357
-266.0339
-277.0933
-268.9911
-368.2738
-327.7387
-313.2931
-281.9494
-359.4998
-317.5881
-303.5118
-287.0375
-300.6962
-291.3944
-290.0322
-285.6189
-298.1975
-283.1
-284.2074
-292.628
-322.0762
-311.9604
-299.2998
-295.1224
-300.8214
-307.2391
-303.344
-290.3899
-288.3366
-289.3291
-253.2767
-265.1262
-285.4665
-294.9449
-301.5229
-299.7026
-300.6323
-302.5427
-296.6209
-305.7738
-320.2852
-306.6032
-191.3149
-233.705
-270.7197
-305.5621
-294.0789
-297.3155
-304.589
-309.6534
-348.254
-326.2744
-325.5007
-311.8521
-164.5562
-242.7121
-279.8423
-304.0684
-307.0106
-316.7024
-307.7531
-317.9934
-314.4213
-272.5345
-320.0472
-324.3533
-302.2356
-306.2558
-325.0424
148.7429
-114.9327
-197.4097
-259.9465
-276.0828
-351.3566
-339.3104
-309.532
-273.7423
-310.6385
-308.4638
-341.0181
-189.9007
-226.4114
-303.9647
-309.6001
-310.3312
-316.3513
-311.324
-348.9264
-340.0253
-335.4115
-336.4828
-345.2354
-271.9392
-351.2184
-326.9722
-335.6621
-349.091
-340.1746
-280.0816
-307.487
-324.5939
-333.1783
-336.6214
-332.5203
-319.8427
-329.5011
-345.2582
-344.5285
-352.8494
-353.8757
-344.2349
-343.1214
-342.66
-331.581
-333.6281
-414.3624
-370.2626
-359.7651
-356.548
-370.4346
-262.7433
-314.1558
-348.1791
-341.3809
-347.7518
-324.377
-336.0913
-357.0674
-328.4912
-342.4018
-374.2908
-348.2011
-348.7422
-478.3624
-413.7083
-378.3663
-364.9878
-358.5436
-370.3272
-365.5546
-99.5289
-336.6665
-354.1267
-368.2329
-366.2632
-355.4347
-358.9929
-352.1309
-345.0116
-342.6145
-343.1112
-352.0548
-356.0186
-351.1286
-344.6052
-356.6854
-361.0188
-356.1893
-367.077
-367.8714
-353.7079
-350.6221
-349.646
-362.3544
-380.7552
-380.9038
-343.5212
-354.521
-367.5281
-358.4203
-359.9773
-351.2203
-337.8369
-346.1065
-343.8231
-355.86
-384.5362
-397.3768
-379.6787
-353.4225
-269.4527
-303.934
-341.2879
-269.7199
-328.1625
-351.2876
-359.5723
-363.2609
-364.9561
-365.6015
-364.3546
-361.8889
-358.4288
-357.7319
-364.5039
-357.7167
-353.5562
-351.0866
-358.5079
-361.3433
-375.304
-361.1759
-780.7628
-543.5996
-443.0468
-396.0043
-374.3678
-364.5764
-358.4673
-348.8523
-481.9308
-404.8074
-365.04
-359.0709
-354.8103
-355.3617
-355.6351
-372.2041
-358.51
-361.3333
-351.9092
-355.0417
-350.6168
-323.2124
-387.3076
-365.6729
-383.3659
-373.6988
-376.5477
-365.8266
-364.8091
-353.6993
-330.3104
-357.0244
-343.4647
-361.6456
-359.1574
-392.1723
-386.2045
-362.9632
-359.7021
-363.6032
-381.6172
-360.2508
-356.9245
-364.3542
-367.6458
-355.9679
-358.2082
-354.6561
-384.9094
-366.1244
-340.3881
-345.8415
-330.6605
-340.6267
-359.3857
-348.3601
-194.2824
-302.0206
-353.3123
-372.8214
-366.0498
-350.4311
-350.5922
-347.1857
-603.1203
-445.3172
-373.014
-366.1822
-364.642
-358.4852
-377.8248
-371.2854
-378.1684
-368.1416
-375.3175
-236.1536
-309.3128
-345.8647
-355.2603
-368.9136
-389.6586
-367.2574
-361.383
-346.5727
-350.3168
-366.3749
-364.8981
-368.2109
-374.9685
-374.9342
-375.9149
-375.3684
-363.2815
-367.1843
-366.2242
-526.792
-427.8488
-392.6995
-372.9364
-361.2353
-370.4183
-220.459
-325.1705
-508.9498
-436.557
-407.6654
-396.1157
-382.5574
-365.7108
-353.3844
-15.96103
-130.4239
-290.9223
-367.7367
-368.2118
-367.8214
-371.129
-376.0879
-498.0298
-391.6762
-391.4811
-388.6255
-336.5239
-550.9884
-443.7542
-414.8097
-331.8651
-366.3203
-379.8651
-378.0204
-378.8725
-373.1128
-378.8971
-424.9187
-404.5767
-398.3711
-391.3731
-384.1552
-388.4719
-393.2927
-391.5689
-400.406
-397.2825
-398.3902
-396.2663
-376.6003
-386.9794
-403.1302
-408.5367
-402.2798
-402.7949
-268.4491
-348.0072
-416.8993
-399.0625
-440.1581
-415.9472
-386.8467
-418.4361
-413.6751
-397.6208
-392.7826
-443.5154
-393.1364
-392.306
-399.058
-399.5803
-403.0899
-411.9955
-440.4675
-370.561
-399.0084
-403.2777
-417.7226
-423.785
-411.8692
-382.1179
-406.5401
-361.3168
-392.3107
-407.4717
-411.7095
-410.1741
-449.5006
-400.9649
-358.5508
-404.6647
-399.449
-423.6013
-449.2852
-435.4223
-440.7876
-269.0987
-358.0826
-407.5106
-435.2494
-419.6003
-422.0367
-413.5278
-434.0701
-423.5674
-332.0041
-380.77
-405.8292
-405.2685
-429.5373
-428.9033
-429.5642
-425.001
-424.8235
-419.9419
-431.7404
-429.5573
-1050.033
-686.2243
-537.6792
-496.857
-461.8112
-438.8402
-438.0155
-431.2558
-435.2873
-433.2052
-432.2486
-430.6062
-435.499
-415.1706
-419.2967
-437.5488
-433.6551
-624.0865
-516.0064
-487.9618
-461.4768
-446.0702
-437.9649
-435.5095
-418.9398
-430.4086
-425.0294
-427.3852
-458.7909
-890.2319
-648.7052
-526.6985
-472.4074
-4886.038
-2367.02
-1273.999
-796.43
-502.1503
-463.2497
-457.3169
-489.8013
-434.5365
-447.0837
-443.078
-433.1737
-454.9578
-443.726
-285.4051
-361.3586
-389.9383
-424.6805
-436.6229
-440.1183
-441.8448
-149.2565
-320.8786
-406.9555
-416.0415
-424.0757
-456.5307
-452.0599
-434.7664
-420.0145
-422.8521
-409.8165
-422.1279
-424.1614
-406.3817
-413.962
-431.2901
-384.9898
-423.7208
-421.4328
-424.3633
-427.1847
-428.7879
-377.6644
-414.6731
-431.9586
-406.5561
-437.2656
-522.3961
-464.8792
-643.2478
-523.2056
-480.5617
-452.8092
-449.0623
-453.1624
-442.7124
-448.3365
-467.9348
-442.3556
-403.8755
-399.3879
-415.5181
-422.7917
-431.2261
-470.732
-445.3426
-435.9456
-450.3386
-448.8553
-419.3296
-410.457
-433.0569
-444.3378
-464.43
-444.6148
-424.8605
-436.4406
-432.3301
-455.0253
-413.0779
-420.8839
-425.307
-442.5461
-421.2277
-422.1735
-440.9739
-482.9558
-484.2167
-451.7486
-428.306
-279.8525
-346.8635
-398.5361
-416.6006
-431.2142
-433.8218
-429.2716
-428.4913
-428.5927
-424.3226
-427.2647
-437.8318
-438.539
-396.9541
-433.6107
-429.2147
-427.966
-435.3909
-425.8954
-428.5759
-428.9974
-431.5398
-434.9891
-439.7065
-430.4005
-412.3512
-424.9973
-438.7543
-406.1738
-460.8516
-438.9155
-427.9483
-442.2656
-457.7226
-441.272
-335.6091
-393.6712
-430.2429
-472.2699
-470.5412
-469.5532
-476.737
-440.9041
-457.7417
-470.1951
-469.9719
-462.7882
-462.3987
-458.976
-457.1845
-441.0638
-443.0406
-465.612
-386.1433
-785.0708
-593.1789
-561.0516
-507.5493
-482.9718
-464.7933
-446.2588
-454.8651
-459.1461
-460.778
-451.1357
-463.0221
-464.4466
-547.5
-469.1101
-477.7771
-466.2549
-452.7989
-463.4956
-442.8577
-483.0504
-468.7295
-468.0787
-467.5483
-464.7179
-475.5321
-467.4897
-614.1067
-537.581
-477.1681
-482.9762
-443.7614
-466.7134
-468.8021
-653.9511
-553.4873
-500.5906
-481.0663
-481.2388
-508.2727
-490.8595
-473.0886
-470.8613
-468.1534
-533.3911
-495.4932
-428.2078
-443.7938
-466.6376
-472.4346
-473.169
-488.7917
-485.7477
-470.5152
-460.486
-488.6242
-483.032
-484.323
-484.0839
-484.6703
-488.8796
-534.4158
-485.2599
-483.0392
-510.0816
-1014.12
-703.4473
-576.9076
-542.1938
-474.0774
-480.4056
-475.605
-484.5497
-489.2968
-487.9965
-462.3562
-484.1277
-486.6306
-489.6848
-523.4522
-509.4073
-499.7642
-491.8598
-487.182
-503.8721
-529.652
-498.4187
-529.0454
-510.3541
-503.5561
-504.9328
-509.6363
-447.4398
-477.9697
-493.8484
-500.5137
-496.8181
-502.0199
-504.1677
-420.0418
-476.9503
-577.4698
-537.3639
-513.7561
-513.5413
-503.8551
-510.9999
-506.4404
-504.3952
-508.8191
-508.4403
-526.2027
-519.2105
-506.6326
-520.6121
-509.8667
-499.8287
-453.7056
-530.1692
-515.5236
-534.1337
-520.2109
-474.135
-493.7165
-502.5177
-506.4772
-501.3282
-506.2948
-490.9302
-435.243
-480.4501
-504.5925
-512.5796
-522.0873
-515.714
-585.4121
-550.2683
-506.0623
-505.4465
-517.2595
-606.3828
-554.0473
-532.4148
-519.2779
-467.4653
-474.8911
-476.3366
-484.8499
-525.3966
-522.1942
-515.5609
-505.8793
-492.5664
-495.2575
-491.4104
-491.0347
-497.465
-502.3296
-502.2002
-474.2632
-525.7963
-521.3098
-526.7035
-505.2606
-516.793
-494.3583
-496.5366
-490.157
-492.5617
-534.272
-536.6657
-505.5698
-509.0892
-529.0438
-510.8919
-509.0149
-515.3591
-501.0911
-477.0279
-518.4021
-527.7488
-489.851
-511.8486
-467.0745
-508.763
-504.6705
-679.5389
-588.1567
-536.87
-533.2926
-521.9702
-525.6426
-513.6296
-513.0927
-512.6319
-497.8853
-499.1164
-495.1382
-505.4464
-520.8727
-523.4679
-536.8093
-517.3721
-520.8856
-534.0527
-517.3835
-517.4497
-753.3335
-611.4883
-536.7642
-525.2007
-514.9106
-514.3365
-557.0938
-509.1903
-512.1812
-520.3962
-492.7189
-501.6495
-505.1514
-492.1613
-500.0108
-381.7953
-464.8505
-543.5325
-544.5801
-518.8325
-493.2155
-502.7742
-504.1056
-497.9835
-503.4003
-507.1888
-497.8632
-529.2197
-520.0469
-500.7921
-485.6143
-498.2709
-523.3054
-527.4558
-576.9056
-543.4455
-564.3643
-517.8961
-467.9281
-355.9522
-443.3762
-480.0654
-490.5395
-585.0472
-562.5276
-537.463
-517.7997
-527.9065
-522.7641
-521.8689
-515.9097
-518.445
-472.9025
-510.4006
-511.9237
-522.9169
-529.1973
-531.5644
-512.1344
-521.7995
-523.0113
-527.3673
-581.2256
-549.6701
-547.9229
-534.0022
-537.0424
-585.0178
-554.7966
-541.6359
-522.2491
-522.0976
-512.8832
-519.7936
-446.98
-504.3323
-518.1332
-148.6883
-283.8432
-404.0658
-476.0813
-542.5522
-555.9198
-1026.24
-754.9417
-632.9164
-583.3534
-557.216
-543.9568
-532.1455
-529.5507
-508.4353
-527.9093
-501.3348
-526.162
-536.7625
-486.7913
-512.6489
-532.2268
-531.4037
-549.5369
-537.9532
-544.4571
-556.7954
-540.9909
-547.9687
-547.9332
-688.7897
-623.3234
-576.8367
-639.6273
-597.3805
-574.9645
-564.6139
-554.3897
4102.156
1477.163
361.1895
-150.7727
-360.0423
-465.4084
-597.7446
-561.4476
-555.9728
-544.5588
-503.0923
-516.7316
-543.8027
-589.7599
-608.0613
-588.0103
-592.1308
-561.544
-573.6193
-569.2563
-538.7008
-562.5739
-512.6972
-481.5008
-531.7898
-527.9292
-562.5551
-487.7219
-507.1522
-511.5518
-667.0136
-604.6401
-598.8835
-569.4364
-570.0417
-568.6752
-565.1033
-560.7151
-582.2247
-814.5189
-665.4013
-598.8139
-569.3481
-581.8571
-578.3538
-561.0062
-570.9924
-576.9585
-573.0391
-72.47513
-330.6184
-490.047
-541.8113
-504.5321
-542.5413
-546.3739
-529.8093
-552.2927
-509.6437
-540.2743
-562.7533
-567.3978
-574.7934
-608.7815
-577.0955
-584.2345
-575.9856
-581.5797
-524.8324
-553.3366
-543.4439
-566.3388
-577.463
-576.7494
-581.9264
-506.0666
-549.6283
-481.7404
-534.6108
-560.6873
-571.3858
-563.9741
-578.1982
-537.3015
-558.4618
-580.9057
-607.8461
-660.2639
-621.678
-598.3249
-619.6712
-584.7262
-597.5862
-589.3485
-579.6795
-580.248
-584.7381
-581.8273
-569.6329
-584.6255
-583.5623
-579.0548
-582.3554
-583.6716
-587.6026
-500.1173
-553.0312
-582.3439
-595.5932
-511.7788
-551.3165
-573.1934
-584.8631
-570.2889
-602.6505
-610.5535
-572.3791
-569.9596
-573.2763
-574.4469
-579.4847
-579.6531
-617.5662
-560.5397
-568.5851
-587.6118
-586.3122
-585.6258
-576.366
-573.8826
-584.91
-591.4225
-597.6019
-594.2112
-587.0506
-585.8116
-583.1184
-585.8518
-577.3958
-581.7392
-612.6423
-591.6589
-563.2056
-568.0704
-571.2756
-564.561
-551.74
-518.3645
-548.0559
-569.8097
-568.7656
-628.7075
-593.7685
-588.5973
-584.2099
-574.5812
-576.5923
-538.68
-564.899
-542.6267
-562.7156
-570.486
-591.9961
-581.1553
-574.8017
-572.9215
-567.9341
-584.1757
-578.3939
-576.8402
-586.0253
-584.7121
-549.5168
-563.0511
-573.6936
-578.4664
-353.372
-422.8316
-479.364
-539.4478
-611.907
-592.5555
-549.1032
-583.2953
-586.595
-591.1616
-612.1984
-583.7551
-585.2892
-588.8961
-581.8461
-578.4294
-591.4792
-1177.7
-823.6852
-691.0306
-634.7102
-515.0793
-580.2484
-587.1324
-830.371
-670.5958
-589.3725
-591.4626
-594.4502
-586.7777
-561.7514
-535.5192
-571.7615
-583.9386
-588.6618
-591.127
-615.6179
-609.6983
-598.5605
-591.6704
-595.8725
-577.9547
-598.2088
-583.1057
-597.1604
-593.0039
-590.3202
-628.052
-594.3582
-588.2764
-591.7905
1114.179
168.1477
-259.7739
-512.3807
-562.1017
-572.755
-557.7289
-583.8295
-597.7617
-599.9049
-613.3582
-621.6282
-614.2227
-612.5489
-593.353
-601.7373
-610.0549
-617.5044
-553.1119
-585.0281
-600.8925
-603.9494
-593.2718
-610.2221
-613.3326
-602.8002
-613.2793
-613.3364
-590.1146
-553.7535
-589.05
-613.972
-621.5266
-612.1397
-617.5519
-620.1443
-616.2854
-623.9337
-624.5601
-602.4938
-611.3874
-613.9256
-622.4984
-612.0217
-619.569
-633.578
-639.3571
-641.8826
-627.764
-635.1957
-632.7745
-637.2846
-629.4181
-628.5211
-622.2747
-639.8597
-633.2204
-633.5698
-625.7923
-642.1027
-635.5318
-668.123
-664.6846
-626.4364
-644.3381
-621.9781
-593.2665
-602.4772
-622.2695
-627.6947
-627.2704
-641.6071
-639.349
-610.4908
-631.2631
-634.8496
-604.1934
-637.4283
-637.7391
-642.7771
-631.1381
-629.0509
-773.6119
-704.8569
-676.2167
-651.5022
-663.8929
-652.0194
-647.6137
-652.9521
-647.3451
-654.6925
-624.6407
-638.7754
-616.5365
-632.5733
-654.8817
-636.8874
-648.1972
-647.3436
-645.9964
-631.3209
-645.223
-664.343
-664.9021
-662.8888
-658.1751
-680.1741
-662.4503
-639.9451
-646.3193
-649.7828
-646.9168
-650.9642
-645.3524
-640.0925
-645.8093
-17021.97
-7768.362
-3747.776
-1999.63
-1284.118
-925.8697
-773.5651
-699.6518
-629.7316
-645.8751
-643.4449
-968.3162
-784.0074
-737.2041
-701.7971
-676.2286
-663.2657
-793.3122
-717.3499
-698.6659
-677.7985
-674.4673
-556.4386
-629.2994
-639.5779
-640.5081
-643.0625
3653.395
1164.509
151.0931
-290.2645
-498.4376
-597.8065
-616.5528
-636.8237
-644.349
-655.9116
-625.4696
-641.5253
-659.2952
-656.8198
-662.158
-676.8085
-666.0395
-585.6649
-627.6934
-301.8396
-511.767
-607.8433
-630.0798
-655.4229
-648.0915
-638.2529
-643.4609
-648.9276
-650.7857
-668.9583
-658.048
-663.8973
-671.3972
-692.1681
-674.6018
-662.6365
-721.9868
-684.865
-672.0176
-650.9455
-635.1973
-646.0917
-645.7577
-662.4668
-670.3313
-677.4464
-669.2445
-653.3789
-663.8379
-491.4467
-578.5455
-625.379
-642.3872
-655.6676
-660.2829
-657.9912
-653.4963
-644.1138
-619.8782
-637.4077
-634.8384
-591.3578
-628.3092
-641.2047
-645.1279
-644.2495
-694.7488
-704.5613
-669.3529
-665.5883
-710.9735
-670.055
-724.1055
-680.6899
-671.2788
-650.0902
-654.6835
-627.9651
-646.7436
-666.585
-641.9253
-649.9953
-659.0088
-655.5957
-652.8203
-793.188
-743.9084
-684.7565
-656.4853
-658.3632
-659.4842
-646.2764
-647.2515
-649.1711
-663.5714
-650.4977
-642.5816
-649.6356
-653.5358
-659.3956
-668.8256
-644.4163
-655.8237
-685.211
-842.2327
-748.3633
-696.9212
-676.71
-718.0657
-681.6195
-675.6023
-592.0627
-624.7741
-650.4742
-653.0426
-748.1918
-702.2913
-657.8812
-667.5247
-663.1068
-668.2009
-653.3364
-664.5986
-671.344
-667.4929
-672.1561
-616.2955
-660.1717
-668.8673
-673.7724
-665.5995
-688.3032
-642.766
-655.4216
-687.7363
-680.087
-650.7852
-672.9746
-684.7991
-682.4576
-676.5379
-692.6039
-688.1928
-688.1507
-700.5199
-682.5875
-679.6371
-686.3629
-689.2036
-666.0978
-619.1204
-655.821
-663.779
-691.8292
-692.7858
-675.3651
-665.3726
-675.9665
-694.8524
-693.8288
-693.1383
-713.9002
-706.8106
-731.6119
-719.9111
-701.8325
-720.6206
-692.2209
-688.1589
-699.7599
-1103.408
381.1471
-233.0247
-498.8925
-667.0515
-680.8119
-358.4535
-535.5925
-611.6878
-656.2533
-680.1389
-698.6954
-767.6402
-733.0858
-728.1478
-703.7781
-709.0822
-700.4386
-702.5606
-620.4499
-659.452
-686.0604
-731.4358
-731.7805
-737.4832
-723.3591
-698.2489
-739.8215
-730.9167
-722.5468
-718.5951
-717.216
-662.0949
-692.9697
-705.3292
-731.9085
-723.706
-730.1646
-724.3196
-718.7034
-730.8114
-772.6445
-746.2246
-733.0015
-732.7241
-723.1526
-736.2763
-701.1504
-707.913
-710.9596
-676.215
-703.8285
-757.9809
-738.8534
-727.7009
-734.6229
-813.7358
-729.9812
-749.9817
-771.4717
-756.8147
-738.7252
-735.9359
-719.3979
-730.762
-729.732
-722.0991
-733.6383
-730.5786
-1459.161
-1048.623
-891.0604
-818.0106
-768.0742
-737.66
-760.0518
-728.1807
-733.0634
-752.8395
-743.3358
-740.578
-702.6752
-722.1053
-724.2624
-746.2328
-739.0057
-718.2144
-721.8568
-738.8187
-733.7693
-718.5048
-748.2833
-706.7705
-724.7552
-724.486
-723.6954
-747.4938
-743.4352
-727.5874
-734.3107
-704.5415
-708.1778
-734.3335
-732.2248
-793.2986
-722.1116
-743.9745
-743.0484
-737.0313
-740.0033
-754.2299
-761.7036
-757.029
-749.5335
-719.4518
-717.3555
-741.2358
-729.1924
-750.4962
-732.6429
-730.0505
-730.8945
-732.0642
-722.3847
-747.339
-737.3724
-764.5814
-768.6769
-469.1402
-621.2286
-690.7887
-691.2909
-717.8856
-676.6681
-876.0848
-796.7451
-754.4976
-735.5026
-724.3015
-734.1332
-731.4185
-714.1701
-721.906
-685.1718
-705.2367
-730.118
-639.116
-690.6022
-697.0698
-704.7438
-717.486
-720.3869
-727.0599
-749.5947
-735.5935
-676.4441
-690.8621
-652.3218
-715.7951
-723.4325
1026.707
30.37219
-494.7889
-622.3068
-671.1766
-704.5916
-713.1903
-722.2158
-736.2428
-737.2067
-735.9588
-646.2566
-710.5882
-722.7941
-734.9706
-946.1251
-830.4782
-795.2218
-757.1505
-734.2083
-730.6748
-1878.555
-1237.897
-952.9055
-775.0451
-735.1938
-731.3755
-736.3218
-731.8511
-655.8065
-691.7571
-716.6492
-754.651
-756.946
-735.2622
-734.9699
-731.9718
-676.3376
-519.6251
-632.4698
-715.7458
-744.0806
-736.6873
-750.3388
-762.3109
-686.3757
-784.2231
-741.6431
-730.3017
-736.1286
-722.7938
-734.5475
-743.1387
-715.5239
-630.5406
-692.2891
-718.2732
-738.9486
-747.3939
-735.4801
-763.0534
-755.9959
-738.4251
-744.948
-725.2479
-763.4238
-756.8234
-752.3801
-754.0218
-756.245
-717.0211
-739.3756
-740.7372
-865.9804
-798.1201
-758.1604
-755.1239
-765.4289
-802.2742
-768.1494
-762.4092
-747.118
-745.6192
-768.4792
-727.2017
-670.9834
-716.991
-743.6259
-744.8863
-732.1156
-600.4675
-703.9367
-732.1263
-670.9785
-730.6991
-752.5633
-760.0876
-757.6973
-745.5689
-751.7552
-694.94
-660.407
-676.5904
-737.7211
-745.4439
-752.5839
-761.8567
-765.27
-732.6519
-760.1193
-779.1883
-773.0657
-728.9695
-762.7537
-768.2801
-760.1201
-780.7571
-776.5107
-1010.468
-870.8911
-816.2042
-788.8339
-773.7506
-780.0615
-758.2825
-782.4622
-778.978
-771.794
-759.216
-770.2786
-771.027
-794.4749
-783.2367
-772.1365
-778.3722
-785.0544
-778.9478
-781.9456
-780.6543
-774.4961
-759.2501
-794.6374
-819.7233
-786.2418
-791.0959
-794.0664
-790.9524
-790.9767
-784.8139
-782.2399
-772.2922
-789.1855
-797.921
-797.7901
-779.7327
-759.5405
-1059.767
-910.5001
-840.973
-756.5916
-778.1174
-752.8475
-770.7685
-783.1757
-795.5314
-806.9502
-808.6068
-807.425
-800.227
-787.1501
-774.6321
-794.1373
-785.8301
-811.0903
-801.4946
-801.0586
-800.8002
-786.9092
-808.7549
-802.8725
-801.3605
-789.9485
-798.8467
-778.2556
-789.7041
-833.3117
-820.3867
-854.1044
-812.6274
-798.8265
-790.9441
-799.2256
-810.2784
-808.8233
-807.4467
-800.0084
-825.5103
-816.2876
-910.1104
-842.4272
-831.5548
-817.3116
-808.2131
-797.4269
-772.6032
-794.3603
-801.9375
-797.4023
-839.0703
-636.5987
-726.8564
-762.5368
-780.4541
-784.3893
-790.859
-802.8526
-787.8638
-798.3827
-776.3246
-795.4715
-812.7726
-821.3496
-815.7166
-813.5429
-813.0331
-784.3884
-790.6253
-849.066
-754.0155
-791.795
-800.2607
-812.5833
-812.3268
-793.9479
-792.0253
-789.9267
-829.5692
-824.9332
-815.6498
-789.366
-855.5569
-820.6478
-811.7111
-815.604
-808.3309
-841.7227
-819.3962
-822.7933
-799.9282
-803.5931
-800.0206
-860.2108
-793.7927
-811.642
-818.223
-809.6662
-810.1405
-777.7769
-778.0254
-788.1287
-818.5415
-804.9087
-805.4317
-799.9414
-798.3778
-823.7429
