-12.69752
-223.4452
-9476.823
-4168.439
-1917.675
-926.4345
-479.5513
-309.3428
-399.0534
-273.6665
-215.4363
-175.2624
102.0297
-90.12977
-58.63861
-1007.379
-480.0126
-150.3785
44.62565
308.8741
13.60577
73.70644
-178.5492
-146.762
-200.7138
160.3814
-89.96062
-22.70267
84.02438
196.7024
-45.56344
-104.0871
541.6379
273.1823
91.76989
73.51474
13.97339
103.6349
-141.9728
-137.1945
14.31928
90.54176
82.19803
113.6555
312.447
-1601.072
-486.5695
-99.49759
142.1212
234.93
276.9324
292.1862
230.7496
186.8481
193.0997
-22.36073
116.2959
19.80353
-125.5549
734.1138
323.0993
267.6118
489.9709
182.8221
187.4268
348.2795
252.9478
432.0549
325.8393
271.3381
567.4582
228.7746
-443.3206
-124.6116
2828.888
1202.196
534.9813
110.5725
129.5967
-144.756
-112.464
-333.8333
-104.7397
-228.2328
-220.1682
-101.6125
-124.4933
141.6229
8.905409
-115.0114
-289.3349
-372.1584
-113.1635
-200.8725
-372.3719
-272.2268
-215.2044
-220.3969
-607.461
-292.7207
-425.2139
-351.6881
-301.9259
-906.1845
-211.5819
-235.4916
-381.4087
-132.0321
-759.9822
-555.0512
-134.8606
300.9154
-124.4977
100.5579
-125.4848
-260.9185
-657.0433
43.56594
-297.4589
-478.7462
-1303.123
-726.5066
-404.4826
234.3648
43.70523
-155.4712
-282.9239
-549.2245
-556.1271
-514.9197
-265.5145
-162.4758
-393.3072
-487.1502
-463.6561
-541.665
-284.3447
-136.3583
-209.5744
-313.1923
-285.5289
-360.4878
-331.9099
-349.6518
-283.1143
184.3718
-1143.508
-325.0107
-178.552
-306.8967
-366.6255
-64.61844
49448.04
20206.67
8276.521
3248.433
-1816.745
-1194.28
-862.3787
104934.7
43927.11
18152.83
7383.436
2989.2
1167.315
453.4443
706.7211
54.6938
68.23911
-82.2202
27.33664
4507.613
1815.879
679.5797
-667.9744
-317.1792
-147.7911
25.43225
32.74967
-16.23207
-140.6371
-1132.91
-716.8178
-720.7128
-125.7512
-126.9226
139.0845
284.8823
173.245
44.66448
32.52563
-292.9674
-163.7023
460.6293
18.17752
-105.0413
-176.4276
-1794.17
-883.3591
-456.0461
-258.1876
-172.5276
-430.4413
-294.027
-336.3729
-336.9148
-260.2462
-479.5425
-453.922
-440.4197
-534.6285
-409.2092
-300.3507
-45.09737
877.4917
265.468
-365.6526
-376.2474
-1332.037
-851.7464
-464.6136
-394.5406
-365.3858
-308.4968
-483.0624
-498.066
-731.4752
-473.4883
-454.6765
-432.1173
-513.9554
-171.6539
1551.711
317.5522
-705.8357
-730.5572
-650.9102
-678.8511
-689.7198
-343.1938
-450.8053
-560.8881
-714.7904
-1193.043
-944.626
-527.6121
-185.7363
-795.0726
-1008.986
-866.018
-2959.169
-1552.318
-1087.757
-726.9932
-397.0811
-405.9202
139.0139
-230.1857
-482.6382
-7161.384
-3380.708
-1797.256
-1085.295
-834.4877
-216.4281
-416.429
-493.4852
-473.9838
-453.6441
-580.0132
-736.6527
-870.0217
-571.8852
-453.591
-488.2546
-417.7555
-558.0736
-397.3498
-682.7096
43.10298
680.2651
177.5431
-220.2073
-365.3174
-379.0305
-296.7644
-453.575
-451.0572
-265.1454
-892.9525
-473.8947
583.9636
179.1354
-247.479
-229.5392
-247.1194
108.5768
-69.73276
-1665.698
-1014.837
-589.5668
-440.0967
-569.8336
-470.24
-322.8651
-213.3291
-647.3016
-449.3973
-339.4912
-330.8269
-231.7424
-459.8332
-291.893
-141.7444
45.79079
-202.2715
-554.0683
-600.8189
-443.9902
-412.7173
-336.3112
-460.2385
-775.5219
-5769.291
-2795.11
-1736.731
-1123.481
-319.4643
-308.7668
-252.3279
-302.5012
-443.876
-459.468
-1013.568
-766.7272
-658.2934
-610.6165
-632.5949
-809.5187
-483.6863
-173.2071
2525.192
321.3228
-138.0811
-445.494
-848.0463
328.9036
-145.1325
-908.6581
-658.5758
-582.4375
-539.2624
-852.3027
-902.0416
-810.2588
-790.4506
-499.2422
-589.2009
-108.5129
-544.214
-492.5413
-590.2205
1922.461
236.2411
-484.3525
-726.5694
-795.5521
-732.6423
-755.1027
-900.8543
-445.1955
-674.0464
-781.7904
-758.9372
-866.5536
-712.5438
-1166.307
-1191.275
-1043.924
-844.4188
-1991.516
-1126.123
-806.0228
-658.7922
-690.0314
-763.418
-634.7059
-1175.592
-1022.742
-622.6998
-528.4673
-592.9442
-833.9423
-721.0522
-691.6314
-822.3542
-1586.456
-983.5049
138.5074
-412.7763
-442.9114
-200.7752
-500.8684
-832.7984
-700.7863
-529.3873
-608.081
-535.7908
-150.1962
-238.3783
-429.1012
-709.6966
673.434
-1314.895
-833.4898
-785.0993
-645.1336
-587.1326
-684.3672
-474.8737
-357.812
-399.8181
-404.7123
-434.2097
-575.3751
-530.1156
-449.8112
-83.3089
-1115.943
-791.3796
-609.7305
-575.887
-764.7231
-229.9255
-332.6124
-3602.577
-2210.029
-1113.707
-637.1055
-6406.373
-2914.811
-1618.182
-1013.314
-1836.319
-1015.491
695.8974
906.4881
-258.8101
-276.5871
-509.3005
-648.2112
-1746.733
-454.2355
-704.4395
-656.3676
-602.67
-792.8475
-670.764
-619.7558
-901.0864
-675.0447
-757.0375
-554.0821
-741.2626
-772.4127
-1228.422
-1023.643
-1085.31
-971.7015
-1103.632
-944.6068
-842.3123
-1264.317
-1057.695
-1232.203
-1059.306
-1058.813
-989.9662
-959.0839
-1017.02
402.0709
-550.8499
-869.879
-947.4039
-552.5655
-925.5068
-2696.922
-1521.785
-1010.168
-911.8563
-966.9911
-456.1107
-624.0884
-955.8186
-946.7471
-732.5597
-810.4766
-819.1851
-1170.342
-1049.41
-1026.265
-1166.769
-1152.961
-1004.025
-679.3929
-614.1465
-761.9814
-780.0671
-1036.689
-973.4728
-945.5041
-723.225
-949.711
-883.3515
-620.6912
-763.8418
-890.3934
-539.6625
-745.4902
-882.5626
-797.5192
-992.9764
-1160.654
-1199.118
-1007.712
-1087.89
-423.1831
-1698.098
-1891.428
-1082.337
-745.525
-650.1776
-306.8946
-585.4434
-1184.586
-1023.939
-435.9562
-376.8172
-423.7477
-699.3464
-503.0333
-561.3186
-277.5614
-585.7057
-533.4535
-414.4047
-423.8085
550.7807
-52.47984
-463.4133
-582.2262
-648.8025
-683.6558
-538.9494
-563.1066
-662.7986
-640.0552
-895.7491
-679.611
-639.4793
-689.1978
-765.0793
-723.1617
-815.2639
-658.9092
495.3643
-170.5105
-512.3485
-901.0592
-959.8467
320.7284
-1285.803
-1010.002
-1330.659
-1069.989
-1038.089
-1039.031
-902.4274
-866.5038
-885.2475
-981.5111
-920.9614
-1019.612
-1030.975
-1041.15
-1251.103
-1501.701
-1251.341
-1220.085
-718.9058
-918.0339
-917.0397
-867.9652
-904.9771
-1160.105
-1015.675
-1038.741
-1142.268
-1175.788
-1072.613
-1093.834
-1208.805
-1025.233
-1390.719
-11732.31
-5816.076
-3108.541
-1795.179
-1464.419
-1217.259
-1047.468
-1065.476
-1072.588
-659.7505
-1000.335
-878.7188
-1054.38
-1185.416
-1118.266
-1128.769
-783.7345
-1219.671
-1254.434
-1251.106
-1079.496
-1163.333
-1371.518
-1217.608
-1109.32
-1150.501
-974.5194
-910.341
-1068.423
-1490.318
-1228.216
-1394.195
-1234.696
-1088.148
-1090.796
-1172.153
-1138.626
-326.4091
-760.3738
-855.2444
-847.9488
-886.1426
-879.0483
-946.3697
-843.4644
-871.3711
-915.8895
-935.5907
-1186.387
-964.2772
-895.1071
-4920.262
-2337.487
-1509.516
-1203.95
-1085.51
428.3224
-284.8974
-670.301
-784.0381
-435.8901
-914.093
-740.0107
-1017.055
-835.1367
-789.4417
-763.2557
-729.4065
-931.7426
-1036.185
-735.7308
-268.2121
-637.1319
-1132.028
-927.0037
-892.4173
-882.5249
-918.7159
-814.1511
-878.3331
-1274.03
-1023.916
-878.8075
-781.0377
-1110.566
-1048.58
-654.914
-905.4316
22.54635
20.33487
-714.6787
-911.7571
-1719.983
-1288.897
8450.966
2443.87
312.6424
-447.8991
-872.3311
-1019.292
9659.96
3393.318
677.6396
-554.2371
-992.9931
-1274.946
-1257.167
-1143.895
-930.1716
-1197.514
1296.868
-138.4587
-1033.107
-2181.947
-1758.626
-1786.108
-1606.405
-1436.061
-872.299
366.3907
-444.3663
-913.3681
-1202.754
-1078.907
-1039.385
-1093.428
-1754.596
-1522.967
-1381.509
-1512.374
-1506.391
-1936.717
-1823.028
-128.7397
443.0316
-570.4176
-1189.967
-1243.021
-1161.795
-1182.792
-1449.106
-1380.141
82.93397
-830.9017
-1257.068
-1257.274
-1304.116
-957.0225
-1123.358
-1282.322
-729.0325
-1003.992
-1098.665
-1102.226
-1392.22
-938.0148
-1008.285
-992.0387
-1235.128
-1236.629
-738.4069
-934.7671
-1143.906
-1143.778
-1806.255
-154.9846
-2111.305
-1506.142
-1198.978
-1142.214
-200.3763
-604.5664
-912.099
-1040.594
-932.0553
-932.4402
-1096.309
-1132.888
-1274.55
-1147.86
-1236.816
-1149.934
-2586.51
-1607.654
-1259.639
-1097.546
-1094.777
-614.6614
-681.5569
-952.2273
-888.7777
-701.0934
-946.6945
-928.17
-1001.479
-1018.199
-1038.789
-915.2259
-868.5123
-951.6154
-1424.086
-1203.262
-1112.657
-1299.564
-1221.528
-865.0659
-709.9152
-996.4073
-1472.813
-1208.498
-1265.736
-1259.556
-2318.062
-1304.278
-1062.107
-1319.321
-1090.37
-1207.005
-1853.729
-1445.915
-1426.145
-1075.121
316.5769
-806.6303
-1266.696
-1281.246
-1416.761
-1659.766
-1267.935
-1260.261
-1494.848
-1361.25
-1390.909
-1591.059
-1158.475
-1671.548
-1598.601
-716.2868
-3114.3
-2356.108
-1827.16
-1639.702
-1420.947
-1546.284
-1606.929
-1807.049
-1738.437
-1444.218
-1858.505
-1679.453
-1688.351
-720.8189
-1838.989
-1475.834
-1459.495
-1094.831
-1482.431
-1431.308
-1551.677
-1570.206
-1609.669
-1474.781
-1370.08
-1438.029
-1426.721
-1655.121
-1073.609
-948.0558
-1174.584
-1329.45
-2111.005
-1994.239
-3294.973
-2420.989
-3177.871
-2394.374
-1830.282
-1630.041
-1592.693
-1394.744
-1408.675
-1148.875
-1355.999
-1426.705
-1391.85
-1571.559
-1524.045
-1254.204
-1149.889
-1320.64
-1416.182
-1121.435
-1555.063
-1566.95
-1434.735
-1270.004
-1332.371
-1334.027
-1077.281
-1147.825
-1136.764
-1197.08
-1417.292
-1307.174
-1352.384
-1240.079
-1091.767
-1132.849
-1013.074
-954.8274
-1346.468
-1259.63
-1257.396
-1363.571
-1105.05
-718.169
-1103.838
-1212.497
-1548.107
-1479.007
-2246.811
-1759.056
-1897.918
-7687.463
-3802.008
-2548.603
-2177.617
-1150.211
-1336.167
-1198.775
-2534.006
-1908.032
-1547.99
-1386.604
-1389.139
-1483.677
-1232.373
-1241.848
-1343.69
-1500.677
-4443.071
-3025.473
-2102.084
-1775.781
-894.5331
-1316.455
-1338.931
-1517.951
-1445.631
-1460.625
-1694.996
-1462.953
-1602.522
-1286.82
-1566.578
-1865.106
-1830.28
-1786.928
-1779.406
-1682.917
-1806.601
-1574.642
-1750.862
-1740.31
-1598.108
-1587.205
-1644.761
-1707.726
-1164.235
-1215.797
-1448.686
-1645.272
-2059.696
-95.26104
-724.4284
-1380.381
-1483.01
-1636.675
-1613.26
-1927.67
-1833.38
-1718.519
-1768.665
-1696.017
-1714.446
-1754.829
-1807.178
-2020.877
-1799.917
-1578.888
-1449.722
-1901.138
-1402.675
1344.289
-523.7592
-1209.236
-1438.531
-1719.435
-1810.836
784.2745
-673.3111
-316.8159
-992.2093
-1326.606
-1830.361
-2000.191
-2142.223
-1751.958
-1593.734
-1593.22
-1872.107
-1849.776
-1582.677
-1481.183
-1069.209
-1206.38
-2742.996
-1947.523
-3594.319
-2415.122
-1887.961
-1246.862
-1023.079
-1268.52
-1507.456
-975.9086
-1247.705
-1417.947
-1609.693
-1332.486
-1292.489
-1331.411
-1454.679
-937.1396
-1166.307
-791.1399
-1051.698
-1279.416
-1326.405
-1506.036
-1653.343
-1509.043
-1389.408
-1526.797
-4078.043
-3082.838
-2170.598
-1805.262
-1575.439
-1537.31
-1370.846
-1124.591
-1382.632
-1576.242
-1637.713
-1550.63
-1501.169
-1606.387
-2321.575
-2293.061
-2283.005
-1918.157
-1732.473
-1458.831
-1701.031
-1746.572
-1933.994
-1817.398
-1675.501
-1635.833
-3216.438
-2437.647
-1791.559
-1852.455
-1395.589
-1585.909
-1765.796
-1762.866
-1851.244
-928.0829
-1185.976
-2477.459
-2191.793
-1950.701
-2045.211
-1692.601
-1777.419
-1838.066
-1721.607
-1598.319
-2908.303
-2252.106
-2029.745
-1494.192
-1644.013
-1953.702
-1985.053
-1921.084
-1886.387
-1909.222
-2065.66
-1878.327
-2017.722
37.17055
-981.4705
-1658.227
-1876.093
-1900.002
-1176.589
-1350.702
-1845.331
-1878.558
-1896.951
-1931.807
-1990.175
-1950.965
-1665.786
-1667.096
454.8643
-540.1756
-2029.079
-2159.643
-1989.436
-2597.768
-2068.433
-382.846
-1105.245
-1567.147
318.6543
-754.1656
-86062.34
-37182.39
-16602.52
-7966.664
-4158.391
-2665.555
-2006.774
-1810.334
-1675.06
-1692.619
-1686.227
-1536.95
-1981.743
-1779.648
-1815.17
-1693.866
-1666.636
-2513.028
-1820.836
-3318.423
-2145.683
-1703.541
-1657.461
-1631.999
-1150.109
-1363.917
-1555.098
-1829.804
-1691.306
-1832.819
-1285.334
-1540.558
-1634.857
-1364.693
-1437.43
-1517.963
4147.631
1136.557
-427.8612
-1042.23
-1485.677
-1906.576
-1726.434
-1646.027
-1651.749
-1067.49
-1482.528
-1425.738
-1484.188
-1652.83
-1744.007
-1891.182
-1816.902
-1883.702
86136.57
35161.01
13803.42
4890.523
791.234
-2465.89
-2149.629
-2037.547
-2043.349
-1997.476
-1926.781
-2545.046
-2247.799
-2143.826
-2029.14
-1539.144
-1952.584
-1924.982
-2098.02
-2697.908
-2483.036
-2226.025
-2094.527
-1951.028
-1548.813
-439.3168
-1027.186
-1725.457
-1236.171
-2439.298
-2188.983
-2240.211
-2261.969
-3411.492
-3048.597
-2513.617
-3460.311
-3162.081
-2618.659
-2278.152
-2197.383
-1996.231
-1980.741
-2029.611
-2292.911
-2185.268
-2181.36
-2213.135
-2045.154
-2054.314
-2274.043
-2035.075
-2089.714
-2537.019
-2101.093
-2125.394
-2204.306
-2167.547
-2111.397
-2240.44
-1626.732
-1828.939
-1893.236
-1948.69
-2276.19
-2001.491
-1651.326
-1676.306
-2011.771
-1934.259
-1737.918
-1809.747
-1728.478
-1944.771
-1730.887
-1637.438
-1756.511
-2022.248
-1685.447
-1781.53
-1961.52
-1846.178
-1787.506
-1672.777
-1573.013
-2165.244
-2365.252
-1941.095
-245.9343
-1251
-1460.568
-1750.568
-1897.193
-1568.328
-1789.892
-1863.645
-1774.028
-2202.584
-1997.457
-1810.976
-1819.071
-1925.612
-1906.485
-1929.179
-1847.606
-1796.148
-1456.953
-1725.387
-1894.156
-1790.552
-1748.191
-1878.981
-2162.559
-9980.326
-5314.582
-3322.88
-2527.816
-2320.632
-2206.284
-2015.593
-1982.291
-2015.729
-3278.127
-2540.421
-2155.849
-4131.707
-2951.987
-2919.406
-2155.878
-2273.039
-2185.373
-1970.075
-2044.064
-2376.609
-2513.962
-2351.641
-2288.341
-2163.884
-3038.347
-2366.051
2887.867
-11579.38
-6435.953
-5132.178
-2807.604
-2468.918
-2340.906
-2131.385
-2152.646
-2074.557
-2047.903
-2251.553
-2343.178
-2425.385
-2513.295
-2418.543
-2441.955
-2230.953
-2168.188
-2245.503
-2274.668
-2294.27
-2236.55
-2320.361
-2323.721
-2093.65
-1998.033
-5783.696
-3541.638
-2783.533
-2357.976
-2048.901
3692.431
285.6635
-1215.49
-1850.962
-1991.048
-2137.616
-2067.812
-2143.082
-2059.475
-1897.373
-2135.448
-2300.596
-2304.602
-2211.117
-2146.659
-2240.326
-2374.249
-2381.217
-2190.173
-2180.522
-2162.71
-2131.302
-1507.872
-2065.27
-2016.34
-2230.224
-2205.994
-2071.107
-2068.215
-1626.864
-1710.253
-1855.778
-2005.013
-2214.404
-1955.54
-1872.889
-3369.233
-1570.755
-989.3138
-1530.263
-1552.589
-1855.977
-1972.72
-1982.74
-2184.128
-2493.848
-2194.119
-1844.862
-1979.172
-2096.762
-2022.089
-2295.055
-2250.194
-3848.73
-2526.492
-2270.385
-1961.401
-2104.628
-2279.826
-2334.799
-2145.869
-2106.202
-2218.874
-2371.561
-2299.275
-2287.63
-2511.287
-2291.517
-2246.468
-2163.75
-2238.618
-2144.285
-1940.732
-1948.768
-2190.801
-2229.979
-2675.373
-2528.279
-1970.475
-2015.364
-2268.5
-1680.966
-2019.089
-2041.878
-1857.752
-2316.32
-2104.728
-2344.835
-2668.523
-2693.256
157.7324
-1679.695
-1705.297
-2231.127
-2480.609
-2475.443
-2565.654
-2587.302
-2741.072
-2600.353
-2625.228
-2905.554
-2453.656
-2535.319
-2190.019
-2416.078
-2516.193
-2275.995
-3222.374
-2800.9
-2717.366
-2693.54
-3054.196
-2666.378
-2563.088
339.1794
-1591.964
-2220.013
-2499.612
-2486.77
-2068.312
-2623.214
-2564.453
-2536.044
-1610.703
-1825.02
-2065.4
-754.7673
-1382.595
-2007.517
-1895.817
-2172.701
-2024.491
-2253.597
-2292.02
-2354.217
-4021.595
-3107.735
-816.5052
-1535.788
-2157.6
-2007.824
-2101.842
-2168.305
-1892.356
-1777.741
-1924.971
-2042.197
-2659.624
-2468.946
-2742.225
-2519.579
-2274.64
-2254.803
-2337.943
-2222.745
-2146.07
-2052.85
-2233.002
-2197.178
-2268.275
-2251.685
-2468.775
-2334.827
-1709.151
-1851.917
-2007.817
-1951.488
-3427.279
-2443.379
-2242.426
-2225.624
-2259.214
-1876.377
-1948.897
-2333.776
-2267.663
-2314.722
-2122.607
-2116.841
-2052.697
-2046.706
-2173.411
-2217.648
-2446.316
-2441.113
-2423.374
-2485.422
-2476.989
-2702.09
-2113.818
1218.221
-853.3087
-1581.249
-2043.342
-2433.348
-2896.814
-2807.295
-2559.03
-2637.915
-2262.886
-2488.853
-2615.817
-2411.025
-2490.583
-2676.98
-1982.722
-11346.17
-6264.077
-4124.066
-2720.817
-2919.147
-4365.65
-4422.755
-3511.686
-2949.504
-2763.811
-2712.967
-2967.548
-1282.963
-2036.801
-2441.311
-3178.508
-3098.823
-2755.023
-2778.864
-2502.185
-2711.154
-2858.28
-2766.797
-2782.529
-2789.369
-2834.002
-2636.98
-2720.644
-2543.07
-2636.058
-2814.084
-2513.149
-2558.841
-2636.261
-2902.856
-2807.795
-6599.965
-4529.553
-522.523
-1685.924
-2267.282
-2611.731
-2592.821
-2849.471
-2626.371
-2524.974
-2524.544
-1885.921
-2322.151
-2467.654
-2589.751
-2462.5
-2306.654
-2356.407
-2359.99
-2040.505
-2297.563
-3514.68
-2358.482
-2677.801
-2568.463
-2386.165
-2312.674
-2347.998
-2403.167
-2207.396
-2319.546
-2266.834
-2290.489
-2392.213
-3176.087
-2675.44
-2251.045
-2461.194
-2453.673
-2018.533
-2143.799
-2300.483
-2275.313
-2316.928
-2245.681
-2321.589
-2228.671
-2305.074
-2161.391
-2347.001
-2369.277
-2470.496
-2534.203
-2332.435
-69304.42
-30530.4
-14266.14
-7359.439
-4543.616
-3342.199
-2773.063
-2594.874
-2718.708
-2591.283
-2892.577
-6768.603
-3594.75
-2999.534
-1587.504
-2214.217
-3497.302
-2944.978
-25973.52
-12284.69
-6116.769
-3797.325
-3028.693
-2798.284
-2775.319
-2818.875
-2693.962
-2616.347
-2519.501
-2596.451
-2696.008
-2932.432
-3035.75
-2562.102
-2324.659
-2708.774
-3267.103
-3096.919
-2993.495
-2774.831
-2831.043
-2956.004
-2832.435
-3367.957
-3007.91
-2890.787
-3030.599
-3005.197
-2841.171
-3116.079
-3432.658
-2797.142
-3019.616
-3010.689
-3010.335
-3045.588
-3022.045
-2623.463
-2412.224
-3169.243
-3076.186
-2962.351
-3053.013
-3009.308
-2972.173
-3329.304
2482.763
-728.7441
-1548.143
-2406.604
-2661.204
-2497.452
-2845.692
-2775.616
-2594.974
-2763.875
-2713.307
-3013.437
-2532.895
-2369.536
-2469.2
-2624.858
-4577.64
-3479.321
-3461.322
-3281.496
-2897.497
-2846.804
-2320.386
-14860.55
-7662.3
-4544.152
-3455.579
-2990.113
-2864.807
-2552.807
-3309.926
-2806.654
-2497.621
-2770.336
-2571.211
-2603.029
-2550.931
-2590.742
-2497.247
-3592.542
-3038.444
-2690.608
-1856.267
-2113.989
-2275.491
-2686.754
-2549.799
-2930.553
-4557.135
-1953.293
-2264.284
-2454.27
-1997.088
-2213.889
-2500.653
-2578.88
-2646.436
-2416.108
-2555.022
-4110.567
-3259.347
-2819.522
-2743.999
-534.9783
-2849.212
-2479.544
-2376.346
-2502.893
-2692.622
-4208.88
-3473.333
-3148.518
-2963.697
-2831.494
-4629.102
-5211.431
-4012.52
-3072.912
-3038.303
-2898.908
-2899.947
-2662.56
-2855.944
-2747.019
-2874.001
-3003.313
-2970.226
-2900.217
-3055.331
-3178.323
-3366.026
-3350.139
-3128.965
-3153.96
-3030.656
-3178.828
-3617.902
-3988.33
-5128.639
-3923.728
-3234.574
-3069.727
-2786.388
-4915.461
-3658.278
-3312.241
-3094.764
-2947.78
-2535.599
-2854.486
-3109.58
-3030.952
-3170.377
-3134.81
-3352.701
-3192.315
-4356.616
-3624.806
-3334.727
-3187.03
-3330.884
-3235.611
-3166.346
-13943.28
-7780.064
-5068.788
-3738.167
-3220.335
-3127.319
-3191.44
-3071.215
-3150.114
-2974.386
-3295.072
-3023.391
-3002.63
-2837.399
-2870.835
-2835.185
-3173.157
-2904.052
-3047.931
-3822.425
-3320.538
8.453617
-1799.485
-2153.32
-2643.86
-2804.923
-2836.944
-2342.462
-2538.584
-2844.498
-2687.972
-2559.83
-2632.435
-2538.641
-2860.28
-2678.637
-2356.043
-3411.85
-3025.756
-2846.932
-2860.438
-3024.678
-2891.528
-2189.953
-2479.204
-2575.981
-2859.309
-1768.979
-2043.527
-2508.501
-2639.928
-2623.575
-2745.706
-2872.778
-2779.001
-2755.253
-2688.711
-2797.145
-2780.591
-1122.166
-2148.108
-3241.754
-2977.597
-3109.024
-3002.963
-3145.404
-637.9689
-2018.531
-2095.839
-2634.411
-2861.819
-3374.1
-3068.537
-3055.139
-2432.392
-2886.099
-3124.66
-3311.515
-2673.839
-2827.071
-2629.198
-2902.788
-2904.511
-2796.276
-3067.438
-3195.197
-3331.328
-3309.438
-2843.098
-2911.998
-3013.33
-3139.052
-3178.291
-3213.036
-3860.32
-3529.296
-3326.355
-3362.578
-3364.533
-3368.086
-3401.436
-3391.226
-3592.553
-3449.847
-1419
-2540.086
-3240.243
-3283.428
-3351.049
-3478.387
-8367.381
-5460.123
-4203.877
-3715.674
-3348.174
-3326.777
-3318.06
-3270.537
-2680.708
-2778.242
-3982.329
-3563.722
-3123.214
-3234.537
-4204.861
-3654.906
-4114.954
-3474.722
-3391.601
-3160.196
-3025.477
-7350.867
-4969.533
-3999.244
-3609.95
-3310.053
-3113.461
-3071.823
-3166.795
-3016.207
-7268.168
-5846.636
-4291.431
-3189.175
-2977.044
-224038.5
-95788.47
-42103.48
-19396.26
-9936.92
-5798.72
-4148.102
-3523.853
-3205.559
-3130.924
-3076.793
-3016.397
-2824.589
-2904.91
-2953.718
-2966.024
-2896.244
-3194.662
-2955.307
-2906.419
-2892.66
-2620.03
-2856.58
-2826.785
-2845.891
-2908.006
-3110.205
-2973.023
-2881.569
-2867.537
2988.925
-434.4396
-1741.675
-2124.417
-3155.174
-3086.093
-3112.139
-3348.806
-3035.995
-3099.796
-3445.586
-3106.672
-3002.897
98901.89
39825.23
14646.97
3410.938
-601.0299
-2117.791
-2564.702
-2945.48
-3197.415
-3053.501
-3905.587
-3446.654
-3124.042
-3219.245
-3126.008
-3229.918
-3218.073
-3434.544
-3315.332
-3333.476
-2691.755
-3547.438
-3492.695
-3626.345
-3991.41
-3492.442
-3136.133
-3678.435
-3573.145
-3320.871
-3324.877
-3204.961
-3287.964
-3471.804
-3481.953
-3142.894
-3284.115
-3387.9
-3546.12
-3219.442
-3349.436
-3606.069
-3581.419
-3697.275
-3334.029
-3343.723
-3137.133
-3355.825
-3389.558
-3450.531
-3450.712
-3154.136
-3486.425
-9204.177
-5903.554
-4553.28
-3809.502
-3596.913
-3452.7
-3240.982
-2873.941
-3108.743
-3300.692
-2144.207
-2948.043
-3174.943
-3299.929
-3266.875
-4288.05
-3700.938
-3379.75
-3799.215
-4756.285
-3807.059
-3437.971
138.689
-1838.787
-2412.943
-3491.434
-3303.247
-2900.032
-3200.603
-3152.677
-3267.084
-3168.403
-3198.36
-3165.064
-3430.707
-3174.422
-3474.97
-3314.076
-3191.88
-3357.99
-3122.344
-3069.783
-3784.93
-3446.455
-3156.475
-3236.025
-3209.651
-3191.517
-3314.814
-2907.984
-3033.635
-3223.197
-2880.243
-2687.408
-2889.834
-2884.595
-2974.046
-2803.573
-1849.394
-4910.504
-3790.221
-3488.181
-3294.741
-3336.355
-3551.967
-3384.316
-3415.654
-3308.756
-3366.428
-3426.855
-3294.883
-3820.376
-3591.016
-3419.857
-3547.391
-3405.479
-3453.729
-3180.229
-3373.262
-3589.854
-3543.603
-3246.017
-3434.327
-2546.58
-3017.749
-3303.794
-3496.278
-3477.322
-3572.544
-3478.73
-3452.193
-3631.26
-3480.195
-3540.118
-3571.949
-3616.214
-3616.029
-3305.199
-2896.853
-3506.552
-3683.637
-3648.768
-3564.304
-3578.909
-3446.669
-5521.473
-4186.653
-3934.47
-5430.346
-4881.81
-3811.214
-3836.154
-3420.462
-2664.877
-3194.74
-3467.511
-3400.811
-3551.559
-3497.772
-3561.777
-3820
-3669.268
-4484.744
-3877.185
-3693.063
-3484.212
-3580.313
-3513.464
-3727.494
-3634.514
-3534.203
-3514.807
-3399.32
-3619.86
-3569.229
-3343.155
-3460.81
-3584.605
-3486.974
-3403.278
485.1628
-1716.211
6535.874
1270.012
-1459.916
-3027.15
-4239.882
-2695.852
-3673.467
-3483.002
-3410.968
-3424.885
-3284.732
-1694.412
-2630.793
-3348.089
-3560.035
-3535.061
-3779.169
-3444.576
-3358.723
-3327.614
-3222.378
-4217.495
-3768.899
-3722.173
-3524.045
-3451.375
-3431.768
-3444.488
-3389.728
-3286.394
-3506.136
-5403.195
-4914.483
-4172.587
-4030.955
-3386.93
-3355.091
-2423.419
-1701.639
-1875.525
-2799.071
-3138.819
-3144.621
-3406.463
-3168.088
-3330.13
-3365.509
-3401.173
-3777.029
-3599.211
-3568.518
-4474.776
-4091.064
2288.206
-1141.202
-2577.629
-851.1249
-2154.42
-3079.042
-3774.088
-3659.796
-3826.613
-3484.833
-3673.601
-3709.35
-3718.257
-3970.094
-3732.829
-3625.87
-3622.435
-3809.978
-3431.397
-3560.925
-3604.34
-3796.749
-4030.407
-4785.732
-4378.878
-3683.675
-4251.012
-5101.692
-3964.268
-3723.835
-5979.214
-4944.583
-4313.846
-4112.551
-4124.427
-3680.968
-3967.813
-3816.999
-4018.726
-3676.868
-3806.431
-3839.465
-3932.97
-3995.804
-4009.104
-3987.127
-35357.49
-16971.42
-9127.668
-5998.001
-4989.451
-4397.999
-4178.322
-3976.668
-3864.313
-3865.418
-2834.751
-2292.87
-2787.567
-3494.407
-1896.29
-3062.917
-3829.569
-3819.873
-3658.094
-3659.658
-3226.664
-4937.106
-4171.914
-3892.739
-3565.317
-3455.508
-3757.199
-4023.097
-3756.202
-3696.497
-3664.793
-3640.616
-3593.359
-3543.2
-3633.979
-2441.329
-3287.703
-3394.45
-3479.035
-3461.436
-3551.448
-3506.994
-3590.104
-2765.766
-3192.868
-3293.568
-4913.503
-3763.439
-3575.768
-3557.153
-3522.436
-8073.188
-5419.668
-4295.418
-7904.076
-5333.262
-4353.55
-4096.687
-3783.423
-3643.692
-3546.184
-3554.911
-3443.381
-3552.665
-3464.599
-3577.52
-3450.733
-3642.852
-3800.697
-3843.288
-3570.152
-3634.351
-3525.977
-4004.366
-3849.984
-3869.345
-3779.851
-3864.922
-3693.892
-3718.711
-3215.427
-3534.789
-3738.877
-3710.337
-3835.733
-4341.405
-3892.273
-3906.489
-4119.547
-3960.928
-4489.159
-3907.278
-2561.863
-3362.927
-3541.05
-4517.012
-4155.605
-4047.407
-4104.01
-3935.768
-4009.047
-3905.021
-4078.687
-3997.016
-4013.496
-4110.845
-6174.682
-4992.628
-4416.674
-4149.231
-3903.731
-3911.15
-3825.374
-3957.096
-3937.809
-4130.009
-44827.02
-21425.23
-11180.72
-7130.927
-5275.267
-4381.754
-4181.281
-3994.614
-3963.859
-4123.982
-5764.358
-4949.651
-4531.642
-4534.961
-4213.567
-4120.712
-3974.751
-3903.832
-3920.605
-3844.277
-3954.996
-4054.637
-4042.628
-4542.465
-4230.769
-4249.289
-4056.774
-3948.447
-4263.976
-3965.715
-4207.901
-2788.857
-3328.028
-1889.723
-2946.778
-3900.679
-3856.903
-4040.266
-3943.349
-3872.813
-3875.078
-3661.099
-3742
-3650.168
-3080.229
-3509.982
-3611.706
-1147.337
-2588.247
-3116.037
-3338.909
-3375.343
-2811.964
-3353.869
-3561.312
-3888.76
-3734.879
-3401.269
-3592.588
-3719.415
-3718.051
-8982.203
-5870.117
-4518.058
-4119.703
-3111.281
-3461.895
-3598.633
-3643.019
-3746.725
-4004.884
-3819.975
-3827.102
-3917.479
-3839.17
-6075.123
-4694.255
-1864.179
-3022.245
-3525.633
-3744.266
-3896.375
-3862.964
-3936.643
-3633.846
-3653.465
-3944.859
-3669.799
-4306.984
-4471.215
-4992.862
-4290.705
-3944.502
-4107.801
-4731.582
-4556.737
-4359.311
-4359.332
-4135.185
-4222.303
-4215.162
1468.719
-286.7775
-2445.971
-3418.657
-3739.178
-4202.449
-4215.004
-4178.082
-4185.874
-4754.086
-4244.249
-4093.781
-4526.418
-4330.359
-4341.796
-4194.688
-3677.35
-4007.897
-3984.289
-4202.392
-4216.966
-4118.592
-4191.299
-4311.96
-3939.191
-4041.149
-3971.769
-3981.949
-5375.344
-4596.117
-4814.933
-4456.916
-4323.311
-3329.948
-3851.691
-4097.653
-3430.26
-3847.344
-3776.288
-4064.402
-4024.591
-4137.844
-4051.088
-4037.679
-4047.978
-3876.603
-3949.03
-4076.447
-3850.712
-4072.781
-4137.737
-2724.727
-3390.566
-3685.761
-3954.933
-3978.293
-3915.098
-4633.529
-4487.175
-4150.98
-4014.501
-3987.297
-4177.24
-3991.743
-4372.377
-4110.273
-3996.65
-3771.532
-3720.837
-3796.963
-3932.153
-3912.251
-4129.321
-4876.023
-11196.32
-6900.084
-5079.8
-3857.604
-3862.406
-3910.782
-3922.811
-3955.759
-3966.581
-3957.715
-3848.435
-3683.086
-3943.115
-4110.769
-3917.156
-3845.92
-3912.86
-4136.152
-4242.177
-3515.545
-3756.018
-3929.356
-3840.513
-4029.886
-4078.986
-3951.452
-3839.068
-4039.528
-4097.916
-4199.22
-4196.037
-3969.333
-3913.984
-4066.228
-4179.899
-4122.621
-4134.639
-4288.979
-3555.277
-3891.103
-4036.212
-4192.221
-4553.554
-4317.665
-4871.89
-4647.287
-4635.722
-4323.178
-4136.422
-4509.663
-4854.673
-4576.628
-4608.208
-3396.392
-3905.996
-4333.995
-4594.556
-4468.63
-4458.066
-4170.949
-4302.604
-4320.319
-4587.075
-4560.16
-4407.578
-4291.761
-4296.972
-4423.212
-4469.93
-4403.211
-4655.521
-4436.574
-3858.22
-4315.655
-4566.519
-4663.7
-4576.867
-4587.372
-4386.151
-4489.579
-4337.064
-4468.97
-4455.348
-3990.99
-4260.719
-4261.322
-4157.129
-4346.736
-4399.225
-4664.408
-4492.403
-4360.498
-4156.382
-5116.147
-4592.009
-4474.688
-4259.214
-4334.217
-4232.326
-4292.535
-4448.94
-4148.491
-4249.372
-4682.967
-4506.189
-4259.933
-4058.155
-3791.882
-4143.181
-4023.54
-4030.173
-4432.353
-4174.188
-4316.359
-4215.616
-4264.326
-4166.701
-4483.612
-3849.254
-3927.955
-3442.933
-3256.111
-3656.013
-3827.289
-3685.284
-4251.958
-4231.051
-4089.719
-3994.764
-3964.686
1259.137
-3265.968
-4472.61
-4329.866
-4215.014
-4248.721
-2978.48
-3735.18
-3646.701
-3862.178
-4296.338
-4217.11
-3306.074
-3751.375
-3950.17
-4189.23
-4034.461
-3510.165
-3911.337
-3870.738
-4440.247
-4028.154
-4182.735
-4250.728
-4293.513
-4456.593
-3107.278
-4463.812
-4446.279
-4849.957
-4545.47
-4342.733
-4196.92
-3415.833
-4100.112
-4256.151
-4322.305
-4498.628
-4449.411
-3957.498
-4420.734
-4410.523
-4498.371
-4564.207
-3907.305
-4442.253
-4528.371
-4501.795
-4668.451
-4583.583
-4310.485
-3678.323
-4184.003
-4484.015
-4906.069
-4735.894
-4644.896
-4685.186
-4316.769
-4498.769
-4546.392
-4694.068
-4556.734
-4634.884
-4676.529
-4545.837
-5435.155
-4941.694
-5013.532
-5426.238
1097.85
-4950.882
-4362.664
-3258.903
-4144.063
-4225.064
-4592.398
-4546.229
-4216.657
-4691.066
-4810.036
-6676.899
-5470.047
-4445.797
-4428.396
-4299.37
-4441.101
-4507.914
-4448.208
-4284.686
-4346.827
-4399.334
-1399.651
-3047.407
-3949.145
-1158.985
-3031.508
-3923.799
-4244.45
-4306.519
-4373.915
-4326.885
-4183.521
-4386.793
-4386.717
-4783.614
-4246.01
-4160.066
-5285.259
-4581.824
-4512.456
-4460.887
-4252.586
-4277.063
-4174.217
-4276.45
-4452.509
-4307.967
-3949.981
-4110.648
-4188.423
-4297.8
-4626.112
-4364.375
-4321.29
-4321.355
-4451.517
-4375.488
-4101.243
-4168.707
-4078.91
-4115.76
-4114.513
-4251.042
-4319.245
-3966.133
-4417.367
-3918.138
-3210.589
-3448.29
-4155.88
-4426.716
-4642.629
-4482.091
-4430.435
-4409.78
-4330.655
-4503.311
-3455.455
-4149.439
-4604.809
-4562.773
-4536.036
-5052.959
-4720.076
-4611.148
-5572.795
-4806.074
-4742.771
-4659.129
-4759.052
-4750.623
-4705.691
-4936.752
-4778.029
-4944.507
-4753.94
-4647.078
-4387.831
-4345.625
-27161.36
-13836.41
-8582.042
-6465.676
-5466.308
-3362.046
-3938.165
-4501.617
-5647.403
-5401.309
-5158.693
-4985.355
-5317.667
-5150.639
-4986.682
-4689.454
-4677.057
-4770.971
-6225.08
-7056.727
-5742.018
-5082.246
-4805.779
-4803.747
-6168.02
-5119.62
-2220.093
-3771.216
-1659.275
-3414.162
-3980.771
-5758.922
-4664.872
-4621.525
-4752.943
-4724.359
-4936.809
-4809.716
-4806.648
-4638.722
-4701.604
-4562.92
-4808.503
-5100.779
-4826.828
-4694.593
-4666.729
-4535.34
-4539.825
-3909.768
-5292.883
-4912.464
-4783.427
-4651.296
-3566.838
-4137.416
-4308.581
-4501.947
-4475.522
-4396.073
-4468.685
-4772.158
-4541.358
-4510.242
-4390.112
-4516.411
-4546.815
-4586.713
-4589.644
-3803.684
-4288.686
-3982.991
-4415.595
-4422.903
-4215.21
-4334.439
-9446.531
-6557.296
-5404.61
-4933.99
-4645.425
