-519.1674
-793.7899
-855.7747
-414.2878
-662.068
-534.9235
-594.6228
-628.2515
817.3625
-658.4557
-583.5572
-483.3731
-1149.184
-4204.205
-3042.841
-1559.05
-922.8619
-610.6603
-570.927
-348.8573
-311.2493
-283.7158
-644.2687
-618.0547
-376.8737
-390.5743
-329.22
-870.025
-557.4808
-319.8228
-366.1591
-222.5782
-236.4696
-136.6276
-182.5462
-135.8573
47.60149
12.82492
-3.497253
-198.6036
-122.2971
66.58154
420.2554
200.4801
135.808
63.73865
-33.64132
133.1962
283.3292
102.6678
283.8885
328.8986
363.168
-950.6239
-49.75421
273.0383
463.9422
409.8669
610.4796
1677.453
965.8135
718.3826
830.7169
583.8862
1843.875
1058.89
846.9841
62.28733
227.1079
416.8378
454.1176
383.9045
473.9508
1141.853
703.6588
184.6368
197.1207
166.0377
419.875
597.0524
74934.91
30483.4
12424.63
6115.759
2507.328
824.3241
583.8146
279.0506
-559.975
-114.6027
-32.30971
203.1034
203.9137
1379.09
630.2004
163.3751
97.46357
-134.3368
-100.7367
43.36819
220.0707
615.4587
123.1665
-253.2766
-183.5073
-226.5372
-716.9673
-226.5836
-332.5971
-363.2616
-192.4209
-592.7527
-531.2795
-466.6626
334.2347
-58.42258
-3704.425
-1911.817
-1686.771
-1090.019
-612.8076
-789.9347
-573.4028
-540.258
-405.8147
-467.3849
-536.1553
-220.6642
-549.787
-1187.979
-710.9919
-660.6636
-645.209
-626.6253
-561.7966
-623.2576
-527.8313
-450.9187
-514.7594
-524.5974
-423.3335
-350.4917
-506.3745
-432.6978
-410.497
210.1654
-94.0142
216.0574
27.84636
-161.3626
-86.29975
-59.81844
-157.0475
14.41285
-23.07411
-407.3411
1174.094
952.167
365.895
316.4205
301.6054
-1237.581
-418.4509
278.2308
42.41901
-179.3918
-89.87942
273.3821
79.60788
3173.403
1672.81
792.5218
593.8026
-10506.72
-3915.228
-788.991
420.3417
404.5085
459.1946
429.352
484.3671
622.6277
575.2293
583.3364
237.8346
329.7542
176.0131
229.5057
460.6306
345.6201
552.625
765.4735
734.7041
529.2369
542.0373
388.1736
208.6612
279.9285
355.612
360.2846
487.6219
-6.377
195.1704
132.4761
1002.961
965.9819
397.1978
83.13073
424.7612
209.4238
229.0152
2310.361
1039.46
-141.7767
164.6617
-287.9243
-224.3504
-221.6067
-703.8577
-501.0855
-872.877
-617.9306
-392.9114
-254.9905
25.35166
481.4688
-303.1301
-498.8454
-552.663
-613.2612
-784.8958
-1141.151
-868.6681
-837.3069
-749.7913
-666.8868
-846.3876
-734.2695
-831.4302
-724.2323
-788.215
-389.2226
-726.8632
-512.8785
-632.7873
-1280.121
-925.4492
-925.7484
-769.6133
-826.2195
-1038.74
-1081.055
-710.7489
1380.314
-965.8801
-744.2572
-745.4338
-2781.791
-1371.67
-1281.941
-689.2622
-569.035
-539.896
-449.7206
-204.6648
-151.2629
-241.6175
-30.19836
-360.0508
-230.9064
-549.656
-319.0995
-123.1246
258.9353
690.1122
637.9054
-562.8962
-80.63061
10.70664
162.891
122.9506
126.901
424.6042
2516.61
1262.124
638.2372
419.8846
435.1513
-215.1475
61.93796
317.5107
309.7612
695.6438
2777.357
1316.254
755.3929
561.1553
361.3602
402.3618
356.0629
527.1032
1492.576
905.0233
870.5528
1333.778
435.6956
512.8439
408.8171
-8483.966
-3579.795
-1204.016
-1796.942
-355.6554
-56.43739
-93.23331
190.9526
658.0173
-487.9188
108.6697
-98.54709
-53.67297
44.06094
96.94462
-78695.17
-32100.12
-12970.4
-3914.036
-1000.431
-1218.485
-646.8489
-288.9438
318.9848
56.74472
-118.3674
914.3451
294.3915
56.77319
-210.3568
-204.1643
-335.4624
-366.2056
-568.3969
-1459.156
-842.9681
-1096.241
-961.3915
-732.85
-461.6572
-623.6062
-595.1788
-679.4986
-643.0248
-2578.52
-1479.546
-1032.07
-881.2355
-623.6777
-2817.39
-1498.543
-797.6299
-877.3146
-855.9108
-340.7893
-794.6515
-876.1091
-767.9268
-1092.484
-852.1509
-799.4692
-584.3505
-246.2259
-487.851
-427.7836
-600.1169
-850.8844
-355.9234
-574.8043
-188.7071
-501.6148
-490.0166
-575.4665
-1098.544
-609.9546
-454.1646
-202.5432
-419.1477
-445.5882
-513.2441
-405.4556
-335.7938
-199.9297
-906.5136
-338.9104
-152.3682
-444.1561
-126.0167
-55.488
60.34475
18.071
241.9468
329.2545
292.5134
244.7528
151.7506
-108.4821
39.42822
174.7362
149.6544
180.8629
133.7009
211.6885
282.4596
299.748
254.2702
393.9418
237.5067
450.8079
417.0871
397.442
412.9759
409.8674
-829.8606
-135.7316
353.8827
-4.96129
510.5807
466.7203
329.1406
346.9609
349.4178
280.6185
298.7782
422.5934
-1167.3
-457.5611
-58.4334
60.62121
-347.0738
-47.54259
76.33248
-623.7546
-190.8671
-80.53475
96.71511
16.08548
57.52937
-62.35775
-83.9083
-233.2271
-222.515
-85.65521
-193.9108
-324.5041
-324.9107
-292.0701
-356.7076
-395.0376
-483.1463
-283.6993
-1661.885
-1004.709
-2226.443
-437.6345
-666.2837
-1256.038
-901.0495
-1160.015
-981.8233
-953.8115
-846.4023
-821.5447
-709.8386
-1180.544
-978.0637
-809.5696
-860.0567
-782.649
-895.7645
524.9065
-372.1467
-556.553
-915.1194
-888.5183
-843.3436
-852.4064
-951.4032
-853.5379
-938.987
-5837.55
-2843.512
-1588.897
-1035.705
-765.4063
-688.0107
-924.5129
-736.0408
-655.0026
-606.6963
-374.4737
-396.5677
-179.2977
-388.1838
-387.7981
-406.6416
-227.2395
-984.1108
-466.0013
-1267.784
-747.6756
-451.7267
-309.1445
-55.61725
-279.3936
-324.201
-205.4368
65.63066
1458.385
693.1268
63.55904
-71.72237
88.51065
-145.3509
554.6864
317.9577
731.3513
578.1192
277.6077
270.6792
259.34
280.5596
1081.095
652.2689
367.8512
43802.49
17863.11
7082.159
2888.403
2866.039
1339.952
772.9899
710.21
240.3398
273.6682
325.359
290.698
316.8424
598.4034
429.5762
396.5647
305.0204
289.1889
217.9575
84.59749
87.58514
11987
5321.032
2421.013
1017.279
1397.878
514.75
272.5799
245.5643
-8.482423
-368.9884
-284.3423
-118.1127
-154.7519
-210.4383
-364.0995
-433.7217
-309.2799
-685.6185
19.8604
-229.8299
-509.5446
-606.7178
-609.9224
-869.5516
-690.8401
-743.4428
-568.1337
-399.0133
-499.1658
-521.2549
-603.6451
-693.1153
-802.828
-1163.827
-1035.876
-955.2532
-780.0734
-785.8334
-1487.51
-903.6945
-1267.493
-1079.555
-862.9204
-890.2653
4200.333
1224.949
543.3458
-195.5579
-648.5271
-770.0935
-986.7519
-972.7445
-922.0032
-2079.378
-1559.108
-1085.093
-752.4097
-480.8764
-531.5272
-589.1179
-674.343
-661.6835
-629.8269
-724.3124
-630.4549
-556.0576
-646.8298
-574.8627
-476.1389
-439.0179
-362.5175
-560.0307
-130.382
-638.8536
-304.875
-174.6092
-280.5994
-240.4978
-250.8661
-507.0979
-305.3078
-255.8241
428.9978
40.5985
-61.37938
149.2264
127.9412
64.38505
214.6233
138.9068
-191.4179
-91.4994
-68.18348
86.12406
134.3482
-90.11106
353.2086
351.0043
336.0536
51.62126
517.0859
629.8329
383.4121
397.3176
344.7634
201.3881
213.1425
287.7052
237.0516
165.4159
265.8471
232.9174
277.2611
179.4231
-95.93535
82.73844
220.1802
-1046.155
-202.0269
-52.11554
359.5163
208.9427
272.0693
38.80428
30.53872
-757.7303
-322.8613
-201.4824
-299.1162
-166.9172
-1841.632
-962.6578
-575.2376
1.890428
-15.8778
4.042091
-191.2
-472.0259
-315.612
-857.3061
-550.2094
-750.6907
4282.004
1374.621
121.534
-201.8108
-652.0301
-550.4405
-703.3813
-1021.411
-944.4721
-807.5555
-1028.494
-878.0681
-1074.305
-729.1061
-747.9519
-752.4527
-809.2652
-1067.823
-1155.957
-1392.882
-1327.727
-1075.702
-1426.279
-1240.936
-778.4762
-674.0734
-777.7256
-1009.437
-937.2932
-1013.077
-571.3951
-738.3418
-703.4442
-719.7424
-1940.345
-1119.792
-3076.072
-1644.018
-1900.818
-1239.17
-916.3837
-613.267
-572.5333
-1047.404
-771.3975
-1533.548
-803.9991
-481.509
-371.8867
-947.2142
-509.6842
-375.7432
-451.6541
-478.9796
-349.7416
-162.548
-101.6281
43.00884
-65.14811
-92.37875
2598.864
1226.638
435.0835
279.1821
149.4819
254.0094
-156.4566
74.01957
277.8436
269.808
175.4223
152.499
171.7407
-2707.319
-559.5756
-62.9809
-674.3772
-118.5653
-5705.681
-2776.384
-1080.375
-39.84183
96.22742
136.2776
5007.062
2246.763
1029.507
-756.5381
-770.9625
-326.5282
-79.0366
42.45714
-20.07609
145.1489
40.28865
36.62849
5768.558
2505.935
1439.92
1135.998
420.7523
127.6238
-860.1399
-413.4116
-754.1501
-198.7986
-269.3969
-300.8366
-11.58167
-113.3057
-372.9911
-551.2474
-514.9124
-640.0496
-500.722
-829.2512
-609.112
-470.0309
198.4977
-444.6416
-690.4873
-733.1954
-820.3453
-843.5991
-920.1008
-1079.032
-830.222
-530.1885
-699.3632
-755.9488
-761.3371
-912.4108
-1274.324
-1038.68
-1316.316
-1194.733
-1202.704
-658.2308
-1018.961
-828.7794
-973.6597
-236.1743
-1689.654
-1313.381
-1109.225
-684.8951
-696.4919
-744.3321
-844.6601
-826.6179
-434.2991
-549.1383
-601.1865
-1278.371
-928.369
-843.4301
-808.78
-788.4883
-781.8051
-713.3434
-467.9193
-391.8352
-650.0284
-645.346
-676.3594
-572.5389
-495.1534
12524.87
4889.755
1828.126
488.3438
-41.24197
144.5337
-130.4029
-210.8866
-184.3314
-298.2816
-165.567
-109.1053
-3394.434
-1145.032
-551.3886
-337.8258
-425.0089
-132.1925
-5697.463
-2287.968
-918.4318
86.79503
-458.3555
78.07128
330.247
169.0912
-14.56565
115.9201
359.2716
376.2073
211.8091
110.7318
161.1532
270.0973
1254.142
-1.750221
181.0899
-402.768
-350.4695
1396.041
442.7019
306.4293
1.585314
-165.9716
-459.3803
-167.8458
820.4551
230.6259
176.9665
8.175755
-68.36996
-201.5592
-410.6901
-329.7087
-211.5084
-286.7234
-349.845
-464.7442
-598.0339
-405.6173
-520.0588
-665.6764
-905.8697
-745.1086
-529.4294
-543.3149
-650.7258
-730.6856
-678.1783
-802.0258
-834.9922
-1348.32
-1158.438
-375.3732
44213.66
17306.94
6401.269
2154.707
340.6331
-464.5397
-6849.765
-3421.178
-2049.527
-1527.775
-1454.401
-1082.187
-904.5105
-1203.731
-1186.582
-1278.283
-984.5428
-726.122
-1283.933
-942.5944
-1054.877
-1201.224
-1124.005
-933.848
-730.1404
-910.869
-882.7769
-1036.129
-967.6808
-987.8647
-965.439
-1064.14
-639.5451
-379.6276
-650.0529
-608.714
-532.6399
-1214.364
-869.2472
-572.458
-415.4936
150.9554
-405.0479
-490.2975
-355.5247
-705.8794
-427.7047
-276.5353
876.1505
148.0218
106.8224
-135.2416
-211.7274
-243.8168
-217.7472
147.7349
1123.34
-130.0599
72.50275
5.876372
81.05512
-98.48254
-36.77409
-327.7024
-102.6449
-412.7087
-51.39682
478.8972
45.43258
129.5017
-32.84774
-6.632297
459.3747
183.7622
253.7491
220.3209
329.7994
199.3345
127.0197
46.74168
163.7731
578.1024
148.8332
-251.7312
-128.0726
-14.79405
-627.989
-1063.47
-318.812
-334.3738
-1078.544
-852.1135
-394.4582
-327.8717
-317.0297
-286.026
-256.947
-248.991
238.253
727.2903
13.24072
-370.6003
-442.921
-585.6618
-546.2704
-297.0689
-1208.107
-915.2296
-801.9108
-792.0181
-679.4921
-745.7905
-1955.692
-1151.128
-990.0367
-1146.494
-1116.198
-1066.724
-979.099
-776.8957
-918.0539
-1029.45
-1360.605
-1023.775
-1087.77
-1031.764
-1108.159
-1062.216
-1164.554
-1161.432
-389.045
-807.4645
-960.0013
-1266.293
-1189.194
-1415.08
-1153.29
-395.9504
-1162.201
-1141.743
-1081.093
-1095.236
-1190.317
-833.4493
-1902.968
-1250.658
-923.6598
-82.63258
-377.6772
-677.3391
-551.4696
-817.8463
-788.2088
-858.211
-1472.755
-763.3477
-822.8444
-654.9346
-633.1114
-653.8111
-524.191
-622.2433
-586.9815
-120.0315
-269.784
-345.2223
-409.4863
-422.7885
-526.5212
-890.2408
-672.1756
-482.2926
-437.9358
-241.4738
1671.588
584.44
140.4928
-180.8373
-103.979
59.59871
51.94068
598.6829
136.8347
669.3496
106.0351
59.71063
336.1833
141.8929
132.8104
443.0673
-329.319
-317.2599
-156.7288
-28.28219
144.4231
58.39641
-82.05797
295.1496
123.6489
-288.1328
16.91878
-30.31513
-93.64791
20.62833
-79.80034
-153.8533
-194.3461
-3033.749
-1491.948
-655.0464
-356.2377
-402.9386
-183.2722
-279.979
-477.498
-429.5864
-416.8506
-808.2711
-717.0277
-639.0312
-647.0231
-637.3712
-1000.174
-197.8082
-447.2558
-1238.171
-941.7038
-878.5537
-680.6343
-839.1246
-917.3751
-835.1561
-931.4597
-971.4689
-1822.175
-1457.233
-1062.977
-1088.579
-1070.604
-1074.502
-924.7369
-1109.003
-8390.364
-4052.687
-2309.324
-1464.031
-1307.139
-1305.44
-1402.5
-924.4041
-631.9083
-912.4684
-1125.962
-1154.199
-1239.799
-1220.024
-1380.175
-1392.206
-1197.899
-1035.285
-1095.334
-700.4445
-1002.089
-1017.578
-1694.436
-1324.412
-806.0385
-308.8979
-526.9409
-866.5861
-289.1951
-880.0703
-808.698
-1364.035
-1077.406
-897.8681
-780.1643
-735.1052
-719.0885
-673.164
1209.242
238.9392
8405.319
3122.01
1553.136
520.9018
-74.01525
62.47867
-194.7984
-1594.693
-716.6948
-644.8857
-397.8093
-381.5948
-202.2438
-189.6968
-138.5437
112.1697
277.5703
-1729.642
-870.5042
-336.0513
183.6632
65.63566
88.00714
-333.7725
-492.5083
215.0537
1.371602
-114.9142
-95.35244
-204.8696
-191.9767
-27.69391
309.1429
189.5795
84.63748
-76.93524
-583.381
-201.1083
-92.39914
-164.7522
-10.6397
103.8543
53.2575
-177.7725
-349.1157
-218.2048
66.60966
-189.8167
-6530.256
-2934.557
-3545.404
-1792.833
-690.0917
-602.178
-803.4994
-754.6934
-766.441
-427.504
-381.4661
-2263.08
-1351.555
-942.2286
-1004.105
8269.886
2789.197
12.19065
-677.9904
1298.589
-190.4871
-706.2509
-1023.865
-1234.917
-1048.211
-1091.423
-909.8561
-985.9762
-1114.078
-1262.634
957.2983
-133.7787
-666.8039
-935.2614
-4163.932
-2386.117
-1796.347
-1489.174
-1449.438
-284.5845
-1346.248
-1208.131
-1260.509
-1503.465
-1417.05
-1106.089
-1024.837
-1001.609
-1096.001
-1166.661
-1153.091
-1132.491
-1207.612
-1276.971
-1177.222
-886.3479
-520.4934
-750.3504
-637.066
-797.9804
-2092.527
-1392.481
-1057.976
-750.3161
2692.803
609.982
-354.2943
-323.2885
-573.9219
-965.3194
-629.7639
637.6204
45.50359
-241.668
-504.0377
-245.4751
-574.6836
-700.507
-567.5133
-359.4441
-168.6585
-143.9793
-215.5189
-5165.928
-2240.006
-1070.069
-436.7081
-191.1304
35.25638
-328.3143
23.61276
-2293.135
-847.0367
-592.2622
390.0266
275.1687
5.043445
-286.9651
-303.4149
-166.1746
-137.8761
-47.85646
-195.3289
-36.57363
-128.016
-100.8052
-3558.333
-1494.5
-1692.416
-752.3603
-375.5668
-646.7543
146.3284
-59.99125
-210.5154
-433.4899
-257.9287
-440.147
-378.5411
-509.7047
-385.8745
-278.7619
-631.5234
-714.5092
-495.6469
-752.2903
-622.5857
-703.1873
-539.9867
-526.6592
-664.8779
-791.695
-848.7116
-229.1526
-643.9847
-676.0007
-1520.411
-966.7365
-756.0867
-1054.401
-1124.912
-1314.812
-1179.815
-1176.998
-1396.738
-1368.258
-1318.123
-903.6836
-1014.954
-819.0968
-1011.21
-861.3876
-1133.158
-1085.818
-1120.137
-1045.6
-1200
-1192.265
-1196.108
-1123.764
-898.5308
-1764.156
-1482.201
-1377.348
-1111.775
-1110.78
-952.1182
-1091.632
-892.4879
-635.0185
-1037.917
-1212.048
-1115.681
-985.4269
-361.9365
-300.0886
-798.7141
-900.435
-948.1319
3297.404
872.4043
-430.5253
-753.7592
-820.3328
-748.7262
-1643.071
-1053.694
-804.8733
-600.9179
-592.3936
-328.6907
4755.674
1210.595
791.3751
551.3304
-37.4892
-110.4541
-249.1931
-335.0762
-234.8555
-793.0652
-520.1182
-393.6033
-249.3626
-203.5162
-254.2272
-206.7398
-274.4474
-651.878
-427.003
-222.3363
-477.0671
-251.2261
-185.3053
-272.763
-65.49265
207.3599
22.04723
11.31727
-21.85886
-76.20902
-140.3623
-29.23498
-214.1561
-184.5772
-247.733
-247.1701
-149.2684
-979.5288
-117.1351
-167.0807
-329.4378
-166.8968
-526.0152
-1301.502
-607.4864
-516.7312
121.9859
-217.1281
-548.614
-533.2719
-533.6544
-699.9432
-870.2694
-774.4748
-875.2646
-904.7349
-924.9406
-838.6797
-744.0053
-829.184
132.4811
-507.639
-946.2793
-716.6262
-1001.848
-1334.624
-1135.749
-1276.743
-1480.714
-1376.394
-1374.272
-1379.569
-1525.487
-1466.88
-1181.002
-1111.877
-1108.097
-1552.696
-1299.181
-499.1693
-985.433
-1279.496
-1307.459
-321593.8
-130963.8
-53869.28
-22474.55
-9982.135
-4818.158
-2139.673
-1777.4
-1031.675
-1234.12
-1288.216
-1137.261
-1222.683
-2451.742
-870.4575
-1081.164
-1002.713
-1143.987
-1462.562
-1415.511
-1148.975
-409.7959
-708.0386
-908.9178
-965.8531
-834.4414
-1715.111
-1311.038
-1072.813
-857.0257
-883.4553
-755.3687
-338.2296
-424.0746
-613.9913
-603.3458
-808.1073
-587.3549
-719.1911
-615.3781
-621.7019
-563.4368
-415.6375
-280.725
-651.6962
-341.1878
-403.8856
-611.0567
212.4185
-88.84476
355.3644
-25.49233
-3880.653
-1722.114
-794.6123
-420.9003
-400.9092
-414.8003
-269.9742
211.076
382.0006
569.5999
307.2495
-8.317387
1445.232
281.5506
-477.9946
-322.8442
-381.4253
-364.0718
-289.0275
-391.4942
-394.6432
-416.8605
-41.45215
-331.1941
-466.5068
-594.9432
2572.39
810.7848
-49.45526
-337.9329
-466.5312
-600.4137
-664.6778
-643.4315
336.5341
-571.7938
-801.846
-507.8392
-609.5403
-847.0131
-808.374
-591.1273
-763.1082
-888.4971
-994.7911
765.1636
-510.6533
-951.2871
-316.1095
-989.9453
-687.5861
-1011.895
-975.6885
-1061.425
-1242.862
-1263.121
-1363.71
-934.2094
-1235.334
-1329.267
-1276.933
-1857.04
-1388.333
-1374.198
-966.5658
-1138.144
-1884.031
-1573.129
-1295.865
-1576.251
-1442.812
-988.3582
-1208.928
-4286.562
-2501.476
-2077.175
-1588.473
-1835.982
-1462.832
-1415.431
-698.1036
-1147.094
-1257.066
-1347.859
-1330.034
-1719.569
-1467.559
-919.5821
-852.4872
-1046.141
-1058.382
-1257.97
-960.0613
-675.0926
-856.4405
-724.5595
-759.6825
-761.0232
-666.2602
-2990.423
-1615.623
-1347.128
-833.6308
-1258.172
-831.8987
-262.1215
-4570.593
-2070.009
-1071.522
-416.4089
-367.0145
-385.0623
-3992.221
-2677.811
-697.9036
-507.3088
-386.4678
-440.7057
-6104.249
-2707.357
-949.7975
-676.7949
-483.9655
-371.5393
-155.507
45.5077
-122.984
-30.30405
0.08753383
-378.9917
-610.9783
-229.6523
-337.6205
-321.3279
-426.3771
-445.3586
-228.6928
-345.2411
-336.6406
-412.2011
-256.872
-294.9536
-409.2429
-491.8453
-328.6893
-32.52206
28.80843
-348.1748
-836.2421
-1198.425
-1165.069
-952.5088
-850.4341
-908.9348
-894.1172
-632.3419
-700.8731
356.7076
-455.6652
-1056.721
-1032.16
-900.5968
-784.8318
-1041.427
-1075.465
-1105.443
-1277.009
-1330.639
-1209.851
-687.6883
-690.6412
-1083.993
-1284.596
-1336.274
-1422.131
-1227.578
-1319.88
-1298.979
-1242.628
-1465.182
-1466.029
-1611.595
-1632.619
-1552.709
-1419.885
-1407.084
-2500.621
-1832.477
-1784.21
-1644.096
-1395.692
-1382.08
-1406.576
-1671.252
-1566.606
-1386.653
-1630.237
-1375.253
-1278.183
-1283.379
-1409.306
-1378.874
-1110.53
-1090.924
-683.3456
-557.501
-871.8351
-1140.599
-1036.098
-1113.187
-998.0999
-693.0556
-949.467
-2610.564
-1762.382
-1578.048
38070.48
14998.25
5581.686
1709.966
129.4653
-501.6973
516.5794
-147.6726
-426.4662
-488.2815
-395.773
-566.6684
-485.3601
-489.6373
-478.6205
394.5179
1180.003
119.7121
-29.83476
-60.88868
-180.0678
-80.99181
-209.7158
-223.111
95.22393
-204.3941
-206.6958
-211.807
-343.0894
-326.1042
-411.8634
-536.3631
-433.9309
-423.7394
-359.4493
-394.7679
-368.1889
-401.2903
-273.0834
-389.0249
-511.2933
-419.5343
-13.7338
-412.3722
-562.3605
-1371.489
-862.1121
-513.5627
-569.6227
-709.3907
-890.3786
-909.9337
-1062.364
-945.2096
-864.5226
-803.6374
-122.5336
-605.0008
-847.3242
-927.5387
-951.3818
-1150.116
-1158.064
-1229.379
-1257.776
-1187.892
-1157.725
-1086.162
-1433.389
-1009.609
-1343.327
-1091.038
-1586.509
-1435.473
-1426.867
-1399.131
-1614.424
-1672.891
-1524.12
-13756.03
-6126.268
-2543.37
-1873.786
-1695.416
-1191.701
-1296.82
-1440.007
-1668.851
-1564.216
-1245.866
-1312.072
-1568.312
-1862.621
-1712.164
-1648.601
-1639.981
-1507.713
-1357.025
-1112.07
-1225.266
-609.3021
-1083.079
-1065.828
-1900.274
-1454.157
-1488.9
-1608.563
-1537.35
-1493.839
-1086.197
-1210.307
-1780.2
-2227.559
-1411.741
-1051.313
-973.1758
-1088.621
-679.4159
-591.5405
-616.0972
-226.3401
-966.4931
-836.2584
-598.1689
-929.9634
-724.2376
-872.221
-612.6965
-508.8524
-68.72085
-231.1879
-341.25
-523.8016
-469.194
-422.646
-1991.938
-934.5734
-666.5856
-501.2033
-1009.01
-527.1966
-385.9354
-430.7382
-577.254
-72.63354
-369.8588
-370.5537
41.29867
-140.3091
-250.8108
-1077.885
2157.077
605.2243
-4415.343
-1404.283
-848.5166
-229.425
-273.5925
-402.6044
-641.467
-715.5832
-661.7893
33.89886
-347.9021
-398.8898
-82.88267
-815.2328
-764.4937
-617.8328
-1538.137
-1211.711
-558.999
150.1682
-559.076
-1296.271
-1237.24
-1032.785
-937.4845
-1043.363
-838.1368
9089.888
2118.078
139.8958
-629.0499
-977.1104
-1113.061
-1416.998
-1358.948
-1274.255
-1473.385
-1351.928
-1341.247
-1217.463
-1286.153
-1592.929
-1794.011
-1661.059
-1646.484
-1961.261
-1490.786
-1494.108
-2748.32
-2144.69
-2188.254
-2672.192
-2026.864
-2138.563
-1693.194
-1608.165
-1729.054
-1760.378
-1655.255
-1944.99
-1530.444
-1755.483
-1645.547
-1273.401
-1411.27
-1489.133
-1504.68
-1214.732
125.5964
-689.1345
-884.77
-1180.868
-1237.842
-1228.531
-1184.856
-813.2939
-1109.339
-976.4006
-973.841
-999.2556
-981.6924
-1070.884
-1027.759
-1039.478
-1474.598
-1525.076
-996.3307
-644.0577
-750.4957
-849.3221
-771.8463
-722.6974
-686.7065
-2396.34
-964.4749
-738.0273
-490.4212
-463.3223
-466.8312
-612.6282
-630.683
-557.6332
-108.8819
-249.5557
-326.3718
-488.3359
-519.4374
-421.0442
-387.7145
-537.6162
-278.5499
-375.2948
-321.4741
-497.6856
-1155.912
-1002.846
-757.2162
-778.5496
-756.6168
-645.7233
-511.3462
-781.7188
-639.9893
-436.8518
-347.243
-2097.136
-1231.697
-921.9227
-872.999
-895.9675
-835.2503
-892.2336
-782.9572
-775.687
-904.5877
-281.4506
-856.8622
3486.836
1317.892
-39.92639
-394.549
-472.6817
-859.8136
-885.6866
-1125.685
-1927.676
-1942.861
-1304.936
-1501.965
-1188.838
-2047.203
-1503.697
2874.229
493.5348
-591.3542
-1008.57
-1388.707
-1279.053
-1382.457
-1424.656
-1768.987
-1585.847
-99.4711
-1014.95
-1478.063
-1588.236
-1752.945
-1602.51
-1598.287
-2326.571
-1866.236
-2666.025
-2697.134
-1978.116
-1700.296
-1274.792
-1225.605
-1480.978
-1488.212
-1539.199
-1342.551
-1594.087
-1530.456
-1509.049
-1351.459
-1306.984
-1630.06
-1261.641
-1253.518
-1275.992
-1320.397
-1379.947
-1351.475
-1202.162
-53933.03
-22458.74
-10039.17
-6887.98
-3379.309
-1873.888
-1266.628
-906.1836
-937.3373
-1128.166
-1842.172
-982.1809
-976.1081
-863.4579
-676.4301
-381.7997
-511.8971
-592.4073
-882.921
-654.8476
-718.9467
-3017.792
-1031.074
-782.4334
-953.2421
-688.8719
-663.2602
-396.5598
-489.2444
-704.8068
-534.149
-397.0259
-671.3454
-1706.292
-686.1589
-526.271
-695.7209
-562.423
-588.6253
-243.7248
-394.6909
-396.0725
-109.021
-163.0291
-385.3358
-440.0034
-462.0908
-809.3724
-1078.143
-943.4519
-825.5845
-1300.211
-969.4957
-947.4242
-413.6208
-662.4769
-794.5726
-488.3723
-955.6309
-911.9814
-1100.938
-1045.758
-1717.818
-1293.663
-1305.894
-1264.021
-879.9521
-1094.02
-861.3544
-939.3304
-1055.741
-927.2976
-1377.192
-1331.83
-1594.115
-1443.777
-1449.84
-1442.287
-1591.326
-1977.221
-1732.776
-1598.914
-1555.375
-1582.463
-2893.913
415.6919
-838.4316
-976.8857
-825.794
-1354.972
-1612.976
-1659.28
-1741.057
-1699.944
-1830.598
-1806.017
-1579.596
-1955.073
-1994.613
-1878.194
-1596.048
-1646.629
-1682.081
-1747.846
-1475.843
-1771.424
-1736.256
-1533.182
-1584.396
-1596.685
-1493.452
-1661.529
-1542.338
-1238.263
-1250.037
-1175.817
-1308.069
-1160.439
-1084.867
-1191.273
-861.6221
-943.2978
-2655.116
-2006.75
-4468.339
-2293.284
-1342.232
-1279.482
-1126.381
-111.427
-578.5271
-966.5418
-776.7548
-798.7911
-827.6561
-663.6417
-750.0136
2377.991
710.8915
-725.6056
-931.3145
-209.0989
134.189
-303.453
-377.3401
-301.1052
-563.723
-705.9299
-479.2486
-360.9371
-1584.761
-903.9056
-588.3677
-679.788
-530.5949
-604.7033
-645.5499
-725.9976
-737.8207
-421.4676
-592.5738
-604.0715
-287.3437
-397.9782
-759.1492
952.9556
11.57539
-217.7821
-523.8778
-634.8259
-812.1099
-915.5122
-832.231
-911.3711
-841.3918
-1021.847
-1039.629
-908.7416
-842.036
-990.5738
-1477.727
-1097.179
-1158.377
-1248.509
-1082.445
-1143.773
-1357.831
-1309.086
-1041.697
-1254.574
-1400.024
-1407.494
-1466.422
-1417.152
-1394.524
-1996.636
-2691.604
-2052.818
-2062.833
-1906.909
-1716.43
-3288.872
-2560.794
-2116.547
-1787.712
-1447.419
-3242.184
-2503.307
-1876.441
-1739.685
-1813.769
-1916.169
-1804.24
-1910.462
-1719.95
-1530.83
-1707.365
-1876.84
-1693.797
-1271.749
-1592.158
-1774.358
-1637.676
-1862.927
-1665.983
-1597.589
-2240.039
-1597.355
566.4059
-747.195
-1092.998
-1509.761
-1546.398
-1617.581
-1472.891
-1410.203
-1524.163
-1398.743
-1246.237
-1236.109
-1043.794
-1389.282
-1210.385
-1036.217
-1046.7
-757.9205
-850.3361
-983.1146
-976.9981
-929.5494
-848.0225
-1072.478
-912.6214
-803.1978
-759.4441
-651.4977
-836.504
-703.3873
-663.0933
-681.5143
-667.4327
-563.3797
-316.0355
-488.2088
-497.9312
-607.6553
-635.699
-256.6496
-9760480
-3943647
-1593461
-644285.1
-261235.2
-106024.1
-42957.67
-16663.8
-6970.252
-3462.813
-1796.049
-1245.12
-846.2075
-665.4993
-649.1774
-1002.999
-758.4648
-758.1765
-838.2573
-209.0261
-528.4853
-817.5224
-1053.009
-900.3615
-666.7815
-893.3272
-967.7101
-613.5612
-889.442
-1073.307
-1132.974
-1009.937
-1047.694
-1487.7
-1685.23
-1372.208
-1259.141
-1389.278
-1377.403
-1565.32
-1479.511
-1813.739
-3068.66
-2460.28
-1998.712
-1867.207
-1784.167
-1637.152
-1743.408
-2105.241
-1910.126
-1816.308
-1830.377
-1687.072
-2239.522
-2119.307
-1901.437
-2611.751
-1956.407
-1960.854
-1189.635
-1555.36
-1866.817
-2070.64
-1671.17
-1741.705
-1496.483
-2336.484
-1992.69
-1665.35
-1860.646
-1855.834
-1709.52
-1696.415
-1529.664
-1620.903
-1430.489
-2038.777
-1779.813
-1653.361
-1659.173
-1632.249
-1698.715
-1494.911
-1426.75
-1356.716
-1368.849
-1111.414
-1202.433
-1267
-3050.915
-1952.929
-1304.838
-1514.316
-1307.603
-1046.718
-769.9428
-1310.255
-1119.985
-1118.08
-300.2945
-588.9699
-851.6351
-884.7539
-744.8788
-1025.729
-1057.351
-908.3284
-837.2037
-873.689
-841.6397
-829.702
174.9802
-335.1817
-583.2947
-625.4648
-669.9771
-863.7432
-770.5437
1987.941
-412.7091
-805.7286
-825.6261
-616.588
-889.9234
-1141.2
-824.8367
-599.2764
-757.6252
-569.2565
-668.1844
-680.2619
-834.3922
-635.7418
-824.0967
-1051.76
-1007.464
-1148.952
-575.1616
-810.9091
-751.0785
-989.9367
-1121.359
684.0543
-458.277
-876.1499
-1049.665
189.2045
-264.3057
-1008.199
-804.9367
-1101.044
-1259.716
-1265.383
-1429.931
-1459.43
-2059.818
-624.6273
-1607.28
-1552.697
-1696.761
-1733.865
-1641.373
-1352.558
-1475.134
-1879.166
-1724.607
-1792.781
-1908.31
-1656.479
-1733.99
-1743.632
-2155.896
-1947.448
-1912.133
-1871.991
-2148.336
-1992.111
-27043.51
-12273.68
-6087.62
-2970.682
-2400.032
-2019.652
-1893.578
-1918.37
-1816.894
-2192.785
-1944.866
-2184.857
-2153.622
-1754.81
-1990.948
-1850.78
-1772.681
-2173.159
-1961.538
-1687.583
-1665.32
-1674.933
-2038
-1698.822
-1589.062
-1219.93
-1351.419
-1415.326
-1447.881
-1245.103
-1263.777
-1311.19
-1154.535
-1330.356
-1107.456
-1217.158
318.3489
-745.7932
-1007.143
-955.8453
-1017.051
-1914.362
-656.3366
-815.1785
-817.4183
-771.0768
-553.6789
-816.9914
-444.2581
-738.8615
-698.7321
-698.4928
-657.6905
1400.409
66.43207
-510.6358
-568.881
-1160.229
-900.5836
-481.9148
-1186.875
-839.7491
-841.5274
-923.6956
-818.4008
-770.4539
-1835.047
-1066.795
-491.7792
-4514.493
-2311.555
-694.9735
-746.3101
-1501.219
-1151.766
-961.4571
-919.1604
-1105.473
-1029.833
-1130.188
-1173.229
-933.6862
-1532.759
-1200.25
-1172.176
-1196.206
-1270.063
-1221.268
-988.3208
-1151.973
-1239.935
-1279.551
-1390.091
-1841.357
-1556.548
-1513.858
-1644.304
-1576.703
-1631.679
-1824.656
-1426
-1497.228
-3322.829
-2327.875
-1999.779
-2119.943
-1943.871
-1877.643
-1627.172
-1678.202
-1765.823
-1887.955
-1944.31
-2006.14
-472.9057
-89.54911
-1186.997
-1595.957
-1853.515
-1910.421
-1900.146
-2138.215
-1973.94
-2083.147
-1965.93
-1916.806
-2074.434
-1964.754
-1866.738
-1972.549
-1969.18
-1776.371
-1762.787
-2484.962
-2217.008
-1453.522
-1662.773
-1028.268
-1662.102
-1514.17
-1524.882
-942.4372
-1224.7
-1168.87
-1438.435
-1302.706
-1513.976
-1414.244
-1436.325
-1629.169
-1339.272
-743.4627
-1046.709
-1184.772
-1907.202
-1559.544
-1344.281
-664.4192
17612.39
6516.971
2085.494
315.9016
-337.9513
-785.0194
-629.0123
-897.1894
-725.9991
-1023.578
-825.7016
-804.6032
-824.0428
-941.0296
-753.3934
-344.2437
-371.5414
-536.1987
-753.3096
-875.2037
-984.8206
-811.752
-378.5516
-573.6975
-740.4605
-609.5043
-868.1243
-825.857
-834.6538
-926.5015
-886.3605
-720.7919
-294.009
-365.808
-716.5812
-918.9877
-1037.669
-769.5327
-1033.187
-1253.778
-870.6479
-1088.998
-1115.491
-982.8713
-2304.997
-1185.648
-1270.146
-1214.992
-109.9262
-842.5552
-1229.401
-1428.942
290.3471
-919.9201
-817.3429
-1303.281
-1559.84
-1221.615
-1319.202
-1802.519
-1550.928
-1724.818
-1847.483
-1881.27
-1865.785
-1656.936
-339.938
-1648.023
-1900.421
-1413.439
611.9191
-826.5158
-1133.8
-1014.457
-1761.35
-1978.541
-2066.292
-2126.206
-2086.093
-1950.677
-1964.117
-2054.907
-1754.601
-1755.176
-1709.644
-1873.653
-2159.842
-2321.113
-2180.062
-1697.245
-1820.574
-1722.103
-1767.952
-1590.062
-1807.953
-2077.782
-1647.324
-4000.626
-2714.779
-1903.201
-1706.477
-1512.953
-1601.756
-1620.677
-1581.426
-1643.441
291407
116672.7
46206.53
17267.99
6286.67
1668.812
-1328.878
-1193.823
-1306.388
-1613.399
-1757.129
-1364.727
-1370.628
-1229.092
-1595.674
-1364.135
-1241.036
-875.329
-1015.409
-872.8872
-909.5188
-946.0626
-1037.574
-1188.996
-917.3085
-881.6746
-881.722
-689.7439
-869.9036
-987.3972
-1497.766
-1098.234
-901.7328
-736.3859
-630.7629
1732.926
174.276
-2308.82
-1474.322
-1065.795
-7581.507
-3210.045
-2432.787
-1859.412
-985.2327
-909.507
-968.0821
-1093.989
-974.6887
-1503.977
-1289.269
-1166.416
-996.8372
-1115.17
-1327.747
-1389.565
-1426.921
-1243.999
-1283.486
-1251.125
-1212.788
-1350.49
-1652.089
-1225.316
-1475.598
-1441.943
-1497.228
-1525.581
-1551.261
-2191.281
-1589.031
-1619.043
-1634.251
-1694.046
-1318.685
-1672.843
-1678.379
-1601.376
-1315.292
-1495.585
-1469.231
-1663.976
-1747.901
-1893.523
-2028
-1973.897
-2317.193
-2139.531
-2118.288
-2070.161
-2146.791
-2111.766
-2045.093
-2103.125
-2359.204
-2075.746
-1443.195
-1960.106
-99.36915
-1232.12
-2198.228
-1978.964
-2186.018
-2357.084
-2113.092
-1684.174
-1907.161
-1992.757
-3109.067
-2229.904
-2051.961
-1869.282
-1803.42
-1507.462
-2266.628
-1830.145
-1734.094
-1478.073
-1555.222
-1756.869
-1623.641
2580.56
-340.6258
-820.9151
-1160.069
-1182.495
-1599.078
-1391.015
-1284.835
-833.2556
-1022.928
-1025.011
-1031.771
-1169.291
