252.2032
233.6945
372.289
329.5689
364.2161
374.0306
354.1909
417.4233
401.2004
465.9264
470.0727
454.9124
401.1177
484.6842
362.9095
318.62
371.2143
446.5027
109.6477
256.5657
251.3112
153.9087
293.0293
306.3257
346.8681
246.2043
267.1008
313.8547
440.0164
627.5887
-1315.354
74.7326
402.5342
436.7481
507.0028
-985.7715
-82.912
291.4762
415.6092
189.6201
33.05798
300.4763
670.0385
1211.869
798.6896
566.1019
600.9639
956.6049
710.595
312.2632
517.0083
561.3944
801.615
721.8936
636.0427
666.0015
1586.23
795.8588
629.2997
-276.1188
330.7018
917.2367
-419.9454
233.7056
446.5035
519.7753
624.8745
560.373
317.5738
480.3994
614.6391
605.0635
1752.218
1079.432
918.7987
762.5805
566.8557
166.2714
450.9125
499.2913
932.4178
717.6581
669.3249
638.18
710.3655
703.4065
1233.109
865.1975
839.758
742.8564
713.1213
590.2275
557.7329
1047.931
669.4818
1121.748
612.9505
-3243.666
-854.0688
55.29853
557.2099
730.0218
562.4044
623.7815
635.9452
513.8487
595.7119
771.9472
653.6675
770.4216
452.1074
633.0339
632.3757
574.5185
655.512
649.3349
604.8608
612.2208
864.3478
667.14
537.178
679.2743
721.2011
621.0684
737.6246
936.9943
711.7115
729.879
664.7806
746.3962
561.7805
728.6904
558.7475
134.7853
371.6083
523.4779
635.4635
543.192
615.1404
727.9209
731.698
521.4779
598.7521
286.3247
498.6956
546.1427
2206.632
1342.724
796.8399
710.6062
625.826
574.4091
406.111
546.0942
495.6324
-1515.419
-204.6775
1181.637
973.3264
791.1515
655.7657
661.9571
680.4288
1853.842
1087.769
834.6159
725.7888
712.5178
492.4702
1242.081
841.9813
750.9262
682.4366
534.1239
524.5443
633.4319
-1203.663
-81.93237
247.5369
16.83323
323.7432
279.1973
456.2452
536.3023
1116.88
972.1704
465.3762
462.1188
365.7182
435.3311
559.9145
-76.55973
234.8407
311.0296
349.12
728.5233
645.4498
510.1578
580.0126
516.5851
507.7357
4298.424
1911.188
1062.967
637.7975
390.3737
579.2758
440.1636
442.0983
456.134
348.6715
401.3188
331.4222
336.2608
443.9291
325.9834
93.99826
307.2224
416.3116
610.994
567.345
127.8425
196.1964
417.5106
570.8013
424.8219
338.1865
317.3808
253.0337
-2216.924
-658.0883
-654.309
-96.9345
-882.6116
-293.518
352.5679
345.8575
225.3824
218.2271
245.029
290.2338
-52.79071
141.6737
3122.748
901.819
587.2452
203.5784
180.9428
136.6471
150.6841
80.72859
59.99631
117.0726
91.87305
211.5044
38.24996
179.3981
34.85422
622.6424
179.8307
94.74569
22.49214
13.98891
-82.74971
25.65327
31.73243
-53.5485
-34.74004
683.0505
263.929
101.9607
-0.6676207
4837.499
1857.641
706.6586
103.4443
-54.83009
-162.8817
404.0092
215.6297
155.6625
10.27396
34.6052
380.0037
1457.354
731.7739
185.3895
149.7042
-255.1478
-474.6576
-235.6352
-106.227
-135.0969
-162.7639
-277.7848
-269.2842
-1322.944
-549.2537
-345.3779
-336.2311
-103.3827
33.17382
-324.4489
-658.0801
-382.5292
-358.3029
-326.619
-383.1092
-95.94128
-336.7454
-351.0051
412.7709
298.1351
-159.0751
-423.0854
-224.2816
-554.3026
-1054.113
-693.143
-1322.421
-602.7222
-424.7934
-117.3453
-339.6915
-447.7778
-402.0194
-536.2676
-848.8683
-668.8998
-961.9591
-619.0664
-538.28
-550.8752
-481.9293
-402.1679
-509.2994
-352.9353
-222.9559
-509.8575
-486.2481
-584.4893
-584.5996
-435.3024
-548.2701
-612.5358
-635.5035
-754.8502
-706.4512
-670.076
-732.0538
-685.074
-449.9869
-608.8324
-752.7257
-10726.73
-4651.952
-2183.303
-1457.972
-1089.092
-931.2175
-843.5591
-705.8908
-710.5867
-922.3538
-926.0079
-878.9546
-791.9511
-892.995
-773.9871
-705.869
-751.6586
-712.8541
-792.3074
-850.5911
-906.2459
-1136.229
-898.8967
-922.0886
-985.2258
-1002.835
-268.937
-605.3763
-1020.259
-1060.635
-3218.857
-1817.04
-1167.197
-1125.681
-1183.02
-876.2984
-886.2649
-1096.626
-872.697
-791.4838
-954.6681
-982.4839
-962.2026
-1365.818
-1170.253
-1059.671
-958.4307
-784.4987
-516.8894
-793.0444
-874.7912
-891.0281
-963.5734
-995.8624
-877.6899
-993.6496
-1281.145
-1207.648
-1205.801
-1206.166
-1131.447
-1195.587
-1332.703
1045.821
-400.9756
-815.5646
-1087.342
-1422.114
-1185.523
-1187.626
-1177.244
-1099.786
-1114.467
-1016.615
-1240.607
-972.776
-1271.78
-1130.313
-981.9369
-917.953
-1140.659
-1155.458
-1191.007
-1221.114
-1249.266
-1087.813
-1581.836
-1515.154
-1368.597
-1180.012
-1105.327
-547.2102
-913.7983
-1379.176
-1342.13
-1256.538
-1070.41
-1236.066
-1244.808
-1247.551
-1085.521
-1208.51
-1044.328
-831.0204
-1003.835
-1096.524
-401.7979
-1014.203
-1300.87
13897.8
4593.54
1238.326
-352.8457
-872.9976
-1106.772
-596.5708
-1003.61
-1034.352
917.621
-673.043
-1133.699
-1302.758
-1414.08
-540.0043
-1020.69
-1179.107
-1167.675
-1315.024
-1234.417
-1270.725
-1454.009
-1482.363
-1217.604
-1342.41
-1152.307
-1238.156
-1192.558
-1350.151
-1520.902
-1311.617
-1288.115
-1259.371
-1526.82
-1359.574
-1407.237
-1224.781
-1536.061
-1301.651
-1318.679
-1415.646
-1323.882
-976.9039
-1010.682
-1229.087
-1330.156
-1293.348
-1243.091
-643.53
-990.8643
-1151.942
-1098.41
-1191.374
-1040.977
-1142.113
-1103.53
-1109.364
-1347.638
-1139.819
-2186.968
-1521.146
-1503.397
-1398.071
-1267.704
-1250.351
-1285.363
-3356.189
-2093.757
-1644.613
-1453.262
-2606.343
-2019.782
-1517.531
-1316.127
-1218.282
-841.3788
-1025.626
-1091.795
-1256.718
-1078.108
2404.879
246.1917
-644.7217
-1196.257
-1125.094
-1115.76
-1131.945
-1221.497
-1181.854
-1111.658
-1213.454
-1193.111
-1183.698
-1229.958
-929.3934
-2552.825
-1697.315
-1350.555
-1093.088
-1015.714
-1125.64
-1170.997
-1201.823
-1049.294
-1101.737
-1090.15
-1060.998
-584.1915
-859.3282
-987.8653
-865.5757
-1198.182
-1045.885
-573.0279
-806.4377
-692.7544
-856.2349
-873.4157
-858.6143
-946.4872
-121.4944
-730.3741
-315.1016
-865.2303
-887.5701
-904.5635
-953.8137
-899.4131
-924.7289
-1041.354
-796.3773
-908.8417
-942.259
-851.186
-856.7683
-548.3219
-612.9692
-1406.879
-1088.226
-1016.83
4516.338
1262.119
-376.1847
-716.7994
-745.8532
-781.1609
-681.0713
-823.2351
-1035.303
-867.0156
-915.564
-840.623
-618.8507
36317.39
13595.44
4802.618
1375.85
122.6536
-458.1017
-826.6871
-836.5248
-775.0267
-758.0047
-1042.979
-872.9317
-776.9322
-903.2138
-832.5845
-777.4997
664.6933
18053.67
6525.704
2089.893
499.0249
-189.7675
-419.1923
-2482.936
-1461.361
-1121.029
-781.6643
-732.6015
-651.3935
-400.6827
450.9382
-244.2065
-390.4589
-552.7832
-509.0891
-533.649
-562.7699
-695.6233
-604.6249
-328.505
-410.6376
-474.6636
-450.7458
-861.4605
-690.0769
-637.1514
-478.2502
-483.4758
-411.2649
-461.0395
-469.9411
-145.6276
-481.7607
-390.709
-541.2608
-490.5373
-458.7442
-328.1366
-1323.388
-763.0737
-349.8661
-136.627
-721.2977
4.597214
-585.5802
-683.3606
-451.8067
-404.6068
-312.4105
-316.0334
-180.867
-341.4532
-391.4318
-357.7626
-211.242
-298.3622
-189.3775
-269.4063
-283.9985
-340.5576
-122.9906
-577.6678
-546.6417
-411.2694
504.0257
55.94607
-104.6469
-276.1406
-175.566
-154.3088
1237.218
167.0099
-97.92683
-125.319
-421.9371
-145.328
-190.7869
-378.0354
-17.55933
-86.4171
2191.5
729.9464
187.3062
28.41469
21.15468
-191.8852
120.4018
1163.119
952.5961
346.5001
74.94212
-349.1628
-284.639
-106.4703
-45.93223
-39.71419
31.32415
-87.04388
-271.1021
-10173.68
-3827.682
-1502.465
-818.1177
-415.6666
857.2041
-8787.974
-3444.83
-1142.599
-542.7988
-247.5239
-193.2183
-139.801
-65.35939
-122.4728
-131.1823
74.08053
-69.14347
11.9285
-68.91885
67.29093
-14.16563
-19.2042
-101349.2
-39251.62
-15361.51
-5979.024
-2285.491
-942.3683
-333.8858
-16.56796
8.081032
230.2754
192.3503
-195.8274
211.0046
123.5528
40.36314
-68.43447
48.4158
1128.496
476.416
-14.3612
343.5398
109.9468
59.58336
-23.67546
-41.386
33.03227
-388.612
-80.79565
-38.82644
624.2078
240.3168
69.89225
-358.0734
-48.63695
-122.0583
-238.3791
-144.3636
-154.7903
182.4702
145.1784
100.1266
-689.9684
-872.4333
-390.4843
-812.0968
-261.9688
-400.4941
-37.32697
2116.009
683.1313
377.1661
244.3871
107.8931
238.2442
76.67881
102.445
118.9431
134.8196
138.6493
39.68711
-6826.626
-2770.145
-1161.168
-848.0183
-311.1193
-73.21859
126.1842
-185.2187
146.6544
156.1045
255.3632
302.8969
346.834
123.3336
102.7543
18.86054
-96.31269
-30.59972
14.2221
62.64298
31.62518
44.00945
23.02792
-5.043328
28.38816
58.16941
19.933
-88.63007
-49.87155
-127.7559
-27.59553
13.20264
-187.0363
-213.7324
-94.61429
-2478.841
-984.4077
-426.8416
-249.7135
-352.224
-111.6045
-41.64798
328.3361
91.36566
144.8087
-64.42964
-1215.712
-494.3061
-256.7096
-27.33635
-100.7198
35.81616
131.6015
-9.925751
-29.13335
-70.72092
-2780.714
-1277.607
-76.6855
-888.0845
-323.5774
-294.1959
-71.02902
-179.922
-240.3062
-12.46166
-47.4937
156.6699
-713.1499
-327.6454
-81.28897
-100.7385
-52.3626
-202.8636
-254.6811
-448.2638
-93.80304
-339.1165
-262.3043
-106.4609
-159.9935
-268.3875
-437.0503
-598.4776
-466.3782
-445.6922
-412.1353
-401.2834
-243.2389
-404.9898
-358.311
-234.6514
-285.83
557.5607
-67.90409
-275.9151
-336.7735
-366.9329
-413.3168
-300.9556
-491.2593
-241.7978
569.6863
-15.19681
-135.2218
-771.5943
-615.7014
59.20235
-197.6568
-307.5388
-57.59856
-328.0967
-557.0978
-782.2241
-646.3933
-1043.065
-708.0517
-318.4418
211.8585
222.2115
-2083.623
-1050.315
-757.9254
-997.5613
-1039.978
-676.5617
-518.052
-556.8807
-618.5096
-492.6006
-610.3479
-688.3489
-647.0184
-775.2829
-731.3182
-786.1777
-709.4511
-726.2743
-528.686
-622.1289
-1512.902
757.6498
-186.3534
-386.6378
-621.6646
-884.4044
-702.2131
-721.7439
-977.1445
-849.8773
-803.3413
-940.5437
-739.5266
-791.4372
-804.1463
-841.6878
-823.9303
-863.9161
-785.6486
-525.6335
-743.9154
-431.8975
-597.236
-750.6847
-867.7509
-738.5874
-737.0048
-811.1954
-922.6795
-1383.939
-1167.035
-1026.997
-898.0335
-955.0312
-1009.303
-1312.428
-863.4832
-920.4905
-971.0168
102.0929
-854.6617
-1373.374
-922.7971
-960.0716
-934.5896
-1040.056
-1357.979
-1197.763
-1132.976
-1231.228
-1392.119
-1452.05
-1056.7
-1104.053
-1089.902
-1166.538
-1445.508
-1280.443
-1263.371
-1184.812
-1217.675
-745.7915
-891.0055
-1068.27
-1052.946
-979.3872
-1236.469
-1259.592
-1573.767
-1409.625
-1258.347
-1683.437
-1428.985
-1385.245
-1437.899
-1599.357
-1419.495
-1255.987
-1280.749
-1104.886
-1466.433
-1531.443
-1464.754
-1386.811
-1254.973
-1400.012
-1334.22
-1281.485
-1253.67
-1363.317
-1097.9
-1270.373
-1219.945
-1204.104
-1419.437
-1408.01
34569.36
12601.39
3699.064
26180.15
9297.758
2551.764
110.5115
-903.4192
-587.0781
-1228.836
-1459.086
-1496.364
-1387.704
-1465.668
-79.98582
-912.4904
-1407.765
-1470.665
-1588.399
-1606.336
-1618.247
-1684.459
654.0509
-758.4858
-1374.601
-1759.36
-1694.153
-1624.403
-1482.669
-1718.691
-1803.972
-1637.319
-1282.917
-1523.841
-1699.175
-1728.404
-1750.876
-1701.87
-1723.17
-1759.926
-1777.161
-1761.539
-1738.11
-1389.434
-1428.709
-1685.831
-1590.173
-1686.802
-1673.867
-1926.658
-1775.459
-1882.366
-1744.811
-1701.78
-1487.986
-1714.408
-1320.955
-1667.487
-1781.148
-1832.611
-748.6681
-1495.589
-1592.556
-1642.435
-1743.549
-1719.463
-1803.212
-1718.54
-1826.754
-1739.914
-1827.787
-1834.124
-1915.252
-1926.078
-1905.219
-1849.954
-1996.515
-1961.782
-1914.976
-1950.93
-1924.561
-1813.066
-1985.854
-1887.38
-1627.084
-1803.205
-1554.207
20184.69
6795.274
1649.02
-447.2192
-2147.707
-2134.902
-2026.844
-1994.039
-1857.186
-1882.048
-1672.984
-2176.948
-2094.975
-1813.369
-1898.551
-1888.276
-1931.358
-2510.014
-2119.005
47.65568
-1049.758
-1597.551
-1813.122
-1920.093
-1950.977
-1845.139
2218.395
-1941.501
-1962.492
-1862.062
-1941.748
-1935.363
-1854.116
-1863.156
-1983.136
-1981.367
-2013.929
-1932.51
-1889.931
-1815.489
-2278.068
-1932.057
-1816.548
-1966.541
-1965.206
-3818.431
-2635.931
-2177.934
-1984.228
-1641.789
-1807.893
-33285.52
-14047.83
-6628.227
-3752.327
-2614.356
-2454.849
-2168.204
-2040.804
-2139.624
-1803.058
-1918.15
-1787.697
-1829.613
-1784.705
-1853.506
-1943.608
-2063.07
-3684.065
-2984.381
-906.5463
-2014.53
-1463.335
-1679.699
-1800.438
-1829.912
-1716.647
-669.1449
-1427.226
-1569.883
-1684.57
-1660.237
-1764.773
-1802.366
-1872.846
-1923.461
-1701.802
665.5685
-1009.905
-1482.488
-1711.243
-1814.805
-1625.349
-1641.862
-1744.029
-1689.535
-1768.044
-1679.559
-1657.292
-1843.451
-72391.27
-29293.02
-12495.63
-6065.715
-3830.751
-2653.609
-2173.33
-1916.637
-1716.985
-1620.851
-1653.134
-1728.048
-1863.235
990.5979
-772.8065
-1147.751
-1848.375
-1806.648
231.6645
-2082.506
-1890.735
-1652.748
-1756.983
-1692.046
-1272.183
-2146.419
-1901.806
-2060.636
-1498.599
-1552.34
-1631.133
-1615.857
-1707.145
-1737.908
-1760.223
-1662.49
-1589.362
-1396.21
-971.9321
1239.718
-400.7233
-628.3594
-918.7721
-1430.08
-1810.6
-1672.644
-1581.521
297.675
-811.641
-1228.2
-1760.886
-1696.191
-1486.34
-1028.969
-2470.687
-2014.442
-1698.6
-1564.835
-1476.322
455.9428
-751.6136
-1197.473
-1382.582
-1416.631
-1354.631
-1362.739
-1389.437
-1356.321
-1147.558
-1166.417
-1039.936
-1242.639
-1363.333
-1477.772
-733.5691
-1184.579
-1274.292
-1369.698
-1211.104
-1106.045
-1723.213
-1427.131
-1077.687
-1298.415
-1335.177
-1380.257
-1244.349
-1144.604
-1194.567
-1255.781
-1121.681
-1197.216
-1215.739
-1740.631
-708.6289
-1006.578
-941.5117
-1195.326
-1253.813
-1134.563
-1240.857
-1230.439
-1188.665
-1237.458
-1094.187
-1357.404
-1190.356
-1219.778
-1218.295
-1189.537
-560.6637
-651.4688
4365.247
1046.131
-313.6859
-826.6447
-1089
-1046.352
-1053.575
-1143.625
-835.7426
-1126.642
-1111.07
-1152.857
-1347.058
-1127.279
-926.7161
-1045.576
-1060.937
-1082.195
-1111.064
-1337.207
-1648.034
-1255.716
-741.2045
-183.5939
-707.4536
-820.9129
-6781.465
-3294.498
-2387.202
-1332.698
-1150.416
-1079.92
-979.1155
-987.8499
-998.7185
-995.7038
-810.611
-799.932
-775.1637
-774.6053
-914.2647
-1002.878
-348.5502
-559.2678
-729.6675
-822.004
-2058.404
-1331.501
-1006.26
-812.8482
-787.1005
-758.8731
-706.3607
-851.7353
-802.8724
-928.5757
-860.5756
-831.8456
-642.9215
-584.8781
-920.0511
-840.4006
-784.898
-1046.643
-1001.8
-873.9508
-834.3454
-820.942
-635.6721
-712.3972
-1300.849
-901.3978
-867.3357
-620.1712
-714.7529
-931.4621
-749.0591
-664.4814
-2411.744
-1386.947
-976.034
-1086.21
-869.4366
-898.0637
-1374.507
-1004.073
-838.613
-1594.061
-1129.816
-1079.924
-1059
-713.8668
-710.8735
142.7721
-662.328
-634.46
-666.7635
-682.5336
-718.5365
-788.9108
-678.1313
-2028.068
-1316.526
-819.7471
-844.8447
-690.8399
-619.9749
-615.5206
-163.8847
-86.78625
-528.1841
-504.6479
-1514.574
-2428.673
-1399.809
-522.4577
-534.6199
-634.0529
756.2099
-272.4354
-534.5211
-667.5623
-620.2267
-477.8149
-623.132
-667.3368
-1129.088
-1466.749
-656.1191
-625.0842
-713.0513
-586.099
-634.6758
-884.1377
-681.1147
-653.8184
1277.591
227.2857
-286.8957
-485.3652
-592.253
-575.3076
-684.6216
-663.7365
-650.9557
-465.0172
-732.9473
-655.437
-715.3423
-467.5584
-704.5856
-664.4393
-639.6591
-496.0846
-536.6769
-425.6726
-698.791
-692.5649
-722.2833
-343.6831
-578.9085
-815.4118
-796.4549
-677.619
-502.8856
-803.3196
-1469.204
-903.5
-726.1633
-621.5576
-611.5272
-627.038
-1237.186
-834.3799
-721.1542
-685.0801
897.6466
-11.85391
-256.8308
-296.3745
-515.7974
-903.0061
-854.0807
-765.995
-746.9874
-687.808
-740.0661
-742.0397
-714.1306
-748.2452
-675.2876
-760.9245
-685.8891
-651.8572
630.3569
-131.2163
-405.1037
-344.2676
-639.6366
-847.836
-752.9549
-752.0786
-734.083
-717.1677
-773.7954
-721.4028
-865.4879
-749.0037
-936.0375
-857.6429
-76.15401
-288.7198
-571.5246
-513.069
-713.6533
-788.5368
-747.9097
-728.1167
-814.8864
-928.6526
-837.8134
-867.0389
-886.6745
-7558.795
-3530.604
-1870.799
-1225.357
-920.3617
-664.753
-1537.799
-1107.934
-939.3375
-970.5121
-898.0525
-1268.43
-974.913
-968.2293
-855.2918
-524.2746
-641.8842
-869.374
-914.9423
-1160.71
-867.1167
-795.0558
-977.7322
-974.2914
-1014.763
-976.6371
-1052.641
-1061.161
-1216.778
-1116.662
-1101.99
-1055.411
-1267.199
-1127.149
-2223.252
-1819.135
-1430.361
-1048.523
-1199.176
-1076.375
-33794.27
-13778.22
-6077.008
-3056.851
-2466.625
-1138.791
-359.4795
-156.0144
-729.9269
-1027.7
-1136.362
-1184.366
-1164.961
-1199.13
-1466.407
-874.0884
-1209.13
-1306.98
-1396.087
-1149.926
-1268.735
-1181.879
-1574.211
-1478.416
-1471.269
-1272.239
-1126.588
-1079.49
-1241.135
-1255.761
-1313.456
-1490.505
-1547.117
-1195.271
-1281.543
-1427.254
-1413.498
-1474.018
-1405.701
-1301.339
-1356.378
-1580.41
-1604.74
-1401.34
-1347.477
-1360.036
-1457.45
-1397.915
-1456.95
-1463.015
-1396.263
-1582.369
-1487.262
-1549.069
-2069.227
-1819.508
-1600.195
-1421.325
-1508.128
-2034.511
-2298.124
-1897.9
-1875.163
-1433.789
-1490.057
-3033.46
-2304.121
-1936.91
-1578.23
-1628.118
-4241.905
-2607.654
-1950.171
-1821.706
-1794.127
-1759.705
-1807.512
-1912.529
-1820.104
-1938.34
-1934.82
-1941.168
-1850.854
-1566.359
-1524.315
-1838.62
-1955.665
-1921.73
-1820.364
-1514.056
-1691.775
-1777.136
-1962.185
-1938.766
-1913.367
-1981.653
-1847.798
-1876.994
-1952.645
-1927.549
-1918.009
-1899.484
-1980.5
-1959.222
-1926.944
-2017.687
-2084.256
-2032.896
-1861.213
-1933.215
-1235.767
-1813.793
-1612.398
-2018.07
-1990.219
-9563.289
-5036.313
-3298.142
-2486.408
-2260.861
-2199.13
-2242.959
-1925.659
-2121.788
-2086.768
-2080.477
-2237.316
-2584.454
-2261.482
-1997.682
-2419.594
-881.6826
-1700.596
-1999.782
-3388.916
-2703.23
-2403.64
-2254.442
-2253.757
-2634.7
-2486.557
-2284.257
-2264.041
-2151.582
-2243.449
-1553.009
-1787.645
-2085.17
-2201.951
-2185.187
-2381.639
-2212.203
-2316.233
-2400.188
-2378.221
-2275.41
-2743.492
-2526.684
-2462.21
-2173.16
-2247.955
-2213.973
-2178.264
-2546.212
-2480.67
-2513.706
-2484.039
-2386.285
-2377.566
-2417.885
-1905.445
-2235.638
-2209.912
-2289.591
-2296.313
-2330.543
-2446.988
-2709.296
-2531.074
-2452.178
-2494.976
-2482.096
-2443.039
-2347.282
-2409.548
-1862.985
-2121.849
-2392.413
-2429.391
-2476.765
-2452.683
-2456.53
-2578.475
-2369.12
-2541.766
-2572.358
-2509.245
-2446.345
-2513.177
-2447.061
-2582.746
-2441.913
-2691.31
-2614.21
882.8273
-1208.052
-1890.296
-2331.844
-2403.053
-2526.259
-2618.77
-2592.044
-2432.079
-2382.254
-2520.252
-2525.2
-2582.015
-2558.069
-3262.16
-3136.762
-2263.424
-2486.483
-2340.9
-1980.996
-2316.596
-2519.482
-2276.065
-1523.909
-2158.457
-2299.637
-2427.299
-2567.103
-2666.558
-2917.914
-2864.895
-2795.438
-2710.207
-2577.552
-2554.866
-2493.702
-2495.61
-2544.79
-2684.269
-2569.486
-2433.56
-2454.104
-2484.48
-2576.991
-2515.182
-2564.193
-2604.687
422.2572
-1827.247
-2775.499
-3255.819
-2802.199
-2781.307
-834.5483
-1766.475
-2272.567
-2620.219
-2630.84
-1971.9
-2389.964
-2496.162
-2493.787
-2570.395
-2484.59
-2560.44
-13708.21
-6916.932
-4326.11
-3284.089
-2961.423
-2832.919
-2843.719
-2372.571
-2602.87
-2846.711
-2731.302
-2453.598
-2390.803
-2839.768
-2598.523
-2575.516
-2552.118
-2576.029
-2611.455
-2242.063
-2457.177
-2492.7
-1897.928
-1956.255
-2341.841
-2573.466
-1724.17
-2319.604
-2268.196
-2339.819
-2481.241
-2354.125
-2432.042
-2264.555
-2335.169
-2381.637
-2416.112
-2499.764
-2113.801
-1041.973
-1776.222
-2218.015
-2337.379
-1533.81
-2054.892
252.1493
-1358.268
-2572.851
-3210.681
-2708.183
-3390.98
-2772.517
-2581.771
-9925.051
-5563.455
-2450.939
-2420.864
-2541.809
-2252.063
-2325.255
-2252.725
-2328.093
-2398.545
-2363.984
-2322.818
-2362.55
-2225.185
-2283.132
-2288.365
-2290.976
-2293.78
-2229.541
-2250.384
-2296.972
-2271.291
-2146.873
-2352.894
-2366.439
-6163.521
-3752.001
-2816.503
1770.896
-786.1663
-1697.875
-1247.206
-1877.109
-2163.139
-1952.971
-2003.797
-1984.665
-2082.399
-2299.068
-2239.792
-1724.634
-2017.179
-2092.173
-2323.698
-2257.125
-3521.196
-2737.958
-2269.185
-1921.699
-2015.647
-2025.49
-2152.766
-2064.99
-2169.49
-1990.939
-2157.49
-2088.952
-2093.427
-2158.513
-2111.799
-2144.608
-2464.875
-2228.704
-2049.908
-1890.207
-2057.895
-2098.898
5955.274
1228.747
-687.5442
-1658.726
-1716.103
-2250.482
-1938.761
-1923.536
-1894.695
-2029.297
-1961.444
-1933.792
-1901.732
-1847.56
-2039.395
-2010.764
-2117.732
-2090.429
-1985.381
-1919.811
-1833.355
-1882.31
-1878.917
-1911.88
-1524.916
-1778.667
-1602.251
-1675.915
-2141.816
-1992.431
-1161.006
-1531.013
-1652.79
-1674.103
-1694.261
-1833.244
-1599.238
-1787.626
-1792.644
-1748.042
-1670.668
-4583.295
-2708.966
-2302.94
-2078.117
-2100.731
-1846.1
-1846.735
-1747.292
-1752.462
-2169.517
-1661.975
-1685.075
-1590.753
-1650.033
-2676.225
-2028.567
-1851.62
-1836.332
-1499.546
-1463.651
-1529.947
-1681.066
-1556.571
-1522.957
-1610.118
-1616.161
-1285.308
-1475.022
-1370.439
-1590.322
-1072.662
-1614.586
-1530.921
-1637.17
-1558.889
-1557.979
-1505.664
-1699.516
-1425.405
-1903.952
-1527.897
-1544.803
-1196.2
-1275.616
-1460.617
-1497.849
-1501.748
-1493.075
-2065.495
-1703.99
-1444.719
-1356.511
-1477.147
-1437.38
-1305.674
-1016.273
-1319.677
53.20055
-572.4914
-1052.746
-2086.613
-1703.497
-1543.863
-1499.58
-1553.918
-1467.957
-1231.845
-1349.803
-1354.12
-1322.761
-1379.053
-1379.044
-1429.796
-2197.527
-1675.867
-1491.175
-1423.369
-1153.692
-1347.25
-2078.072
-1592.089
-1629.381
-1501.001
-1420.686
-1327.975
-1550.979
-1330.354
-1933.978
-1571.123
-1446.428
-1316.045
-1297.571
-1247.231
2855.181
356.3968
-621.4449
-910.6435
-1425.525
-1448.571
-1398.869
-1338.256
-1296.401
-1306.59
-1082.64
-1215.108
-1756.676
-1470.153
-1468.213
-1321.213
-1436.399
-1207.621
-1401.539
-1385.772
-1249.406
-1287.899
-1460.504
-1025.645
-1245.476
-1203.333
-713.845
-1062.715
-968.6368
-1255.234
-364.0665
-982.9044
-1102.078
-1300.203
-1287.852
-1257.215
-1247.998
-1155.197
-1252.107
-1772.418
-1154.8
-1017.35
-1069.268
-1213.587
-1201.39
-1285.564
-1466.983
-1008.433
-1137.228
-1272.103
-1391.309
-1362.558
-1249.554
-1193.683
-1600.083
-1452.817
-1153.873
-1357.808
-1317.252
-3919.114
-2455.84
-1817.269
-1481.72
-1608.484
-1418.355
-1214.179
-1296.325
-1276.944
-1259.483
-1241.766
-1193.619
-1279.543
-1117.655
-1083.045
-1179.718
-1291.144
-848.2127
-1429.356
-1254.686
-1382.395
-1340.44
-1375.245
-1343.52
-1622.387
-1993.605
-1603.956
-1802.076
-1165.02
-1383.235
-1427.767
-1320.994
-1517.157
-1738.202
-1453.077
-1573.127
-1509.896
-1443.776
-1383.175
-1432.433
-1391.363
-1428.483
-1406.38
-1394.951
-2010.792
-1525.213
-1613.872
-1555.223
-1531.355
-1553.573
-1495.464
-1409.132
-1558.286
-1543.995
-1703.595
-1660.635
-1580.159
-1203.802
-1414.307
-1512.05
-1431.218
-1502.649
-1504.357
-1467.381
-1578.96
-1522.433
-1573.636
-1520.302
-1566.933
-1635.509
-1522.983
-1601.021
-3088.844
-2069.26
-1739.515
-1674.275
-1726.458
-1690.833
-1616.444
-1595.184
-1540.52
-1259.699
-1415.813
-1552.146
-1675.727
-1659.96
-1670.426
-1645.36
-1655.973
-1774.478
-1716.952
-1856.63
-1083.239
-1546.875
-1599.905
-1752.964
366.9908
-676.146
-1429.904
-1869.108
-1743.537
-1670.964
-1738.031
-68.29729
-1218.879
-478.589
-1273.218
-1590.31
-1707.433
-1726.398
-1798.088
-2691.3
-2127.697
-1953.01
-1950.848
-3329.875
-2835.47
-2088.923
-2013.342
-2047.412
-1983.05
-1893.263
-1907.988
-1921.236
-1949.979
-1744.667
-2035.128
-1981.375
-1852.534
-1817.166
-1985.203
-2010.089
-1961.732
-2047.947
-2119.791
-2120.586
-1968.696
-1478.881
-1766.671
-1887.061
-1989.274
-2022.899
-2250.075
-2120.51
-2210.619
-2239.388
-2127.688
-2131.484
-2250.718
-2142.961
-2212.953
-2541.956
-2378.206
-2015.958
-1974.981
-2449.687
-2371.413
-2255.246
-3323.712
-2515.901
-2464.276
-1541.876
-2026.432
-2236.974
-2271.598
-2268.128
-2188.998
-2342.634
-2377.451
-2367.936
-2466.951
-2396.324
-2143.48
-3444.688
-1079.702
-1769.307
-2049.792
-2332.523
-2197.201
-2473.819
-2287.429
-2351.891
-2342.369
-2429.372
-2189.592
-3085.922
-3037.325
-2707.626
-2499.26
-2415.559
-2307.404
-2439.761
-2547.273
-2561.214
-2622.456
-3085.88
-2959.369
-3037.588
-2997.157
-2442.623
-1634.903
-2254.245
-2932.842
-2770.442
-2528.747
-2586.463
-2571.84
-2706.462
-2700.185
-2682.711
-2668.494
-2956.128
-2766.386
-2497.037
-2665.805
-3250.447
-2920.58
-2749.565
-2656.59
-2817.348
-3040.764
-2932.376
-2831.769
-2824.227
-2793.367
-2757.907
-2787.962
-2907.08
-2822.373
-2879.786
-1622.989
-244.1452
-1781.546
-2659.9
-2828.644
-2899.776
-2880.323
-3004.081
-2927.718
-2427.442
-2639.892
-3453.948
-3565.777
-3197.983
-3033.9
-2849.179
-2866.123
-3111.33
-2915.553
-3031.365
-3233.905
-3968.737
-3425.153
-3156.073
-3108.984
-2900.481
-2974.47
-2969.607
-3026.3
-2835.066
-3018.936
-2970.598
-2835.844
-3436.114
-3168.517
-3169.922
-2822.734
-2983.977
-3344.816
-3208.522
-3260.964
-3330.985
-3110.866
-3005.511
-3191.305
-3286.757
-3081.624
-3210.575
-3888.679
-3401.948
-3336.454
-3239.828
-3093.287
-3130.046
-3122.252
-3224.998
-3172.261
-3351.59
-3254.428
-3451.516
-3210.734
-3276.956
-3180.912
-3245.624
-3307.313
-127753.9
-51828.9
-22291.26
-10702.52
-5978.223
-4207.473
-3677.863
-3518.82
-3533.462
-3258.784
-3044.035
-3883.875
-3385.407
-3036.749
-3211.533
-3213.517
-3293.961
-3307.893
-3067.064
-3198.188
-3194.025
-3343.503
-3193.447
-3234.119
-3365.755
-3293.095
-3479.76
-3233.81
-3224.016
-3097.896
-3825.812
-3351.339
-1887.458
-2465.025
-2925.183
-3144.048
-3268.29
-3409.883
-3520.527
-3237.91
-3008.025
-3075.987
-3190.117
-3067.319
-3184.42
-3070.693
-3127.209
-3235.986
-3540.426
-3437.713
-3428.819
-3457.874
-3346.681
-3316.702
-3343.297
-3234.63
-3251.852
-3112.224
-3197.024
-3448.31
-3358.419
-2224.726
-2767.179
-3065.298
-3418.848
-3356.267
-3125.902
-3232.861
-3344.636
-2341.158
-2871.278
-3074.962
-3360.207
-4072.476
-3583.989
-3760.332
-3308.543
-3314.159
-3240.399
-5096.049
-3047.804
-3200.028
-2909.489
-3208.494
-3177.115
-3303.416
-3189.996
-3603.82
-3419.855
-3268.558
-3217.848
-3444.173
-3350.876
-3321.215
-3240.929
-3230.101
-3357.049
-3327.565
-3270.305
-3360.771
-3292.964
-3186.739
-3100.441
-3109.885
-4148.232
-3699.297
-3312.861
-3183.417
-3253.146
-3132.498
-3049.428
-3159.084
-3068.852
-3126.696
-3170.511
-3223.88
-3434.24
-3230.375
-3193.298
-3195.96
-3679.083
-3404.423
-3367.814
-3243.085
-3097.912
-3127.639
-3354.067
-3046.692
-2990.67
-1937.737
-2555.243
-2842.423
-3090.944
-3015.626
-3054.72
-2947.085
-3138.672
-2991.434
-3206.134
-3110.568
-3114.137
-3001.178
-2952.801
-2942.055
-2959.942
-2945.839
-3020.555
-2942.348
-2691.639
-2942.444
-2936.117
-2950.848
-3182.584
-2989.231
-3123.493
-2872.016
-2816.494
-2591.767
-2881.429
-2742.955
-2537.514
4828.967
479.6635
-1242.748
-2167.236
-2390.98
-2835.219
-2839.504
-2795.527
-3081.311
-2767.656
-2497.389
-2751.395
-2812.441
-2821.411
-2815.735
-2885.212
-2670.216
-2761.114
-2689.17
-2711.316
-2831.675
-2819.566
-2786.58
-2799.959
-3260.826
-2693.385
-2711.693
-1896.078
-2625.855
-2823.909
-2730.018
-2638.027
-2654.949
-2598.263
-3097.304
-2869.855
-2745.786
-2644.065
-2695.229
-3039.123
-2785.415
-2673.785
-2511.644
-2093.56
-4390.843
-3566.412
484594.7
187411.1
70600
25856.9
8560.46
1577.245
-942.9359
-2142.772
-2427.062
-2446.183
-2523.6
-2577.869
-28.33997
-1648.351
-2158.29
-2230.621
-2015.747
-2354.799
-2425.67
-2742.592
-2665.737
-536.6298
-1739.704
-2275.397
-2437.958
-2547.758
-2717.444
-2542.153
-2467.721
-2379.001
-3423.208
-2824.204
-2585.462
-2518.97
-2516.556
-1984.95
-1915.494
-2176.933
-2031.247
-2230.312
-2281.077
-2394.082
-2414.717
-2253.247
-1846.825
-2691.17
-2537.852
-2322.079
-2624.776
-2481.477
-2429.612
-3740.629
-2529.308
-2185.492
-2360.413
-2377.359
-2319.145
-2312.412
-2305.186
-5804.02
-3545.213
-3173.83
-2647.217
-2332.857
-2223.331
-2194.874
-2166.619
-2129.391
-2054.237
-2549.029
-2322.603
-2195.374
-2201.542
-2187.117
5043.522
688.3447
-690.8376
-1856.393
-2089.154
-2045.937
-2303.842
-2226.23
-2168.489
-2223.233
-2195.875
-2166.458
-1536.035
-1730.907
-2025.136
-2048.839
-2079.043
-1850.991
-1948.667
-2197.606
-2114.467
-2221.948
-2079.303
-2130.122
-2040.831
-2057.342
-2029.19
-2105.954
-2535.798
-2317.061
-2071.86
-2067.942
-2080.297
-1947.214
-1993.064
-2015.925
-1987.733
-2007.59
-1948.057
-2005.322
-1806.087
-2079.127
-2046.967
-2251.518
-2050.669
-2046.192
-1968.71
-2348.309
-2056.195
-2147.984
-2040.31
-1995.295
-2456.611
-1807.655
-1966.246
-2001.494
-2091.849
-1987.922
-2188.087
-2182.206
-2035.372
211.9688
-1212.209
-1295.288
-1778.783
-1880.807
-1884.224
-1968.742
-1835.876
-1658.505
-1857.375
-1962.705
-2313.265
-2050.036
-1930.871
-2011.929
-1935.843
-1834.235
-1866.975
-1654.35
-1863.417
-2581.217
-2599.027
-2193.066
-1994.467
-1778.169
-1740.308
-1761.006
-1783.136
-1921.37
-1879.904
-1858.02
-1925.979
-1930.534
-2050.383
-1857.355
-1906.844
-1968.164
-1938.9
-2044.606
-1993.353
-1982.673
-1784.358
-1948.324
-1979.913
-2012.566
-1967.798
-1830.469
-1918.371
-1902.124
-1910.596
-1923.912
-483.542
-1304.745
-1692.598
-1880.112
-1881.354
-1984.876
-2548.533
-2128.319
-2050.024
-541.5418
-1428.941
-1746.024
-1874.961
-1075.133
-1546.897
-1845.302
-1927.574
-1938.112
-2044.907
-1976.215
-1930.424
-1749.012
-1817.123
-1946.844
-1985.244
-2023.679
-1986.718
-2128.647
-2084.082
-2307.576
-2169.708
-2167.437
-2339.104
-2144.857
2182.417
-383.6156
-1314.608
-1773.885
-1796.719
-1966.668
-2010.28
-2153.313
-2152.325
-2027.507
-2206.214
-2135.617
1701.044
-618.3753
-1057.656
-1703.386
-1974.569
-1851.815
-3136.909
-2525.31
-2368.562
-2069.016
-1859.588
-2099.596
-2042.208
836.7296
-1043.273
-1989.512
-2068.603
-2132.79
-2172.837
-2319.108
-2218.526
-2249.124
-2219.755
10252.63
2833.047
-283.0872
-1324.45
-1910.826
-1962.504
-2187.435
-2223.922
-2406.051
-2368.254
-2518.021
-2381.973
-2355.768
-2425.608
-2257.986
-2293.768
-2324.481
-3438.017
-2878.885
-2630.591
-2482.187
-2396.435
-2292.497
-2360.251
-4907.069
-3235.213
-2888.006
-2553.326
-2563.895
-2440.942
-2530.842
-2592.795
-2696.099
-2692.776
-2028.338
-2196.47
-2356.475
-2600.536
-2501.716
-2531.976
-2528.83
-2471.356
-2459.246
-2553.083
-3244.192
